1.000000e+00,0.000000e+00,0.000000e+00,0.000000e+00,0.000000e+00,0.000000e+00,0.000000e+00,0.000000e+00,0.000000e+00,0.000000e+00,0.000000e+00,0.000000e+00,0.000000e+00,0.000000e+00,0.000000e+00
1.000000e+00,0.000000e+00,0.000000e+00,0.000000e+00,0.000000e+00,0.000000e+00,0.000000e+00,0.000000e+00,0.000000e+00,0.000000e+00,0.000000e+00,0.000000e+00,0.000000e+00,0.000000e+00,0.000000e+00
1.000000e+00,0.000000e+00,0.000000e+00,0.000000e+00,0.000000e+00,0.000000e+00,0.000000e+00,0.000000e+00,0.000000e+00,0.000000e+00,0.000000e+00,0.000000e+00,0.000000e+00,0.000000e+00,0.000000e+00
1.000000e+00,0.000000e+00,0.000000e+00,0.000000e+00,0.000000e+00,0.000000e+00,0.000000e+00,0.000000e+00,0.000000e+00,0.000000e+00,0.000000e+00,0.000000e+00,0.000000e+00,0.000000e+00,0.000000e+00
1.000000e+00,0.000000e+00,0.000000e+00,0.000000e+00,0.000000e+00,0.000000e+00,0.000000e+00,0.000000e+00,0.000000e+00,0.000000e+00,0.000000e+00,0.000000e+00,0.000000e+00,0.000000e+00,0.000000e+00
1.000000e+00,0.000000e+00,0.000000e+00,0.000000e+00,0.000000e+00,0.000000e+00,0.000000e+00,0.000000e+00,0.000000e+00,0.000000e+00,0.000000e+00,0.000000e+00,0.000000e+00,0.000000e+00,0.000000e+00
1.000000e+00,0.000000e+00,0.000000e+00,0.000000e+00,0.000000e+00,0.000000e+00,0.000000e+00,0.000000e+00,0.000000e+00,0.000000e+00,0.000000e+00,0.000000e+00,0.000000e+00,0.000000e+00,0.000000e+00
1.000000e+00,0.000000e+00,0.000000e+00,0.000000e+00,0.000000e+00,0.000000e+00,0.000000e+00,0.000000e+00,0.000000e+00,0.000000e+00,0.000000e+00,0.000000e+00,0.000000e+00,0.000000e+00,0.000000e+00
1.000000e+00,0.000000e+00,0.000000e+00,0.000000e+00,0.000000e+00,0.000000e+00,0.000000e+00,0.000000e+00,0.000000e+00,0.000000e+00,0.000000e+00,0.000000e+00,0.000000e+00,0.000000e+00,0.000000e+00
1.000000e+00,0.000000e+00,0.000000e+00,0.000000e+00,0.000000e+00,0.000000e+00,0.000000e+00,0.000000e+00,0.000000e+00,0.000000e+00,0.000000e+00,0.000000e+00,0.000000e+00,0.000000e+00,0.000000e+00
1.000000e+00,0.000000e+00,0.000000e+00,0.000000e+00,0.000000e+00,0.000000e+00,0.000000e+00,0.000000e+00,0.000000e+00,0.000000e+00,0.000000e+00,0.000000e+00,0.000000e+00,0.000000e+00,0.000000e+00
1.000000e+00,0.000000e+00,0.000000e+00,0.000000e+00,0.000000e+00,0.000000e+00,0.000000e+00,0.000000e+00,0.000000e+00,0.000000e+00,0.000000e+00,0.000000e+00,0.000000e+00,0.000000e+00,0.000000e+00
1.000000e+00,0.000000e+00,0.000000e+00,0.000000e+00,0.000000e+00,0.000000e+00,0.000000e+00,0.000000e+00,0.000000e+00,0.000000e+00,0.000000e+00,0.000000e+00,0.000000e+00,0.000000e+00,0.000000e+00
1.000000e+00,0.000000e+00,0.000000e+00,0.000000e+00,0.000000e+00,0.000000e+00,0.000000e+00,0.000000e+00,0.000000e+00,0.000000e+00,0.000000e+00,0.000000e+00,0.000000e+00,0.000000e+00,0.000000e+00
1.000000e+00,0.000000e+00,0.000000e+00,0.000000e+00,0.000000e+00,0.000000e+00,0.000000e+00,0.000000e+00,0.000000e+00,0.000000e+00,0.000000e+00,0.000000e+00,0.000000e+00,0.000000e+00,0.000000e+00
1.000000e+00,0.000000e+00,0.000000e+00,0.000000e+00,0.000000e+00,0.000000e+00,0.000000e+00,0.000000e+00,0.000000e+00,0.000000e+00,0.000000e+00,0.000000e+00,0.000000e+00,0.000000e+00,0.000000e+00
1.000000e+00,0.000000e+00,0.000000e+00,0.000000e+00,0.000000e+00,0.000000e+00,0.000000e+00,0.000000e+00,0.000000e+00,0.000000e+00,0.000000e+00,0.000000e+00,0.000000e+00,0.000000e+00,0.000000e+00
1.000000e+00,0.000000e+00,0.000000e+00,0.000000e+00,0.000000e+00,0.000000e+00,0.000000e+00,0.000000e+00,0.000000e+00,0.000000e+00,0.000000e+00,0.000000e+00,0.000000e+00,0.000000e+00,0.000000e+00
1.000000e+00,0.000000e+00,0.000000e+00,0.000000e+00,0.000000e+00,0.000000e+00,0.000000e+00,0.000000e+00,0.000000e+00,0.000000e+00,0.000000e+00,0.000000e+00,0.000000e+00,0.000000e+00,0.000000e+00
1.000000e+00,0.000000e+00,0.000000e+00,0.000000e+00,0.000000e+00,0.000000e+00,0.000000e+00,0.000000e+00,0.000000e+00,0.000000e+00,0.000000e+00,0.000000e+00,0.000000e+00,0.000000e+00,0.000000e+00
1.000000e+00,0.000000e+00,0.000000e+00,0.000000e+00,0.000000e+00,0.000000e+00,0.000000e+00,0.000000e+00,0.000000e+00,0.000000e+00,0.000000e+00,0.000000e+00,0.000000e+00,0.000000e+00,0.000000e+00
1.000000e+00,0.000000e+00,0.000000e+00,0.000000e+00,0.000000e+00,0.000000e+00,0.000000e+00,0.000000e+00,0.000000e+00,0.000000e+00,0.000000e+00,0.000000e+00,0.000000e+00,0.000000e+00,0.000000e+00
1.000000e+00,0.000000e+00,0.000000e+00,0.000000e+00,0.000000e+00,0.000000e+00,0.000000e+00,0.000000e+00,0.000000e+00,0.000000e+00,0.000000e+00,0.000000e+00,0.000000e+00,0.000000e+00,0.000000e+00
1.000000e+00,0.000000e+00,0.000000e+00,0.000000e+00,0.000000e+00,0.000000e+00,0.000000e+00,0.000000e+00,0.000000e+00,0.000000e+00,0.000000e+00,0.000000e+00,0.000000e+00,0.000000e+00,0.000000e+00
1.000000e+00,0.000000e+00,0.000000e+00,0.000000e+00,0.000000e+00,0.000000e+00,0.000000e+00,0.000000e+00,0.000000e+00,0.000000e+00,0.000000e+00,0.000000e+00,0.000000e+00,0.000000e+00,0.000000e+00
1.000000e+00,0.000000e+00,0.000000e+00,0.000000e+00,0.000000e+00,0.000000e+00,0.000000e+00,0.000000e+00,0.000000e+00,0.000000e+00,0.000000e+00,0.000000e+00,0.000000e+00,0.000000e+00,0.000000e+00
1.000000e+00,0.000000e+00,0.000000e+00,0.000000e+00,0.000000e+00,0.000000e+00,0.000000e+00,0.000000e+00,0.000000e+00,0.000000e+00,0.000000e+00,0.000000e+00,0.000000e+00,0.000000e+00,0.000000e+00
1.000000e+00,0.000000e+00,0.000000e+00,0.000000e+00,0.000000e+00,0.000000e+00,0.000000e+00,0.000000e+00,0.000000e+00,0.000000e+00,0.000000e+00,0.000000e+00,0.000000e+00,0.000000e+00,0.000000e+00
1.000000e+00,0.000000e+00,0.000000e+00,0.000000e+00,0.000000e+00,0.000000e+00,0.000000e+00,0.000000e+00,0.000000e+00,0.000000e+00,0.000000e+00,0.000000e+00,0.000000e+00,0.000000e+00,0.000000e+00
1.000000e+00,0.000000e+00,0.000000e+00,0.000000e+00,0.000000e+00,0.000000e+00,0.000000e+00,0.000000e+00,0.000000e+00,0.000000e+00,0.000000e+00,0.000000e+00,0.000000e+00,0.000000e+00,0.000000e+00
1.000000e+00,0.000000e+00,0.000000e+00,0.000000e+00,0.000000e+00,0.000000e+00,0.000000e+00,0.000000e+00,0.000000e+00,0.000000e+00,0.000000e+00,0.000000e+00,0.000000e+00,0.000000e+00,0.000000e+00
1.000000e+00,0.000000e+00,0.000000e+00,0.000000e+00,0.000000e+00,0.000000e+00,0.000000e+00,0.000000e+00,0.000000e+00,0.000000e+00,0.000000e+00,0.000000e+00,0.000000e+00,0.000000e+00,0.000000e+00
1.000000e+00,0.000000e+00,0.000000e+00,0.000000e+00,0.000000e+00,0.000000e+00,0.000000e+00,0.000000e+00,0.000000e+00,0.000000e+00,0.000000e+00,0.000000e+00,0.000000e+00,0.000000e+00,0.000000e+00
1.000000e+00,0.000000e+00,0.000000e+00,0.000000e+00,0.000000e+00,0.000000e+00,0.000000e+00,0.000000e+00,0.000000e+00,0.000000e+00,0.000000e+00,0.000000e+00,0.000000e+00,0.000000e+00,0.000000e+00
1.000000e+00,0.000000e+00,0.000000e+00,0.000000e+00,0.000000e+00,0.000000e+00,0.000000e+00,0.000000e+00,0.000000e+00,0.000000e+00,0.000000e+00,0.000000e+00,0.000000e+00,0.000000e+00,0.000000e+00
1.000000e+00,0.000000e+00,0.000000e+00,0.000000e+00,0.000000e+00,0.000000e+00,0.000000e+00,0.000000e+00,0.000000e+00,0.000000e+00,0.000000e+00,0.000000e+00,0.000000e+00,0.000000e+00,0.000000e+00
1.000000e+00,0.000000e+00,0.000000e+00,0.000000e+00,0.000000e+00,0.000000e+00,0.000000e+00,0.000000e+00,0.000000e+00,0.000000e+00,0.000000e+00,0.000000e+00,0.000000e+00,0.000000e+00,0.000000e+00
1.000000e+00,0.000000e+00,0.000000e+00,0.000000e+00,0.000000e+00,0.000000e+00,0.000000e+00,0.000000e+00,0.000000e+00,0.000000e+00,0.000000e+00,0.000000e+00,0.000000e+00,0.000000e+00,0.000000e+00
1.000000e+00,0.000000e+00,0.000000e+00,0.000000e+00,0.000000e+00,0.000000e+00,0.000000e+00,0.000000e+00,0.000000e+00,0.000000e+00,0.000000e+00,0.000000e+00,0.000000e+00,0.000000e+00,0.000000e+00
1.000000e+00,0.000000e+00,0.000000e+00,0.000000e+00,0.000000e+00,0.000000e+00,0.000000e+00,0.000000e+00,0.000000e+00,0.000000e+00,0.000000e+00,0.000000e+00,0.000000e+00,0.000000e+00,0.000000e+00
1.000000e+00,0.000000e+00,0.000000e+00,0.000000e+00,0.000000e+00,0.000000e+00,0.000000e+00,0.000000e+00,0.000000e+00,0.000000e+00,0.000000e+00,0.000000e+00,0.000000e+00,0.000000e+00,0.000000e+00
1.000000e+00,0.000000e+00,0.000000e+00,0.000000e+00,0.000000e+00,0.000000e+00,0.000000e+00,0.000000e+00,0.000000e+00,0.000000e+00,0.000000e+00,0.000000e+00,0.000000e+00,0.000000e+00,0.000000e+00
1.000000e+00,0.000000e+00,0.000000e+00,0.000000e+00,0.000000e+00,0.000000e+00,0.000000e+00,0.000000e+00,0.000000e+00,0.000000e+00,0.000000e+00,0.000000e+00,0.000000e+00,0.000000e+00,0.000000e+00
1.000000e+00,0.000000e+00,0.000000e+00,0.000000e+00,0.000000e+00,0.000000e+00,0.000000e+00,0.000000e+00,0.000000e+00,0.000000e+00,0.000000e+00,0.000000e+00,0.000000e+00,0.000000e+00,0.000000e+00
1.000000e+00,0.000000e+00,0.000000e+00,0.000000e+00,0.000000e+00,0.000000e+00,0.000000e+00,0.000000e+00,0.000000e+00,0.000000e+00,0.000000e+00,0.000000e+00,0.000000e+00,0.000000e+00,0.000000e+00
1.000000e+00,0.000000e+00,0.000000e+00,0.000000e+00,0.000000e+00,0.000000e+00,0.000000e+00,0.000000e+00,0.000000e+00,0.000000e+00,0.000000e+00,0.000000e+00,0.000000e+00,0.000000e+00,0.000000e+00
1.000000e+00,0.000000e+00,0.000000e+00,0.000000e+00,0.000000e+00,0.000000e+00,0.000000e+00,0.000000e+00,0.000000e+00,0.000000e+00,0.000000e+00,0.000000e+00,0.000000e+00,0.000000e+00,0.000000e+00
1.000000e+00,0.000000e+00,0.000000e+00,0.000000e+00,0.000000e+00,0.000000e+00,0.000000e+00,0.000000e+00,0.000000e+00,0.000000e+00,0.000000e+00,0.000000e+00,0.000000e+00,0.000000e+00,0.000000e+00
1.000000e+00,0.000000e+00,0.000000e+00,0.000000e+00,0.000000e+00,0.000000e+00,0.000000e+00,0.000000e+00,0.000000e+00,0.000000e+00,0.000000e+00,0.000000e+00,0.000000e+00,0.000000e+00,0.000000e+00
1.000000e+00,0.000000e+00,0.000000e+00,0.000000e+00,0.000000e+00,0.000000e+00,0.000000e+00,0.000000e+00,0.000000e+00,0.000000e+00,0.000000e+00,0.000000e+00,0.000000e+00,0.000000e+00,0.000000e+00
1.000000e+00,0.000000e+00,0.000000e+00,0.000000e+00,0.000000e+00,0.000000e+00,0.000000e+00,0.000000e+00,0.000000e+00,0.000000e+00,0.000000e+00,0.000000e+00,0.000000e+00,0.000000e+00,0.000000e+00
1.000000e+00,0.000000e+00,0.000000e+00,0.000000e+00,0.000000e+00,0.000000e+00,0.000000e+00,0.000000e+00,0.000000e+00,0.000000e+00,0.000000e+00,0.000000e+00,0.000000e+00,0.000000e+00,0.000000e+00
1.000000e+00,0.000000e+00,0.000000e+00,0.000000e+00,0.000000e+00,0.000000e+00,0.000000e+00,0.000000e+00,0.000000e+00,0.000000e+00,0.000000e+00,0.000000e+00,0.000000e+00,0.000000e+00,0.000000e+00
1.000000e+00,0.000000e+00,0.000000e+00,0.000000e+00,0.000000e+00,0.000000e+00,0.000000e+00,0.000000e+00,0.000000e+00,0.000000e+00,0.000000e+00,0.000000e+00,0.000000e+00,0.000000e+00,0.000000e+00
1.000000e+00,0.000000e+00,0.000000e+00,0.000000e+00,0.000000e+00,0.000000e+00,0.000000e+00,0.000000e+00,0.000000e+00,0.000000e+00,0.000000e+00,0.000000e+00,0.000000e+00,0.000000e+00,0.000000e+00
1.000000e+00,0.000000e+00,0.000000e+00,0.000000e+00,0.000000e+00,0.000000e+00,0.000000e+00,0.000000e+00,0.000000e+00,0.000000e+00,0.000000e+00,0.000000e+00,0.000000e+00,0.000000e+00,0.000000e+00
1.000000e+00,0.000000e+00,0.000000e+00,0.000000e+00,0.000000e+00,0.000000e+00,0.000000e+00,0.000000e+00,0.000000e+00,0.000000e+00,0.000000e+00,0.000000e+00,0.000000e+00,0.000000e+00,0.000000e+00
1.000000e+00,0.000000e+00,0.000000e+00,0.000000e+00,0.000000e+00,0.000000e+00,0.000000e+00,0.000000e+00,0.000000e+00,0.000000e+00,0.000000e+00,0.000000e+00,0.000000e+00,0.000000e+00,0.000000e+00
1.000000e+00,0.000000e+00,0.000000e+00,0.000000e+00,0.000000e+00,0.000000e+00,0.000000e+00,0.000000e+00,0.000000e+00,0.000000e+00,0.000000e+00,0.000000e+00,0.000000e+00,0.000000e+00,0.000000e+00
1.000000e+00,0.000000e+00,0.000000e+00,0.000000e+00,0.000000e+00,0.000000e+00,0.000000e+00,0.000000e+00,0.000000e+00,0.000000e+00,0.000000e+00,0.000000e+00,0.000000e+00,0.000000e+00,0.000000e+00
1.000000e+00,0.000000e+00,0.000000e+00,0.000000e+00,0.000000e+00,0.000000e+00,0.000000e+00,0.000000e+00,0.000000e+00,0.000000e+00,0.000000e+00,0.000000e+00,0.000000e+00,0.000000e+00,0.000000e+00
1.000000e+00,0.000000e+00,0.000000e+00,0.000000e+00,0.000000e+00,0.000000e+00,0.000000e+00,0.000000e+00,0.000000e+00,0.000000e+00,0.000000e+00,0.000000e+00,0.000000e+00,0.000000e+00,0.000000e+00
1.000000e+00,0.000000e+00,0.000000e+00,0.000000e+00,0.000000e+00,0.000000e+00,0.000000e+00,0.000000e+00,0.000000e+00,0.000000e+00,0.000000e+00,0.000000e+00,0.000000e+00,0.000000e+00,0.000000e+00
1.000000e+00,0.000000e+00,0.000000e+00,0.000000e+00,0.000000e+00,0.000000e+00,0.000000e+00,0.000000e+00,0.000000e+00,0.000000e+00,0.000000e+00,0.000000e+00,0.000000e+00,0.000000e+00,0.000000e+00
1.000000e+00,0.000000e+00,0.000000e+00,0.000000e+00,0.000000e+00,0.000000e+00,0.000000e+00,0.000000e+00,0.000000e+00,0.000000e+00,0.000000e+00,0.000000e+00,0.000000e+00,0.000000e+00,0.000000e+00
1.000000e+00,0.000000e+00,0.000000e+00,0.000000e+00,0.000000e+00,0.000000e+00,0.000000e+00,0.000000e+00,0.000000e+00,0.000000e+00,0.000000e+00,0.000000e+00,0.000000e+00,0.000000e+00,0.000000e+00
1.000000e+00,0.000000e+00,0.000000e+00,0.000000e+00,0.000000e+00,0.000000e+00,0.000000e+00,0.000000e+00,0.000000e+00,0.000000e+00,0.000000e+00,0.000000e+00,0.000000e+00,0.000000e+00,0.000000e+00
1.000000e+00,0.000000e+00,0.000000e+00,0.000000e+00,0.000000e+00,0.000000e+00,0.000000e+00,0.000000e+00,0.000000e+00,0.000000e+00,0.000000e+00,0.000000e+00,0.000000e+00,0.000000e+00,0.000000e+00
1.000000e+00,0.000000e+00,0.000000e+00,0.000000e+00,0.000000e+00,0.000000e+00,0.000000e+00,0.000000e+00,0.000000e+00,0.000000e+00,0.000000e+00,0.000000e+00,0.000000e+00,0.000000e+00,0.000000e+00
1.000000e+00,0.000000e+00,0.000000e+00,0.000000e+00,0.000000e+00,0.000000e+00,0.000000e+00,0.000000e+00,0.000000e+00,0.000000e+00,0.000000e+00,0.000000e+00,0.000000e+00,0.000000e+00,0.000000e+00
4.539823e-01,3.164002e-02,1.294033e-02,3.627279e-02,5.585818e-03,1.638286e-01,3.154077e-03,4.902413e-03,9.349941e-03,1.901935e-02,8.558035e-02,6.112641e-02,7.577655e-03,2.123688e-02,8.380301e-02
3.427078e-01,4.330762e-02,1.413655e-02,4.780146e-02,8.411953e-03,1.689085e-01,3.149553e-03,3.938173e-03,1.233227e-02,3.416289e-02,1.011304e-01,6.157196e-02,6.510802e-03,2.422583e-02,1.277043e-01
2.404938e-01,3.091759e-02,1.068268e-02,3.384353e-02,6.473973e-03,2.553437e-01,2.311177e-03,2.841525e-03,9.556143e-03,3.318026e-02,1.935697e-01,6.315719e-02,5.041774e-03,1.985356e-02,9.273337e-02
1.690901e-01,2.200681e-02,8.070065e-03,2.401524e-02,5.059431e-03,2.261814e-01,1.844682e-03,2.120910e-03,7.478633e-03,4.377449e-02,3.300537e-01,7.360010e-02,3.983613e-03,1.599880e-02,6.672203e-02
1.200405e-01,1.669783e-02,6.754500e-03,1.756063e-02,8.263425e-03,1.850295e-01,3.031771e-03,2.390995e-03,6.909649e-03,3.355942e-02,4.628820e-01,7.271944e-02,3.191942e-03,1.170375e-02,4.926463e-02
8.500937e-02,1.318939e-02,5.537636e-03,1.295976e-02,8.463669e-03,1.813959e-01,3.114697e-03,2.013406e-03,7.389407e-03,2.583320e-02,5.072888e-01,9.584475e-02,2.929334e-03,9.866619e-03,3.916400e-02
6.145833e-02,1.147720e-02,4.855416e-03,9.806404e-03,1.602890e-02,1.619561e-01,4.652182e-03,4.943165e-03,1.728575e-02,2.221715e-02,5.359401e-01,1.085948e-01,3.091065e-03,8.097807e-03,2.959568e-02
4.987426e-02,1.396711e-02,8.967634e-03,8.116628e-03,3.379703e-02,1.326633e-01,1.263546e-02,3.804987e-02,5.174366e-02,2.569734e-02,4.476328e-01,1.404116e-01,3.975334e-03,9.122813e-03,2.334507e-02
3.887040e-02,1.601568e-02,8.982561e-03,7.306394e-03,3.315979e-02,1.313578e-01,1.124202e-02,2.952589e-02,5.842809e-02,2.702912e-02,3.696739e-01,2.333026e-01,3.865592e-03,1.014333e-02,2.109670e-02
3.075716e-02,2.092195e-02,1.045691e-02,6.360902e-03,3.400850e-02,1.156255e-01,9.035486e-03,2.193686e-02,8.140427e-02,2.706420e-02,3.210047e-01,2.843424e-01,5.256101e-03,1.152185e-02,2.030315e-02
4.474074e-02,2.110619e-02,9.647749e-03,6.095593e-03,2.778938e-02,1.039991e-01,7.223833e-03,1.750347e-02,7.175098e-02,3.079812e-02,2.758282e-01,3.400665e-01,6.396803e-03,1.660463e-02,2.044875e-02
4.223440e-02,2.084856e-02,1.005121e-02,6.103504e-03,2.767838e-02,9.133401e-02,5.869326e-03,1.517668e-02,7.554849e-02,4.147354e-02,2.609798e-01,3.561718e-01,9.930081e-03,1.828931e-02,1.831080e-02
5.578054e-02,2.636848e-02,1.603035e-02,1.147210e-02,4.008457e-02,8.528309e-02,5.259383e-03,2.013039e-02,7.270839e-02,3.761325e-02,2.204269e-01,3.603234e-01,1.334151e-02,1.689042e-02,1.828718e-02
7.330551e-02,2.451084e-02,2.029701e-02,1.604837e-02,6.171711e-02,7.060486e-02,5.468551e-03,1.824662e-02,8.307716e-02,3.400810e-02,1.789439e-01,3.644180e-01,1.530667e-02,1.694969e-02,1.709762e-02
9.692160e-02,2.082819e-02,1.935443e-02,1.879512e-02,5.387057e-02,5.887889e-02,5.242123e-03,4.517935e-02,7.626516e-02,3.776452e-02,1.552821e-01,3.521049e-01,2.572639e-02,1.722865e-02,1.655793e-02
1.297284e-01,1.906169e-02,2.067407e-02,1.745754e-02,6.405856e-02,5.284306e-02,7.144654e-03,4.920044e-02,7.431479e-02,6.630148e-02,1.335010e-01,2.911275e-01,3.497774e-02,2.373371e-02,1.587524e-02
1.535235e-01,1.833381e-02,2.474116e-02,1.549862e-02,7.235693e-02,4.938529e-02,7.805251e-03,1.101530e-01,6.618886e-02,7.461831e-02,1.040475e-01,2.207143e-01,4.141446e-02,2.647180e-02,1.474705e-02
1.905272e-01,1.733472e-02,2.212361e-02,1.392699e-02,7.173341e-02,4.010923e-02,7.735718e-03,1.823316e-01,5.866256e-02,7.958596e-02,8.011108e-02,1.614803e-01,3.530821e-02,2.571571e-02,1.331360e-02
2.240516e-01,1.486750e-02,1.815377e-02,1.194581e-02,9.559141e-02,3.582677e-02,1.003674e-02,2.157925e-01,5.392131e-02,6.523123e-02,6.652476e-02,1.187825e-01,3.314447e-02,2.517434e-02,1.095526e-02
1.906855e-01,1.342048e-02,1.675308e-02,9.812877e-03,8.338621e-02,3.242134e-02,8.370387e-03,3.615836e-01,4.203679e-02,4.803826e-02,4.936488e-02,8.803289e-02,2.823847e-02,1.900863e-02,8.846556e-03
2.128603e-01,1.480805e-02,1.692440e-02,1.241209e-02,9.505586e-02,4.277472e-02,1.039611e-02,3.215968e-01,4.199600e-02,4.456144e-02,4.538209e-02,7.424495e-02,4.041951e-02,1.656763e-02,1.000011e-02
1.851929e-01,1.303725e-02,1.776627e-02,1.385358e-02,1.230979e-01,3.815503e-02,1.102580e-02,3.650638e-01,3.815977e-02,3.855070e-02,3.844807e-02,5.794244e-02,3.397997e-02,1.707766e-02,8.648886e-03
1.411760e-01,1.149934e-02,2.404064e-02,1.241621e-02,1.705596e-01,3.165976e-02,1.933555e-02,4.005804e-01,3.799497e-02,2.924263e-02,2.908446e-02,4.307687e-02,2.753067e-02,1.508396e-02,6.719011e-03
1.151618e-01,9.735258e-03,2.414261e-02,1.250170e-02,2.271986e-01,3.206081e-02,3.204633e-02,3.736207e-01,4.108442e-02,2.161400e-02,2.575992e-02,4.533245e-02,2.202517e-02,1.256701e-02,5.149241e-03
1.041258e-01,1.091727e-02,2.754256e-02,1.580883e-02,2.666884e-01,3.209545e-02,4.180256e-02,3.285753e-01,6.040862e-02,1.630605e-02,2.325940e-02,4.015643e-02,1.727014e-02,1.070655e-02,4.336641e-03
9.533478e-02,1.382367e-02,3.761008e-02,4.325023e-02,2.563202e-01,2.975279e-02,4.209241e-02,3.077779e-01,6.752353e-02,1.252516e-02,2.617774e-02,4.079292e-02,1.429196e-02,8.459838e-03,4.266766e-03
1.101497e-01,1.515939e-02,3.698208e-02,5.451235e-02,2.499069e-01,2.769676e-02,4.139679e-02,2.436243e-01,8.310106e-02,9.454356e-03,3.869458e-02,6.593136e-02,1.254625e-02,6.994826e-03,3.849327e-03
1.276267e-01,1.943983e-02,3.064179e-02,5.017380e-02,2.374828e-01,3.118965e-02,3.500264e-02,1.786083e-01,9.818804e-02,8.264774e-03,5.024577e-02,1.092897e-01,1.367348e-02,6.084022e-03,4.088671e-03
1.398166e-01,1.701621e-02,2.266145e-02,4.523602e-02,2.116172e-01,3.102104e-02,2.722052e-02,1.277726e-01,9.095752e-02,6.921088e-03,6.556065e-02,1.915776e-01,1.350115e-02,4.697756e-03,4.422585e-03
1.576360e-01,1.960530e-02,1.998099e-02,8.360267e-02,2.238489e-01,3.223266e-02,2.401336e-02,9.937529e-02,9.112348e-02,6.228460e-03,5.418087e-02,1.646086e-01,1.325468e-02,3.615884e-03,6.692893e-03
1.846102e-01,1.907180e-02,1.753114e-02,1.289002e-01,2.189899e-01,3.849760e-02,2.137610e-02,8.247360e-02,8.788472e-02,5.599265e-03,4.180769e-02,1.286185e-01,1.354648e-02,2.785537e-03,8.307268e-03
2.703028e-01,1.870002e-02,1.434460e-02,1.193944e-01,1.798663e-01,6.220530e-02,1.913738e-02,6.250651e-02,8.038127e-02,5.344139e-03,3.217719e-02,1.059575e-01,1.799400e-02,2.261687e-03,9.426902e-03
3.294357e-01,2.006090e-02,1.834874e-02,1.574323e-01,1.457269e-01,4.917097e-02,1.526676e-02,5.427998e-02,6.513290e-02,4.685748e-03,2.567359e-02,8.172824e-02,1.807112e-02,2.495955e-03,1.249021e-02
4.343078e-01,1.722464e-02,1.400208e-02,1.304823e-01,1.145658e-01,5.144000e-02,1.320963e-02,4.040771e-02,5.883298e-02,4.105224e-03,2.044875e-02,6.326893e-02,2.271398e-02,2.257888e-03,1.273229e-02
4.824110e-01,1.706775e-02,1.265179e-02,1.217904e-01,9.572963e-02,4.483312e-02,1.309075e-02,5.552077e-02,4.488401e-02,3.579233e-03,1.705228e-02,5.069204e-02,2.652628e-02,2.156175e-03,1.201475e-02
1.000000e+00,0.000000e+00,0.000000e+00,0.000000e+00,0.000000e+00,0.000000e+00,0.000000e+00,0.000000e+00,0.000000e+00,0.000000e+00,0.000000e+00,0.000000e+00,0.000000e+00,0.000000e+00,0.000000e+00
1.000000e+00,0.000000e+00,0.000000e+00,0.000000e+00,0.000000e+00,0.000000e+00,0.000000e+00,0.000000e+00,0.000000e+00,0.000000e+00,0.000000e+00,0.000000e+00,0.000000e+00,0.000000e+00,0.000000e+00
4.773773e-01,9.437671e-03,1.252032e-02,4.906896e-02,4.969553e-02,7.947964e-02,1.472809e-01,3.326301e-02,1.753444e-02,3.453109e-03,8.584867e-03,2.264307e-02,8.017466e-02,1.509229e-03,7.977288e-03
3.572505e-01,9.999335e-03,1.104518e-02,4.431720e-02,3.708005e-02,1.649815e-01,1.541706e-01,2.688009e-02,1.353825e-02,6.469666e-03,6.806712e-03,1.750272e-02,1.404495e-01,1.205569e-03,8.303191e-03
2.914425e-01,9.101519e-03,1.037575e-02,4.003056e-02,2.749342e-02,1.369114e-01,1.697657e-01,2.046446e-02,1.227752e-02,6.278617e-03,7.850901e-03,2.111702e-02,2.371156e-01,1.007924e-03,8.767153e-03
2.104331e-01,7.576562e-03,7.775472e-03,3.563391e-02,1.990779e-02,1.028914e-01,1.226920e-01,1.452551e-02,1.039398e-02,4.827422e-03,6.110953e-03,1.666792e-02,4.212739e-01,7.185647e-04,1.857155e-02
1.535667e-01,6.279948e-03,6.152565e-03,3.045987e-02,1.474436e-02,7.774395e-02,8.918319e-02,1.062632e-02,1.067119e-02,3.708784e-03,5.699743e-03,1.463531e-02,5.452315e-01,5.469301e-04,3.074967e-02
1.111325e-01,4.598219e-03,4.820954e-03,2.182622e-02,1.168687e-02,5.571286e-02,6.313554e-02,7.980145e-03,9.543888e-03,2.757281e-03,4.824303e-03,1.399070e-02,6.567470e-01,4.375539e-04,3.080593e-02
8.177564e-02,3.850212e-03,3.895854e-03,1.586455e-02,8.873674e-03,4.025134e-02,4.459799e-02,6.187958e-03,9.604929e-03,2.102575e-03,4.056677e-03,1.255860e-02,7.390455e-01,3.847019e-04,2.694981e-02
5.938559e-02,6.222605e-03,4.311282e-03,1.206082e-02,8.041506e-03,2.983718e-02,3.234450e-02,5.973745e-03,1.922832e-02,2.184263e-03,4.381625e-03,1.166939e-02,7.791816e-01,3.706243e-04,2.480699e-02
4.251949e-02,6.866135e-03,3.214480e-03,8.608226e-03,6.163351e-03,2.167575e-02,2.292553e-02,4.396921e-03,2.670222e-02,1.669404e-03,3.862808e-03,1.374192e-02,8.184742e-01,3.084845e-04,1.887105e-02
3.122689e-02,5.771516e-03,2.682952e-03,6.150792e-03,5.892350e-03,1.604711e-02,1.662803e-02,4.117032e-03,2.724810e-02,1.327794e-03,3.604182e-03,1.370086e-02,8.510416e-01,3.157532e-04,1.424511e-02
2.352052e-02,5.425528e-03,2.148379e-03,4.393446e-03,5.594561e-03,1.187057e-02,1.182508e-02,3.342889e-03,2.642458e-02,1.023677e-03,3.144131e-03,1.512468e-02,8.753432e-01,2.718508e-04,1.054691e-02
2.005243e-02,1.206612e-02,3.678313e-03,3.200653e-03,6.730058e-03,9.842710e-03,8.681423e-03,3.834690e-03,4.468217e-02,9.914794e-04,2.809990e-03,1.901646e-02,8.556034e-01,3.172170e-04,8.492851e-03
1.784199e-02,1.100645e-02,5.536582e-03,2.447364e-03,7.036337e-03,4.570807e-02,6.939696e-03,5.363134e-03,3.830084e-02,1.247726e-03,3.496360e-03,2.233635e-02,8.239636e-01,3.759926e-04,8.399472e-03
1.477987e-02,9.755957e-03,6.837159e-03,2.033881e-03,8.649433e-03,1.061891e-01,5.652132e-03,7.075107e-03,3.555353e-02,1.532114e-03,3.754694e-03,2.007405e-02,7.697540e-01,4.329484e-04,7.925933e-03
1.303910e-02,1.165647e-02,8.735385e-03,1.609859e-03,8.318458e-03,1.586330e-01,4.872289e-03,6.142508e-03,3.642246e-02,1.639767e-03,4.912398e-03,1.878376e-02,7.173532e-01,4.856003e-04,7.395714e-03
1.198596e-02,4.415872e-02,3.163594e-02,8.224916e-03,7.305970e-03,1.333097e-01,3.720738e-03,6.298640e-03,1.702769e-01,4.348550e-03,5.552087e-03,1.648315e-02,5.417525e-01,6.533597e-04,1.429283e-02
1.604836e-02,4.655837e-02,3.008895e-02,8.741651e-03,1.472558e-02,1.255341e-01,4.515722e-03,1.013759e-02,2.803288e-01,4.116008e-03,5.646287e-03,1.270419e-02,4.242249e-01,7.230256e-04,1.590642e-02
1.991521e-02,3.598716e-02,7.865158e-02,3.968553e-02,4.975473e-02,1.009313e-01,6.088099e-03,6.293432e-02,2.499446e-01,4.185145e-03,4.510535e-03,9.731454e-03,3.236705e-01,5.736904e-04,1.343611e-02
2.384731e-02,6.024070e-02,7.825499e-02,6.767969e-02,4.424400e-02,8.361268e-02,5.834664e-03,4.637108e-02,3.156253e-01,7.390655e-03,4.025393e-03,7.648947e-03,2.363631e-01,4.645035e-04,1.839690e-02
3.661943e-02,4.779823e-02,9.589171e-02,8.651355e-02,6.470435e-02,1.167372e-01,1.176387e-02,4.188438e-02,2.858770e-01,8.932428e-03,3.696934e-03,6.004124e-03,1.773359e-01,3.792525e-04,1.586153e-02
8.978505e-02,5.713447e-02,9.034602e-02,7.693684e-02,9.692813e-02,1.553387e-01,1.523876e-02,3.054147e-02,2.229674e-01,6.836990e-03,3.629738e-03,4.634361e-03,1.347071e-01,4.410290e-04,1.453404e-02
8.173284e-02,7.040006e-02,7.726279e-02,1.322593e-01,1.014719e-01,2.096482e-01,1.884915e-02,2.534813e-02,1.594272e-01,5.812602e-03,3.191134e-03,3.796762e-03,9.698100e-02,4.170167e-04,1.340195e-02
1.051937e-01,8.185389e-02,7.913694e-02,1.314356e-01,1.176119e-01,2.036253e-01,2.593913e-02,2.436937e-02,1.202589e-01,5.446807e-03,3.036301e-03,3.659177e-03,8.279230e-02,4.814363e-04,1.515929e-02
1.147918e-01,1.452729e-01,8.747292e-02,1.085166e-01,1.073324e-01,2.009037e-01,2.816142e-02,1.815723e-02,8.925171e-02,5.012802e-03,2.719388e-03,3.929678e-03,6.884356e-02,5.455542e-04,1.908829e-02
1.161212e-01,1.736075e-01,8.076037e-02,1.239331e-01,1.153916e-01,1.805682e-01,3.411950e-02,2.166393e-02,6.498069e-02,5.438338e-03,3.517560e-03,6.140058e-03,5.225514e-02,6.834772e-04,2.081922e-02
1.434664e-01,1.795971e-01,8.731329e-02,1.444854e-01,9.995589e-02,1.515627e-01,3.806304e-02,2.021348e-02,4.861023e-02,7.469105e-03,3.842999e-03,8.488789e-03,4.508776e-02,7.958441e-04,2.104797e-02
1.423621e-01,2.390758e-01,9.421580e-02,1.501727e-01,7.367546e-02,1.098016e-01,2.702222e-02,1.518147e-02,3.923022e-02,1.147602e-02,1.311884e-02,9.968840e-03,3.473469e-02,1.498663e-03,3.846565e-02
1.102190e-01,2.751868e-01,9.038534e-02,1.217204e-01,5.400030e-02,8.028043e-02,1.936149e-02,1.104813e-02,4.307875e-02,1.536282e-02,7.856373e-02,9.155253e-03,2.732104e-02,6.212643e-03,5.810378e-02
8.328526e-02,2.330614e-01,8.159257e-02,8.750663e-02,3.853813e-02,5.904204e-02,1.426405e-02,8.998789e-03,3.756895e-02,1.857366e-02,1.985193e-01,1.800183e-02,2.382242e-02,5.364656e-02,4.357830e-02
6.946485e-02,1.908950e-01,6.119916e-02,6.272824e-02,2.757430e-02,4.305952e-02,1.046847e-02,7.211388e-03,3.167263e-02,2.140160e-02,3.323394e-01,2.606124e-02,1.978696e-02,6.372288e-02,3.241424e-02
5.866526e-02,1.398555e-01,4.779509e-02,4.679764e-02,2.005497e-02,3.393678e-02,7.680338e-03,5.649533e-03,2.403840e-02,2.172400e-02,4.320022e-01,5.910155e-02,1.542944e-02,6.311435e-02,2.415494e-02
4.868607e-02,1.009287e-01,3.751954e-02,3.582554e-02,1.506098e-02,2.649595e-02,5.611452e-03,4.307525e-03,1.821142e-02,1.799040e-02,5.035973e-01,9.090640e-02,1.196979e-02,6.506433e-02,1.782449e-02
3.981273e-02,7.132646e-02,2.673784e-02,2.635884e-02,1.093992e-02,1.960218e-02,4.013295e-03,3.156790e-03,1.501842e-02,1.335048e-02,6.139097e-01,7.483178e-02,9.018050e-03,5.856864e-02,1.335485e-02
3.416544e-02,5.081968e-02,2.002099e-02,2.296180e-02,1.390737e-02,1.808783e-02,3.190964e-03,2.856743e-03,1.456566e-02,1.042483e-02,6.359383e-01,6.695285e-02,6.937070e-03,8.865468e-02,1.051575e-02
2.762168e-02,3.626413e-02,1.440088e-02,1.705305e-02,1.935278e-02,1.441470e-02,2.515616e-03,2.186822e-03,1.318915e-02,8.409383e-03,6.463710e-01,6.255829e-02,5.726389e-03,1.210532e-01,8.882929e-03
2.031446e-02,2.589979e-02,1.025012e-02,1.223210e-02,1.688367e-02,1.087927e-02,1.837925e-03,1.631008e-03,1.141645e-02,8.366012e-03,6.921117e-01,5.583055e-02,4.292991e-03,1.210339e-01,7.020124e-03
1.519268e-02,1.878798e-02,7.408023e-03,8.847269e-03,1.477849e-02,8.882882e-03,1.350891e-03,1.315505e-03,1.124352e-02,1.261105e-02,7.129385e-01,5.507837e-02,3.306197e-03,1.225128e-01,5.745925e-03
1.130380e-02,1.370003e-02,5.376102e-03,6.333911e-03,1.203067e-02,7.115933e-03,9.966034e-04,1.072600e-03,1.081660e-02,1.232636e-02,7.113367e-01,4.662024e-02,2.608103e-03,1.539828e-01,4.379506e-03
8.182729e-03,9.832770e-03,3.858089e-03,4.519042e-03,9.314735e-03,5.309904e-03,7.495279e-04,8.122218e-04,8.821526e-03,1.183338e-02,7.257928e-01,4.310676e-02,2.125728e-03,1.625387e-01,3.202139e-03
5.969161e-03,7.269598e-03,2.979875e-03,3.319208e-03,8.526745e-03,4.711165e-03,6.700014e-04,9.279379e-04,7.523307e-03,1.631730e-02,7.288042e-01,4.191745e-02,1.838244e-03,1.668054e-01,2.420380e-03
4.748101e-03,6.598688e-03,9.897771e-03,3.699529e-03,2.065419e-02,4.100519e-03,1.344107e-03,1.287455e-02,9.493064e-03,2.952968e-02,7.031153e-01,4.143671e-02,1.838753e-03,1.484770e-01,2.192042e-03
3.650739e-03,6.512488e-03,7.475895e-03,2.934287e-03,3.336111e-02,4.795645e-03,1.496693e-03,9.767544e-03,1.327165e-02,2.863807e-02,7.086835e-01,4.032091e-02,1.728612e-03,1.356075e-01,1.755428e-03
3.874118e-03,7.344467e-03,8.924708e-03,3.381701e-03,3.745614e-02,4.977863e-03,1.382035e-03,1.572154e-02,3.344224e-02,3.782430e-02,6.829879e-01,4.226968e-02,1.532394e-03,1.168976e-01,1.983341e-03
3.990536e-03,6.442320e-03,6.884993e-03,2.863504e-03,3.328811e-02,4.103964e-03,1.137231e-03,1.180517e-02,3.068677e-02,3.927876e-02,7.203423e-01,3.760649e-02,1.449747e-03,9.791876e-02,2.201382e-03
5.849440e-03,5.817574e-03,6.067324e-03,3.832687e-03,3.968431e-02,3.740484e-03,1.117314e-03,1.020378e-02,3.389722e-02,3.420205e-02,7.317301e-01,3.522719e-02,1.790197e-03,8.441755e-02,2.422761e-03
5.645250e-03,6.967154e-03,6.371127e-03,3.559528e-03,5.110572e-02,5.618489e-03,1.692408e-03,8.502353e-03,4.163951e-02,3.284731e-02,7.029682e-01,3.628506e-02,1.885427e-03,9.228167e-02,2.630846e-03
9.590190e-03,9.607166e-03,8.536870e-03,3.233014e-03,6.703181e-02,7.291686e-03,2.333625e-03,6.867507e-03,4.331921e-02,3.335259e-02,6.839359e-01,2.935447e-02,1.861788e-03,9.052259e-02,3.161585e-03
1.767546e-02,1.027732e-02,1.390003e-02,2.691648e-03,5.808531e-02,1.062433e-02,2.270340e-03,5.636488e-03,7.133497e-02,5.577772e-02,6.347758e-01,2.619600e-02,1.627803e-03,8.505610e-02,4.070736e-03
4.000527e-02,1.115625e-02,3.315494e-02,2.285722e-03,4.569602e-02,1.340123e-02,1.791642e-03,6.466907e-03,9.494458e-02,6.446954e-02,5.645981e-01,2.242716e-02,1.381785e-03,9.228809e-02,5.932776e-03
6.211694e-02,1.362487e-02,4.494926e-02,2.001646e-03,3.847619e-02,1.339475e-02,1.383948e-03,6.089175e-03,1.225044e-01,6.243971e-02,5.116518e-01,1.878596e-02,1.291072e-03,8.917845e-02,1.211194e-02
6.107151e-02,1.126058e-02,6.091100e-02,2.520777e-03,3.522149e-02,1.763595e-02,1.236794e-03,9.647055e-03,1.723310e-01,5.258313e-02,4.425392e-01,1.550155e-02,1.877484e-03,1.007593e-01,1.490318e-02
4.921379e-02,8.559410e-03,8.601953e-02,9.805685e-03,3.401598e-02,1.740662e-02,1.465077e-03,1.464646e-02,1.753827e-01,4.408620e-02,4.163958e-01,1.342835e-02,4.829591e-03,1.071491e-01,1.759570e-02
4.139883e-02,6.904715e-03,1.099291e-01,1.619995e-02,4.553975e-02,1.531783e-02,3.009774e-03,5.964597e-02,1.474044e-01,3.533340e-02,3.778211e-01,1.237154e-02,5.604670e-03,1.088818e-01,1.463722e-02
3.914993e-02,7.201952e-03,1.443107e-01,2.852970e-02,4.002257e-02,1.319144e-02,2.635716e-03,1.123625e-01,1.437589e-01,2.750471e-02,2.751172e-01,1.008998e-02,5.350837e-03,1.360894e-01,1.468458e-02
4.305835e-02,7.477492e-03,1.359347e-01,2.497943e-02,3.505481e-02,1.213603e-02,2.040032e-03,1.019587e-01,1.379668e-01,2.711198e-02,2.002557e-01,7.557236e-03,4.325708e-03,2.420442e-01,1.809890e-02
3.623835e-02,7.122741e-03,1.155263e-01,2.523611e-02,2.771993e-02,1.011631e-02,1.481759e-03,8.587784e-02,1.714109e-01,4.674112e-02,1.427419e-01,5.869233e-03,4.045203e-03,3.002217e-01,1.965059e-02
3.090817e-02,6.668250e-03,1.071154e-01,2.659282e-02,2.170784e-02,8.500256e-03,1.119219e-03,6.969619e-02,1.958083e-01,6.793807e-02,1.020926e-01,4.747401e-03,4.271971e-03,3.251655e-01,2.766794e-02
2.908035e-02,6.170060e-03,1.389782e-01,2.745093e-02,1.634224e-02,7.397872e-03,9.236219e-04,5.747012e-02,1.770339e-01,1.041451e-01,7.576116e-02,3.848599e-03,6.219530e-03,2.964939e-01,5.268443e-02
2.487521e-02,4.757717e-03,1.055518e-01,2.318258e-02,1.291819e-02,6.413889e-03,1.105140e-03,4.865821e-02,1.439438e-01,2.708016e-01,6.921093e-02,5.198796e-03,1.484891e-02,2.222116e-01,4.632172e-02
1.841613e-02,3.613352e-03,7.902005e-02,1.859644e-02,1.049228e-02,5.206109e-03,1.690406e-03,3.962636e-02,1.238150e-01,3.872766e-01,7.016559e-02,7.359276e-03,3.204602e-02,1.618725e-01,4.080387e-02
1.624903e-02,2.845690e-03,5.847526e-02,1.521876e-02,1.238768e-02,6.525040e-03,3.122144e-03,3.332518e-02,8.951636e-02,4.041867e-01,1.018688e-01,1.368768e-02,7.828396e-02,1.199340e-01,4.437384e-02
1.939034e-02,2.482571e-03,4.497328e-02,1.217500e-02,1.634977e-02,6.677906e-03,4.670832e-03,3.301787e-02,6.662700e-02,4.536062e-01,1.018019e-01,1.372722e-02,7.784992e-02,9.500252e-02,5.164772e-02
1.670335e-02,2.114606e-03,3.548079e-02,8.964852e-03,1.769896e-02,5.460801e-03,4.269117e-03,2.655603e-02,5.145929e-02,4.799482e-01,8.570892e-02,1.389698e-02,1.032277e-01,7.073733e-02,7.777310e-02
1.372445e-02,1.906116e-03,3.205685e-02,6.878044e-03,5.768046e-02,4.042455e-03,8.032525e-03,3.603205e-02,3.936069e-02,4.717113e-01,7.128026e-02,1.179577e-02,9.724072e-02,5.226175e-02,9.599662e-02
1.018839e-02,1.603634e-03,2.640799e-02,5.313096e-03,5.960673e-02,4.255699e-03,8.179962e-03,5.556689e-02,2.891107e-02,4.202590e-01,6.579608e-02,1.502487e-02,1.380359e-01,3.801336e-02,1.228374e-01
8.398063e-03,1.645447e-03,1.949559e-02,4.514435e-03,5.669975e-02,2.075650e-02,6.154552e-03,5.367158e-02,2.206418e-02,3.408738e-01,7.403275e-02,3.112443e-02,2.308383e-01,2.764984e-02,1.020808e-01
9.676415e-03,1.563245e-03,1.406285e-02,3.825597e-03,5.609871e-02,2.958163e-02,4.543667e-03,4.123447e-02,1.752589e-02,2.633366e-01,6.742934e-02,5.008798e-02,3.323078e-01,1.984537e-02,8.888037e-02
1.732275e-02,2.507931e-03,1.996726e-02,1.433957e-02,8.089280e-02,2.685527e-02,3.819447e-03,7.677429e-02,1.771541e-02,1.879444e-01,6.443285e-02,7.891816e-02,3.291432e-01,1.429406e-02,6.507263e-02
2.358371e-02,2.287930e-03,1.525447e-02,1.326911e-02,7.462731e-02,3.101593e-02,3.486907e-03,7.263765e-02,1.926494e-02,1.342187e-01,5.463678e-02,1.235154e-01,3.755370e-01,1.036706e-02,4.629695e-02
2.455422e-02,1.807673e-03,1.375757e-02,1.165674e-02,6.119421e-02,2.923630e-02,3.523476e-03,9.154972e-02,2.082002e-02,9.755126e-02,4.679880e-02,1.592946e-01,3.979940e-01,7.429574e-03,3.283178e-02
5.604143e-02,1.621956e-03,1.228440e-02,1.166665e-02,5.536293e-02,4.391450e-02,3.654606e-03,1.010227e-01,2.355924e-02,7.376707e-02,4.349110e-02,1.776645e-01,3.641880e-01,5.693438e-03,2.606750e-02
7.991900e-02,1.629202e-03,1.073470e-02,1.191901e-02,5.165824e-02,3.439849e-02,4.259846e-03,8.082889e-02,2.857849e-02,5.454879e-02,3.909211e-02,1.575252e-01,4.183387e-01,4.377930e-03,2.219132e-02
9.374100e-02,2.000424e-03,8.585185e-03,1.383918e-02,4.669359e-02,3.153005e-02,9.471942e-03,6.594424e-02,5.237500e-02,4.128949e-02,3.370141e-02,1.290903e-01,4.489028e-01,3.448621e-03,1.938679e-02
8.960502e-02,2.607151e-03,6.887744e-03,1.279136e-02,4.612160e-02,5.143578e-02,1.978464e-02,4.923204e-02,7.387690e-02,3.160051e-02,2.552994e-02,1.086667e-01,4.630952e-01,2.565011e-03,1.620042e-02
9.658982e-02,2.995144e-03,7.022592e-03,2.353898e-02,5.283063e-02,7.435296e-02,3.632304e-02,4.117605e-02,1.026588e-01,2.440238e-02,2.326331e-02,1.019184e-01,3.975028e-01,2.028043e-03,1.339718e-02
1.101328e-01,5.971748e-03,6.559044e-03,2.595126e-02,4.812221e-02,9.372161e-02,3.714457e-02,3.031619e-02,1.366821e-01,1.858280e-02,1.935350e-02,1.219352e-01,3.313987e-01,1.739249e-03,1.238903e-02
1.379503e-01,7.938047e-03,9.664342e-03,3.757488e-02,4.855159e-02,9.382653e-02,3.772570e-02,2.447003e-02,1.431056e-01,1.457326e-02,1.544195e-02,1.043648e-01,3.117185e-01,1.479540e-03,1.161486e-02
1.418957e-01,1.346136e-02,8.896146e-03,2.963389e-02,4.592755e-02,1.337410e-01,3.362110e-02,1.903614e-02,1.424145e-01,1.085077e-02,1.163027e-02,7.999177e-02,3.172951e-01,1.285819e-03,1.031886e-02
1.630836e-01,2.004099e-02,1.187212e-02,3.087682e-02,6.171001e-02,1.313849e-01,4.046497e-02,2.683302e-02,1.556697e-01,8.764160e-03,9.236609e-03,7.508099e-02,2.539153e-01,1.254680e-03,9.812229e-03
2.558414e-01,2.420937e-02,1.037857e-02,2.819350e-02,5.123734e-02,1.493673e-01,3.143705e-02,2.645638e-02,1.274662e-01,7.103540e-03,8.226152e-03,6.143512e-02,2.063772e-01,1.575526e-03,1.069542e-02
3.555003e-01,2.534694e-02,8.863982e-03,3.171514e-02,5.590324e-02,1.141960e-01,2.699181e-02,3.830887e-02,1.109281e-01,5.970802e-03,8.999534e-03,5.195925e-02,1.517846e-01,2.156966e-03,1.137452e-02
4.292374e-01,2.383684e-02,6.953677e-03,2.787386e-02,5.257481e-02,9.834750e-02,2.350906e-02,3.838017e-02,9.820484e-02,5.090075e-03,1.106009e-02,5.412564e-02,1.179015e-01,2.317586e-03,1.058697e-02
4.814349e-01,2.284577e-02,5.437155e-03,2.473933e-02,4.771022e-02,9.061970e-02,1.864866e-02,3.166687e-02,9.497871e-02,4.550477e-03,1.473580e-02,5.026171e-02,9.751023e-02,3.150261e-03,1.171017e-02
1.000000e+00,0.000000e+00,0.000000e+00,0.000000e+00,0.000000e+00,0.000000e+00,0.000000e+00,0.000000e+00,0.000000e+00,0.000000e+00,0.000000e+00,0.000000e+00,0.000000e+00,0.000000e+00,0.000000e+00
1.000000e+00,0.000000e+00,0.000000e+00,0.000000e+00,0.000000e+00,0.000000e+00,0.000000e+00,0.000000e+00,0.000000e+00,0.000000e+00,0.000000e+00,0.000000e+00,0.000000e+00,0.000000e+00,0.000000e+00
1.000000e+00,0.000000e+00,0.000000e+00,0.000000e+00,0.000000e+00,0.000000e+00,0.000000e+00,0.000000e+00,0.000000e+00,0.000000e+00,0.000000e+00,0.000000e+00,0.000000e+00,0.000000e+00,0.000000e+00
1.000000e+00,0.000000e+00,0.000000e+00,0.000000e+00,0.000000e+00,0.000000e+00,0.000000e+00,0.000000e+00,0.000000e+00,0.000000e+00,0.000000e+00,0.000000e+00,0.000000e+00,0.000000e+00,0.000000e+00
1.000000e+00,0.000000e+00,0.000000e+00,0.000000e+00,0.000000e+00,0.000000e+00,0.000000e+00,0.000000e+00,0.000000e+00,0.000000e+00,0.000000e+00,0.000000e+00,0.000000e+00,0.000000e+00,0.000000e+00
1.000000e+00,0.000000e+00,0.000000e+00,0.000000e+00,0.000000e+00,0.000000e+00,0.000000e+00,0.000000e+00,0.000000e+00,0.000000e+00,0.000000e+00,0.000000e+00,0.000000e+00,0.000000e+00,0.000000e+00
1.000000e+00,0.000000e+00,0.000000e+00,0.000000e+00,0.000000e+00,0.000000e+00,0.000000e+00,0.000000e+00,0.000000e+00,0.000000e+00,0.000000e+00,0.000000e+00,0.000000e+00,0.000000e+00,0.000000e+00
1.000000e+00,0.000000e+00,0.000000e+00,0.000000e+00,0.000000e+00,0.000000e+00,0.000000e+00,0.000000e+00,0.000000e+00,0.000000e+00,0.000000e+00,0.000000e+00,0.000000e+00,0.000000e+00,0.000000e+00
1.000000e+00,0.000000e+00,0.000000e+00,0.000000e+00,0.000000e+00,0.000000e+00,0.000000e+00,0.000000e+00,0.000000e+00,0.000000e+00,0.000000e+00,0.000000e+00,0.000000e+00,0.000000e+00,0.000000e+00
1.000000e+00,0.000000e+00,0.000000e+00,0.000000e+00,0.000000e+00,0.000000e+00,0.000000e+00,0.000000e+00,0.000000e+00,0.000000e+00,0.000000e+00,0.000000e+00,0.000000e+00,0.000000e+00,0.000000e+00
1.000000e+00,0.000000e+00,0.000000e+00,0.000000e+00,0.000000e+00,0.000000e+00,0.000000e+00,0.000000e+00,0.000000e+00,0.000000e+00,0.000000e+00,0.000000e+00,0.000000e+00,0.000000e+00,0.000000e+00
1.000000e+00,0.000000e+00,0.000000e+00,0.000000e+00,0.000000e+00,0.000000e+00,0.000000e+00,0.000000e+00,0.000000e+00,0.000000e+00,0.000000e+00,0.000000e+00,0.000000e+00,0.000000e+00,0.000000e+00
1.000000e+00,0.000000e+00,0.000000e+00,0.000000e+00,0.000000e+00,0.000000e+00,0.000000e+00,0.000000e+00,0.000000e+00,0.000000e+00,0.000000e+00,0.000000e+00,0.000000e+00,0.000000e+00,0.000000e+00
1.000000e+00,0.000000e+00,0.000000e+00,0.000000e+00,0.000000e+00,0.000000e+00,0.000000e+00,0.000000e+00,0.000000e+00,0.000000e+00,0.000000e+00,0.000000e+00,0.000000e+00,0.000000e+00,0.000000e+00
1.000000e+00,0.000000e+00,0.000000e+00,0.000000e+00,0.000000e+00,0.000000e+00,0.000000e+00,0.000000e+00,0.000000e+00,0.000000e+00,0.000000e+00,0.000000e+00,0.000000e+00,0.000000e+00,0.000000e+00
1.000000e+00,0.000000e+00,0.000000e+00,0.000000e+00,0.000000e+00,0.000000e+00,0.000000e+00,0.000000e+00,0.000000e+00,0.000000e+00,0.000000e+00,0.000000e+00,0.000000e+00,0.000000e+00,0.000000e+00
1.000000e+00,0.000000e+00,0.000000e+00,0.000000e+00,0.000000e+00,0.000000e+00,0.000000e+00,0.000000e+00,0.000000e+00,0.000000e+00,0.000000e+00,0.000000e+00,0.000000e+00,0.000000e+00,0.000000e+00
1.000000e+00,0.000000e+00,0.000000e+00,0.000000e+00,0.000000e+00,0.000000e+00,0.000000e+00,0.000000e+00,0.000000e+00,0.000000e+00,0.000000e+00,0.000000e+00,0.000000e+00,0.000000e+00,0.000000e+00
1.000000e+00,0.000000e+00,0.000000e+00,0.000000e+00,0.000000e+00,0.000000e+00,0.000000e+00,0.000000e+00,0.000000e+00,0.000000e+00,0.000000e+00,0.000000e+00,0.000000e+00,0.000000e+00,0.000000e+00
1.000000e+00,0.000000e+00,0.000000e+00,0.000000e+00,0.000000e+00,0.000000e+00,0.000000e+00,0.000000e+00,0.000000e+00,0.000000e+00,0.000000e+00,0.000000e+00,0.000000e+00,0.000000e+00,0.000000e+00
1.000000e+00,0.000000e+00,0.000000e+00,0.000000e+00,0.000000e+00,0.000000e+00,0.000000e+00,0.000000e+00,0.000000e+00,0.000000e+00,0.000000e+00,0.000000e+00,0.000000e+00,0.000000e+00,0.000000e+00
1.000000e+00,0.000000e+00,0.000000e+00,0.000000e+00,0.000000e+00,0.000000e+00,0.000000e+00,0.000000e+00,0.000000e+00,0.000000e+00,0.000000e+00,0.000000e+00,0.000000e+00,0.000000e+00,0.000000e+00
1.000000e+00,0.000000e+00,0.000000e+00,0.000000e+00,0.000000e+00,0.000000e+00,0.000000e+00,0.000000e+00,0.000000e+00,0.000000e+00,0.000000e+00,0.000000e+00,0.000000e+00,0.000000e+00,0.000000e+00
1.000000e+00,0.000000e+00,0.000000e+00,0.000000e+00,0.000000e+00,0.000000e+00,0.000000e+00,0.000000e+00,0.000000e+00,0.000000e+00,0.000000e+00,0.000000e+00,0.000000e+00,0.000000e+00,0.000000e+00
1.000000e+00,0.000000e+00,0.000000e+00,0.000000e+00,0.000000e+00,0.000000e+00,0.000000e+00,0.000000e+00,0.000000e+00,0.000000e+00,0.000000e+00,0.000000e+00,0.000000e+00,0.000000e+00,0.000000e+00
1.000000e+00,0.000000e+00,0.000000e+00,0.000000e+00,0.000000e+00,0.000000e+00,0.000000e+00,0.000000e+00,0.000000e+00,0.000000e+00,0.000000e+00,0.000000e+00,0.000000e+00,0.000000e+00,0.000000e+00
1.000000e+00,0.000000e+00,0.000000e+00,0.000000e+00,0.000000e+00,0.000000e+00,0.000000e+00,0.000000e+00,0.000000e+00,0.000000e+00,0.000000e+00,0.000000e+00,0.000000e+00,0.000000e+00,0.000000e+00
1.000000e+00,0.000000e+00,0.000000e+00,0.000000e+00,0.000000e+00,0.000000e+00,0.000000e+00,0.000000e+00,0.000000e+00,0.000000e+00,0.000000e+00,0.000000e+00,0.000000e+00,0.000000e+00,0.000000e+00
1.000000e+00,0.000000e+00,0.000000e+00,0.000000e+00,0.000000e+00,0.000000e+00,0.000000e+00,0.000000e+00,0.000000e+00,0.000000e+00,0.000000e+00,0.000000e+00,0.000000e+00,0.000000e+00,0.000000e+00
1.000000e+00,0.000000e+00,0.000000e+00,0.000000e+00,0.000000e+00,0.000000e+00,0.000000e+00,0.000000e+00,0.000000e+00,0.000000e+00,0.000000e+00,0.000000e+00,0.000000e+00,0.000000e+00,0.000000e+00
1.000000e+00,0.000000e+00,0.000000e+00,0.000000e+00,0.000000e+00,0.000000e+00,0.000000e+00,0.000000e+00,0.000000e+00,0.000000e+00,0.000000e+00,0.000000e+00,0.000000e+00,0.000000e+00,0.000000e+00
1.000000e+00,0.000000e+00,0.000000e+00,0.000000e+00,0.000000e+00,0.000000e+00,0.000000e+00,0.000000e+00,0.000000e+00,0.000000e+00,0.000000e+00,0.000000e+00,0.000000e+00,0.000000e+00,0.000000e+00
1.000000e+00,0.000000e+00,0.000000e+00,0.000000e+00,0.000000e+00,0.000000e+00,0.000000e+00,0.000000e+00,0.000000e+00,0.000000e+00,0.000000e+00,0.000000e+00,0.000000e+00,0.000000e+00,0.000000e+00
1.000000e+00,0.000000e+00,0.000000e+00,0.000000e+00,0.000000e+00,0.000000e+00,0.000000e+00,0.000000e+00,0.000000e+00,0.000000e+00,0.000000e+00,0.000000e+00,0.000000e+00,0.000000e+00,0.000000e+00
1.000000e+00,0.000000e+00,0.000000e+00,0.000000e+00,0.000000e+00,0.000000e+00,0.000000e+00,0.000000e+00,0.000000e+00,0.000000e+00,0.000000e+00,0.000000e+00,0.000000e+00,0.000000e+00,0.000000e+00
1.000000e+00,0.000000e+00,0.000000e+00,0.000000e+00,0.000000e+00,0.000000e+00,0.000000e+00,0.000000e+00,0.000000e+00,0.000000e+00,0.000000e+00,0.000000e+00,0.000000e+00,0.000000e+00,0.000000e+00
1.000000e+00,0.000000e+00,0.000000e+00,0.000000e+00,0.000000e+00,0.000000e+00,0.000000e+00,0.000000e+00,0.000000e+00,0.000000e+00,0.000000e+00,0.000000e+00,0.000000e+00,0.000000e+00,0.000000e+00
1.000000e+00,0.000000e+00,0.000000e+00,0.000000e+00,0.000000e+00,0.000000e+00,0.000000e+00,0.000000e+00,0.000000e+00,0.000000e+00,0.000000e+00,0.000000e+00,0.000000e+00,0.000000e+00,0.000000e+00
1.000000e+00,0.000000e+00,0.000000e+00,0.000000e+00,0.000000e+00,0.000000e+00,0.000000e+00,0.000000e+00,0.000000e+00,0.000000e+00,0.000000e+00,0.000000e+00,0.000000e+00,0.000000e+00,0.000000e+00
1.000000e+00,0.000000e+00,0.000000e+00,0.000000e+00,0.000000e+00,0.000000e+00,0.000000e+00,0.000000e+00,0.000000e+00,0.000000e+00,0.000000e+00,0.000000e+00,0.000000e+00,0.000000e+00,0.000000e+00
1.000000e+00,0.000000e+00,0.000000e+00,0.000000e+00,0.000000e+00,0.000000e+00,0.000000e+00,0.000000e+00,0.000000e+00,0.000000e+00,0.000000e+00,0.000000e+00,0.000000e+00,0.000000e+00,0.000000e+00
1.000000e+00,0.000000e+00,0.000000e+00,0.000000e+00,0.000000e+00,0.000000e+00,0.000000e+00,0.000000e+00,0.000000e+00,0.000000e+00,0.000000e+00,0.000000e+00,0.000000e+00,0.000000e+00,0.000000e+00
1.000000e+00,0.000000e+00,0.000000e+00,0.000000e+00,0.000000e+00,0.000000e+00,0.000000e+00,0.000000e+00,0.000000e+00,0.000000e+00,0.000000e+00,0.000000e+00,0.000000e+00,0.000000e+00,0.000000e+00
1.000000e+00,0.000000e+00,0.000000e+00,0.000000e+00,0.000000e+00,0.000000e+00,0.000000e+00,0.000000e+00,0.000000e+00,0.000000e+00,0.000000e+00,0.000000e+00,0.000000e+00,0.000000e+00,0.000000e+00
1.000000e+00,0.000000e+00,0.000000e+00,0.000000e+00,0.000000e+00,0.000000e+00,0.000000e+00,0.000000e+00,0.000000e+00,0.000000e+00,0.000000e+00,0.000000e+00,0.000000e+00,0.000000e+00,0.000000e+00
1.000000e+00,0.000000e+00,0.000000e+00,0.000000e+00,0.000000e+00,0.000000e+00,0.000000e+00,0.000000e+00,0.000000e+00,0.000000e+00,0.000000e+00,0.000000e+00,0.000000e+00,0.000000e+00,0.000000e+00
1.000000e+00,0.000000e+00,0.000000e+00,0.000000e+00,0.000000e+00,0.000000e+00,0.000000e+00,0.000000e+00,0.000000e+00,0.000000e+00,0.000000e+00,0.000000e+00,0.000000e+00,0.000000e+00,0.000000e+00
1.000000e+00,0.000000e+00,0.000000e+00,0.000000e+00,0.000000e+00,0.000000e+00,0.000000e+00,0.000000e+00,0.000000e+00,0.000000e+00,0.000000e+00,0.000000e+00,0.000000e+00,0.000000e+00,0.000000e+00
1.000000e+00,0.000000e+00,0.000000e+00,0.000000e+00,0.000000e+00,0.000000e+00,0.000000e+00,0.000000e+00,0.000000e+00,0.000000e+00,0.000000e+00,0.000000e+00,0.000000e+00,0.000000e+00,0.000000e+00
1.000000e+00,0.000000e+00,0.000000e+00,0.000000e+00,0.000000e+00,0.000000e+00,0.000000e+00,0.000000e+00,0.000000e+00,0.000000e+00,0.000000e+00,0.000000e+00,0.000000e+00,0.000000e+00,0.000000e+00
1.000000e+00,0.000000e+00,0.000000e+00,0.000000e+00,0.000000e+00,0.000000e+00,0.000000e+00,0.000000e+00,0.000000e+00,0.000000e+00,0.000000e+00,0.000000e+00,0.000000e+00,0.000000e+00,0.000000e+00
1.000000e+00,0.000000e+00,0.000000e+00,0.000000e+00,0.000000e+00,0.000000e+00,0.000000e+00,0.000000e+00,0.000000e+00,0.000000e+00,0.000000e+00,0.000000e+00,0.000000e+00,0.000000e+00,0.000000e+00
1.000000e+00,0.000000e+00,0.000000e+00,0.000000e+00,0.000000e+00,0.000000e+00,0.000000e+00,0.000000e+00,0.000000e+00,0.000000e+00,0.000000e+00,0.000000e+00,0.000000e+00,0.000000e+00,0.000000e+00
1.000000e+00,0.000000e+00,0.000000e+00,0.000000e+00,0.000000e+00,0.000000e+00,0.000000e+00,0.000000e+00,0.000000e+00,0.000000e+00,0.000000e+00,0.000000e+00,0.000000e+00,0.000000e+00,0.000000e+00
1.000000e+00,0.000000e+00,0.000000e+00,0.000000e+00,0.000000e+00,0.000000e+00,0.000000e+00,0.000000e+00,0.000000e+00,0.000000e+00,0.000000e+00,0.000000e+00,0.000000e+00,0.000000e+00,0.000000e+00
1.000000e+00,0.000000e+00,0.000000e+00,0.000000e+00,0.000000e+00,0.000000e+00,0.000000e+00,0.000000e+00,0.000000e+00,0.000000e+00,0.000000e+00,0.000000e+00,0.000000e+00,0.000000e+00,0.000000e+00
1.000000e+00,0.000000e+00,0.000000e+00,0.000000e+00,0.000000e+00,0.000000e+00,0.000000e+00,0.000000e+00,0.000000e+00,0.000000e+00,0.000000e+00,0.000000e+00,0.000000e+00,0.000000e+00,0.000000e+00
1.000000e+00,0.000000e+00,0.000000e+00,0.000000e+00,0.000000e+00,0.000000e+00,0.000000e+00,0.000000e+00,0.000000e+00,0.000000e+00,0.000000e+00,0.000000e+00,0.000000e+00,0.000000e+00,0.000000e+00
1.000000e+00,0.000000e+00,0.000000e+00,0.000000e+00,0.000000e+00,0.000000e+00,0.000000e+00,0.000000e+00,0.000000e+00,0.000000e+00,0.000000e+00,0.000000e+00,0.000000e+00,0.000000e+00,0.000000e+00
1.000000e+00,0.000000e+00,0.000000e+00,0.000000e+00,0.000000e+00,0.000000e+00,0.000000e+00,0.000000e+00,0.000000e+00,0.000000e+00,0.000000e+00,0.000000e+00,0.000000e+00,0.000000e+00,0.000000e+00
1.000000e+00,0.000000e+00,0.000000e+00,0.000000e+00,0.000000e+00,0.000000e+00,0.000000e+00,0.000000e+00,0.000000e+00,0.000000e+00,0.000000e+00,0.000000e+00,0.000000e+00,0.000000e+00,0.000000e+00
1.000000e+00,0.000000e+00,0.000000e+00,0.000000e+00,0.000000e+00,0.000000e+00,0.000000e+00,0.000000e+00,0.000000e+00,0.000000e+00,0.000000e+00,0.000000e+00,0.000000e+00,0.000000e+00,0.000000e+00
1.000000e+00,0.000000e+00,0.000000e+00,0.000000e+00,0.000000e+00,0.000000e+00,0.000000e+00,0.000000e+00,0.000000e+00,0.000000e+00,0.000000e+00,0.000000e+00,0.000000e+00,0.000000e+00,0.000000e+00
1.000000e+00,0.000000e+00,0.000000e+00,0.000000e+00,0.000000e+00,0.000000e+00,0.000000e+00,0.000000e+00,0.000000e+00,0.000000e+00,0.000000e+00,0.000000e+00,0.000000e+00,0.000000e+00,0.000000e+00
1.000000e+00,0.000000e+00,0.000000e+00,0.000000e+00,0.000000e+00,0.000000e+00,0.000000e+00,0.000000e+00,0.000000e+00,0.000000e+00,0.000000e+00,0.000000e+00,0.000000e+00,0.000000e+00,0.000000e+00
1.000000e+00,0.000000e+00,0.000000e+00,0.000000e+00,0.000000e+00,0.000000e+00,0.000000e+00,0.000000e+00,0.000000e+00,0.000000e+00,0.000000e+00,0.000000e+00,0.000000e+00,0.000000e+00,0.000000e+00
1.000000e+00,0.000000e+00,0.000000e+00,0.000000e+00,0.000000e+00,0.000000e+00,0.000000e+00,0.000000e+00,0.000000e+00,0.000000e+00,0.000000e+00,0.000000e+00,0.000000e+00,0.000000e+00,0.000000e+00
1.000000e+00,0.000000e+00,0.000000e+00,0.000000e+00,0.000000e+00,0.000000e+00,0.000000e+00,0.000000e+00,0.000000e+00,0.000000e+00,0.000000e+00,0.000000e+00,0.000000e+00,0.000000e+00,0.000000e+00
1.000000e+00,0.000000e+00,0.000000e+00,0.000000e+00,0.000000e+00,0.000000e+00,0.000000e+00,0.000000e+00,0.000000e+00,0.000000e+00,0.000000e+00,0.000000e+00,0.000000e+00,0.000000e+00,0.000000e+00
1.000000e+00,0.000000e+00,0.000000e+00,0.000000e+00,0.000000e+00,0.000000e+00,0.000000e+00,0.000000e+00,0.000000e+00,0.000000e+00,0.000000e+00,0.000000e+00,0.000000e+00,0.000000e+00,0.000000e+00
1.000000e+00,0.000000e+00,0.000000e+00,0.000000e+00,0.000000e+00,0.000000e+00,0.000000e+00,0.000000e+00,0.000000e+00,0.000000e+00,0.000000e+00,0.000000e+00,0.000000e+00,0.000000e+00,0.000000e+00
