1.000000e+00,0.000000e+00,0.000000e+00,0.000000e+00,0.000000e+00,0.000000e+00,0.000000e+00,0.000000e+00,0.000000e+00,0.000000e+00,0.000000e+00,0.000000e+00,0.000000e+00,0.000000e+00,0.000000e+00
1.000000e+00,0.000000e+00,0.000000e+00,0.000000e+00,0.000000e+00,0.000000e+00,0.000000e+00,0.000000e+00,0.000000e+00,0.000000e+00,0.000000e+00,0.000000e+00,0.000000e+00,0.000000e+00,0.000000e+00
1.000000e+00,0.000000e+00,0.000000e+00,0.000000e+00,0.000000e+00,0.000000e+00,0.000000e+00,0.000000e+00,0.000000e+00,0.000000e+00,0.000000e+00,0.000000e+00,0.000000e+00,0.000000e+00,0.000000e+00
1.000000e+00,0.000000e+00,0.000000e+00,0.000000e+00,0.000000e+00,0.000000e+00,0.000000e+00,0.000000e+00,0.000000e+00,0.000000e+00,0.000000e+00,0.000000e+00,0.000000e+00,0.000000e+00,0.000000e+00
1.000000e+00,0.000000e+00,0.000000e+00,0.000000e+00,0.000000e+00,0.000000e+00,0.000000e+00,0.000000e+00,0.000000e+00,0.000000e+00,0.000000e+00,0.000000e+00,0.000000e+00,0.000000e+00,0.000000e+00
1.000000e+00,0.000000e+00,0.000000e+00,0.000000e+00,0.000000e+00,0.000000e+00,0.000000e+00,0.000000e+00,0.000000e+00,0.000000e+00,0.000000e+00,0.000000e+00,0.000000e+00,0.000000e+00,0.000000e+00
1.000000e+00,0.000000e+00,0.000000e+00,0.000000e+00,0.000000e+00,0.000000e+00,0.000000e+00,0.000000e+00,0.000000e+00,0.000000e+00,0.000000e+00,0.000000e+00,0.000000e+00,0.000000e+00,0.000000e+00
1.000000e+00,0.000000e+00,0.000000e+00,0.000000e+00,0.000000e+00,0.000000e+00,0.000000e+00,0.000000e+00,0.000000e+00,0.000000e+00,0.000000e+00,0.000000e+00,0.000000e+00,0.000000e+00,0.000000e+00
1.000000e+00,0.000000e+00,0.000000e+00,0.000000e+00,0.000000e+00,0.000000e+00,0.000000e+00,0.000000e+00,0.000000e+00,0.000000e+00,0.000000e+00,0.000000e+00,0.000000e+00,0.000000e+00,0.000000e+00
1.000000e+00,0.000000e+00,0.000000e+00,0.000000e+00,0.000000e+00,0.000000e+00,0.000000e+00,0.000000e+00,0.000000e+00,0.000000e+00,0.000000e+00,0.000000e+00,0.000000e+00,0.000000e+00,0.000000e+00
1.000000e+00,0.000000e+00,0.000000e+00,0.000000e+00,0.000000e+00,0.000000e+00,0.000000e+00,0.000000e+00,0.000000e+00,0.000000e+00,0.000000e+00,0.000000e+00,0.000000e+00,0.000000e+00,0.000000e+00
1.000000e+00,0.000000e+00,0.000000e+00,0.000000e+00,0.000000e+00,0.000000e+00,0.000000e+00,0.000000e+00,0.000000e+00,0.000000e+00,0.000000e+00,0.000000e+00,0.000000e+00,0.000000e+00,0.000000e+00
1.000000e+00,0.000000e+00,0.000000e+00,0.000000e+00,0.000000e+00,0.000000e+00,0.000000e+00,0.000000e+00,0.000000e+00,0.000000e+00,0.000000e+00,0.000000e+00,0.000000e+00,0.000000e+00,0.000000e+00
1.000000e+00,0.000000e+00,0.000000e+00,0.000000e+00,0.000000e+00,0.000000e+00,0.000000e+00,0.000000e+00,0.000000e+00,0.000000e+00,0.000000e+00,0.000000e+00,0.000000e+00,0.000000e+00,0.000000e+00
1.000000e+00,0.000000e+00,0.000000e+00,0.000000e+00,0.000000e+00,0.000000e+00,0.000000e+00,0.000000e+00,0.000000e+00,0.000000e+00,0.000000e+00,0.000000e+00,0.000000e+00,0.000000e+00,0.000000e+00
1.000000e+00,0.000000e+00,0.000000e+00,0.000000e+00,0.000000e+00,0.000000e+00,0.000000e+00,0.000000e+00,0.000000e+00,0.000000e+00,0.000000e+00,0.000000e+00,0.000000e+00,0.000000e+00,0.000000e+00
1.000000e+00,0.000000e+00,0.000000e+00,0.000000e+00,0.000000e+00,0.000000e+00,0.000000e+00,0.000000e+00,0.000000e+00,0.000000e+00,0.000000e+00,0.000000e+00,0.000000e+00,0.000000e+00,0.000000e+00
1.000000e+00,0.000000e+00,0.000000e+00,0.000000e+00,0.000000e+00,0.000000e+00,0.000000e+00,0.000000e+00,0.000000e+00,0.000000e+00,0.000000e+00,0.000000e+00,0.000000e+00,0.000000e+00,0.000000e+00
1.000000e+00,0.000000e+00,0.000000e+00,0.000000e+00,0.000000e+00,0.000000e+00,0.000000e+00,0.000000e+00,0.000000e+00,0.000000e+00,0.000000e+00,0.000000e+00,0.000000e+00,0.000000e+00,0.000000e+00
1.000000e+00,0.000000e+00,0.000000e+00,0.000000e+00,0.000000e+00,0.000000e+00,0.000000e+00,0.000000e+00,0.000000e+00,0.000000e+00,0.000000e+00,0.000000e+00,0.000000e+00,0.000000e+00,0.000000e+00
1.000000e+00,0.000000e+00,0.000000e+00,0.000000e+00,0.000000e+00,0.000000e+00,0.000000e+00,0.000000e+00,0.000000e+00,0.000000e+00,0.000000e+00,0.000000e+00,0.000000e+00,0.000000e+00,0.000000e+00
1.000000e+00,0.000000e+00,0.000000e+00,0.000000e+00,0.000000e+00,0.000000e+00,0.000000e+00,0.000000e+00,0.000000e+00,0.000000e+00,0.000000e+00,0.000000e+00,0.000000e+00,0.000000e+00,0.000000e+00
1.000000e+00,0.000000e+00,0.000000e+00,0.000000e+00,0.000000e+00,0.000000e+00,0.000000e+00,0.000000e+00,0.000000e+00,0.000000e+00,0.000000e+00,0.000000e+00,0.000000e+00,0.000000e+00,0.000000e+00
1.000000e+00,0.000000e+00,0.000000e+00,0.000000e+00,0.000000e+00,0.000000e+00,0.000000e+00,0.000000e+00,0.000000e+00,0.000000e+00,0.000000e+00,0.000000e+00,0.000000e+00,0.000000e+00,0.000000e+00
1.000000e+00,0.000000e+00,0.000000e+00,0.000000e+00,0.000000e+00,0.000000e+00,0.000000e+00,0.000000e+00,0.000000e+00,0.000000e+00,0.000000e+00,0.000000e+00,0.000000e+00,0.000000e+00,0.000000e+00
1.000000e+00,0.000000e+00,0.000000e+00,0.000000e+00,0.000000e+00,0.000000e+00,0.000000e+00,0.000000e+00,0.000000e+00,0.000000e+00,0.000000e+00,0.000000e+00,0.000000e+00,0.000000e+00,0.000000e+00
1.000000e+00,0.000000e+00,0.000000e+00,0.000000e+00,0.000000e+00,0.000000e+00,0.000000e+00,0.000000e+00,0.000000e+00,0.000000e+00,0.000000e+00,0.000000e+00,0.000000e+00,0.000000e+00,0.000000e+00
1.000000e+00,0.000000e+00,0.000000e+00,0.000000e+00,0.000000e+00,0.000000e+00,0.000000e+00,0.000000e+00,0.000000e+00,0.000000e+00,0.000000e+00,0.000000e+00,0.000000e+00,0.000000e+00,0.000000e+00
1.000000e+00,0.000000e+00,0.000000e+00,0.000000e+00,0.000000e+00,0.000000e+00,0.000000e+00,0.000000e+00,0.000000e+00,0.000000e+00,0.000000e+00,0.000000e+00,0.000000e+00,0.000000e+00,0.000000e+00
1.000000e+00,0.000000e+00,0.000000e+00,0.000000e+00,0.000000e+00,0.000000e+00,0.000000e+00,0.000000e+00,0.000000e+00,0.000000e+00,0.000000e+00,0.000000e+00,0.000000e+00,0.000000e+00,0.000000e+00
1.000000e+00,0.000000e+00,0.000000e+00,0.000000e+00,0.000000e+00,0.000000e+00,0.000000e+00,0.000000e+00,0.000000e+00,0.000000e+00,0.000000e+00,0.000000e+00,0.000000e+00,0.000000e+00,0.000000e+00
1.000000e+00,0.000000e+00,0.000000e+00,0.000000e+00,0.000000e+00,0.000000e+00,0.000000e+00,0.000000e+00,0.000000e+00,0.000000e+00,0.000000e+00,0.000000e+00,0.000000e+00,0.000000e+00,0.000000e+00
1.000000e+00,0.000000e+00,0.000000e+00,0.000000e+00,0.000000e+00,0.000000e+00,0.000000e+00,0.000000e+00,0.000000e+00,0.000000e+00,0.000000e+00,0.000000e+00,0.000000e+00,0.000000e+00,0.000000e+00
1.000000e+00,0.000000e+00,0.000000e+00,0.000000e+00,0.000000e+00,0.000000e+00,0.000000e+00,0.000000e+00,0.000000e+00,0.000000e+00,0.000000e+00,0.000000e+00,0.000000e+00,0.000000e+00,0.000000e+00
1.000000e+00,0.000000e+00,0.000000e+00,0.000000e+00,0.000000e+00,0.000000e+00,0.000000e+00,0.000000e+00,0.000000e+00,0.000000e+00,0.000000e+00,0.000000e+00,0.000000e+00,0.000000e+00,0.000000e+00
1.000000e+00,0.000000e+00,0.000000e+00,0.000000e+00,0.000000e+00,0.000000e+00,0.000000e+00,0.000000e+00,0.000000e+00,0.000000e+00,0.000000e+00,0.000000e+00,0.000000e+00,0.000000e+00,0.000000e+00
1.000000e+00,0.000000e+00,0.000000e+00,0.000000e+00,0.000000e+00,0.000000e+00,0.000000e+00,0.000000e+00,0.000000e+00,0.000000e+00,0.000000e+00,0.000000e+00,0.000000e+00,0.000000e+00,0.000000e+00
1.000000e+00,0.000000e+00,0.000000e+00,0.000000e+00,0.000000e+00,0.000000e+00,0.000000e+00,0.000000e+00,0.000000e+00,0.000000e+00,0.000000e+00,0.000000e+00,0.000000e+00,0.000000e+00,0.000000e+00
1.000000e+00,0.000000e+00,0.000000e+00,0.000000e+00,0.000000e+00,0.000000e+00,0.000000e+00,0.000000e+00,0.000000e+00,0.000000e+00,0.000000e+00,0.000000e+00,0.000000e+00,0.000000e+00,0.000000e+00
1.000000e+00,0.000000e+00,0.000000e+00,0.000000e+00,0.000000e+00,0.000000e+00,0.000000e+00,0.000000e+00,0.000000e+00,0.000000e+00,0.000000e+00,0.000000e+00,0.000000e+00,0.000000e+00,0.000000e+00
1.000000e+00,0.000000e+00,0.000000e+00,0.000000e+00,0.000000e+00,0.000000e+00,0.000000e+00,0.000000e+00,0.000000e+00,0.000000e+00,0.000000e+00,0.000000e+00,0.000000e+00,0.000000e+00,0.000000e+00
1.000000e+00,0.000000e+00,0.000000e+00,0.000000e+00,0.000000e+00,0.000000e+00,0.000000e+00,0.000000e+00,0.000000e+00,0.000000e+00,0.000000e+00,0.000000e+00,0.000000e+00,0.000000e+00,0.000000e+00
1.000000e+00,0.000000e+00,0.000000e+00,0.000000e+00,0.000000e+00,0.000000e+00,0.000000e+00,0.000000e+00,0.000000e+00,0.000000e+00,0.000000e+00,0.000000e+00,0.000000e+00,0.000000e+00,0.000000e+00
1.000000e+00,0.000000e+00,0.000000e+00,0.000000e+00,0.000000e+00,0.000000e+00,0.000000e+00,0.000000e+00,0.000000e+00,0.000000e+00,0.000000e+00,0.000000e+00,0.000000e+00,0.000000e+00,0.000000e+00
1.000000e+00,0.000000e+00,0.000000e+00,0.000000e+00,0.000000e+00,0.000000e+00,0.000000e+00,0.000000e+00,0.000000e+00,0.000000e+00,0.000000e+00,0.000000e+00,0.000000e+00,0.000000e+00,0.000000e+00
1.000000e+00,0.000000e+00,0.000000e+00,0.000000e+00,0.000000e+00,0.000000e+00,0.000000e+00,0.000000e+00,0.000000e+00,0.000000e+00,0.000000e+00,0.000000e+00,0.000000e+00,0.000000e+00,0.000000e+00
1.000000e+00,0.000000e+00,0.000000e+00,0.000000e+00,0.000000e+00,0.000000e+00,0.000000e+00,0.000000e+00,0.000000e+00,0.000000e+00,0.000000e+00,0.000000e+00,0.000000e+00,0.000000e+00,0.000000e+00
1.000000e+00,0.000000e+00,0.000000e+00,0.000000e+00,0.000000e+00,0.000000e+00,0.000000e+00,0.000000e+00,0.000000e+00,0.000000e+00,0.000000e+00,0.000000e+00,0.000000e+00,0.000000e+00,0.000000e+00
1.000000e+00,0.000000e+00,0.000000e+00,0.000000e+00,0.000000e+00,0.000000e+00,0.000000e+00,0.000000e+00,0.000000e+00,0.000000e+00,0.000000e+00,0.000000e+00,0.000000e+00,0.000000e+00,0.000000e+00
1.000000e+00,0.000000e+00,0.000000e+00,0.000000e+00,0.000000e+00,0.000000e+00,0.000000e+00,0.000000e+00,0.000000e+00,0.000000e+00,0.000000e+00,0.000000e+00,0.000000e+00,0.000000e+00,0.000000e+00
1.000000e+00,0.000000e+00,0.000000e+00,0.000000e+00,0.000000e+00,0.000000e+00,0.000000e+00,0.000000e+00,0.000000e+00,0.000000e+00,0.000000e+00,0.000000e+00,0.000000e+00,0.000000e+00,0.000000e+00
1.000000e+00,0.000000e+00,0.000000e+00,0.000000e+00,0.000000e+00,0.000000e+00,0.000000e+00,0.000000e+00,0.000000e+00,0.000000e+00,0.000000e+00,0.000000e+00,0.000000e+00,0.000000e+00,0.000000e+00
1.000000e+00,0.000000e+00,0.000000e+00,0.000000e+00,0.000000e+00,0.000000e+00,0.000000e+00,0.000000e+00,0.000000e+00,0.000000e+00,0.000000e+00,0.000000e+00,0.000000e+00,0.000000e+00,0.000000e+00
1.000000e+00,0.000000e+00,0.000000e+00,0.000000e+00,0.000000e+00,0.000000e+00,0.000000e+00,0.000000e+00,0.000000e+00,0.000000e+00,0.000000e+00,0.000000e+00,0.000000e+00,0.000000e+00,0.000000e+00
1.000000e+00,0.000000e+00,0.000000e+00,0.000000e+00,0.000000e+00,0.000000e+00,0.000000e+00,0.000000e+00,0.000000e+00,0.000000e+00,0.000000e+00,0.000000e+00,0.000000e+00,0.000000e+00,0.000000e+00
1.000000e+00,0.000000e+00,0.000000e+00,0.000000e+00,0.000000e+00,0.000000e+00,0.000000e+00,0.000000e+00,0.000000e+00,0.000000e+00,0.000000e+00,0.000000e+00,0.000000e+00,0.000000e+00,0.000000e+00
1.000000e+00,0.000000e+00,0.000000e+00,0.000000e+00,0.000000e+00,0.000000e+00,0.000000e+00,0.000000e+00,0.000000e+00,0.000000e+00,0.000000e+00,0.000000e+00,0.000000e+00,0.000000e+00,0.000000e+00
1.000000e+00,0.000000e+00,0.000000e+00,0.000000e+00,0.000000e+00,0.000000e+00,0.000000e+00,0.000000e+00,0.000000e+00,0.000000e+00,0.000000e+00,0.000000e+00,0.000000e+00,0.000000e+00,0.000000e+00
1.000000e+00,0.000000e+00,0.000000e+00,0.000000e+00,0.000000e+00,0.000000e+00,0.000000e+00,0.000000e+00,0.000000e+00,0.000000e+00,0.000000e+00,0.000000e+00,0.000000e+00,0.000000e+00,0.000000e+00
1.000000e+00,0.000000e+00,0.000000e+00,0.000000e+00,0.000000e+00,0.000000e+00,0.000000e+00,0.000000e+00,0.000000e+00,0.000000e+00,0.000000e+00,0.000000e+00,0.000000e+00,0.000000e+00,0.000000e+00
1.000000e+00,0.000000e+00,0.000000e+00,0.000000e+00,0.000000e+00,0.000000e+00,0.000000e+00,0.000000e+00,0.000000e+00,0.000000e+00,0.000000e+00,0.000000e+00,0.000000e+00,0.000000e+00,0.000000e+00
1.000000e+00,0.000000e+00,0.000000e+00,0.000000e+00,0.000000e+00,0.000000e+00,0.000000e+00,0.000000e+00,0.000000e+00,0.000000e+00,0.000000e+00,0.000000e+00,0.000000e+00,0.000000e+00,0.000000e+00
1.000000e+00,0.000000e+00,0.000000e+00,0.000000e+00,0.000000e+00,0.000000e+00,0.000000e+00,0.000000e+00,0.000000e+00,0.000000e+00,0.000000e+00,0.000000e+00,0.000000e+00,0.000000e+00,0.000000e+00
1.000000e+00,0.000000e+00,0.000000e+00,0.000000e+00,0.000000e+00,0.000000e+00,0.000000e+00,0.000000e+00,0.000000e+00,0.000000e+00,0.000000e+00,0.000000e+00,0.000000e+00,0.000000e+00,0.000000e+00
1.000000e+00,0.000000e+00,0.000000e+00,0.000000e+00,0.000000e+00,0.000000e+00,0.000000e+00,0.000000e+00,0.000000e+00,0.000000e+00,0.000000e+00,0.000000e+00,0.000000e+00,0.000000e+00,0.000000e+00
1.000000e+00,0.000000e+00,0.000000e+00,0.000000e+00,0.000000e+00,0.000000e+00,0.000000e+00,0.000000e+00,0.000000e+00,0.000000e+00,0.000000e+00,0.000000e+00,0.000000e+00,0.000000e+00,0.000000e+00
1.000000e+00,0.000000e+00,0.000000e+00,0.000000e+00,0.000000e+00,0.000000e+00,0.000000e+00,0.000000e+00,0.000000e+00,0.000000e+00,0.000000e+00,0.000000e+00,0.000000e+00,0.000000e+00,0.000000e+00
1.000000e+00,0.000000e+00,0.000000e+00,0.000000e+00,0.000000e+00,0.000000e+00,0.000000e+00,0.000000e+00,0.000000e+00,0.000000e+00,0.000000e+00,0.000000e+00,0.000000e+00,0.000000e+00,0.000000e+00
1.000000e+00,0.000000e+00,0.000000e+00,0.000000e+00,0.000000e+00,0.000000e+00,0.000000e+00,0.000000e+00,0.000000e+00,0.000000e+00,0.000000e+00,0.000000e+00,0.000000e+00,0.000000e+00,0.000000e+00
1.000000e+00,0.000000e+00,0.000000e+00,0.000000e+00,0.000000e+00,0.000000e+00,0.000000e+00,0.000000e+00,0.000000e+00,0.000000e+00,0.000000e+00,0.000000e+00,0.000000e+00,0.000000e+00,0.000000e+00
1.000000e+00,0.000000e+00,0.000000e+00,0.000000e+00,0.000000e+00,0.000000e+00,0.000000e+00,0.000000e+00,0.000000e+00,0.000000e+00,0.000000e+00,0.000000e+00,0.000000e+00,0.000000e+00,0.000000e+00
1.000000e+00,0.000000e+00,0.000000e+00,0.000000e+00,0.000000e+00,0.000000e+00,0.000000e+00,0.000000e+00,0.000000e+00,0.000000e+00,0.000000e+00,0.000000e+00,0.000000e+00,0.000000e+00,0.000000e+00
1.000000e+00,0.000000e+00,0.000000e+00,0.000000e+00,0.000000e+00,0.000000e+00,0.000000e+00,0.000000e+00,0.000000e+00,0.000000e+00,0.000000e+00,0.000000e+00,0.000000e+00,0.000000e+00,0.000000e+00
1.000000e+00,0.000000e+00,0.000000e+00,0.000000e+00,0.000000e+00,0.000000e+00,0.000000e+00,0.000000e+00,0.000000e+00,0.000000e+00,0.000000e+00,0.000000e+00,0.000000e+00,0.000000e+00,0.000000e+00
1.000000e+00,0.000000e+00,0.000000e+00,0.000000e+00,0.000000e+00,0.000000e+00,0.000000e+00,0.000000e+00,0.000000e+00,0.000000e+00,0.000000e+00,0.000000e+00,0.000000e+00,0.000000e+00,0.000000e+00
1.000000e+00,0.000000e+00,0.000000e+00,0.000000e+00,0.000000e+00,0.000000e+00,0.000000e+00,0.000000e+00,0.000000e+00,0.000000e+00,0.000000e+00,0.000000e+00,0.000000e+00,0.000000e+00,0.000000e+00
1.000000e+00,0.000000e+00,0.000000e+00,0.000000e+00,0.000000e+00,0.000000e+00,0.000000e+00,0.000000e+00,0.000000e+00,0.000000e+00,0.000000e+00,0.000000e+00,0.000000e+00,0.000000e+00,0.000000e+00
4.503334e-01,2.678585e-02,1.194119e-02,1.598314e-01,7.436078e-03,2.998321e-02,4.644093e-02,2.964701e-02,2.972355e-02,1.212666e-02,2.305075e-02,9.474745e-02,1.799593e-02,4.390709e-03,5.556577e-02
4.596238e-01,3.035928e-02,1.084824e-02,1.442795e-01,1.320427e-02,2.801396e-02,3.447030e-02,2.338457e-02,4.034431e-02,1.007742e-02,4.113850e-02,8.797775e-02,1.992308e-02,5.942185e-03,5.041290e-02
4.983161e-01,3.194867e-02,8.516898e-03,1.154676e-01,1.461280e-02,2.498529e-02,2.677550e-02,1.764037e-02,6.186912e-02,8.388879e-03,3.522041e-02,7.341025e-02,1.858873e-02,7.859385e-03,5.639998e-02
4.050131e-01,3.479473e-02,1.171378e-02,1.892245e-01,1.205131e-02,2.062392e-02,1.905631e-02,1.536961e-02,1.050807e-01,8.321386e-03,2.918396e-02,5.849186e-02,1.909918e-02,7.414366e-03,6.456135e-02
3.932784e-01,3.560270e-02,1.088189e-02,1.793751e-01,1.062886e-02,2.013450e-02,1.373204e-02,1.137272e-02,1.106623e-01,8.598143e-03,2.788168e-02,5.762199e-02,1.942379e-02,8.555418e-03,9.225053e-02
4.187291e-01,3.407752e-02,9.148497e-03,1.443279e-01,1.315716e-02,2.067712e-02,1.068904e-02,9.463917e-03,1.223142e-01,7.292248e-03,2.638371e-02,5.448774e-02,2.244458e-02,8.382229e-03,9.842491e-02
4.422910e-01,3.567355e-02,9.502192e-03,1.452254e-01,1.460176e-02,2.089715e-02,8.524198e-03,1.004550e-02,1.113509e-01,6.015352e-03,2.900916e-02,5.364827e-02,2.582061e-02,8.703586e-03,7.869128e-02
4.341449e-01,3.939919e-02,1.423956e-02,1.462252e-01,1.672640e-02,1.822560e-02,7.175262e-03,1.092168e-02,1.166843e-01,6.985011e-03,3.699474e-02,4.816891e-02,2.783460e-02,1.033364e-02,6.594091e-02
3.522757e-01,5.068202e-02,2.502487e-02,1.972334e-01,1.536920e-02,1.469763e-02,5.553653e-03,1.154460e-02,1.244712e-01,1.353370e-02,2.870579e-02,3.598485e-02,2.321333e-02,8.413486e-03,9.329641e-02
3.419712e-01,4.747825e-02,5.219524e-02,1.997892e-01,1.400032e-02,1.667651e-02,4.628982e-03,1.038028e-02,1.134406e-01,1.645388e-02,2.536968e-02,3.127387e-02,2.048644e-02,7.387477e-03,9.846810e-02
4.243558e-01,4.341192e-02,4.149782e-02,1.519511e-01,2.228531e-02,1.816001e-02,4.792018e-03,1.047885e-02,1.088235e-01,1.295637e-02,2.259413e-02,3.255665e-02,2.092695e-02,6.586271e-03,7.862331e-02
4.437558e-01,4.834761e-02,3.219854e-02,1.159994e-01,3.007095e-02,1.699825e-02,5.469078e-03,1.437273e-02,1.447217e-01,1.172565e-02,2.015550e-02,2.857881e-02,2.011093e-02,5.905109e-03,6.158995e-02
3.383487e-01,5.562248e-02,3.766084e-02,1.496873e-01,2.399083e-02,1.271217e-02,4.086571e-03,1.540913e-02,1.804098e-01,2.738733e-02,1.592482e-02,2.079137e-02,1.611250e-02,4.493563e-03,9.736250e-02
2.804230e-01,4.576021e-02,2.779859e-02,1.243191e-01,1.803159e-02,9.791373e-03,2.964643e-03,1.429111e-02,2.976598e-01,2.608421e-02,1.474429e-02,1.564987e-02,1.407312e-02,4.461471e-03,1.039475e-01
3.086822e-01,3.709377e-02,2.065993e-02,9.971751e-02,1.425692e-02,8.480122e-03,2.356549e-03,1.291753e-02,2.888727e-01,2.541577e-02,1.696689e-02,1.377044e-02,1.678611e-02,4.967558e-03,1.290559e-01
4.240516e-01,3.161595e-02,1.522873e-02,7.418819e-02,1.635528e-02,7.415181e-03,2.205294e-03,1.204829e-02,2.300199e-01,1.940690e-02,1.422005e-02,1.354769e-02,2.052765e-02,4.752557e-03,1.144168e-01
1.000000e+00,0.000000e+00,0.000000e+00,0.000000e+00,0.000000e+00,0.000000e+00,0.000000e+00,0.000000e+00,0.000000e+00,0.000000e+00,0.000000e+00,0.000000e+00,0.000000e+00,0.000000e+00,0.000000e+00
1.000000e+00,0.000000e+00,0.000000e+00,0.000000e+00,0.000000e+00,0.000000e+00,0.000000e+00,0.000000e+00,0.000000e+00,0.000000e+00,0.000000e+00,0.000000e+00,0.000000e+00,0.000000e+00,0.000000e+00
1.000000e+00,0.000000e+00,0.000000e+00,0.000000e+00,0.000000e+00,0.000000e+00,0.000000e+00,0.000000e+00,0.000000e+00,0.000000e+00,0.000000e+00,0.000000e+00,0.000000e+00,0.000000e+00,0.000000e+00
1.000000e+00,0.000000e+00,0.000000e+00,0.000000e+00,0.000000e+00,0.000000e+00,0.000000e+00,0.000000e+00,0.000000e+00,0.000000e+00,0.000000e+00,0.000000e+00,0.000000e+00,0.000000e+00,0.000000e+00
1.000000e+00,0.000000e+00,0.000000e+00,0.000000e+00,0.000000e+00,0.000000e+00,0.000000e+00,0.000000e+00,0.000000e+00,0.000000e+00,0.000000e+00,0.000000e+00,0.000000e+00,0.000000e+00,0.000000e+00
1.000000e+00,0.000000e+00,0.000000e+00,0.000000e+00,0.000000e+00,0.000000e+00,0.000000e+00,0.000000e+00,0.000000e+00,0.000000e+00,0.000000e+00,0.000000e+00,0.000000e+00,0.000000e+00,0.000000e+00
1.000000e+00,0.000000e+00,0.000000e+00,0.000000e+00,0.000000e+00,0.000000e+00,0.000000e+00,0.000000e+00,0.000000e+00,0.000000e+00,0.000000e+00,0.000000e+00,0.000000e+00,0.000000e+00,0.000000e+00
4.196882e-01,3.210966e-02,4.266994e-02,5.392854e-02,3.859739e-02,1.414820e-01,9.684185e-02,1.455687e-02,3.711634e-02,2.906976e-02,9.664932e-03,1.700887e-02,2.993365e-02,6.613270e-03,3.071869e-02
3.023371e-01,2.527933e-02,3.092477e-02,5.474896e-02,3.433795e-02,1.391463e-01,1.076071e-01,1.142980e-02,2.681596e-02,5.107366e-02,4.516249e-02,3.269584e-02,1.022541e-01,5.664336e-03,3.052222e-02
3.076247e-01,2.371558e-02,2.872485e-02,4.997066e-02,2.893127e-02,1.079764e-01,8.117117e-02,8.993166e-03,2.634158e-02,6.308883e-02,4.112366e-02,3.731609e-02,1.573802e-01,6.859401e-03,3.078241e-02
2.649914e-01,2.010480e-02,2.235558e-02,4.457365e-02,3.501755e-02,1.022655e-01,8.828698e-02,7.669601e-03,2.174323e-02,5.659897e-02,4.642303e-02,3.811778e-02,2.029576e-01,9.456370e-03,3.943782e-02
2.059471e-01,3.255892e-02,1.922986e-02,4.231326e-02,4.671451e-02,7.922195e-02,7.250752e-02,1.076788e-02,2.908409e-02,5.628181e-02,5.076258e-02,4.884638e-02,2.345370e-01,3.699849e-02,3.422857e-02
2.271229e-01,3.115145e-02,1.822223e-02,3.739022e-02,5.374651e-02,6.164087e-02,5.759670e-02,9.856177e-03,3.753489e-02,6.758091e-02,5.797409e-02,4.024903e-02,2.108274e-01,4.998700e-02,3.911960e-02
2.355486e-01,2.558370e-02,1.956282e-02,3.269966e-02,4.763202e-02,4.740362e-02,4.145131e-02,1.299846e-02,3.764079e-02,6.237224e-02,8.887880e-02,3.583504e-02,2.310446e-01,4.407407e-02,3.727421e-02
3.324428e-01,2.168066e-02,2.563656e-02,3.150272e-02,3.957289e-02,3.705317e-02,2.972575e-02,1.418064e-02,3.507435e-02,4.712140e-02,9.113161e-02,3.010893e-02,1.766374e-01,4.009673e-02,4.803440e-02
3.545681e-01,1.921328e-02,2.387020e-02,2.684394e-02,3.042844e-02,2.971039e-02,2.131059e-02,1.295697e-02,3.646370e-02,3.524397e-02,1.478073e-01,2.819966e-02,1.336164e-01,4.978343e-02,4.998362e-02
2.699205e-01,3.855209e-02,9.123091e-02,7.587325e-02,2.448621e-02,2.418710e-02,1.506864e-02,1.011021e-02,5.312265e-02,2.964771e-02,1.567484e-01,2.347790e-02,9.823354e-02,4.680528e-02,4.253560e-02
1.897241e-01,4.946885e-02,6.544637e-02,5.880236e-02,1.785011e-02,1.902589e-02,1.059229e-02,7.196325e-03,2.646123e-01,2.183169e-02,1.178148e-01,1.832309e-02,7.234656e-02,3.745249e-02,4.951272e-02
1.345503e-01,5.270159e-02,5.187346e-02,1.055508e-01,1.386683e-02,1.577572e-02,7.484175e-03,5.675395e-03,3.763763e-01,1.667562e-02,8.643124e-02,1.315576e-02,5.179270e-02,2.762604e-02,4.046419e-02
9.819091e-02,7.076342e-02,3.740888e-02,1.013910e-01,1.370982e-02,1.326846e-02,5.308113e-03,4.140703e-03,4.675379e-01,1.297334e-02,6.397203e-02,9.503963e-03,3.707926e-02,2.262761e-02,4.212458e-02
7.144128e-02,6.078411e-02,2.681260e-02,1.627465e-01,1.197094e-02,1.570063e-02,3.770913e-03,3.361468e-03,5.016644e-01,1.022660e-02,4.650747e-02,6.856315e-03,2.773230e-02,1.773541e-02,3.268917e-02
6.623131e-02,5.318031e-02,3.749942e-02,2.303621e-01,1.314519e-02,1.248594e-02,2.727287e-03,3.702719e-03,4.535398e-01,1.097568e-02,4.299571e-02,5.422520e-03,2.279633e-02,1.610969e-02,2.882609e-02
5.879725e-02,6.922945e-02,3.551648e-02,1.875565e-01,2.598824e-02,1.174462e-02,2.295361e-03,5.049578e-03,4.785632e-01,1.483159e-02,3.458438e-02,4.418714e-03,1.861455e-02,1.572507e-02,3.708507e-02
4.628562e-02,7.061176e-02,3.276831e-02,1.558087e-01,2.409513e-02,9.049872e-03,1.740548e-03,4.721300e-03,5.295954e-01,1.778594e-02,2.753958e-02,3.491392e-03,1.409766e-02,1.235871e-02,5.005018e-02
3.957629e-02,6.157169e-02,3.609471e-02,2.727170e-01,2.306276e-02,7.038408e-03,1.305571e-03,1.192990e-02,4.433610e-01,1.469826e-02,2.222377e-02,2.670787e-03,1.050884e-02,9.410905e-03,4.383000e-02
4.190587e-02,5.480979e-02,3.713385e-02,2.617581e-01,3.028540e-02,6.050517e-03,1.091221e-03,1.116679e-02,4.464552e-01,1.499320e-02,2.316149e-02,2.320699e-03,8.776444e-03,7.515804e-03,5.257568e-02
1.029559e-01,6.554185e-02,4.173421e-02,2.054392e-01,3.800251e-02,7.689826e-03,1.427334e-03,3.434414e-02,3.916671e-01,1.280084e-02,2.091408e-02,2.878155e-03,8.661270e-03,6.937650e-03,5.900589e-02
1.410635e-01,7.873479e-02,3.158735e-02,1.515180e-01,5.567760e-02,9.581501e-03,2.285567e-03,3.072461e-02,3.885811e-01,1.028058e-02,1.659171e-02,3.658351e-03,1.442127e-02,5.538081e-03,5.975594e-02
1.246038e-01,7.020402e-02,2.862139e-02,2.242302e-01,6.132326e-02,1.024708e-02,3.265537e-03,5.298868e-02,3.226566e-01,8.457425e-03,1.408239e-02,5.178971e-03,1.287681e-02,4.429399e-03,5.683433e-02
1.229187e-01,6.627936e-02,2.367348e-02,1.913314e-01,4.699176e-02,1.079984e-02,3.078654e-03,3.826365e-02,2.936378e-01,1.392913e-02,1.197428e-02,4.935033e-03,1.506793e-02,4.349682e-03,1.527693e-01
1.328427e-01,6.647442e-02,2.060146e-02,1.533991e-01,5.620243e-02,1.766965e-02,3.766606e-03,3.122723e-02,2.874433e-01,1.682744e-02,1.077675e-02,4.875137e-03,1.319819e-02,3.533729e-03,1.811618e-01
1.581379e-01,8.061291e-02,1.908028e-02,1.182861e-01,6.991839e-02,2.328258e-02,6.240628e-03,4.608704e-02,2.964101e-01,1.307959e-02,9.045011e-03,4.756792e-03,1.188706e-02,3.340596e-03,1.398350e-01
1.564001e-01,1.105990e-01,1.397157e-02,8.961581e-02,7.524118e-02,5.262746e-02,5.278067e-03,3.534719e-02,3.199239e-01,9.586726e-03,7.916327e-03,4.746068e-03,1.327413e-02,3.048675e-03,1.024238e-01
1.270616e-01,1.235943e-01,1.088566e-02,2.119633e-01,9.340592e-02,4.253456e-02,4.272824e-03,4.576626e-02,2.358414e-01,6.947877e-03,7.085411e-03,4.636921e-03,1.008611e-02,2.225145e-03,7.369269e-02
1.357978e-01,1.167229e-01,1.588620e-02,1.901637e-01,1.233631e-01,4.734012e-02,3.176993e-03,3.576918e-02,2.337379e-01,7.530966e-03,1.309053e-02,6.479280e-03,8.297331e-03,2.749846e-03,5.989424e-02
1.540194e-01,1.392636e-01,2.122024e-02,1.704604e-01,1.085548e-01,6.934135e-02,2.882998e-03,3.108076e-02,2.150009e-01,6.197583e-03,1.279509e-02,8.761214e-03,8.055706e-03,2.425244e-03,4.994073e-02
2.181655e-01,1.108968e-01,2.593651e-02,1.432929e-01,8.043772e-02,1.179682e-01,2.577240e-03,2.612002e-02,1.745405e-01,6.037466e-03,1.698102e-02,1.708960e-02,1.238762e-02,2.177828e-03,4.539111e-02
2.937340e-01,8.330102e-02,2.151332e-02,1.141847e-01,6.238582e-02,9.557157e-02,2.781306e-03,2.201558e-02,1.678999e-01,6.540721e-03,2.699369e-02,3.617484e-02,2.847209e-02,1.826981e-03,3.660429e-02
2.678664e-01,6.141876e-02,1.951466e-02,9.486087e-02,4.761362e-02,8.110810e-02,3.515489e-03,1.754383e-02,1.474110e-01,6.921652e-03,3.414769e-02,1.024062e-01,8.242135e-02,1.472795e-03,3.177748e-02
1.919996e-01,4.325107e-02,1.387709e-02,6.823124e-02,3.372682e-02,6.403221e-02,2.656265e-03,1.237992e-02,1.098622e-01,4.944687e-03,2.765682e-02,3.008682e-01,1.024554e-01,1.135028e-03,2.292342e-02
1.812630e-01,3.148954e-02,1.079533e-02,5.359413e-02,2.625301e-02,5.427745e-02,2.366633e-03,1.009350e-02,1.323681e-01,4.248217e-03,3.377811e-02,2.965901e-01,1.445981e-01,9.299993e-04,1.735480e-02
1.719763e-01,2.331659e-02,8.606505e-03,3.905378e-02,2.043550e-02,4.191793e-02,2.748565e-03,1.135797e-02,1.030061e-01,3.418657e-03,2.581062e-02,4.033695e-01,1.308832e-01,1.218742e-03,1.287999e-02
2.161940e-01,2.303366e-02,7.218703e-03,3.043116e-02,1.781024e-02,4.051634e-02,4.002021e-03,1.429722e-02,8.860823e-02,4.311902e-03,1.985892e-02,3.813950e-01,1.399696e-01,1.768278e-03,1.058484e-02
2.303556e-01,2.269322e-02,6.010456e-03,2.429936e-02,1.688188e-02,3.742325e-02,5.045826e-03,1.441784e-02,7.505881e-02,5.252297e-03,1.572522e-02,3.888694e-01,1.466258e-01,2.341943e-03,8.999256e-03
2.312615e-01,1.910596e-02,4.691937e-03,2.135073e-02,1.976687e-02,3.360488e-02,7.644790e-03,1.870619e-02,6.114676e-02,6.263781e-03,1.254528e-02,3.608996e-01,1.933040e-01,2.221740e-03,7.486109e-03
2.309993e-01,1.892030e-02,3.801480e-03,1.798948e-02,2.110540e-02,3.356466e-02,9.370927e-03,2.032692e-02,5.084616e-02,6.764675e-03,1.010606e-02,3.600907e-01,2.071951e-01,2.269915e-03,6.649019e-03
2.259851e-01,2.081082e-02,2.952056e-03,1.778764e-02,2.494782e-02,3.570459e-02,9.240284e-03,1.732501e-02,4.743341e-02,7.942892e-03,9.136131e-03,2.931795e-01,2.793633e-01,2.101175e-03,6.090296e-03
2.911279e-01,1.779940e-02,2.634827e-03,1.870383e-02,2.369054e-02,3.185407e-02,8.635745e-03,1.519707e-02,3.778562e-02,6.382834e-03,7.721802e-03,2.198775e-01,3.105720e-01,1.812022e-03,6.204863e-03
4.151660e-01,1.567032e-02,2.557397e-03,1.911752e-02,2.229432e-02,2.856258e-02,7.802831e-03,1.356104e-02,2.997574e-02,5.006465e-03,6.674420e-03,1.601525e-01,2.653451e-01,1.577714e-03,6.535997e-03
1.000000e+00,0.000000e+00,0.000000e+00,0.000000e+00,0.000000e+00,0.000000e+00,0.000000e+00,0.000000e+00,0.000000e+00,0.000000e+00,0.000000e+00,0.000000e+00,0.000000e+00,0.000000e+00,0.000000e+00
1.000000e+00,0.000000e+00,0.000000e+00,0.000000e+00,0.000000e+00,0.000000e+00,0.000000e+00,0.000000e+00,0.000000e+00,0.000000e+00,0.000000e+00,0.000000e+00,0.000000e+00,0.000000e+00,0.000000e+00
1.000000e+00,0.000000e+00,0.000000e+00,0.000000e+00,0.000000e+00,0.000000e+00,0.000000e+00,0.000000e+00,0.000000e+00,0.000000e+00,0.000000e+00,0.000000e+00,0.000000e+00,0.000000e+00,0.000000e+00
1.000000e+00,0.000000e+00,0.000000e+00,0.000000e+00,0.000000e+00,0.000000e+00,0.000000e+00,0.000000e+00,0.000000e+00,0.000000e+00,0.000000e+00,0.000000e+00,0.000000e+00,0.000000e+00,0.000000e+00
1.000000e+00,0.000000e+00,0.000000e+00,0.000000e+00,0.000000e+00,0.000000e+00,0.000000e+00,0.000000e+00,0.000000e+00,0.000000e+00,0.000000e+00,0.000000e+00,0.000000e+00,0.000000e+00,0.000000e+00
1.000000e+00,0.000000e+00,0.000000e+00,0.000000e+00,0.000000e+00,0.000000e+00,0.000000e+00,0.000000e+00,0.000000e+00,0.000000e+00,0.000000e+00,0.000000e+00,0.000000e+00,0.000000e+00,0.000000e+00
1.000000e+00,0.000000e+00,0.000000e+00,0.000000e+00,0.000000e+00,0.000000e+00,0.000000e+00,0.000000e+00,0.000000e+00,0.000000e+00,0.000000e+00,0.000000e+00,0.000000e+00,0.000000e+00,0.000000e+00
1.000000e+00,0.000000e+00,0.000000e+00,0.000000e+00,0.000000e+00,0.000000e+00,0.000000e+00,0.000000e+00,0.000000e+00,0.000000e+00,0.000000e+00,0.000000e+00,0.000000e+00,0.000000e+00,0.000000e+00
1.000000e+00,0.000000e+00,0.000000e+00,0.000000e+00,0.000000e+00,0.000000e+00,0.000000e+00,0.000000e+00,0.000000e+00,0.000000e+00,0.000000e+00,0.000000e+00,0.000000e+00,0.000000e+00,0.000000e+00
1.000000e+00,0.000000e+00,0.000000e+00,0.000000e+00,0.000000e+00,0.000000e+00,0.000000e+00,0.000000e+00,0.000000e+00,0.000000e+00,0.000000e+00,0.000000e+00,0.000000e+00,0.000000e+00,0.000000e+00
1.000000e+00,0.000000e+00,0.000000e+00,0.000000e+00,0.000000e+00,0.000000e+00,0.000000e+00,0.000000e+00,0.000000e+00,0.000000e+00,0.000000e+00,0.000000e+00,0.000000e+00,0.000000e+00,0.000000e+00
1.000000e+00,0.000000e+00,0.000000e+00,0.000000e+00,0.000000e+00,0.000000e+00,0.000000e+00,0.000000e+00,0.000000e+00,0.000000e+00,0.000000e+00,0.000000e+00,0.000000e+00,0.000000e+00,0.000000e+00
1.000000e+00,0.000000e+00,0.000000e+00,0.000000e+00,0.000000e+00,0.000000e+00,0.000000e+00,0.000000e+00,0.000000e+00,0.000000e+00,0.000000e+00,0.000000e+00,0.000000e+00,0.000000e+00,0.000000e+00
1.000000e+00,0.000000e+00,0.000000e+00,0.000000e+00,0.000000e+00,0.000000e+00,0.000000e+00,0.000000e+00,0.000000e+00,0.000000e+00,0.000000e+00,0.000000e+00,0.000000e+00,0.000000e+00,0.000000e+00
1.000000e+00,0.000000e+00,0.000000e+00,0.000000e+00,0.000000e+00,0.000000e+00,0.000000e+00,0.000000e+00,0.000000e+00,0.000000e+00,0.000000e+00,0.000000e+00,0.000000e+00,0.000000e+00,0.000000e+00
1.000000e+00,0.000000e+00,0.000000e+00,0.000000e+00,0.000000e+00,0.000000e+00,0.000000e+00,0.000000e+00,0.000000e+00,0.000000e+00,0.000000e+00,0.000000e+00,0.000000e+00,0.000000e+00,0.000000e+00
1.000000e+00,0.000000e+00,0.000000e+00,0.000000e+00,0.000000e+00,0.000000e+00,0.000000e+00,0.000000e+00,0.000000e+00,0.000000e+00,0.000000e+00,0.000000e+00,0.000000e+00,0.000000e+00,0.000000e+00
1.000000e+00,0.000000e+00,0.000000e+00,0.000000e+00,0.000000e+00,0.000000e+00,0.000000e+00,0.000000e+00,0.000000e+00,0.000000e+00,0.000000e+00,0.000000e+00,0.000000e+00,0.000000e+00,0.000000e+00
1.000000e+00,0.000000e+00,0.000000e+00,0.000000e+00,0.000000e+00,0.000000e+00,0.000000e+00,0.000000e+00,0.000000e+00,0.000000e+00,0.000000e+00,0.000000e+00,0.000000e+00,0.000000e+00,0.000000e+00
1.000000e+00,0.000000e+00,0.000000e+00,0.000000e+00,0.000000e+00,0.000000e+00,0.000000e+00,0.000000e+00,0.000000e+00,0.000000e+00,0.000000e+00,0.000000e+00,0.000000e+00,0.000000e+00,0.000000e+00
1.000000e+00,0.000000e+00,0.000000e+00,0.000000e+00,0.000000e+00,0.000000e+00,0.000000e+00,0.000000e+00,0.000000e+00,0.000000e+00,0.000000e+00,0.000000e+00,0.000000e+00,0.000000e+00,0.000000e+00
1.000000e+00,0.000000e+00,0.000000e+00,0.000000e+00,0.000000e+00,0.000000e+00,0.000000e+00,0.000000e+00,0.000000e+00,0.000000e+00,0.000000e+00,0.000000e+00,0.000000e+00,0.000000e+00,0.000000e+00
4.591990e-01,3.426411e-02,9.227557e-02,1.378753e-01,9.896191e-03,2.478641e-02,2.891715e-03,7.150598e-03,1.155823e-02,9.676616e-03,9.980432e-02,6.219403e-02,1.722327e-02,5.542425e-03,2.566221e-02
1.000000e+00,0.000000e+00,0.000000e+00,0.000000e+00,0.000000e+00,0.000000e+00,0.000000e+00,0.000000e+00,0.000000e+00,0.000000e+00,0.000000e+00,0.000000e+00,0.000000e+00,0.000000e+00,0.000000e+00
4.582847e-01,2.042341e-02,5.646358e-02,1.394959e-01,6.983486e-03,2.589808e-02,2.515214e-03,7.296077e-03,1.371688e-02,8.234322e-03,1.405604e-01,8.091156e-02,1.442983e-02,7.631752e-03,1.715480e-02
4.685408e-01,1.717776e-02,4.233288e-02,1.530388e-01,1.066916e-02,2.638464e-02,2.346768e-03,9.263694e-03,1.264154e-02,6.880368e-03,1.428672e-01,7.188334e-02,1.110551e-02,8.188311e-03,1.667910e-02
1.000000e+00,0.000000e+00,0.000000e+00,0.000000e+00,0.000000e+00,0.000000e+00,0.000000e+00,0.000000e+00,0.000000e+00,0.000000e+00,0.000000e+00,0.000000e+00,0.000000e+00,0.000000e+00,0.000000e+00
1.000000e+00,0.000000e+00,0.000000e+00,0.000000e+00,0.000000e+00,0.000000e+00,0.000000e+00,0.000000e+00,0.000000e+00,0.000000e+00,0.000000e+00,0.000000e+00,0.000000e+00,0.000000e+00,0.000000e+00
1.000000e+00,0.000000e+00,0.000000e+00,0.000000e+00,0.000000e+00,0.000000e+00,0.000000e+00,0.000000e+00,0.000000e+00,0.000000e+00,0.000000e+00,0.000000e+00,0.000000e+00,0.000000e+00,0.000000e+00
1.000000e+00,0.000000e+00,0.000000e+00,0.000000e+00,0.000000e+00,0.000000e+00,0.000000e+00,0.000000e+00,0.000000e+00,0.000000e+00,0.000000e+00,0.000000e+00,0.000000e+00,0.000000e+00,0.000000e+00
4.831910e-01,1.188041e-02,3.174649e-02,1.059276e-01,4.771562e-02,3.264032e-02,3.756558e-03,1.055680e-01,9.101339e-03,3.654063e-03,8.085948e-02,6.749022e-02,4.769288e-03,4.489352e-03,7.210256e-03
4.604172e-01,1.102362e-02,2.516481e-02,1.386474e-01,5.331612e-02,2.760165e-02,3.353910e-03,8.632666e-02,1.280496e-02,2.961808e-03,7.836269e-02,8.430825e-02,4.982678e-03,4.164328e-03,6.563960e-03
4.317383e-01,1.534308e-02,2.045240e-02,1.285442e-01,4.565242e-02,2.863522e-02,3.039639e-03,8.066116e-02,2.239402e-02,2.790129e-03,8.122439e-02,1.203576e-01,6.125748e-03,5.790831e-03,7.250899e-03
4.338411e-01,1.630535e-02,1.663237e-02,9.553805e-02,3.701431e-02,2.817151e-02,2.583299e-03,7.319151e-02,2.628213e-02,2.996413e-03,7.916448e-02,1.662926e-01,6.771507e-03,8.328517e-03,6.886764e-03
3.663780e-01,2.299122e-02,2.104377e-02,7.727642e-02,3.413643e-02,2.084482e-02,2.028452e-03,1.141413e-01,3.359664e-02,2.737901e-03,1.050947e-01,1.761038e-01,6.665276e-03,1.152920e-02,5.431958e-03
3.127126e-01,2.499863e-02,2.395242e-02,6.742086e-02,3.524239e-02,1.550738e-02,1.785697e-03,1.602332e-01,4.565457e-02,2.480097e-03,9.978710e-02,1.877376e-01,6.750194e-03,1.120589e-02,4.531330e-03
3.201189e-01,3.002113e-02,2.241593e-02,6.058330e-02,3.947005e-02,1.303458e-02,1.650900e-03,1.659986e-01,6.760074e-02,2.280124e-03,8.499802e-02,1.704433e-01,6.317962e-03,1.031606e-02,4.750471e-03
2.580345e-01,6.174970e-02,2.021034e-02,5.717283e-02,5.226158e-02,1.078665e-02,1.543783e-03,1.622879e-01,1.431413e-01,2.796142e-03,7.866992e-02,1.319707e-01,5.579954e-03,8.683208e-03,5.111524e-03
2.223968e-01,5.322819e-02,2.304686e-02,7.515083e-02,8.885365e-02,8.690963e-03,1.940960e-03,1.769067e-01,1.573146e-01,4.570474e-03,6.853652e-02,1.024738e-01,5.257114e-03,7.279404e-03,4.353167e-03
1.880200e-01,5.384404e-02,4.407296e-02,9.930080e-02,1.188627e-01,9.041959e-03,2.540870e-03,1.708154e-01,1.589196e-01,4.515975e-03,5.398714e-02,8.132371e-02,5.047197e-03,5.662798e-03,4.044927e-03
2.408082e-01,6.183560e-02,3.750942e-02,9.293082e-02,1.521366e-01,8.292043e-03,2.063477e-03,1.315872e-01,1.449204e-01,5.546498e-03,4.468952e-02,6.056993e-02,5.202312e-03,7.366196e-03,4.541812e-03
2.729560e-01,6.911959e-02,3.314187e-02,7.793339e-02,1.520370e-01,8.768818e-03,1.915304e-03,1.143090e-01,1.538195e-01,5.756867e-03,3.861231e-02,4.996105e-02,5.864379e-03,1.056742e-02,5.237511e-03
3.216287e-01,5.864013e-02,3.281619e-02,7.355876e-02,1.461967e-01,1.052235e-02,2.369032e-03,1.033395e-01,1.329308e-01,5.058078e-03,3.393472e-02,5.283073e-02,1.052405e-02,9.640794e-03,6.009519e-03
4.328520e-01,5.470660e-02,3.045813e-02,5.776675e-02,1.148706e-01,1.186875e-02,2.748550e-03,8.149722e-02,1.071409e-01,4.325566e-03,2.862264e-02,4.508939e-02,1.037670e-02,1.035523e-02,7.320994e-03
1.000000e+00,0.000000e+00,0.000000e+00,0.000000e+00,0.000000e+00,0.000000e+00,0.000000e+00,0.000000e+00,0.000000e+00,0.000000e+00,0.000000e+00,0.000000e+00,0.000000e+00,0.000000e+00,0.000000e+00
1.000000e+00,0.000000e+00,0.000000e+00,0.000000e+00,0.000000e+00,0.000000e+00,0.000000e+00,0.000000e+00,0.000000e+00,0.000000e+00,0.000000e+00,0.000000e+00,0.000000e+00,0.000000e+00,0.000000e+00
1.000000e+00,0.000000e+00,0.000000e+00,0.000000e+00,0.000000e+00,0.000000e+00,0.000000e+00,0.000000e+00,0.000000e+00,0.000000e+00,0.000000e+00,0.000000e+00,0.000000e+00,0.000000e+00,0.000000e+00
1.000000e+00,0.000000e+00,0.000000e+00,0.000000e+00,0.000000e+00,0.000000e+00,0.000000e+00,0.000000e+00,0.000000e+00,0.000000e+00,0.000000e+00,0.000000e+00,0.000000e+00,0.000000e+00,0.000000e+00
1.000000e+00,0.000000e+00,0.000000e+00,0.000000e+00,0.000000e+00,0.000000e+00,0.000000e+00,0.000000e+00,0.000000e+00,0.000000e+00,0.000000e+00,0.000000e+00,0.000000e+00,0.000000e+00,0.000000e+00
1.000000e+00,0.000000e+00,0.000000e+00,0.000000e+00,0.000000e+00,0.000000e+00,0.000000e+00,0.000000e+00,0.000000e+00,0.000000e+00,0.000000e+00,0.000000e+00,0.000000e+00,0.000000e+00,0.000000e+00
1.000000e+00,0.000000e+00,0.000000e+00,0.000000e+00,0.000000e+00,0.000000e+00,0.000000e+00,0.000000e+00,0.000000e+00,0.000000e+00,0.000000e+00,0.000000e+00,0.000000e+00,0.000000e+00,0.000000e+00
1.000000e+00,0.000000e+00,0.000000e+00,0.000000e+00,0.000000e+00,0.000000e+00,0.000000e+00,0.000000e+00,0.000000e+00,0.000000e+00,0.000000e+00,0.000000e+00,0.000000e+00,0.000000e+00,0.000000e+00
1.000000e+00,0.000000e+00,0.000000e+00,0.000000e+00,0.000000e+00,0.000000e+00,0.000000e+00,0.000000e+00,0.000000e+00,0.000000e+00,0.000000e+00,0.000000e+00,0.000000e+00,0.000000e+00,0.000000e+00
4.571385e-01,5.863757e-02,8.182179e-03,1.582088e-01,1.494715e-02,1.321874e-02,2.793392e-03,6.340094e-03,1.955117e-01,7.272113e-03,1.053487e-02,2.111583e-02,1.483198e-02,3.531320e-03,2.773577e-02
4.620957e-01,5.863575e-02,6.521580e-03,1.329150e-01,1.537219e-02,1.447471e-02,3.005557e-03,4.883954e-03,2.265672e-01,6.109140e-03,9.384112e-03,1.860104e-02,1.368556e-02,2.790227e-03,2.495823e-02
3.255493e-01,4.954920e-02,7.474569e-03,3.455684e-01,1.216346e-02,1.052029e-02,2.158039e-03,3.891107e-03,1.847877e-01,5.261549e-03,8.324428e-03,1.324835e-02,1.049991e-02,2.027586e-03,1.897617e-02
2.855151e-01,4.783137e-02,6.935705e-03,3.145239e-01,1.481237e-02,1.170172e-02,2.261989e-03,3.248140e-03,2.111677e-01,5.799638e-03,9.976096e-03,1.049849e-02,1.184980e-02,1.989556e-03,6.188840e-02
2.398638e-01,5.640910e-02,1.873228e-02,3.215522e-01,1.508094e-02,1.062905e-02,2.225116e-03,3.733880e-03,2.113833e-01,9.027468e-03,9.782686e-03,1.075901e-02,1.450523e-02,2.010440e-03,7.430544e-02
2.942515e-01,5.203059e-02,1.513656e-02,2.803468e-01,1.439000e-02,1.432011e-02,2.268370e-03,4.343726e-03,1.831732e-01,7.985089e-03,9.769152e-03,1.355744e-02,1.852607e-02,2.501008e-03,8.740041e-02
3.298562e-01,4.991957e-02,1.201676e-02,2.310118e-01,1.990284e-02,1.694414e-02,3.825351e-03,5.283358e-03,1.738577e-01,8.050859e-03,1.117909e-02,2.010694e-02,2.285430e-02,2.848689e-03,9.234244e-02
3.538384e-01,5.590327e-02,1.170058e-02,1.962663e-01,1.706192e-02,1.979067e-02,4.331263e-03,8.998911e-03,1.727621e-01,6.597253e-03,1.427740e-02,1.956406e-02,2.062711e-02,3.795642e-03,9.448518e-02
3.833895e-01,5.437490e-02,1.188500e-02,1.965485e-01,1.747354e-02,1.920047e-02,4.975093e-03,7.816493e-03,1.459308e-01,6.929967e-03,1.366593e-02,1.833694e-02,2.065360e-02,3.756880e-03,9.506238e-02
4.412609e-01,5.930219e-02,1.065242e-02,1.650379e-01,1.715573e-02,1.791515e-02,4.664900e-03,6.815373e-03,1.161295e-01,7.693715e-03,1.339933e-02,1.824765e-02,2.007817e-02,3.494287e-03,9.815294e-02
3.454142e-01,6.479256e-02,4.309209e-02,2.610428e-01,1.347659e-02,1.385082e-02,3.519166e-03,5.716147e-03,9.188981e-02,8.946316e-03,1.115417e-02,1.453933e-02,1.624071e-02,2.834318e-03,1.034909e-01
3.775559e-01,6.497020e-02,3.321085e-02,2.065846e-01,1.306426e-02,1.351171e-02,3.078167e-03,5.546728e-03,8.268970e-02,9.022526e-03,9.952514e-03,1.206133e-02,1.478189e-02,3.648450e-03,1.503212e-01
2.936321e-01,7.639859e-02,3.760440e-02,3.314536e-01,1.298356e-02,1.192979e-02,2.742608e-03,5.300019e-03,6.606640e-02,7.003507e-03,8.345931e-03,9.530706e-03,1.194934e-02,3.151344e-03,1.219081e-01
3.793504e-01,7.494079e-02,2.857574e-02,2.689570e-01,2.005632e-02,1.622285e-02,5.129383e-03,7.359554e-03,5.992680e-02,5.639576e-03,8.237316e-03,9.782383e-03,1.396018e-02,3.171321e-03,9.869034e-02
4.568280e-01,7.094854e-02,2.184791e-02,2.146369e-01,2.229396e-02,1.736482e-02,8.538400e-03,9.832462e-03,4.753012e-02,4.668835e-03,8.290035e-03,1.622422e-02,1.814603e-02,4.030650e-03,7.881914e-02
4.087038e-01,7.310723e-02,4.222923e-02,1.896781e-01,4.089568e-02,7.916367e-02,1.008908e-02,9.844054e-03,4.004491e-02,4.956423e-03,7.556939e-03,1.586274e-02,1.491111e-02,3.173090e-03,5.978399e-02
3.621749e-01,5.836475e-02,7.037959e-02,2.170262e-01,5.379967e-02,8.752903e-02,9.692327e-03,1.870690e-02,2.990175e-02,5.548367e-03,8.000844e-03,1.698338e-02,1.388995e-02,2.568791e-03,4.543363e-02
3.228143e-01,4.816341e-02,7.806687e-02,1.825058e-01,8.083677e-02,1.167740e-01,1.304781e-02,4.294537e-02,2.894025e-02,1.274605e-02,1.083488e-02,1.315341e-02,1.215850e-02,2.168838e-03,3.484377e-02
3.725294e-01,4.022010e-02,7.910431e-02,1.520656e-01,8.023434e-02,9.576126e-02,1.340360e-02,4.803124e-02,2.699070e-02,1.812317e-02,1.197571e-02,1.172155e-02,1.296065e-02,2.139066e-03,3.473929e-02
3.497799e-01,4.625827e-02,8.817020e-02,1.917212e-01,7.348406e-02,7.471091e-02,1.488411e-02,3.856726e-02,2.478924e-02,2.187687e-02,1.161239e-02,1.611575e-02,1.276659e-02,1.887465e-03,3.337579e-02
4.063457e-01,3.694402e-02,7.236538e-02,1.476005e-01,1.016479e-01,5.712559e-02,1.204433e-02,4.009788e-02,2.601020e-02,2.616478e-02,1.239768e-02,1.489540e-02,1.268470e-02,2.376690e-03,3.129914e-02
4.600729e-01,3.368632e-02,5.821174e-02,1.125548e-01,1.038239e-01,4.653222e-02,9.887694e-03,3.985427e-02,2.550305e-02,2.933801e-02,1.273572e-02,1.554797e-02,1.473502e-02,3.676495e-03,3.383992e-02
1.000000e+00,0.000000e+00,0.000000e+00,0.000000e+00,0.000000e+00,0.000000e+00,0.000000e+00,0.000000e+00,0.000000e+00,0.000000e+00,0.000000e+00,0.000000e+00,0.000000e+00,0.000000e+00,0.000000e+00
1.000000e+00,0.000000e+00,0.000000e+00,0.000000e+00,0.000000e+00,0.000000e+00,0.000000e+00,0.000000e+00,0.000000e+00,0.000000e+00,0.000000e+00,0.000000e+00,0.000000e+00,0.000000e+00,0.000000e+00
1.000000e+00,0.000000e+00,0.000000e+00,0.000000e+00,0.000000e+00,0.000000e+00,0.000000e+00,0.000000e+00,0.000000e+00,0.000000e+00,0.000000e+00,0.000000e+00,0.000000e+00,0.000000e+00,0.000000e+00
1.000000e+00,0.000000e+00,0.000000e+00,0.000000e+00,0.000000e+00,0.000000e+00,0.000000e+00,0.000000e+00,0.000000e+00,0.000000e+00,0.000000e+00,0.000000e+00,0.000000e+00,0.000000e+00,0.000000e+00
1.000000e+00,0.000000e+00,0.000000e+00,0.000000e+00,0.000000e+00,0.000000e+00,0.000000e+00,0.000000e+00,0.000000e+00,0.000000e+00,0.000000e+00,0.000000e+00,0.000000e+00,0.000000e+00,0.000000e+00
1.000000e+00,0.000000e+00,0.000000e+00,0.000000e+00,0.000000e+00,0.000000e+00,0.000000e+00,0.000000e+00,0.000000e+00,0.000000e+00,0.000000e+00,0.000000e+00,0.000000e+00,0.000000e+00,0.000000e+00
1.000000e+00,0.000000e+00,0.000000e+00,0.000000e+00,0.000000e+00,0.000000e+00,0.000000e+00,0.000000e+00,0.000000e+00,0.000000e+00,0.000000e+00,0.000000e+00,0.000000e+00,0.000000e+00,0.000000e+00
1.000000e+00,0.000000e+00,0.000000e+00,0.000000e+00,0.000000e+00,0.000000e+00,0.000000e+00,0.000000e+00,0.000000e+00,0.000000e+00,0.000000e+00,0.000000e+00,0.000000e+00,0.000000e+00,0.000000e+00
1.000000e+00,0.000000e+00,0.000000e+00,0.000000e+00,0.000000e+00,0.000000e+00,0.000000e+00,0.000000e+00,0.000000e+00,0.000000e+00,0.000000e+00,0.000000e+00,0.000000e+00,0.000000e+00,0.000000e+00
1.000000e+00,0.000000e+00,0.000000e+00,0.000000e+00,0.000000e+00,0.000000e+00,0.000000e+00,0.000000e+00,0.000000e+00,0.000000e+00,0.000000e+00,0.000000e+00,0.000000e+00,0.000000e+00,0.000000e+00
1.000000e+00,0.000000e+00,0.000000e+00,0.000000e+00,0.000000e+00,0.000000e+00,0.000000e+00,0.000000e+00,0.000000e+00,0.000000e+00,0.000000e+00,0.000000e+00,0.000000e+00,0.000000e+00,0.000000e+00
1.000000e+00,0.000000e+00,0.000000e+00,0.000000e+00,0.000000e+00,0.000000e+00,0.000000e+00,0.000000e+00,0.000000e+00,0.000000e+00,0.000000e+00,0.000000e+00,0.000000e+00,0.000000e+00,0.000000e+00
1.000000e+00,0.000000e+00,0.000000e+00,0.000000e+00,0.000000e+00,0.000000e+00,0.000000e+00,0.000000e+00,0.000000e+00,0.000000e+00,0.000000e+00,0.000000e+00,0.000000e+00,0.000000e+00,0.000000e+00
1.000000e+00,0.000000e+00,0.000000e+00,0.000000e+00,0.000000e+00,0.000000e+00,0.000000e+00,0.000000e+00,0.000000e+00,0.000000e+00,0.000000e+00,0.000000e+00,0.000000e+00,0.000000e+00,0.000000e+00
1.000000e+00,0.000000e+00,0.000000e+00,0.000000e+00,0.000000e+00,0.000000e+00,0.000000e+00,0.000000e+00,0.000000e+00,0.000000e+00,0.000000e+00,0.000000e+00,0.000000e+00,0.000000e+00,0.000000e+00
1.000000e+00,0.000000e+00,0.000000e+00,0.000000e+00,0.000000e+00,0.000000e+00,0.000000e+00,0.000000e+00,0.000000e+00,0.000000e+00,0.000000e+00,0.000000e+00,0.000000e+00,0.000000e+00,0.000000e+00
1.000000e+00,0.000000e+00,0.000000e+00,0.000000e+00,0.000000e+00,0.000000e+00,0.000000e+00,0.000000e+00,0.000000e+00,0.000000e+00,0.000000e+00,0.000000e+00,0.000000e+00,0.000000e+00,0.000000e+00
1.000000e+00,0.000000e+00,0.000000e+00,0.000000e+00,0.000000e+00,0.000000e+00,0.000000e+00,0.000000e+00,0.000000e+00,0.000000e+00,0.000000e+00,0.000000e+00,0.000000e+00,0.000000e+00,0.000000e+00
1.000000e+00,0.000000e+00,0.000000e+00,0.000000e+00,0.000000e+00,0.000000e+00,0.000000e+00,0.000000e+00,0.000000e+00,0.000000e+00,0.000000e+00,0.000000e+00,0.000000e+00,0.000000e+00,0.000000e+00
1.000000e+00,0.000000e+00,0.000000e+00,0.000000e+00,0.000000e+00,0.000000e+00,0.000000e+00,0.000000e+00,0.000000e+00,0.000000e+00,0.000000e+00,0.000000e+00,0.000000e+00,0.000000e+00,0.000000e+00
1.000000e+00,0.000000e+00,0.000000e+00,0.000000e+00,0.000000e+00,0.000000e+00,0.000000e+00,0.000000e+00,0.000000e+00,0.000000e+00,0.000000e+00,0.000000e+00,0.000000e+00,0.000000e+00,0.000000e+00
1.000000e+00,0.000000e+00,0.000000e+00,0.000000e+00,0.000000e+00,0.000000e+00,0.000000e+00,0.000000e+00,0.000000e+00,0.000000e+00,0.000000e+00,0.000000e+00,0.000000e+00,0.000000e+00,0.000000e+00
1.000000e+00,0.000000e+00,0.000000e+00,0.000000e+00,0.000000e+00,0.000000e+00,0.000000e+00,0.000000e+00,0.000000e+00,0.000000e+00,0.000000e+00,0.000000e+00,0.000000e+00,0.000000e+00,0.000000e+00
1.000000e+00,0.000000e+00,0.000000e+00,0.000000e+00,0.000000e+00,0.000000e+00,0.000000e+00,0.000000e+00,0.000000e+00,0.000000e+00,0.000000e+00,0.000000e+00,0.000000e+00,0.000000e+00,0.000000e+00
1.000000e+00,0.000000e+00,0.000000e+00,0.000000e+00,0.000000e+00,0.000000e+00,0.000000e+00,0.000000e+00,0.000000e+00,0.000000e+00,0.000000e+00,0.000000e+00,0.000000e+00,0.000000e+00,0.000000e+00
1.000000e+00,0.000000e+00,0.000000e+00,0.000000e+00,0.000000e+00,0.000000e+00,0.000000e+00,0.000000e+00,0.000000e+00,0.000000e+00,0.000000e+00,0.000000e+00,0.000000e+00,0.000000e+00,0.000000e+00
1.000000e+00,0.000000e+00,0.000000e+00,0.000000e+00,0.000000e+00,0.000000e+00,0.000000e+00,0.000000e+00,0.000000e+00,0.000000e+00,0.000000e+00,0.000000e+00,0.000000e+00,0.000000e+00,0.000000e+00
1.000000e+00,0.000000e+00,0.000000e+00,0.000000e+00,0.000000e+00,0.000000e+00,0.000000e+00,0.000000e+00,0.000000e+00,0.000000e+00,0.000000e+00,0.000000e+00,0.000000e+00,0.000000e+00,0.000000e+00
1.000000e+00,0.000000e+00,0.000000e+00,0.000000e+00,0.000000e+00,0.000000e+00,0.000000e+00,0.000000e+00,0.000000e+00,0.000000e+00,0.000000e+00,0.000000e+00,0.000000e+00,0.000000e+00,0.000000e+00
1.000000e+00,0.000000e+00,0.000000e+00,0.000000e+00,0.000000e+00,0.000000e+00,0.000000e+00,0.000000e+00,0.000000e+00,0.000000e+00,0.000000e+00,0.000000e+00,0.000000e+00,0.000000e+00,0.000000e+00
1.000000e+00,0.000000e+00,0.000000e+00,0.000000e+00,0.000000e+00,0.000000e+00,0.000000e+00,0.000000e+00,0.000000e+00,0.000000e+00,0.000000e+00,0.000000e+00,0.000000e+00,0.000000e+00,0.000000e+00
1.000000e+00,0.000000e+00,0.000000e+00,0.000000e+00,0.000000e+00,0.000000e+00,0.000000e+00,0.000000e+00,0.000000e+00,0.000000e+00,0.000000e+00,0.000000e+00,0.000000e+00,0.000000e+00,0.000000e+00
1.000000e+00,0.000000e+00,0.000000e+00,0.000000e+00,0.000000e+00,0.000000e+00,0.000000e+00,0.000000e+00,0.000000e+00,0.000000e+00,0.000000e+00,0.000000e+00,0.000000e+00,0.000000e+00,0.000000e+00
1.000000e+00,0.000000e+00,0.000000e+00,0.000000e+00,0.000000e+00,0.000000e+00,0.000000e+00,0.000000e+00,0.000000e+00,0.000000e+00,0.000000e+00,0.000000e+00,0.000000e+00,0.000000e+00,0.000000e+00
1.000000e+00,0.000000e+00,0.000000e+00,0.000000e+00,0.000000e+00,0.000000e+00,0.000000e+00,0.000000e+00,0.000000e+00,0.000000e+00,0.000000e+00,0.000000e+00,0.000000e+00,0.000000e+00,0.000000e+00
1.000000e+00,0.000000e+00,0.000000e+00,0.000000e+00,0.000000e+00,0.000000e+00,0.000000e+00,0.000000e+00,0.000000e+00,0.000000e+00,0.000000e+00,0.000000e+00,0.000000e+00,0.000000e+00,0.000000e+00
1.000000e+00,0.000000e+00,0.000000e+00,0.000000e+00,0.000000e+00,0.000000e+00,0.000000e+00,0.000000e+00,0.000000e+00,0.000000e+00,0.000000e+00,0.000000e+00,0.000000e+00,0.000000e+00,0.000000e+00
1.000000e+00,0.000000e+00,0.000000e+00,0.000000e+00,0.000000e+00,0.000000e+00,0.000000e+00,0.000000e+00,0.000000e+00,0.000000e+00,0.000000e+00,0.000000e+00,0.000000e+00,0.000000e+00,0.000000e+00
1.000000e+00,0.000000e+00,0.000000e+00,0.000000e+00,0.000000e+00,0.000000e+00,0.000000e+00,0.000000e+00,0.000000e+00,0.000000e+00,0.000000e+00,0.000000e+00,0.000000e+00,0.000000e+00,0.000000e+00
1.000000e+00,0.000000e+00,0.000000e+00,0.000000e+00,0.000000e+00,0.000000e+00,0.000000e+00,0.000000e+00,0.000000e+00,0.000000e+00,0.000000e+00,0.000000e+00,0.000000e+00,0.000000e+00,0.000000e+00
1.000000e+00,0.000000e+00,0.000000e+00,0.000000e+00,0.000000e+00,0.000000e+00,0.000000e+00,0.000000e+00,0.000000e+00,0.000000e+00,0.000000e+00,0.000000e+00,0.000000e+00,0.000000e+00,0.000000e+00
1.000000e+00,0.000000e+00,0.000000e+00,0.000000e+00,0.000000e+00,0.000000e+00,0.000000e+00,0.000000e+00,0.000000e+00,0.000000e+00,0.000000e+00,0.000000e+00,0.000000e+00,0.000000e+00,0.000000e+00
1.000000e+00,0.000000e+00,0.000000e+00,0.000000e+00,0.000000e+00,0.000000e+00,0.000000e+00,0.000000e+00,0.000000e+00,0.000000e+00,0.000000e+00,0.000000e+00,0.000000e+00,0.000000e+00,0.000000e+00
1.000000e+00,0.000000e+00,0.000000e+00,0.000000e+00,0.000000e+00,0.000000e+00,0.000000e+00,0.000000e+00,0.000000e+00,0.000000e+00,0.000000e+00,0.000000e+00,0.000000e+00,0.000000e+00,0.000000e+00
1.000000e+00,0.000000e+00,0.000000e+00,0.000000e+00,0.000000e+00,0.000000e+00,0.000000e+00,0.000000e+00,0.000000e+00,0.000000e+00,0.000000e+00,0.000000e+00,0.000000e+00,0.000000e+00,0.000000e+00
1.000000e+00,0.000000e+00,0.000000e+00,0.000000e+00,0.000000e+00,0.000000e+00,0.000000e+00,0.000000e+00,0.000000e+00,0.000000e+00,0.000000e+00,0.000000e+00,0.000000e+00,0.000000e+00,0.000000e+00
1.000000e+00,0.000000e+00,0.000000e+00,0.000000e+00,0.000000e+00,0.000000e+00,0.000000e+00,0.000000e+00,0.000000e+00,0.000000e+00,0.000000e+00,0.000000e+00,0.000000e+00,0.000000e+00,0.000000e+00
1.000000e+00,0.000000e+00,0.000000e+00,0.000000e+00,0.000000e+00,0.000000e+00,0.000000e+00,0.000000e+00,0.000000e+00,0.000000e+00,0.000000e+00,0.000000e+00,0.000000e+00,0.000000e+00,0.000000e+00
1.000000e+00,0.000000e+00,0.000000e+00,0.000000e+00,0.000000e+00,0.000000e+00,0.000000e+00,0.000000e+00,0.000000e+00,0.000000e+00,0.000000e+00,0.000000e+00,0.000000e+00,0.000000e+00,0.000000e+00
1.000000e+00,0.000000e+00,0.000000e+00,0.000000e+00,0.000000e+00,0.000000e+00,0.000000e+00,0.000000e+00,0.000000e+00,0.000000e+00,0.000000e+00,0.000000e+00,0.000000e+00,0.000000e+00,0.000000e+00
1.000000e+00,0.000000e+00,0.000000e+00,0.000000e+00,0.000000e+00,0.000000e+00,0.000000e+00,0.000000e+00,0.000000e+00,0.000000e+00,0.000000e+00,0.000000e+00,0.000000e+00,0.000000e+00,0.000000e+00
1.000000e+00,0.000000e+00,0.000000e+00,0.000000e+00,0.000000e+00,0.000000e+00,0.000000e+00,0.000000e+00,0.000000e+00,0.000000e+00,0.000000e+00,0.000000e+00,0.000000e+00,0.000000e+00,0.000000e+00
1.000000e+00,0.000000e+00,0.000000e+00,0.000000e+00,0.000000e+00,0.000000e+00,0.000000e+00,0.000000e+00,0.000000e+00,0.000000e+00,0.000000e+00,0.000000e+00,0.000000e+00,0.000000e+00,0.000000e+00
1.000000e+00,0.000000e+00,0.000000e+00,0.000000e+00,0.000000e+00,0.000000e+00,0.000000e+00,0.000000e+00,0.000000e+00,0.000000e+00,0.000000e+00,0.000000e+00,0.000000e+00,0.000000e+00,0.000000e+00
1.000000e+00,0.000000e+00,0.000000e+00,0.000000e+00,0.000000e+00,0.000000e+00,0.000000e+00,0.000000e+00,0.000000e+00,0.000000e+00,0.000000e+00,0.000000e+00,0.000000e+00,0.000000e+00,0.000000e+00
1.000000e+00,0.000000e+00,0.000000e+00,0.000000e+00,0.000000e+00,0.000000e+00,0.000000e+00,0.000000e+00,0.000000e+00,0.000000e+00,0.000000e+00,0.000000e+00,0.000000e+00,0.000000e+00,0.000000e+00
4.802776e-01,3.355614e-02,1.221709e-02,1.256224e-01,2.071285e-02,2.868117e-02,7.278545e-03,8.273618e-03,1.016484e-01,6.201936e-03,1.396316e-02,4.097997e-02,7.889105e-02,5.826888e-03,3.586926e-02
4.256271e-01,2.730749e-02,1.017999e-02,1.464735e-01,1.955143e-02,2.205780e-02,7.585477e-03,6.858327e-03,1.064651e-01,1.673417e-02,3.089054e-02,3.852712e-02,8.798370e-02,1.676488e-02,3.699341e-02
4.096813e-01,2.223676e-02,1.911181e-02,1.707599e-01,1.580250e-02,1.640115e-02,5.988170e-03,5.723019e-03,1.108520e-01,2.228301e-02,2.776737e-02,3.382543e-02,7.984115e-02,1.916258e-02,4.056390e-02
3.690078e-01,1.661505e-02,1.508306e-02,1.361262e-01,1.194055e-02,1.232241e-02,4.790473e-03,4.283357e-03,8.791044e-02,3.307855e-02,2.598658e-02,3.643953e-02,8.478153e-02,2.544417e-02,1.361904e-01
3.370911e-01,1.430481e-02,1.173671e-02,9.837575e-02,1.149781e-02,1.043107e-02,4.097563e-03,3.509117e-03,7.633600e-02,2.851058e-02,2.152898e-02,2.746367e-02,7.409226e-02,2.318485e-02,2.578397e-01
3.151233e-01,1.448252e-02,9.651467e-03,7.075720e-02,1.281429e-02,9.661376e-03,3.877911e-03,3.050984e-03,7.964555e-02,2.083441e-02,1.747388e-02,2.095913e-02,6.195978e-02,1.987116e-02,3.398371e-01
2.640547e-01,6.373536e-02,1.039577e-02,6.285926e-02,1.206144e-02,1.039924e-02,3.070745e-03,4.075842e-03,1.437515e-01,1.619808e-02,1.428527e-02,1.527659e-02,4.793130e-02,1.598569e-02,3.159192e-01
1.894887e-01,6.585406e-02,7.861740e-03,4.587734e-02,8.975451e-03,1.010947e-02,2.221659e-03,3.591980e-03,1.543702e-01,1.243957e-02,1.086912e-02,1.122891e-02,3.830853e-02,1.282944e-02,4.259740e-01
1.402513e-01,5.016712e-02,1.821383e-02,3.704695e-02,8.471537e-03,9.233514e-03,2.336825e-03,1.498868e-02,2.025836e-01,9.106385e-03,1.110034e-02,8.467455e-03,3.380722e-02,9.881506e-03,4.443437e-01
1.171031e-01,4.208424e-02,1.876942e-01,6.787269e-02,9.968534e-03,1.065934e-02,2.004986e-03,1.153974e-02,1.534861e-01,1.228328e-02,1.022616e-02,7.891416e-03,2.576372e-02,7.629784e-03,3.337927e-01
1.350684e-01,4.620997e-02,1.681770e-01,6.695512e-02,2.837756e-02,1.914261e-02,2.668041e-03,1.097719e-02,1.279496e-01,1.717130e-02,2.181616e-02,7.846402e-03,2.727789e-02,7.697573e-03,3.126653e-01
1.859101e-01,4.189504e-02,1.548734e-01,6.120784e-02,2.779524e-02,2.375577e-02,2.971823e-03,1.291943e-02,1.040655e-01,1.785091e-02,3.015547e-02,1.546383e-02,3.779877e-02,1.059232e-02,2.727445e-01
1.647612e-01,3.118690e-02,1.106623e-01,4.355372e-02,2.311406e-02,2.099881e-02,2.835410e-03,1.092295e-02,7.738331e-02,1.367335e-02,2.719166e-02,1.161374e-02,3.155207e-02,1.011487e-02,4.204356e-01
1.277541e-01,2.252747e-02,8.137391e-02,3.276229e-02,2.251477e-02,1.593758e-02,2.359118e-03,1.062089e-02,5.820516e-02,1.032780e-02,2.620086e-02,8.721010e-03,2.708636e-02,8.511205e-03,5.450975e-01
1.183474e-01,2.514666e-02,6.397637e-02,8.347557e-02,3.624263e-02,1.480664e-02,3.001941e-03,1.329270e-02,8.580179e-02,8.703765e-03,2.335529e-02,8.273840e-03,2.520593e-02,7.355094e-03,4.830144e-01
1.094000e-01,2.380452e-02,5.031728e-02,1.304376e-01,3.664950e-02,1.338450e-02,2.923940e-03,1.272454e-02,7.583249e-02,6.388185e-03,1.826606e-02,6.530611e-03,2.324906e-02,6.412187e-03,4.836795e-01
9.478493e-02,2.495304e-02,4.199072e-02,1.469669e-01,3.300282e-02,1.112670e-02,2.652078e-03,1.426166e-02,6.453146e-02,4.983928e-03,1.387838e-02,5.112413e-03,1.960904e-02,5.168744e-03,5.169772e-01
7.575278e-02,2.069726e-02,3.695410e-02,3.352063e-01,3.062940e-02,8.877484e-03,2.631546e-03,1.415652e-02,5.514839e-02,4.636467e-03,1.051164e-02,3.788260e-03,1.477370e-02,3.695052e-03,3.825411e-01
7.115375e-02,1.798278e-02,4.095017e-02,4.366468e-01,3.236712e-02,8.006509e-03,3.149646e-03,2.045573e-02,4.628916e-02,4.542581e-03,8.696511e-03,3.092570e-03,1.214453e-02,2.737342e-03,2.917849e-01
5.458314e-02,2.276667e-02,4.032171e-02,5.457672e-01,3.413481e-02,6.808200e-03,2.924227e-03,2.162995e-02,3.861747e-02,3.830058e-03,6.808893e-03,2.398730e-03,9.020910e-03,2.025145e-03,2.083630e-01
8.040125e-02,3.198747e-02,3.368906e-02,4.832308e-01,5.092173e-02,8.903584e-03,4.004708e-03,3.906864e-02,4.790605e-02,3.253174e-03,7.969577e-03,2.445501e-03,8.636449e-03,1.769060e-03,1.958130e-01
1.541924e-01,4.911641e-02,2.995293e-02,3.622565e-01,5.886941e-02,9.513469e-03,6.039183e-03,6.862306e-02,4.778687e-02,4.123220e-03,8.290555e-03,4.707791e-03,1.538728e-02,2.399143e-03,1.787418e-01
2.728193e-01,5.689832e-02,2.429009e-02,2.689247e-01,5.535180e-02,9.239389e-03,5.781449e-03,7.116288e-02,4.459115e-02,3.895449e-03,8.717185e-03,1.056622e-02,1.954257e-02,3.309322e-03,1.449102e-01
2.804473e-01,6.423454e-02,1.985779e-02,2.714465e-01,5.550149e-02,9.145834e-03,5.888902e-03,6.529059e-02,4.257125e-02,5.137617e-03,1.063308e-02,1.837794e-02,2.312796e-02,4.538018e-03,1.238012e-01
3.938108e-01,5.106272e-02,2.480032e-02,2.214908e-01,4.188659e-02,1.007477e-02,4.881960e-03,5.063007e-02,3.911577e-02,5.536096e-03,1.378080e-02,2.234126e-02,2.112679e-02,4.734632e-03,9.472661e-02
1.000000e+00,0.000000e+00,0.000000e+00,0.000000e+00,0.000000e+00,0.000000e+00,0.000000e+00,0.000000e+00,0.000000e+00,0.000000e+00,0.000000e+00,0.000000e+00,0.000000e+00,0.000000e+00,0.000000e+00
1.000000e+00,0.000000e+00,0.000000e+00,0.000000e+00,0.000000e+00,0.000000e+00,0.000000e+00,0.000000e+00,0.000000e+00,0.000000e+00,0.000000e+00,0.000000e+00,0.000000e+00,0.000000e+00,0.000000e+00
1.000000e+00,0.000000e+00,0.000000e+00,0.000000e+00,0.000000e+00,0.000000e+00,0.000000e+00,0.000000e+00,0.000000e+00,0.000000e+00,0.000000e+00,0.000000e+00,0.000000e+00,0.000000e+00,0.000000e+00
1.000000e+00,0.000000e+00,0.000000e+00,0.000000e+00,0.000000e+00,0.000000e+00,0.000000e+00,0.000000e+00,0.000000e+00,0.000000e+00,0.000000e+00,0.000000e+00,0.000000e+00,0.000000e+00,0.000000e+00
1.000000e+00,0.000000e+00,0.000000e+00,0.000000e+00,0.000000e+00,0.000000e+00,0.000000e+00,0.000000e+00,0.000000e+00,0.000000e+00,0.000000e+00,0.000000e+00,0.000000e+00,0.000000e+00,0.000000e+00
1.000000e+00,0.000000e+00,0.000000e+00,0.000000e+00,0.000000e+00,0.000000e+00,0.000000e+00,0.000000e+00,0.000000e+00,0.000000e+00,0.000000e+00,0.000000e+00,0.000000e+00,0.000000e+00,0.000000e+00
1.000000e+00,0.000000e+00,0.000000e+00,0.000000e+00,0.000000e+00,0.000000e+00,0.000000e+00,0.000000e+00,0.000000e+00,0.000000e+00,0.000000e+00,0.000000e+00,0.000000e+00,0.000000e+00,0.000000e+00
1.000000e+00,0.000000e+00,0.000000e+00,0.000000e+00,0.000000e+00,0.000000e+00,0.000000e+00,0.000000e+00,0.000000e+00,0.000000e+00,0.000000e+00,0.000000e+00,0.000000e+00,0.000000e+00,0.000000e+00
1.000000e+00,0.000000e+00,0.000000e+00,0.000000e+00,0.000000e+00,0.000000e+00,0.000000e+00,0.000000e+00,0.000000e+00,0.000000e+00,0.000000e+00,0.000000e+00,0.000000e+00,0.000000e+00,0.000000e+00
1.000000e+00,0.000000e+00,0.000000e+00,0.000000e+00,0.000000e+00,0.000000e+00,0.000000e+00,0.000000e+00,0.000000e+00,0.000000e+00,0.000000e+00,0.000000e+00,0.000000e+00,0.000000e+00,0.000000e+00
1.000000e+00,0.000000e+00,0.000000e+00,0.000000e+00,0.000000e+00,0.000000e+00,0.000000e+00,0.000000e+00,0.000000e+00,0.000000e+00,0.000000e+00,0.000000e+00,0.000000e+00,0.000000e+00,0.000000e+00
1.000000e+00,0.000000e+00,0.000000e+00,0.000000e+00,0.000000e+00,0.000000e+00,0.000000e+00,0.000000e+00,0.000000e+00,0.000000e+00,0.000000e+00,0.000000e+00,0.000000e+00,0.000000e+00,0.000000e+00
1.000000e+00,0.000000e+00,0.000000e+00,0.000000e+00,0.000000e+00,0.000000e+00,0.000000e+00,0.000000e+00,0.000000e+00,0.000000e+00,0.000000e+00,0.000000e+00,0.000000e+00,0.000000e+00,0.000000e+00
1.000000e+00,0.000000e+00,0.000000e+00,0.000000e+00,0.000000e+00,0.000000e+00,0.000000e+00,0.000000e+00,0.000000e+00,0.000000e+00,0.000000e+00,0.000000e+00,0.000000e+00,0.000000e+00,0.000000e+00
1.000000e+00,0.000000e+00,0.000000e+00,0.000000e+00,0.000000e+00,0.000000e+00,0.000000e+00,0.000000e+00,0.000000e+00,0.000000e+00,0.000000e+00,0.000000e+00,0.000000e+00,0.000000e+00,0.000000e+00
1.000000e+00,0.000000e+00,0.000000e+00,0.000000e+00,0.000000e+00,0.000000e+00,0.000000e+00,0.000000e+00,0.000000e+00,0.000000e+00,0.000000e+00,0.000000e+00,0.000000e+00,0.000000e+00,0.000000e+00
1.000000e+00,0.000000e+00,0.000000e+00,0.000000e+00,0.000000e+00,0.000000e+00,0.000000e+00,0.000000e+00,0.000000e+00,0.000000e+00,0.000000e+00,0.000000e+00,0.000000e+00,0.000000e+00,0.000000e+00
1.000000e+00,0.000000e+00,0.000000e+00,0.000000e+00,0.000000e+00,0.000000e+00,0.000000e+00,0.000000e+00,0.000000e+00,0.000000e+00,0.000000e+00,0.000000e+00,0.000000e+00,0.000000e+00,0.000000e+00
1.000000e+00,0.000000e+00,0.000000e+00,0.000000e+00,0.000000e+00,0.000000e+00,0.000000e+00,0.000000e+00,0.000000e+00,0.000000e+00,0.000000e+00,0.000000e+00,0.000000e+00,0.000000e+00,0.000000e+00
1.000000e+00,0.000000e+00,0.000000e+00,0.000000e+00,0.000000e+00,0.000000e+00,0.000000e+00,0.000000e+00,0.000000e+00,0.000000e+00,0.000000e+00,0.000000e+00,0.000000e+00,0.000000e+00,0.000000e+00
4.841413e-01,2.019927e-02,1.836319e-02,8.131866e-02,1.729080e-02,1.928763e-02,3.034397e-03,1.648044e-02,1.426460e-01,5.423378e-03,3.188742e-02,3.331805e-02,1.937039e-02,3.038352e-02,7.685544e-02
3.416184e-01,2.542187e-02,1.344458e-02,7.509468e-02,1.338284e-02,1.401763e-02,2.319841e-03,1.162572e-02,1.432427e-01,7.729440e-03,2.349983e-02,2.401016e-02,1.745431e-02,2.427310e-02,2.628649e-01
3.718404e-01,3.059469e-02,1.085099e-02,8.678687e-02,1.708277e-02,1.492674e-02,3.232974e-03,9.742478e-03,1.130020e-01,6.776638e-03,2.321015e-02,2.193876e-02,1.858031e-02,2.188596e-02,2.495482e-01
2.777891e-01,6.433358e-02,9.572990e-03,2.165507e-01,1.383617e-02,1.124248e-02,2.459473e-03,7.513857e-03,1.038115e-01,5.455970e-03,1.860094e-02,1.581478e-02,1.415314e-02,1.584982e-02,2.230155e-01
3.283799e-01,6.504168e-02,1.083622e-02,2.008933e-01,1.229839e-02,9.967997e-03,2.074043e-03,6.010709e-03,7.786640e-02,5.413975e-03,1.468785e-02,1.329522e-02,1.259714e-02,1.335149e-02,2.272857e-01
4.028857e-01,6.736626e-02,9.268689e-03,1.609820e-01,1.554835e-02,1.071607e-02,2.181904e-03,5.230274e-03,5.887399e-02,4.830039e-03,1.213484e-02,1.156972e-02,1.145720e-02,1.168317e-02,2.152718e-01
4.259856e-01,6.730492e-02,2.553364e-02,1.569452e-01,1.690264e-02,1.572791e-02,4.017683e-03,6.393872e-03,4.478663e-02,4.730454e-03,1.481661e-02,1.628155e-02,1.424017e-02,1.139224e-02,1.749409e-01
4.346309e-01,6.211721e-02,8.767173e-02,1.509708e-01,1.410655e-02,1.344258e-02,3.645553e-03,7.055682e-03,3.388021e-02,3.959242e-03,1.304520e-02,1.701293e-02,1.386910e-02,8.808180e-03,1.357841e-01
3.809537e-01,4.836470e-02,2.360815e-01,1.203853e-01,1.053408e-02,1.142876e-02,2.847855e-03,5.852384e-03,2.535380e-02,3.738777e-03,1.023814e-02,1.411228e-02,1.211440e-02,6.869266e-03,1.111251e-01
1.000000e+00,0.000000e+00,0.000000e+00,0.000000e+00,0.000000e+00,0.000000e+00,0.000000e+00,0.000000e+00,0.000000e+00,0.000000e+00,0.000000e+00,0.000000e+00,0.000000e+00,0.000000e+00,0.000000e+00
1.000000e+00,0.000000e+00,0.000000e+00,0.000000e+00,0.000000e+00,0.000000e+00,0.000000e+00,0.000000e+00,0.000000e+00,0.000000e+00,0.000000e+00,0.000000e+00,0.000000e+00,0.000000e+00,0.000000e+00
1.000000e+00,0.000000e+00,0.000000e+00,0.000000e+00,0.000000e+00,0.000000e+00,0.000000e+00,0.000000e+00,0.000000e+00,0.000000e+00,0.000000e+00,0.000000e+00,0.000000e+00,0.000000e+00,0.000000e+00
1.000000e+00,0.000000e+00,0.000000e+00,0.000000e+00,0.000000e+00,0.000000e+00,0.000000e+00,0.000000e+00,0.000000e+00,0.000000e+00,0.000000e+00,0.000000e+00,0.000000e+00,0.000000e+00,0.000000e+00
1.000000e+00,0.000000e+00,0.000000e+00,0.000000e+00,0.000000e+00,0.000000e+00,0.000000e+00,0.000000e+00,0.000000e+00,0.000000e+00,0.000000e+00,0.000000e+00,0.000000e+00,0.000000e+00,0.000000e+00
1.000000e+00,0.000000e+00,0.000000e+00,0.000000e+00,0.000000e+00,0.000000e+00,0.000000e+00,0.000000e+00,0.000000e+00,0.000000e+00,0.000000e+00,0.000000e+00,0.000000e+00,0.000000e+00,0.000000e+00
1.000000e+00,0.000000e+00,0.000000e+00,0.000000e+00,0.000000e+00,0.000000e+00,0.000000e+00,0.000000e+00,0.000000e+00,0.000000e+00,0.000000e+00,0.000000e+00,0.000000e+00,0.000000e+00,0.000000e+00
1.000000e+00,0.000000e+00,0.000000e+00,0.000000e+00,0.000000e+00,0.000000e+00,0.000000e+00,0.000000e+00,0.000000e+00,0.000000e+00,0.000000e+00,0.000000e+00,0.000000e+00,0.000000e+00,0.000000e+00
1.000000e+00,0.000000e+00,0.000000e+00,0.000000e+00,0.000000e+00,0.000000e+00,0.000000e+00,0.000000e+00,0.000000e+00,0.000000e+00,0.000000e+00,0.000000e+00,0.000000e+00,0.000000e+00,0.000000e+00
1.000000e+00,0.000000e+00,0.000000e+00,0.000000e+00,0.000000e+00,0.000000e+00,0.000000e+00,0.000000e+00,0.000000e+00,0.000000e+00,0.000000e+00,0.000000e+00,0.000000e+00,0.000000e+00,0.000000e+00
1.000000e+00,0.000000e+00,0.000000e+00,0.000000e+00,0.000000e+00,0.000000e+00,0.000000e+00,0.000000e+00,0.000000e+00,0.000000e+00,0.000000e+00,0.000000e+00,0.000000e+00,0.000000e+00,0.000000e+00
1.000000e+00,0.000000e+00,0.000000e+00,0.000000e+00,0.000000e+00,0.000000e+00,0.000000e+00,0.000000e+00,0.000000e+00,0.000000e+00,0.000000e+00,0.000000e+00,0.000000e+00,0.000000e+00,0.000000e+00
1.000000e+00,0.000000e+00,0.000000e+00,0.000000e+00,0.000000e+00,0.000000e+00,0.000000e+00,0.000000e+00,0.000000e+00,0.000000e+00,0.000000e+00,0.000000e+00,0.000000e+00,0.000000e+00,0.000000e+00
1.000000e+00,0.000000e+00,0.000000e+00,0.000000e+00,0.000000e+00,0.000000e+00,0.000000e+00,0.000000e+00,0.000000e+00,0.000000e+00,0.000000e+00,0.000000e+00,0.000000e+00,0.000000e+00,0.000000e+00
1.000000e+00,0.000000e+00,0.000000e+00,0.000000e+00,0.000000e+00,0.000000e+00,0.000000e+00,0.000000e+00,0.000000e+00,0.000000e+00,0.000000e+00,0.000000e+00,0.000000e+00,0.000000e+00,0.000000e+00
1.000000e+00,0.000000e+00,0.000000e+00,0.000000e+00,0.000000e+00,0.000000e+00,0.000000e+00,0.000000e+00,0.000000e+00,0.000000e+00,0.000000e+00,0.000000e+00,0.000000e+00,0.000000e+00,0.000000e+00
1.000000e+00,0.000000e+00,0.000000e+00,0.000000e+00,0.000000e+00,0.000000e+00,0.000000e+00,0.000000e+00,0.000000e+00,0.000000e+00,0.000000e+00,0.000000e+00,0.000000e+00,0.000000e+00,0.000000e+00
1.000000e+00,0.000000e+00,0.000000e+00,0.000000e+00,0.000000e+00,0.000000e+00,0.000000e+00,0.000000e+00,0.000000e+00,0.000000e+00,0.000000e+00,0.000000e+00,0.000000e+00,0.000000e+00,0.000000e+00
1.000000e+00,0.000000e+00,0.000000e+00,0.000000e+00,0.000000e+00,0.000000e+00,0.000000e+00,0.000000e+00,0.000000e+00,0.000000e+00,0.000000e+00,0.000000e+00,0.000000e+00,0.000000e+00,0.000000e+00
1.000000e+00,0.000000e+00,0.000000e+00,0.000000e+00,0.000000e+00,0.000000e+00,0.000000e+00,0.000000e+00,0.000000e+00,0.000000e+00,0.000000e+00,0.000000e+00,0.000000e+00,0.000000e+00,0.000000e+00
1.000000e+00,0.000000e+00,0.000000e+00,0.000000e+00,0.000000e+00,0.000000e+00,0.000000e+00,0.000000e+00,0.000000e+00,0.000000e+00,0.000000e+00,0.000000e+00,0.000000e+00,0.000000e+00,0.000000e+00
1.000000e+00,0.000000e+00,0.000000e+00,0.000000e+00,0.000000e+00,0.000000e+00,0.000000e+00,0.000000e+00,0.000000e+00,0.000000e+00,0.000000e+00,0.000000e+00,0.000000e+00,0.000000e+00,0.000000e+00
1.000000e+00,0.000000e+00,0.000000e+00,0.000000e+00,0.000000e+00,0.000000e+00,0.000000e+00,0.000000e+00,0.000000e+00,0.000000e+00,0.000000e+00,0.000000e+00,0.000000e+00,0.000000e+00,0.000000e+00
1.000000e+00,0.000000e+00,0.000000e+00,0.000000e+00,0.000000e+00,0.000000e+00,0.000000e+00,0.000000e+00,0.000000e+00,0.000000e+00,0.000000e+00,0.000000e+00,0.000000e+00,0.000000e+00,0.000000e+00
1.000000e+00,0.000000e+00,0.000000e+00,0.000000e+00,0.000000e+00,0.000000e+00,0.000000e+00,0.000000e+00,0.000000e+00,0.000000e+00,0.000000e+00,0.000000e+00,0.000000e+00,0.000000e+00,0.000000e+00
1.000000e+00,0.000000e+00,0.000000e+00,0.000000e+00,0.000000e+00,0.000000e+00,0.000000e+00,0.000000e+00,0.000000e+00,0.000000e+00,0.000000e+00,0.000000e+00,0.000000e+00,0.000000e+00,0.000000e+00
1.000000e+00,0.000000e+00,0.000000e+00,0.000000e+00,0.000000e+00,0.000000e+00,0.000000e+00,0.000000e+00,0.000000e+00,0.000000e+00,0.000000e+00,0.000000e+00,0.000000e+00,0.000000e+00,0.000000e+00
1.000000e+00,0.000000e+00,0.000000e+00,0.000000e+00,0.000000e+00,0.000000e+00,0.000000e+00,0.000000e+00,0.000000e+00,0.000000e+00,0.000000e+00,0.000000e+00,0.000000e+00,0.000000e+00,0.000000e+00
1.000000e+00,0.000000e+00,0.000000e+00,0.000000e+00,0.000000e+00,0.000000e+00,0.000000e+00,0.000000e+00,0.000000e+00,0.000000e+00,0.000000e+00,0.000000e+00,0.000000e+00,0.000000e+00,0.000000e+00
1.000000e+00,0.000000e+00,0.000000e+00,0.000000e+00,0.000000e+00,0.000000e+00,0.000000e+00,0.000000e+00,0.000000e+00,0.000000e+00,0.000000e+00,0.000000e+00,0.000000e+00,0.000000e+00,0.000000e+00
1.000000e+00,0.000000e+00,0.000000e+00,0.000000e+00,0.000000e+00,0.000000e+00,0.000000e+00,0.000000e+00,0.000000e+00,0.000000e+00,0.000000e+00,0.000000e+00,0.000000e+00,0.000000e+00,0.000000e+00
1.000000e+00,0.000000e+00,0.000000e+00,0.000000e+00,0.000000e+00,0.000000e+00,0.000000e+00,0.000000e+00,0.000000e+00,0.000000e+00,0.000000e+00,0.000000e+00,0.000000e+00,0.000000e+00,0.000000e+00
1.000000e+00,0.000000e+00,0.000000e+00,0.000000e+00,0.000000e+00,0.000000e+00,0.000000e+00,0.000000e+00,0.000000e+00,0.000000e+00,0.000000e+00,0.000000e+00,0.000000e+00,0.000000e+00,0.000000e+00
1.000000e+00,0.000000e+00,0.000000e+00,0.000000e+00,0.000000e+00,0.000000e+00,0.000000e+00,0.000000e+00,0.000000e+00,0.000000e+00,0.000000e+00,0.000000e+00,0.000000e+00,0.000000e+00,0.000000e+00
1.000000e+00,0.000000e+00,0.000000e+00,0.000000e+00,0.000000e+00,0.000000e+00,0.000000e+00,0.000000e+00,0.000000e+00,0.000000e+00,0.000000e+00,0.000000e+00,0.000000e+00,0.000000e+00,0.000000e+00
1.000000e+00,0.000000e+00,0.000000e+00,0.000000e+00,0.000000e+00,0.000000e+00,0.000000e+00,0.000000e+00,0.000000e+00,0.000000e+00,0.000000e+00,0.000000e+00,0.000000e+00,0.000000e+00,0.000000e+00
1.000000e+00,0.000000e+00,0.000000e+00,0.000000e+00,0.000000e+00,0.000000e+00,0.000000e+00,0.000000e+00,0.000000e+00,0.000000e+00,0.000000e+00,0.000000e+00,0.000000e+00,0.000000e+00,0.000000e+00
1.000000e+00,0.000000e+00,0.000000e+00,0.000000e+00,0.000000e+00,0.000000e+00,0.000000e+00,0.000000e+00,0.000000e+00,0.000000e+00,0.000000e+00,0.000000e+00,0.000000e+00,0.000000e+00,0.000000e+00
1.000000e+00,0.000000e+00,0.000000e+00,0.000000e+00,0.000000e+00,0.000000e+00,0.000000e+00,0.000000e+00,0.000000e+00,0.000000e+00,0.000000e+00,0.000000e+00,0.000000e+00,0.000000e+00,0.000000e+00
1.000000e+00,0.000000e+00,0.000000e+00,0.000000e+00,0.000000e+00,0.000000e+00,0.000000e+00,0.000000e+00,0.000000e+00,0.000000e+00,0.000000e+00,0.000000e+00,0.000000e+00,0.000000e+00,0.000000e+00
1.000000e+00,0.000000e+00,0.000000e+00,0.000000e+00,0.000000e+00,0.000000e+00,0.000000e+00,0.000000e+00,0.000000e+00,0.000000e+00,0.000000e+00,0.000000e+00,0.000000e+00,0.000000e+00,0.000000e+00
1.000000e+00,0.000000e+00,0.000000e+00,0.000000e+00,0.000000e+00,0.000000e+00,0.000000e+00,0.000000e+00,0.000000e+00,0.000000e+00,0.000000e+00,0.000000e+00,0.000000e+00,0.000000e+00,0.000000e+00
1.000000e+00,0.000000e+00,0.000000e+00,0.000000e+00,0.000000e+00,0.000000e+00,0.000000e+00,0.000000e+00,0.000000e+00,0.000000e+00,0.000000e+00,0.000000e+00,0.000000e+00,0.000000e+00,0.000000e+00
1.000000e+00,0.000000e+00,0.000000e+00,0.000000e+00,0.000000e+00,0.000000e+00,0.000000e+00,0.000000e+00,0.000000e+00,0.000000e+00,0.000000e+00,0.000000e+00,0.000000e+00,0.000000e+00,0.000000e+00
1.000000e+00,0.000000e+00,0.000000e+00,0.000000e+00,0.000000e+00,0.000000e+00,0.000000e+00,0.000000e+00,0.000000e+00,0.000000e+00,0.000000e+00,0.000000e+00,0.000000e+00,0.000000e+00,0.000000e+00
1.000000e+00,0.000000e+00,0.000000e+00,0.000000e+00,0.000000e+00,0.000000e+00,0.000000e+00,0.000000e+00,0.000000e+00,0.000000e+00,0.000000e+00,0.000000e+00,0.000000e+00,0.000000e+00,0.000000e+00
1.000000e+00,0.000000e+00,0.000000e+00,0.000000e+00,0.000000e+00,0.000000e+00,0.000000e+00,0.000000e+00,0.000000e+00,0.000000e+00,0.000000e+00,0.000000e+00,0.000000e+00,0.000000e+00,0.000000e+00
1.000000e+00,0.000000e+00,0.000000e+00,0.000000e+00,0.000000e+00,0.000000e+00,0.000000e+00,0.000000e+00,0.000000e+00,0.000000e+00,0.000000e+00,0.000000e+00,0.000000e+00,0.000000e+00,0.000000e+00
1.000000e+00,0.000000e+00,0.000000e+00,0.000000e+00,0.000000e+00,0.000000e+00,0.000000e+00,0.000000e+00,0.000000e+00,0.000000e+00,0.000000e+00,0.000000e+00,0.000000e+00,0.000000e+00,0.000000e+00
1.000000e+00,0.000000e+00,0.000000e+00,0.000000e+00,0.000000e+00,0.000000e+00,0.000000e+00,0.000000e+00,0.000000e+00,0.000000e+00,0.000000e+00,0.000000e+00,0.000000e+00,0.000000e+00,0.000000e+00
1.000000e+00,0.000000e+00,0.000000e+00,0.000000e+00,0.000000e+00,0.000000e+00,0.000000e+00,0.000000e+00,0.000000e+00,0.000000e+00,0.000000e+00,0.000000e+00,0.000000e+00,0.000000e+00,0.000000e+00
1.000000e+00,0.000000e+00,0.000000e+00,0.000000e+00,0.000000e+00,0.000000e+00,0.000000e+00,0.000000e+00,0.000000e+00,0.000000e+00,0.000000e+00,0.000000e+00,0.000000e+00,0.000000e+00,0.000000e+00
1.000000e+00,0.000000e+00,0.000000e+00,0.000000e+00,0.000000e+00,0.000000e+00,0.000000e+00,0.000000e+00,0.000000e+00,0.000000e+00,0.000000e+00,0.000000e+00,0.000000e+00,0.000000e+00,0.000000e+00
1.000000e+00,0.000000e+00,0.000000e+00,0.000000e+00,0.000000e+00,0.000000e+00,0.000000e+00,0.000000e+00,0.000000e+00,0.000000e+00,0.000000e+00,0.000000e+00,0.000000e+00,0.000000e+00,0.000000e+00
1.000000e+00,0.000000e+00,0.000000e+00,0.000000e+00,0.000000e+00,0.000000e+00,0.000000e+00,0.000000e+00,0.000000e+00,0.000000e+00,0.000000e+00,0.000000e+00,0.000000e+00,0.000000e+00,0.000000e+00
1.000000e+00,0.000000e+00,0.000000e+00,0.000000e+00,0.000000e+00,0.000000e+00,0.000000e+00,0.000000e+00,0.000000e+00,0.000000e+00,0.000000e+00,0.000000e+00,0.000000e+00,0.000000e+00,0.000000e+00
1.000000e+00,0.000000e+00,0.000000e+00,0.000000e+00,0.000000e+00,0.000000e+00,0.000000e+00,0.000000e+00,0.000000e+00,0.000000e+00,0.000000e+00,0.000000e+00,0.000000e+00,0.000000e+00,0.000000e+00
1.000000e+00,0.000000e+00,0.000000e+00,0.000000e+00,0.000000e+00,0.000000e+00,0.000000e+00,0.000000e+00,0.000000e+00,0.000000e+00,0.000000e+00,0.000000e+00,0.000000e+00,0.000000e+00,0.000000e+00
1.000000e+00,0.000000e+00,0.000000e+00,0.000000e+00,0.000000e+00,0.000000e+00,0.000000e+00,0.000000e+00,0.000000e+00,0.000000e+00,0.000000e+00,0.000000e+00,0.000000e+00,0.000000e+00,0.000000e+00
1.000000e+00,0.000000e+00,0.000000e+00,0.000000e+00,0.000000e+00,0.000000e+00,0.000000e+00,0.000000e+00,0.000000e+00,0.000000e+00,0.000000e+00,0.000000e+00,0.000000e+00,0.000000e+00,0.000000e+00
1.000000e+00,0.000000e+00,0.000000e+00,0.000000e+00,0.000000e+00,0.000000e+00,0.000000e+00,0.000000e+00,0.000000e+00,0.000000e+00,0.000000e+00,0.000000e+00,0.000000e+00,0.000000e+00,0.000000e+00
1.000000e+00,0.000000e+00,0.000000e+00,0.000000e+00,0.000000e+00,0.000000e+00,0.000000e+00,0.000000e+00,0.000000e+00,0.000000e+00,0.000000e+00,0.000000e+00,0.000000e+00,0.000000e+00,0.000000e+00
1.000000e+00,0.000000e+00,0.000000e+00,0.000000e+00,0.000000e+00,0.000000e+00,0.000000e+00,0.000000e+00,0.000000e+00,0.000000e+00,0.000000e+00,0.000000e+00,0.000000e+00,0.000000e+00,0.000000e+00
1.000000e+00,0.000000e+00,0.000000e+00,0.000000e+00,0.000000e+00,0.000000e+00,0.000000e+00,0.000000e+00,0.000000e+00,0.000000e+00,0.000000e+00,0.000000e+00,0.000000e+00,0.000000e+00,0.000000e+00
1.000000e+00,0.000000e+00,0.000000e+00,0.000000e+00,0.000000e+00,0.000000e+00,0.000000e+00,0.000000e+00,0.000000e+00,0.000000e+00,0.000000e+00,0.000000e+00,0.000000e+00,0.000000e+00,0.000000e+00
1.000000e+00,0.000000e+00,0.000000e+00,0.000000e+00,0.000000e+00,0.000000e+00,0.000000e+00,0.000000e+00,0.000000e+00,0.000000e+00,0.000000e+00,0.000000e+00,0.000000e+00,0.000000e+00,0.000000e+00
1.000000e+00,0.000000e+00,0.000000e+00,0.000000e+00,0.000000e+00,0.000000e+00,0.000000e+00,0.000000e+00,0.000000e+00,0.000000e+00,0.000000e+00,0.000000e+00,0.000000e+00,0.000000e+00,0.000000e+00
1.000000e+00,0.000000e+00,0.000000e+00,0.000000e+00,0.000000e+00,0.000000e+00,0.000000e+00,0.000000e+00,0.000000e+00,0.000000e+00,0.000000e+00,0.000000e+00,0.000000e+00,0.000000e+00,0.000000e+00
1.000000e+00,0.000000e+00,0.000000e+00,0.000000e+00,0.000000e+00,0.000000e+00,0.000000e+00,0.000000e+00,0.000000e+00,0.000000e+00,0.000000e+00,0.000000e+00,0.000000e+00,0.000000e+00,0.000000e+00
1.000000e+00,0.000000e+00,0.000000e+00,0.000000e+00,0.000000e+00,0.000000e+00,0.000000e+00,0.000000e+00,0.000000e+00,0.000000e+00,0.000000e+00,0.000000e+00,0.000000e+00,0.000000e+00,0.000000e+00
1.000000e+00,0.000000e+00,0.000000e+00,0.000000e+00,0.000000e+00,0.000000e+00,0.000000e+00,0.000000e+00,0.000000e+00,0.000000e+00,0.000000e+00,0.000000e+00,0.000000e+00,0.000000e+00,0.000000e+00
1.000000e+00,0.000000e+00,0.000000e+00,0.000000e+00,0.000000e+00,0.000000e+00,0.000000e+00,0.000000e+00,0.000000e+00,0.000000e+00,0.000000e+00,0.000000e+00,0.000000e+00,0.000000e+00,0.000000e+00
1.000000e+00,0.000000e+00,0.000000e+00,0.000000e+00,0.000000e+00,0.000000e+00,0.000000e+00,0.000000e+00,0.000000e+00,0.000000e+00,0.000000e+00,0.000000e+00,0.000000e+00,0.000000e+00,0.000000e+00
1.000000e+00,0.000000e+00,0.000000e+00,0.000000e+00,0.000000e+00,0.000000e+00,0.000000e+00,0.000000e+00,0.000000e+00,0.000000e+00,0.000000e+00,0.000000e+00,0.000000e+00,0.000000e+00,0.000000e+00
1.000000e+00,0.000000e+00,0.000000e+00,0.000000e+00,0.000000e+00,0.000000e+00,0.000000e+00,0.000000e+00,0.000000e+00,0.000000e+00,0.000000e+00,0.000000e+00,0.000000e+00,0.000000e+00,0.000000e+00
1.000000e+00,0.000000e+00,0.000000e+00,0.000000e+00,0.000000e+00,0.000000e+00,0.000000e+00,0.000000e+00,0.000000e+00,0.000000e+00,0.000000e+00,0.000000e+00,0.000000e+00,0.000000e+00,0.000000e+00
1.000000e+00,0.000000e+00,0.000000e+00,0.000000e+00,0.000000e+00,0.000000e+00,0.000000e+00,0.000000e+00,0.000000e+00,0.000000e+00,0.000000e+00,0.000000e+00,0.000000e+00,0.000000e+00,0.000000e+00
1.000000e+00,0.000000e+00,0.000000e+00,0.000000e+00,0.000000e+00,0.000000e+00,0.000000e+00,0.000000e+00,0.000000e+00,0.000000e+00,0.000000e+00,0.000000e+00,0.000000e+00,0.000000e+00,0.000000e+00
