1.000000e+00,0.000000e+00,0.000000e+00,0.000000e+00,0.000000e+00,0.000000e+00,0.000000e+00,0.000000e+00,0.000000e+00,0.000000e+00,0.000000e+00,0.000000e+00,0.000000e+00,0.000000e+00,0.000000e+00
1.000000e+00,0.000000e+00,0.000000e+00,0.000000e+00,0.000000e+00,0.000000e+00,0.000000e+00,0.000000e+00,0.000000e+00,0.000000e+00,0.000000e+00,0.000000e+00,0.000000e+00,0.000000e+00,0.000000e+00
1.000000e+00,0.000000e+00,0.000000e+00,0.000000e+00,0.000000e+00,0.000000e+00,0.000000e+00,0.000000e+00,0.000000e+00,0.000000e+00,0.000000e+00,0.000000e+00,0.000000e+00,0.000000e+00,0.000000e+00
1.000000e+00,0.000000e+00,0.000000e+00,0.000000e+00,0.000000e+00,0.000000e+00,0.000000e+00,0.000000e+00,0.000000e+00,0.000000e+00,0.000000e+00,0.000000e+00,0.000000e+00,0.000000e+00,0.000000e+00
1.000000e+00,0.000000e+00,0.000000e+00,0.000000e+00,0.000000e+00,0.000000e+00,0.000000e+00,0.000000e+00,0.000000e+00,0.000000e+00,0.000000e+00,0.000000e+00,0.000000e+00,0.000000e+00,0.000000e+00
1.000000e+00,0.000000e+00,0.000000e+00,0.000000e+00,0.000000e+00,0.000000e+00,0.000000e+00,0.000000e+00,0.000000e+00,0.000000e+00,0.000000e+00,0.000000e+00,0.000000e+00,0.000000e+00,0.000000e+00
1.000000e+00,0.000000e+00,0.000000e+00,0.000000e+00,0.000000e+00,0.000000e+00,0.000000e+00,0.000000e+00,0.000000e+00,0.000000e+00,0.000000e+00,0.000000e+00,0.000000e+00,0.000000e+00,0.000000e+00
1.000000e+00,0.000000e+00,0.000000e+00,0.000000e+00,0.000000e+00,0.000000e+00,0.000000e+00,0.000000e+00,0.000000e+00,0.000000e+00,0.000000e+00,0.000000e+00,0.000000e+00,0.000000e+00,0.000000e+00
1.000000e+00,0.000000e+00,0.000000e+00,0.000000e+00,0.000000e+00,0.000000e+00,0.000000e+00,0.000000e+00,0.000000e+00,0.000000e+00,0.000000e+00,0.000000e+00,0.000000e+00,0.000000e+00,0.000000e+00
1.000000e+00,0.000000e+00,0.000000e+00,0.000000e+00,0.000000e+00,0.000000e+00,0.000000e+00,0.000000e+00,0.000000e+00,0.000000e+00,0.000000e+00,0.000000e+00,0.000000e+00,0.000000e+00,0.000000e+00
1.000000e+00,0.000000e+00,0.000000e+00,0.000000e+00,0.000000e+00,0.000000e+00,0.000000e+00,0.000000e+00,0.000000e+00,0.000000e+00,0.000000e+00,0.000000e+00,0.000000e+00,0.000000e+00,0.000000e+00
1.000000e+00,0.000000e+00,0.000000e+00,0.000000e+00,0.000000e+00,0.000000e+00,0.000000e+00,0.000000e+00,0.000000e+00,0.000000e+00,0.000000e+00,0.000000e+00,0.000000e+00,0.000000e+00,0.000000e+00
1.000000e+00,0.000000e+00,0.000000e+00,0.000000e+00,0.000000e+00,0.000000e+00,0.000000e+00,0.000000e+00,0.000000e+00,0.000000e+00,0.000000e+00,0.000000e+00,0.000000e+00,0.000000e+00,0.000000e+00
1.000000e+00,0.000000e+00,0.000000e+00,0.000000e+00,0.000000e+00,0.000000e+00,0.000000e+00,0.000000e+00,0.000000e+00,0.000000e+00,0.000000e+00,0.000000e+00,0.000000e+00,0.000000e+00,0.000000e+00
1.000000e+00,0.000000e+00,0.000000e+00,0.000000e+00,0.000000e+00,0.000000e+00,0.000000e+00,0.000000e+00,0.000000e+00,0.000000e+00,0.000000e+00,0.000000e+00,0.000000e+00,0.000000e+00,0.000000e+00
1.000000e+00,0.000000e+00,0.000000e+00,0.000000e+00,0.000000e+00,0.000000e+00,0.000000e+00,0.000000e+00,0.000000e+00,0.000000e+00,0.000000e+00,0.000000e+00,0.000000e+00,0.000000e+00,0.000000e+00
1.000000e+00,0.000000e+00,0.000000e+00,0.000000e+00,0.000000e+00,0.000000e+00,0.000000e+00,0.000000e+00,0.000000e+00,0.000000e+00,0.000000e+00,0.000000e+00,0.000000e+00,0.000000e+00,0.000000e+00
1.000000e+00,0.000000e+00,0.000000e+00,0.000000e+00,0.000000e+00,0.000000e+00,0.000000e+00,0.000000e+00,0.000000e+00,0.000000e+00,0.000000e+00,0.000000e+00,0.000000e+00,0.000000e+00,0.000000e+00
1.000000e+00,0.000000e+00,0.000000e+00,0.000000e+00,0.000000e+00,0.000000e+00,0.000000e+00,0.000000e+00,0.000000e+00,0.000000e+00,0.000000e+00,0.000000e+00,0.000000e+00,0.000000e+00,0.000000e+00
1.000000e+00,0.000000e+00,0.000000e+00,0.000000e+00,0.000000e+00,0.000000e+00,0.000000e+00,0.000000e+00,0.000000e+00,0.000000e+00,0.000000e+00,0.000000e+00,0.000000e+00,0.000000e+00,0.000000e+00
1.000000e+00,0.000000e+00,0.000000e+00,0.000000e+00,0.000000e+00,0.000000e+00,0.000000e+00,0.000000e+00,0.000000e+00,0.000000e+00,0.000000e+00,0.000000e+00,0.000000e+00,0.000000e+00,0.000000e+00
1.000000e+00,0.000000e+00,0.000000e+00,0.000000e+00,0.000000e+00,0.000000e+00,0.000000e+00,0.000000e+00,0.000000e+00,0.000000e+00,0.000000e+00,0.000000e+00,0.000000e+00,0.000000e+00,0.000000e+00
1.000000e+00,0.000000e+00,0.000000e+00,0.000000e+00,0.000000e+00,0.000000e+00,0.000000e+00,0.000000e+00,0.000000e+00,0.000000e+00,0.000000e+00,0.000000e+00,0.000000e+00,0.000000e+00,0.000000e+00
1.000000e+00,0.000000e+00,0.000000e+00,0.000000e+00,0.000000e+00,0.000000e+00,0.000000e+00,0.000000e+00,0.000000e+00,0.000000e+00,0.000000e+00,0.000000e+00,0.000000e+00,0.000000e+00,0.000000e+00
1.000000e+00,0.000000e+00,0.000000e+00,0.000000e+00,0.000000e+00,0.000000e+00,0.000000e+00,0.000000e+00,0.000000e+00,0.000000e+00,0.000000e+00,0.000000e+00,0.000000e+00,0.000000e+00,0.000000e+00
1.000000e+00,0.000000e+00,0.000000e+00,0.000000e+00,0.000000e+00,0.000000e+00,0.000000e+00,0.000000e+00,0.000000e+00,0.000000e+00,0.000000e+00,0.000000e+00,0.000000e+00,0.000000e+00,0.000000e+00
1.000000e+00,0.000000e+00,0.000000e+00,0.000000e+00,0.000000e+00,0.000000e+00,0.000000e+00,0.000000e+00,0.000000e+00,0.000000e+00,0.000000e+00,0.000000e+00,0.000000e+00,0.000000e+00,0.000000e+00
1.000000e+00,0.000000e+00,0.000000e+00,0.000000e+00,0.000000e+00,0.000000e+00,0.000000e+00,0.000000e+00,0.000000e+00,0.000000e+00,0.000000e+00,0.000000e+00,0.000000e+00,0.000000e+00,0.000000e+00
1.000000e+00,0.000000e+00,0.000000e+00,0.000000e+00,0.000000e+00,0.000000e+00,0.000000e+00,0.000000e+00,0.000000e+00,0.000000e+00,0.000000e+00,0.000000e+00,0.000000e+00,0.000000e+00,0.000000e+00
1.000000e+00,0.000000e+00,0.000000e+00,0.000000e+00,0.000000e+00,0.000000e+00,0.000000e+00,0.000000e+00,0.000000e+00,0.000000e+00,0.000000e+00,0.000000e+00,0.000000e+00,0.000000e+00,0.000000e+00
1.000000e+00,0.000000e+00,0.000000e+00,0.000000e+00,0.000000e+00,0.000000e+00,0.000000e+00,0.000000e+00,0.000000e+00,0.000000e+00,0.000000e+00,0.000000e+00,0.000000e+00,0.000000e+00,0.000000e+00
1.000000e+00,0.000000e+00,0.000000e+00,0.000000e+00,0.000000e+00,0.000000e+00,0.000000e+00,0.000000e+00,0.000000e+00,0.000000e+00,0.000000e+00,0.000000e+00,0.000000e+00,0.000000e+00,0.000000e+00
1.000000e+00,0.000000e+00,0.000000e+00,0.000000e+00,0.000000e+00,0.000000e+00,0.000000e+00,0.000000e+00,0.000000e+00,0.000000e+00,0.000000e+00,0.000000e+00,0.000000e+00,0.000000e+00,0.000000e+00
1.000000e+00,0.000000e+00,0.000000e+00,0.000000e+00,0.000000e+00,0.000000e+00,0.000000e+00,0.000000e+00,0.000000e+00,0.000000e+00,0.000000e+00,0.000000e+00,0.000000e+00,0.000000e+00,0.000000e+00
1.000000e+00,0.000000e+00,0.000000e+00,0.000000e+00,0.000000e+00,0.000000e+00,0.000000e+00,0.000000e+00,0.000000e+00,0.000000e+00,0.000000e+00,0.000000e+00,0.000000e+00,0.000000e+00,0.000000e+00
1.000000e+00,0.000000e+00,0.000000e+00,0.000000e+00,0.000000e+00,0.000000e+00,0.000000e+00,0.000000e+00,0.000000e+00,0.000000e+00,0.000000e+00,0.000000e+00,0.000000e+00,0.000000e+00,0.000000e+00
1.000000e+00,0.000000e+00,0.000000e+00,0.000000e+00,0.000000e+00,0.000000e+00,0.000000e+00,0.000000e+00,0.000000e+00,0.000000e+00,0.000000e+00,0.000000e+00,0.000000e+00,0.000000e+00,0.000000e+00
1.000000e+00,0.000000e+00,0.000000e+00,0.000000e+00,0.000000e+00,0.000000e+00,0.000000e+00,0.000000e+00,0.000000e+00,0.000000e+00,0.000000e+00,0.000000e+00,0.000000e+00,0.000000e+00,0.000000e+00
1.000000e+00,0.000000e+00,0.000000e+00,0.000000e+00,0.000000e+00,0.000000e+00,0.000000e+00,0.000000e+00,0.000000e+00,0.000000e+00,0.000000e+00,0.000000e+00,0.000000e+00,0.000000e+00,0.000000e+00
1.000000e+00,0.000000e+00,0.000000e+00,0.000000e+00,0.000000e+00,0.000000e+00,0.000000e+00,0.000000e+00,0.000000e+00,0.000000e+00,0.000000e+00,0.000000e+00,0.000000e+00,0.000000e+00,0.000000e+00
1.000000e+00,0.000000e+00,0.000000e+00,0.000000e+00,0.000000e+00,0.000000e+00,0.000000e+00,0.000000e+00,0.000000e+00,0.000000e+00,0.000000e+00,0.000000e+00,0.000000e+00,0.000000e+00,0.000000e+00
1.000000e+00,0.000000e+00,0.000000e+00,0.000000e+00,0.000000e+00,0.000000e+00,0.000000e+00,0.000000e+00,0.000000e+00,0.000000e+00,0.000000e+00,0.000000e+00,0.000000e+00,0.000000e+00,0.000000e+00
1.000000e+00,0.000000e+00,0.000000e+00,0.000000e+00,0.000000e+00,0.000000e+00,0.000000e+00,0.000000e+00,0.000000e+00,0.000000e+00,0.000000e+00,0.000000e+00,0.000000e+00,0.000000e+00,0.000000e+00
1.000000e+00,0.000000e+00,0.000000e+00,0.000000e+00,0.000000e+00,0.000000e+00,0.000000e+00,0.000000e+00,0.000000e+00,0.000000e+00,0.000000e+00,0.000000e+00,0.000000e+00,0.000000e+00,0.000000e+00
1.000000e+00,0.000000e+00,0.000000e+00,0.000000e+00,0.000000e+00,0.000000e+00,0.000000e+00,0.000000e+00,0.000000e+00,0.000000e+00,0.000000e+00,0.000000e+00,0.000000e+00,0.000000e+00,0.000000e+00
1.000000e+00,0.000000e+00,0.000000e+00,0.000000e+00,0.000000e+00,0.000000e+00,0.000000e+00,0.000000e+00,0.000000e+00,0.000000e+00,0.000000e+00,0.000000e+00,0.000000e+00,0.000000e+00,0.000000e+00
1.000000e+00,0.000000e+00,0.000000e+00,0.000000e+00,0.000000e+00,0.000000e+00,0.000000e+00,0.000000e+00,0.000000e+00,0.000000e+00,0.000000e+00,0.000000e+00,0.000000e+00,0.000000e+00,0.000000e+00
1.000000e+00,0.000000e+00,0.000000e+00,0.000000e+00,0.000000e+00,0.000000e+00,0.000000e+00,0.000000e+00,0.000000e+00,0.000000e+00,0.000000e+00,0.000000e+00,0.000000e+00,0.000000e+00,0.000000e+00
1.000000e+00,0.000000e+00,0.000000e+00,0.000000e+00,0.000000e+00,0.000000e+00,0.000000e+00,0.000000e+00,0.000000e+00,0.000000e+00,0.000000e+00,0.000000e+00,0.000000e+00,0.000000e+00,0.000000e+00
1.000000e+00,0.000000e+00,0.000000e+00,0.000000e+00,0.000000e+00,0.000000e+00,0.000000e+00,0.000000e+00,0.000000e+00,0.000000e+00,0.000000e+00,0.000000e+00,0.000000e+00,0.000000e+00,0.000000e+00
1.000000e+00,0.000000e+00,0.000000e+00,0.000000e+00,0.000000e+00,0.000000e+00,0.000000e+00,0.000000e+00,0.000000e+00,0.000000e+00,0.000000e+00,0.000000e+00,0.000000e+00,0.000000e+00,0.000000e+00
1.000000e+00,0.000000e+00,0.000000e+00,0.000000e+00,0.000000e+00,0.000000e+00,0.000000e+00,0.000000e+00,0.000000e+00,0.000000e+00,0.000000e+00,0.000000e+00,0.000000e+00,0.000000e+00,0.000000e+00
1.000000e+00,0.000000e+00,0.000000e+00,0.000000e+00,0.000000e+00,0.000000e+00,0.000000e+00,0.000000e+00,0.000000e+00,0.000000e+00,0.000000e+00,0.000000e+00,0.000000e+00,0.000000e+00,0.000000e+00
1.000000e+00,0.000000e+00,0.000000e+00,0.000000e+00,0.000000e+00,0.000000e+00,0.000000e+00,0.000000e+00,0.000000e+00,0.000000e+00,0.000000e+00,0.000000e+00,0.000000e+00,0.000000e+00,0.000000e+00
1.000000e+00,0.000000e+00,0.000000e+00,0.000000e+00,0.000000e+00,0.000000e+00,0.000000e+00,0.000000e+00,0.000000e+00,0.000000e+00,0.000000e+00,0.000000e+00,0.000000e+00,0.000000e+00,0.000000e+00
4.775973e-01,1.889419e-02,1.681220e-01,6.990116e-02,8.987936e-03,2.246273e-02,1.295954e-02,1.443420e-01,4.778157e-03,1.497564e-03,1.369547e-02,2.641177e-02,1.393202e-02,1.914832e-03,1.450339e-02
3.558721e-01,1.445670e-02,1.566623e-01,6.076830e-02,7.091156e-03,1.834153e-02,1.409950e-02,3.126593e-01,3.542643e-03,1.169519e-03,1.120322e-02,2.062692e-02,1.109602e-02,1.752261e-03,1.065864e-02
2.670855e-01,1.039136e-02,1.252342e-01,4.741226e-02,5.163016e-03,1.522996e-02,1.967880e-02,4.654632e-01,2.583411e-03,9.215118e-04,8.101249e-03,1.490308e-02,8.307815e-03,1.434633e-03,8.090021e-03
1.976776e-01,7.446451e-03,9.828598e-02,3.760378e-02,3.754571e-03,1.169661e-02,1.973297e-02,5.916082e-01,1.868271e-03,6.789783e-04,5.834431e-03,1.072076e-02,6.053966e-03,1.119513e-03,5.917932e-03
1.667597e-01,5.790749e-03,7.385397e-02,2.806774e-02,3.028146e-03,1.054785e-02,2.395090e-02,6.624848e-01,1.515027e-03,5.575793e-04,4.412442e-03,8.098888e-03,4.814559e-03,1.364341e-03,4.753339e-03
1.547592e-01,4.651867e-03,5.657191e-02,2.135903e-02,2.802886e-03,8.761457e-03,4.005574e-02,6.893057e-01,1.399961e-03,4.948444e-04,3.549243e-03,6.258387e-03,4.301219e-03,1.439234e-03,4.289281e-03
1.494083e-01,3.510495e-03,4.434484e-02,1.705980e-02,2.369104e-03,7.445059e-03,3.424173e-02,7.231514e-01,1.219180e-03,4.118690e-04,2.853472e-03,4.877914e-03,3.735308e-03,1.459091e-03,3.912347e-03
1.361896e-01,2.693558e-03,3.281845e-02,1.284274e-02,2.210910e-03,5.958201e-03,2.911680e-02,7.624165e-01,1.032558e-03,3.599561e-04,2.314374e-03,3.974786e-03,3.564545e-03,1.319405e-03,3.187633e-03
1.500796e-01,2.367194e-03,2.490997e-02,9.896600e-03,2.241192e-03,6.387014e-03,3.046408e-02,7.573342e-01,1.013703e-03,3.607926e-04,1.979289e-03,3.870114e-03,4.019213e-03,1.293071e-03,3.783974e-03
1.294984e-01,2.020346e-03,1.888553e-02,7.675335e-03,2.502729e-03,6.188873e-03,2.633845e-02,7.874224e-01,1.151463e-03,3.577991e-04,1.968376e-03,4.260173e-03,4.564022e-03,1.635132e-03,5.531050e-03
2.111228e-01,2.245709e-03,1.531586e-02,7.725833e-03,4.491060e-03,1.165588e-02,2.193588e-02,6.712839e-01,2.883618e-03,6.590277e-04,4.162733e-03,2.004674e-02,1.103324e-02,2.645327e-03,1.279239e-02
2.798482e-01,2.891120e-03,1.347136e-02,7.981848e-03,5.308797e-03,1.850129e-02,1.755088e-02,5.810955e-01,4.228461e-03,9.232034e-04,5.511213e-03,2.594029e-02,1.462257e-02,4.046496e-03,1.807882e-02
2.127963e-01,5.449196e-03,1.128824e-02,1.398256e-02,4.905357e-03,1.963611e-02,1.267891e-02,4.688202e-01,3.277601e-02,2.424539e-02,3.937453e-02,4.214998e-02,7.508003e-02,1.200521e-02,2.481202e-02
1.507825e-01,9.287149e-03,1.123829e-02,4.102034e-02,4.082500e-03,2.110674e-02,8.968649e-03,3.437710e-01,4.368191e-02,6.431596e-02,5.184015e-02,3.808903e-02,1.378991e-01,1.227932e-02,6.163737e-02
1.062724e-01,2.117784e-02,1.004641e-02,6.804413e-02,3.184728e-03,1.549584e-02,6.513012e-03,2.420956e-01,1.051485e-01,9.488593e-02,4.490264e-02,3.455542e-02,1.327491e-01,1.098201e-02,1.039464e-01
7.513309e-02,1.664185e-02,8.035540e-03,1.140933e-01,2.796249e-03,1.164029e-02,4.617632e-03,1.696630e-01,9.071899e-02,1.564917e-01,7.021338e-02,3.891747e-02,1.507496e-01,1.071928e-02,7.956856e-02
5.288197e-02,1.253240e-02,6.201250e-03,9.679687e-02,3.529400e-03,9.339493e-03,3.277355e-03,1.189116e-01,2.128764e-01,1.266294e-01,9.503955e-02,5.287710e-02,1.417208e-01,8.040871e-03,5.934557e-02
3.751442e-02,9.960069e-03,7.218001e-03,9.077357e-02,4.215730e-03,7.607551e-03,2.410483e-03,8.413722e-02,2.677809e-01,2.033810e-01,7.221123e-02,4.297489e-02,1.149798e-01,6.540680e-03,4.829452e-02
2.693345e-02,1.607135e-02,6.663114e-03,8.800372e-02,3.571602e-03,6.490131e-03,1.780982e-03,5.925939e-02,3.914317e-01,1.848804e-01,5.517572e-02,3.397181e-02,8.344133e-02,4.923176e-03,3.740218e-02
2.390563e-02,1.721025e-02,8.496833e-03,1.283776e-01,6.960641e-03,6.954156e-03,1.684094e-03,5.262844e-02,4.041525e-01,1.476872e-01,7.659802e-02,2.768104e-02,6.474409e-02,4.481890e-03,2.843759e-02
2.296886e-02,2.024712e-02,9.082329e-03,1.128961e-01,9.393788e-03,7.978579e-03,1.549226e-03,4.784968e-02,4.103386e-01,1.927855e-01,6.417441e-02,2.159516e-02,4.876737e-02,6.913248e-03,2.346004e-02
1.919402e-02,3.763246e-02,9.577205e-03,1.145447e-01,1.077295e-02,7.018343e-03,1.426749e-03,3.634253e-02,4.375706e-01,1.897102e-01,5.057408e-02,1.666952e-02,3.716031e-02,7.265613e-03,2.454080e-02
1.559846e-02,4.157247e-02,8.234684e-03,8.689053e-02,1.239611e-02,5.508085e-03,1.185740e-03,3.069950e-02,5.465890e-01,1.487258e-01,3.720926e-02,1.227889e-02,2.744417e-02,5.906004e-03,1.976140e-02
1.250656e-02,5.444436e-02,7.092851e-03,6.742062e-02,1.176272e-02,4.292849e-03,1.000546e-03,2.382849e-02,6.277174e-01,1.112100e-01,2.712641e-02,8.945290e-03,2.070793e-02,4.582480e-03,1.736147e-02
1.028168e-02,7.563554e-02,6.053835e-03,5.581922e-02,1.294749e-02,4.153562e-03,9.443943e-04,1.735294e-02,6.684533e-01,8.561803e-02,2.018517e-02,6.478722e-03,1.588600e-02,3.585429e-03,1.660468e-02
8.155744e-03,6.188910e-02,8.427035e-03,1.445967e-01,2.139659e-02,3.852460e-03,8.693843e-04,2.918179e-02,6.054474e-01,6.144761e-02,1.771996e-02,5.073919e-03,1.574150e-02,2.819950e-03,1.338087e-02
3.482723e-02,4.995967e-02,7.165318e-03,1.174587e-01,5.250841e-02,3.771909e-03,1.581587e-03,3.567699e-02,6.010425e-01,4.367798e-02,1.750905e-02,5.097846e-03,1.600189e-02,2.937588e-03,1.078332e-02
9.469732e-02,4.418000e-02,7.733579e-03,9.386817e-02,1.104343e-01,3.925636e-03,2.702578e-03,5.094773e-02,4.901014e-01,3.188278e-02,2.131180e-02,1.007291e-02,2.060235e-02,4.467926e-03,1.307146e-02
8.651299e-02,4.206140e-02,9.771351e-03,1.231230e-01,1.114035e-01,3.511544e-03,2.772793e-03,5.813070e-02,3.910482e-01,2.833601e-02,3.490194e-02,1.986307e-02,5.232151e-02,5.654014e-03,3.058799e-02
8.360811e-02,3.564609e-02,2.846358e-02,1.445322e-01,1.057344e-01,3.551777e-03,2.449375e-03,7.867792e-02,3.134843e-01,2.274802e-02,5.265169e-02,3.175303e-02,6.694352e-02,4.793810e-03,2.496217e-02
1.002402e-01,2.802803e-02,3.491360e-02,1.759235e-01,1.039852e-01,3.396807e-03,2.332164e-03,1.204609e-01,2.598538e-01,1.800544e-02,4.931062e-02,2.580359e-02,5.281960e-02,3.997279e-03,2.092930e-02
9.651627e-02,2.355753e-02,4.339096e-02,2.622674e-01,8.358032e-02,2.962735e-03,1.839670e-03,1.345550e-01,2.057463e-01,1.573357e-02,4.543825e-02,2.103572e-02,4.129490e-02,3.205482e-03,1.887592e-02
1.475452e-01,6.370685e-02,4.109137e-02,2.110684e-01,7.175246e-02,5.310954e-03,2.283309e-03,1.013693e-01,2.062964e-01,1.825270e-02,4.735295e-02,2.066496e-02,3.503257e-02,4.384665e-03,2.388780e-02
1.859249e-01,7.385870e-02,4.129309e-02,1.787441e-01,6.177908e-02,7.589146e-03,2.896873e-03,7.784346e-02,1.887901e-01,2.353420e-02,4.749839e-02,2.443963e-02,3.149907e-02,6.548240e-03,4.776102e-02
2.722378e-01,6.398536e-02,3.951475e-02,1.486029e-01,5.696529e-02,1.340562e-02,3.410371e-03,6.323908e-02,1.576968e-01,2.068847e-02,4.336349e-02,3.078064e-02,3.347468e-02,6.859086e-03,4.577564e-02
3.286339e-01,7.297058e-02,5.683751e-02,1.192437e-01,4.596269e-02,1.565022e-02,2.815532e-03,4.778262e-02,1.278880e-01,1.808847e-02,3.712495e-02,3.081811e-02,2.960919e-02,9.367075e-03,5.720735e-02
3.914995e-01,6.104272e-02,7.044834e-02,1.017517e-01,3.460019e-02,1.994873e-02,2.328678e-03,3.586962e-02,1.037265e-01,1.546342e-02,3.507249e-02,4.257465e-02,2.731813e-02,9.256877e-03,4.909847e-02
4.172342e-01,5.276046e-02,5.719524e-02,9.389246e-02,2.626317e-02,1.900205e-02,2.159091e-03,2.748206e-02,9.100255e-02,2.030579e-02,4.898711e-02,6.120038e-02,3.122643e-02,8.675855e-03,4.261307e-02
4.597580e-01,4.349662e-02,5.088319e-02,7.799122e-02,2.216154e-02,1.748191e-02,2.328300e-03,2.193213e-02,7.233478e-02,4.775926e-02,4.549885e-02,5.543778e-02,3.221588e-02,9.137537e-03,4.158296e-02
4.745871e-01,3.507489e-02,4.059538e-02,6.194317e-02,1.942844e-02,1.493635e-02,2.399785e-03,1.933674e-02,5.565391e-02,1.061886e-01,4.164974e-02,4.536352e-02,3.460363e-02,1.012231e-02,3.811645e-02
3.907023e-01,2.725440e-02,4.123819e-02,7.135679e-02,2.229655e-02,1.427515e-02,2.482692e-03,2.141947e-02,5.081493e-02,1.975515e-01,3.767236e-02,3.613630e-02,4.313571e-02,1.040979e-02,3.325397e-02
3.260802e-01,2.227388e-02,6.428368e-02,6.527814e-02,2.343063e-02,1.491626e-02,3.249274e-03,2.589854e-02,4.327871e-02,2.596428e-01,3.499447e-02,3.146851e-02,4.661465e-02,1.031574e-02,2.827463e-02
2.462211e-01,1.855180e-02,6.319094e-02,4.660302e-02,1.818674e-02,1.349893e-02,2.548290e-03,1.982559e-02,3.409021e-02,4.012093e-01,3.075579e-02,2.479638e-02,4.349443e-02,1.137615e-02,2.565138e-02
1.833000e-01,2.213162e-02,8.628423e-02,6.239932e-02,2.228090e-02,1.141689e-02,2.783985e-03,2.225887e-02,3.143126e-02,3.923444e-01,3.503274e-02,2.379219e-02,6.541626e-02,1.086183e-02,2.826556e-02
1.948265e-01,2.458073e-02,6.672667e-02,5.962980e-02,2.147073e-02,1.454749e-02,3.448773e-03,2.544412e-02,3.367425e-02,3.877997e-01,3.475422e-02,2.698503e-02,6.475318e-02,1.043020e-02,3.092862e-02
2.372272e-01,2.874247e-02,5.705830e-02,7.933077e-02,2.872598e-02,1.665968e-02,4.947218e-03,2.672913e-02,3.429385e-02,2.856017e-01,3.620984e-02,5.633920e-02,6.700524e-02,1.006677e-02,3.106266e-02
3.331667e-01,3.221281e-02,4.618377e-02,7.004036e-02,2.727611e-02,1.938494e-02,5.359600e-03,2.345060e-02,2.968385e-02,2.092516e-01,3.457954e-02,6.478690e-02,5.960562e-02,1.090156e-02,3.411607e-02
3.721450e-01,3.409543e-02,3.890296e-02,5.726135e-02,2.746502e-02,1.815607e-02,4.599709e-03,1.829097e-02,2.563501e-02,1.751568e-01,2.984647e-02,5.260951e-02,4.551844e-02,1.199852e-02,8.831879e-02
3.616074e-01,4.976702e-02,4.290954e-02,6.844899e-02,3.004345e-02,1.827709e-02,5.003063e-03,1.565168e-02,2.216401e-02,1.453689e-01,2.966663e-02,5.489296e-02,3.842115e-02,1.101516e-02,1.067630e-01
4.546684e-01,4.569483e-02,4.813036e-02,5.561076e-02,3.527134e-02,1.976141e-02,5.326195e-03,1.381442e-02,1.872260e-02,1.151675e-01,2.639081e-02,4.378085e-02,2.937355e-02,8.986705e-03,7.930031e-02
4.231097e-01,6.628013e-02,4.476254e-02,1.013266e-01,4.769688e-02,2.534535e-02,9.860580e-03,1.509491e-02,1.555039e-02,8.540451e-02,2.222557e-02,3.777055e-02,2.395828e-02,8.177204e-03,7.343691e-02
4.204629e-01,6.859031e-02,3.745313e-02,9.970469e-02,7.273637e-02,2.642912e-02,1.173640e-02,3.609803e-02,1.442894e-02,6.483493e-02,1.947000e-02,3.488675e-02,2.184214e-02,8.175792e-03,6.315058e-02
3.588152e-01,6.855208e-02,3.500748e-02,1.217667e-01,1.211859e-01,2.694770e-02,1.452401e-02,4.642251e-02,1.350506e-02,4.681301e-02,1.933761e-02,3.950628e-02,3.134248e-02,7.993523e-03,4.828054e-02
3.068276e-01,5.475539e-02,3.535167e-02,1.532882e-01,1.265977e-01,2.306417e-02,1.423967e-02,1.155053e-01,1.153710e-02,3.326241e-02,1.786060e-02,3.627034e-02,2.822136e-02,7.091628e-03,3.612687e-02
3.935789e-01,4.790760e-02,3.578263e-02,1.292013e-01,1.120796e-01,1.976253e-02,1.230373e-02,1.015895e-01,1.017376e-02,2.436404e-02,1.550091e-02,3.459078e-02,2.317168e-02,6.395630e-03,3.359736e-02
4.174182e-01,4.444699e-02,3.515625e-02,1.289333e-01,1.067334e-01,1.776939e-02,1.045281e-02,7.693125e-02,9.567194e-03,1.841563e-02,1.836787e-02,5.534277e-02,2.582462e-02,6.780249e-03,2.786012e-02
4.906676e-01,3.869129e-02,2.853503e-02,1.148671e-01,9.404120e-02,1.575202e-02,8.555798e-03,5.614128e-02,8.296816e-03,1.381098e-02,2.207199e-02,5.668031e-02,2.320895e-02,6.627864e-03,2.205176e-02
1.000000e+00,0.000000e+00,0.000000e+00,0.000000e+00,0.000000e+00,0.000000e+00,0.000000e+00,0.000000e+00,0.000000e+00,0.000000e+00,0.000000e+00,0.000000e+00,0.000000e+00,0.000000e+00,0.000000e+00
1.000000e+00,0.000000e+00,0.000000e+00,0.000000e+00,0.000000e+00,0.000000e+00,0.000000e+00,0.000000e+00,0.000000e+00,0.000000e+00,0.000000e+00,0.000000e+00,0.000000e+00,0.000000e+00,0.000000e+00
1.000000e+00,0.000000e+00,0.000000e+00,0.000000e+00,0.000000e+00,0.000000e+00,0.000000e+00,0.000000e+00,0.000000e+00,0.000000e+00,0.000000e+00,0.000000e+00,0.000000e+00,0.000000e+00,0.000000e+00
1.000000e+00,0.000000e+00,0.000000e+00,0.000000e+00,0.000000e+00,0.000000e+00,0.000000e+00,0.000000e+00,0.000000e+00,0.000000e+00,0.000000e+00,0.000000e+00,0.000000e+00,0.000000e+00,0.000000e+00
1.000000e+00,0.000000e+00,0.000000e+00,0.000000e+00,0.000000e+00,0.000000e+00,0.000000e+00,0.000000e+00,0.000000e+00,0.000000e+00,0.000000e+00,0.000000e+00,0.000000e+00,0.000000e+00,0.000000e+00
1.000000e+00,0.000000e+00,0.000000e+00,0.000000e+00,0.000000e+00,0.000000e+00,0.000000e+00,0.000000e+00,0.000000e+00,0.000000e+00,0.000000e+00,0.000000e+00,0.000000e+00,0.000000e+00,0.000000e+00
1.000000e+00,0.000000e+00,0.000000e+00,0.000000e+00,0.000000e+00,0.000000e+00,0.000000e+00,0.000000e+00,0.000000e+00,0.000000e+00,0.000000e+00,0.000000e+00,0.000000e+00,0.000000e+00,0.000000e+00
1.000000e+00,0.000000e+00,0.000000e+00,0.000000e+00,0.000000e+00,0.000000e+00,0.000000e+00,0.000000e+00,0.000000e+00,0.000000e+00,0.000000e+00,0.000000e+00,0.000000e+00,0.000000e+00,0.000000e+00
1.000000e+00,0.000000e+00,0.000000e+00,0.000000e+00,0.000000e+00,0.000000e+00,0.000000e+00,0.000000e+00,0.000000e+00,0.000000e+00,0.000000e+00,0.000000e+00,0.000000e+00,0.000000e+00,0.000000e+00
1.000000e+00,0.000000e+00,0.000000e+00,0.000000e+00,0.000000e+00,0.000000e+00,0.000000e+00,0.000000e+00,0.000000e+00,0.000000e+00,0.000000e+00,0.000000e+00,0.000000e+00,0.000000e+00,0.000000e+00
1.000000e+00,0.000000e+00,0.000000e+00,0.000000e+00,0.000000e+00,0.000000e+00,0.000000e+00,0.000000e+00,0.000000e+00,0.000000e+00,0.000000e+00,0.000000e+00,0.000000e+00,0.000000e+00,0.000000e+00
4.735641e-01,2.761151e-01,9.406703e-03,1.193300e-01,4.933105e-03,1.097688e-02,1.316407e-03,4.860409e-03,1.343687e-02,3.722157e-03,1.738594e-02,1.371397e-02,5.457180e-03,1.057150e-02,3.520950e-02
3.389026e-01,2.257079e-01,1.069806e-02,8.695426e-02,3.772937e-03,8.620411e-03,1.008846e-03,3.485328e-03,8.425892e-02,1.055807e-01,2.088254e-02,1.010384e-02,6.620506e-03,1.388490e-02,7.951827e-02
2.431876e-01,1.630739e-01,1.065476e-02,6.662657e-02,3.602283e-03,6.276893e-03,7.656142e-04,2.804050e-03,2.864632e-01,9.770893e-02,1.720284e-02,7.342025e-03,7.249232e-03,1.078726e-02,7.625489e-02
1.841191e-01,1.238987e-01,1.094670e-02,4.838045e-02,4.283790e-03,6.124693e-03,6.160032e-04,2.188985e-03,3.613138e-01,1.226211e-01,1.415992e-02,5.624911e-03,8.017524e-03,1.884887e-02,8.885560e-02
1.461815e-01,9.058397e-02,1.265928e-02,3.565276e-02,6.261733e-03,5.165714e-03,5.815885e-04,2.417651e-03,4.194742e-01,1.405994e-01,1.185438e-02,4.867333e-03,9.800963e-03,1.772190e-02,9.617758e-02
1.273770e-01,6.746716e-02,1.161528e-02,2.538017e-02,6.614254e-03,5.873213e-03,6.110707e-04,2.267278e-03,3.217351e-01,2.526295e-01,1.139637e-02,4.265817e-03,1.218692e-02,2.489655e-02,1.256843e-01
1.232942e-01,5.006710e-02,9.541967e-03,1.974967e-02,6.365283e-03,9.663844e-03,8.965421e-04,2.454101e-03,2.856155e-01,2.209991e-01,2.235188e-02,5.679319e-03,2.238136e-02,3.939506e-02,1.815451e-01
1.178279e-01,3.696340e-02,9.134238e-03,1.618144e-02,5.907554e-03,1.220861e-02,1.273197e-03,3.099801e-03,2.459741e-01,1.942634e-01,2.807017e-02,6.633192e-03,2.205658e-02,6.781135e-02,2.325950e-01
1.033744e-01,2.800385e-02,1.102299e-02,1.445247e-02,5.758885e-03,1.159656e-02,1.958291e-03,3.721265e-03,2.101826e-01,1.960466e-01,2.553584e-02,6.570240e-03,1.905695e-02,6.529036e-02,2.974287e-01
7.611921e-02,3.666531e-02,2.483249e-02,2.521783e-02,5.402977e-03,9.439494e-03,4.049263e-03,3.756230e-03,2.761282e-01,1.494492e-01,2.107821e-02,8.955047e-03,2.985197e-02,4.782369e-02,2.812309e-01
5.723863e-02,3.286092e-02,4.888470e-02,3.485493e-02,6.615881e-03,8.307594e-03,7.103946e-03,7.789664e-03,2.309150e-01,1.215566e-01,1.979699e-02,9.976082e-03,4.266869e-02,3.472774e-02,3.367026e-01
7.972573e-02,4.106469e-02,4.592395e-02,2.535368e-02,4.987148e-03,6.742853e-03,6.626854e-03,9.033428e-03,1.701856e-01,1.060796e-01,2.521831e-02,1.114838e-02,4.776685e-02,2.828610e-02,3.918569e-01
7.709423e-02,4.007324e-02,3.786325e-02,1.833012e-02,5.003811e-03,5.802494e-03,5.745139e-03,9.753146e-03,1.298759e-01,1.187645e-01,2.280633e-02,1.056605e-02,4.763173e-02,2.408344e-02,4.466065e-01
6.559756e-02,3.549516e-02,4.812533e-02,1.433305e-02,5.569134e-03,5.263341e-03,9.778207e-03,1.427677e-02,1.240998e-01,1.033438e-01,2.301141e-02,1.211384e-02,5.082432e-02,1.980752e-02,4.683607e-01
7.601199e-02,4.006260e-02,4.585332e-02,1.501535e-02,5.876455e-03,5.315451e-03,7.578945e-03,1.399250e-02,1.099171e-01,9.156430e-02,1.896681e-02,1.080927e-02,6.721537e-02,1.600098e-02,4.758195e-01
5.875035e-02,5.139654e-02,3.804351e-02,1.151341e-02,6.589004e-03,9.831497e-03,6.002933e-03,1.167653e-02,1.457067e-01,7.149928e-02,1.515944e-02,9.598252e-03,7.349260e-02,1.318491e-02,4.775550e-01
6.754123e-02,5.684192e-02,3.925676e-02,1.674900e-02,1.474191e-02,1.517609e-02,5.243751e-03,1.812347e-02,2.258282e-01,5.791717e-02,1.486677e-02,9.613685e-03,8.498061e-02,1.240281e-02,3.607166e-01
5.449843e-02,4.975174e-02,4.378202e-02,1.950430e-02,3.812446e-02,1.566541e-02,5.923794e-03,3.721705e-02,2.867570e-01,4.751843e-02,1.577822e-02,8.971311e-03,9.874441e-02,1.053711e-02,2.672264e-01
6.162670e-02,4.924821e-02,3.538571e-02,1.763880e-02,4.094551e-02,1.717501e-02,5.235935e-03,4.917893e-02,3.088303e-01,4.699783e-02,1.594216e-02,7.911070e-03,1.048218e-01,1.335363e-02,2.257085e-01
5.643783e-02,4.154808e-02,3.785566e-02,2.666317e-02,6.729684e-02,1.452503e-02,5.220083e-03,1.099091e-01,3.056296e-01,3.512041e-02,1.430141e-02,6.356905e-03,9.192513e-02,1.031971e-02,1.768911e-01
5.964074e-02,4.893431e-02,3.458915e-02,2.458580e-02,6.464355e-02,1.278217e-02,4.838914e-03,1.037690e-01,3.081414e-01,2.719661e-02,1.239335e-02,5.163942e-03,8.286284e-02,8.643742e-03,2.018145e-01
8.878532e-02,6.411061e-02,2.929637e-02,2.241682e-02,5.754023e-02,1.236313e-02,3.958069e-03,9.342446e-02,3.260599e-01,2.016719e-02,1.071824e-02,4.904034e-03,7.822163e-02,7.133220e-03,1.809009e-01
9.456590e-02,5.309963e-02,4.714924e-02,1.190254e-01,5.334723e-02,1.005269e-02,3.066055e-03,1.249516e-01,2.639851e-01,1.485438e-02,8.411273e-03,4.464941e-03,6.124379e-02,5.239523e-03,1.365432e-01
1.724690e-01,7.539618e-02,3.760361e-02,9.243306e-02,5.581149e-02,1.125100e-02,2.542442e-03,1.014254e-01,2.292970e-01,1.072803e-02,8.260831e-03,6.045485e-03,5.356348e-02,4.269233e-03,1.389038e-01
1.728877e-01,7.059971e-02,4.214144e-02,9.412213e-02,6.737278e-02,1.340169e-02,4.048699e-03,1.134449e-01,2.360472e-01,8.126754e-03,7.331230e-03,6.077431e-03,4.685190e-02,3.614179e-03,1.139323e-01
1.989760e-01,6.582573e-02,3.600177e-02,7.457639e-02,7.322761e-02,3.542573e-02,6.607825e-03,9.795572e-02,2.335001e-01,6.144997e-03,6.514057e-03,6.196236e-03,6.504306e-02,3.376187e-03,9.062858e-02
1.485226e-01,5.643601e-02,3.226515e-02,1.429558e-01,1.138397e-01,2.577320e-02,7.055145e-03,1.513815e-01,1.916805e-01,4.846857e-03,5.363429e-03,5.850692e-03,4.638517e-02,2.432126e-03,6.521223e-02
1.825231e-01,4.646547e-02,3.267166e-02,1.112388e-01,1.709482e-01,2.742540e-02,7.538029e-03,1.174652e-01,1.966230e-01,3.884612e-03,4.469608e-03,5.155668e-03,4.034104e-02,2.001138e-03,5.124911e-02
2.344945e-01,4.660783e-02,2.975118e-02,1.178652e-01,1.562891e-01,3.099574e-02,1.210974e-02,1.038211e-01,1.692026e-01,4.015983e-03,5.271412e-03,6.540733e-03,3.781687e-02,1.803995e-03,4.341395e-02
2.629446e-01,4.671708e-02,3.166975e-02,9.996547e-02,1.555665e-01,3.146598e-02,1.200072e-02,1.198857e-01,1.516623e-01,3.577497e-03,4.900664e-03,7.670261e-03,3.683133e-02,1.723877e-03,3.341834e-02
2.986676e-01,5.258192e-02,2.465984e-02,7.791965e-02,1.345687e-01,4.051555e-02,1.096246e-02,1.186838e-01,1.631615e-01,2.976189e-03,4.413104e-03,9.172877e-03,3.289616e-02,1.928103e-03,2.689249e-02
2.786585e-01,3.924787e-02,2.368531e-02,6.070700e-02,1.098771e-01,3.072187e-02,8.551095e-03,2.654175e-01,1.199996e-01,2.639084e-03,3.764383e-03,8.039556e-03,2.495592e-02,2.259674e-03,2.147560e-02
3.176522e-01,3.463473e-02,1.868176e-02,4.473378e-02,8.386618e-02,3.481788e-02,7.176526e-03,2.952669e-01,1.050547e-01,2.164274e-03,4.165155e-03,7.131408e-03,2.433020e-02,2.589073e-03,1.773518e-02
2.999063e-01,3.289850e-02,1.527268e-02,3.449071e-02,6.586119e-02,4.274245e-02,6.256729e-03,3.548242e-01,9.543289e-02,1.823719e-03,3.654587e-03,6.256051e-03,2.318322e-02,2.411969e-03,1.498479e-02
3.668881e-01,3.340026e-02,1.331943e-02,2.604757e-02,5.727500e-02,4.075649e-02,5.178247e-03,3.182603e-01,8.564870e-02,1.611579e-03,3.560348e-03,6.106934e-03,2.443574e-02,2.301214e-03,1.521005e-02
4.389642e-01,3.497662e-02,1.194219e-02,1.969639e-02,5.222802e-02,3.636975e-02,4.255209e-03,2.653932e-01,8.433853e-02,1.454156e-03,3.118508e-03,5.564967e-03,2.522425e-02,2.106004e-03,1.436794e-02
4.672600e-01,2.752006e-02,1.162999e-02,1.458773e-02,4.951395e-02,2.711013e-02,3.668561e-03,2.916310e-01,6.525465e-02,1.256721e-03,2.618909e-03,5.026083e-03,1.876938e-02,1.833286e-03,1.231948e-02
1.000000e+00,0.000000e+00,0.000000e+00,0.000000e+00,0.000000e+00,0.000000e+00,0.000000e+00,0.000000e+00,0.000000e+00,0.000000e+00,0.000000e+00,0.000000e+00,0.000000e+00,0.000000e+00,0.000000e+00
1.000000e+00,0.000000e+00,0.000000e+00,0.000000e+00,0.000000e+00,0.000000e+00,0.000000e+00,0.000000e+00,0.000000e+00,0.000000e+00,0.000000e+00,0.000000e+00,0.000000e+00,0.000000e+00,0.000000e+00
1.000000e+00,0.000000e+00,0.000000e+00,0.000000e+00,0.000000e+00,0.000000e+00,0.000000e+00,0.000000e+00,0.000000e+00,0.000000e+00,0.000000e+00,0.000000e+00,0.000000e+00,0.000000e+00,0.000000e+00
1.000000e+00,0.000000e+00,0.000000e+00,0.000000e+00,0.000000e+00,0.000000e+00,0.000000e+00,0.000000e+00,0.000000e+00,0.000000e+00,0.000000e+00,0.000000e+00,0.000000e+00,0.000000e+00,0.000000e+00
4.622472e-01,1.107827e-02,8.845983e-03,6.841489e-03,1.505994e-02,9.869839e-03,4.527683e-03,4.412302e-01,2.024094e-02,7.753174e-04,1.849867e-03,5.470271e-03,5.585079e-03,1.126465e-03,5.251493e-03
3.953279e-01,9.549364e-03,7.342082e-03,6.118650e-03,1.269019e-02,7.900631e-03,3.644827e-03,5.248694e-01,1.592935e-02,8.842941e-04,1.651670e-03,4.653156e-03,4.298463e-03,9.037558e-04,4.236212e-03
3.738124e-01,9.465966e-03,7.821753e-03,1.152820e-02,1.134416e-02,7.321463e-03,2.939445e-03,5.447434e-01,1.249947e-02,1.214606e-03,2.161358e-03,5.465909e-03,4.648750e-03,9.924031e-04,4.040625e-03
3.038473e-01,7.201313e-03,6.509324e-03,9.480594e-03,8.841326e-03,5.332189e-03,2.227462e-03,6.325700e-01,9.232974e-03,1.354526e-03,1.794555e-03,4.335229e-03,3.488969e-03,7.741918e-04,3.010004e-03
2.383371e-01,5.614661e-03,5.171489e-03,7.500758e-03,7.177768e-03,3.926299e-03,1.700950e-03,7.119924e-01,6.891868e-03,1.311541e-03,1.461714e-03,3.391190e-03,2.615875e-03,6.195692e-04,2.286781e-03
2.003703e-01,4.772394e-03,6.464945e-03,7.046235e-03,8.563851e-03,2.989347e-03,1.885922e-03,7.501488e-01,5.581253e-03,1.799907e-03,1.969155e-03,3.190856e-03,2.501948e-03,5.368700e-04,2.178209e-03
2.159128e-01,4.953944e-03,5.841222e-03,5.560870e-03,7.304847e-03,2.389821e-03,1.692610e-03,7.364538e-01,5.621695e-03,1.854086e-03,3.040543e-03,3.594050e-03,3.107485e-03,5.603721e-04,2.111832e-03
2.100080e-01,5.983252e-03,6.830746e-03,4.644502e-03,7.194229e-03,2.430888e-03,1.990452e-03,7.311794e-01,5.928800e-03,2.527414e-03,5.932686e-03,5.672902e-03,6.143779e-03,8.747448e-04,2.658221e-03
2.497762e-01,5.066133e-03,5.757518e-03,3.602311e-03,6.765685e-03,2.125486e-03,1.751320e-03,6.926155e-01,7.749869e-03,1.936190e-03,5.769853e-03,6.900059e-03,6.738548e-03,9.035538e-04,2.541789e-03
2.818464e-01,4.881864e-03,4.547837e-03,3.016372e-03,6.666518e-03,2.172732e-03,1.558801e-03,6.573595e-01,1.043048e-02,1.523969e-03,6.118150e-03,8.112914e-03,8.153385e-03,1.034533e-03,2.576539e-03
2.841103e-01,6.022578e-03,4.391429e-03,3.826796e-03,6.049149e-03,7.675305e-03,1.816440e-03,5.764763e-01,1.800000e-02,1.528489e-03,1.184149e-02,4.485844e-02,2.742391e-02,1.700683e-03,4.278740e-03
3.180892e-01,5.945485e-03,3.804181e-03,4.688335e-03,5.108479e-03,8.380321e-03,1.588908e-03,4.920567e-01,3.895810e-02,1.202206e-03,1.538571e-02,4.225159e-02,5.606265e-02,1.962820e-03,4.515340e-03
2.344561e-01,1.625285e-02,5.572602e-03,2.356011e-02,5.462199e-03,9.879293e-03,1.358171e-03,3.515117e-01,1.224706e-01,1.407850e-03,1.785632e-02,1.132007e-01,8.625948e-02,1.965853e-03,8.786298e-03
2.144581e-01,1.524950e-02,8.278321e-03,2.870793e-02,5.137753e-03,1.142601e-02,1.390930e-03,2.610191e-01,1.225464e-01,1.412307e-03,2.098859e-02,1.126422e-01,1.854490e-01,2.205260e-03,9.088692e-03
1.679877e-01,1.373089e-02,1.104798e-02,3.409293e-02,4.541663e-03,1.072364e-02,1.601437e-03,1.894001e-01,1.397529e-01,1.537649e-03,2.376064e-02,1.264334e-01,2.656326e-01,1.923726e-03,7.832706e-03
1.334822e-01,1.052304e-02,9.289067e-03,2.609745e-02,4.610774e-03,1.025000e-02,1.845944e-03,1.357043e-01,1.335570e-01,1.367014e-03,5.035889e-02,1.245426e-01,3.498711e-01,1.755454e-03,6.745133e-03
1.182940e-01,7.753522e-03,8.155520e-03,1.980400e-02,2.358904e-02,1.160184e-02,3.645865e-03,1.178003e-01,1.158432e-01,1.173946e-03,5.902784e-02,1.042310e-01,4.011861e-01,1.445072e-03,6.448761e-03
1.004365e-01,5.682150e-03,7.133761e-03,1.475641e-02,2.928099e-02,2.084666e-02,4.276901e-03,8.859956e-02,8.850200e-02,9.474234e-04,4.820663e-02,1.059765e-01,4.768800e-01,1.141646e-03,7.332877e-03
1.120097e-01,4.676771e-03,1.414987e-02,1.220664e-02,9.121688e-02,6.490517e-02,1.994922e-02,8.712684e-02,7.298666e-02,1.277235e-03,3.790275e-02,8.849466e-02,3.855644e-01,1.129621e-03,6.403631e-03
1.150516e-01,4.326523e-03,1.388324e-02,1.024243e-02,8.887290e-02,5.992799e-02,1.866751e-02,7.962132e-02,7.187468e-02,1.670366e-03,3.524325e-02,1.124005e-01,3.801976e-01,1.443874e-03,6.576184e-03
1.020911e-01,4.368992e-03,1.041414e-02,7.814313e-03,7.220143e-02,5.522626e-02,1.587182e-02,5.769794e-02,6.543022e-02,2.011954e-03,3.354345e-02,1.235738e-01,4.403636e-01,1.439703e-03,7.951275e-03
7.820385e-02,1.883606e-02,9.567168e-03,6.749913e-03,5.211659e-02,1.025834e-01,1.137281e-02,4.602006e-02,1.228964e-01,2.139315e-03,3.088011e-02,1.207203e-01,3.884158e-01,1.467433e-03,8.030795e-03
6.188885e-02,3.992011e-02,7.324475e-03,5.105717e-03,3.775217e-02,1.737911e-01,8.106250e-03,3.309998e-02,1.763353e-01,1.997653e-03,2.503507e-02,9.464175e-02,3.230650e-01,1.332827e-03,1.060374e-02
4.435307e-02,1.604760e-01,9.335462e-03,1.229514e-02,2.662249e-02,1.467704e-01,5.706514e-03,2.336833e-02,2.416054e-01,2.465758e-03,1.886747e-02,6.792243e-02,2.297370e-01,1.019972e-03,9.454581e-03
3.529001e-02,1.445360e-01,7.805108e-03,1.151810e-02,2.056901e-02,2.057172e-01,4.250952e-03,1.688274e-02,2.958736e-01,3.579960e-03,1.649686e-02,4.820200e-02,1.669293e-01,9.003761e-04,2.144871e-02
2.576340e-02,1.716453e-01,7.928084e-03,2.172001e-02,1.498076e-02,1.870162e-01,3.035252e-03,1.240017e-02,3.636147e-01,4.390159e-03,1.341138e-02,3.458460e-02,1.193871e-01,6.937889e-04,1.942914e-02
2.639801e-02,1.847401e-01,1.250160e-02,2.018958e-02,1.312040e-02,1.574066e-01,2.464368e-03,9.322681e-03,3.576518e-01,1.330609e-02,1.446885e-02,2.479134e-02,8.781186e-02,9.836700e-04,7.484309e-02
2.203486e-02,2.019913e-01,1.969443e-02,5.406345e-02,9.609284e-03,1.159473e-01,1.787933e-03,7.620530e-03,3.763019e-01,1.282800e-02,1.233924e-02,1.790082e-02,6.342617e-02,1.038478e-03,8.341632e-02
2.132290e-02,1.892925e-01,3.688481e-02,8.806722e-02,6.902700e-03,8.275530e-02,1.302566e-03,5.952889e-03,3.851633e-01,2.038642e-02,1.222930e-02,1.397802e-02,4.798847e-02,2.253419e-03,8.552025e-02
4.307785e-02,1.571767e-01,3.663720e-02,7.074521e-02,7.348767e-03,6.445681e-02,1.262428e-03,5.368552e-03,3.837006e-01,2.348104e-02,1.708136e-02,1.104749e-02,3.834543e-02,3.550755e-03,1.367197e-01
3.274969e-02,1.726299e-01,3.879724e-02,9.352513e-02,5.355679e-03,4.542034e-02,9.079027e-04,3.923632e-03,4.158135e-01,2.052497e-02,1.361655e-02,9.959377e-03,2.989596e-02,3.273903e-03,1.136062e-01
3.243679e-02,1.242538e-01,2.771951e-02,6.594735e-02,3.971687e-03,3.217126e-02,6.616278e-04,3.156502e-03,5.493180e-01,1.692028e-02,1.084243e-02,7.163811e-03,2.323314e-02,3.247851e-03,9.895605e-02
2.553761e-02,9.209798e-02,2.438016e-02,4.945974e-02,3.168222e-03,2.276302e-02,5.041608e-04,2.683817e-03,6.554618e-01,1.365205e-02,8.468293e-03,5.299917e-03,1.728250e-02,2.898274e-03,7.634248e-02
2.135986e-02,6.841540e-02,2.153787e-02,7.371564e-02,2.840825e-03,1.613696e-02,4.526106e-04,2.141229e-03,6.400234e-01,1.566304e-02,1.846785e-02,9.121048e-03,2.842495e-02,1.353478e-02,6.816454e-02
2.464319e-02,4.937731e-02,1.803181e-02,6.084277e-02,2.570686e-03,1.179094e-02,5.073812e-04,2.259129e-03,4.892088e-01,1.308732e-02,4.515050e-02,1.240431e-02,1.149369e-01,1.777643e-02,1.374125e-01
1.806900e-02,3.537263e-02,2.492829e-02,4.634421e-02,3.614197e-03,8.514979e-03,5.008154e-04,1.621415e-03,3.445760e-01,1.084777e-02,8.624834e-02,1.165318e-02,1.184951e-01,1.410600e-02,2.751080e-01
1.289263e-02,2.508169e-02,2.667842e-02,3.251638e-02,2.680763e-03,6.028770e-03,3.932955e-04,1.205758e-03,2.419516e-01,9.202023e-03,6.115821e-02,8.931339e-03,1.074714e-01,1.145038e-02,4.523573e-01
9.665892e-03,2.164805e-02,7.966958e-02,2.635234e-02,3.062888e-03,5.330066e-03,9.595959e-04,9.150071e-04,1.705403e-01,4.809476e-02,4.703409e-02,2.835929e-02,1.573464e-01,1.260387e-02,3.884179e-01
9.501248e-03,2.099901e-02,6.194829e-02,1.868101e-02,2.996294e-03,6.018986e-03,7.518685e-04,6.625055e-04,1.208272e-01,1.391923e-01,9.454534e-02,3.727328e-02,1.541422e-01,3.360932e-02,2.988510e-01
1.058830e-02,2.617903e-02,4.763899e-02,1.353715e-02,2.811412e-03,1.183344e-02,5.851369e-04,5.440523e-04,8.779527e-02,1.930278e-01,1.392124e-01,6.041598e-02,1.267383e-01,3.705857e-02,2.420341e-01
1.425403e-02,2.968702e-02,6.521089e-02,1.255705e-02,3.243959e-03,3.184495e-02,5.108396e-04,1.246111e-03,6.409540e-02,1.683269e-01,2.216883e-01,5.465440e-02,9.515973e-02,3.973009e-02,1.977904e-01
1.527362e-02,2.297582e-02,5.504901e-02,1.141956e-02,4.100722e-03,2.936663e-02,6.282858e-04,2.619839e-03,4.818232e-02,1.252411e-01,3.771755e-01,4.471520e-02,6.863894e-02,4.487909e-02,1.497344e-01
1.362099e-02,1.795909e-02,4.190370e-02,9.710197e-03,5.036525e-03,2.346927e-02,6.438176e-04,2.696076e-03,3.691557e-02,9.295692e-02,5.023189e-01,3.846032e-02,4.904225e-02,5.697612e-02,1.082901e-01
1.372552e-02,1.643680e-02,3.060572e-02,8.697455e-03,5.260775e-03,1.968406e-02,5.289024e-04,2.171648e-03,3.004132e-02,7.363629e-02,5.695036e-01,4.510240e-02,3.518621e-02,7.223991e-02,7.717931e-02
1.184474e-02,1.397649e-02,2.229557e-02,7.645934e-03,5.052135e-03,1.573693e-02,4.695638e-04,1.745798e-03,2.795020e-02,6.725127e-02,6.167582e-01,4.747533e-02,2.536153e-02,8.097003e-02,5.546616e-02
1.163125e-02,1.334668e-02,1.698686e-02,6.476775e-03,5.202669e-03,1.308507e-02,4.176320e-04,1.555653e-03,2.652486e-02,5.778845e-02,6.420625e-01,5.796401e-02,1.931988e-02,8.712178e-02,4.051585e-02
1.847332e-02,1.154824e-02,1.313173e-02,5.123434e-03,5.759222e-03,1.034049e-02,3.574811e-04,1.887661e-03,2.163767e-02,4.331069e-02,6.508422e-01,8.582151e-02,1.467445e-02,8.782879e-02,2.926298e-02
2.479250e-02,9.679128e-03,1.230695e-02,4.328614e-03,6.170755e-03,8.395559e-03,3.243475e-04,4.033476e-03,2.315195e-02,3.421081e-02,6.332891e-01,1.209886e-01,1.099630e-02,8.587615e-02,2.145564e-02
2.371787e-02,1.518439e-02,1.893098e-02,4.259167e-03,1.151965e-02,8.480920e-03,1.032582e-03,7.473027e-03,2.655905e-02,4.298698e-02,6.189363e-01,1.119375e-01,8.235266e-03,8.247141e-02,1.827482e-02
2.450290e-02,1.454607e-02,2.098222e-02,3.827217e-03,1.250827e-02,7.423306e-03,1.419364e-03,1.089666e-02,3.011021e-02,4.347426e-02,6.280227e-01,1.004490e-01,6.264471e-03,8.037591e-02,1.519739e-02
2.023222e-02,1.098176e-02,1.979290e-02,3.043981e-03,9.002573e-02,7.840818e-03,3.099153e-03,1.300185e-02,5.221982e-02,4.550879e-02,5.643327e-01,7.884911e-02,4.912814e-03,7.482801e-02,1.133027e-02
1.717172e-02,9.012965e-03,1.867086e-02,2.707202e-03,7.700567e-02,8.191438e-03,3.794485e-03,2.073399e-02,1.122774e-01,6.448115e-02,5.047067e-01,6.923342e-02,4.107296e-03,7.611623e-02,1.178952e-02
1.408942e-02,7.106182e-03,1.921021e-02,5.834550e-03,8.237361e-02,9.973552e-03,3.962540e-03,5.267496e-02,2.245499e-01,6.544966e-02,3.805731e-01,5.418980e-02,4.046584e-03,6.194993e-02,1.401598e-02
1.722649e-02,1.031983e-02,2.421075e-02,8.509582e-03,1.132944e-01,5.590749e-02,5.581402e-03,6.913742e-02,2.104936e-01,6.977366e-02,2.922920e-01,4.394476e-02,4.249655e-03,5.397705e-02,2.108184e-02
1.586426e-02,8.569581e-03,2.233490e-02,1.108065e-02,1.056741e-01,6.068058e-02,5.374725e-03,7.734961e-02,2.175049e-01,6.626089e-02,2.625133e-01,4.510728e-02,9.341557e-03,4.472461e-02,4.761901e-02
1.518203e-02,1.084430e-02,2.111096e-02,1.547555e-02,8.849086e-02,6.233978e-02,4.903515e-03,8.663327e-02,2.562626e-01,6.165139e-02,1.996478e-01,4.774847e-02,1.514167e-02,3.373986e-02,8.082795e-02
1.259455e-02,1.144639e-02,1.852666e-02,3.952932e-02,7.053192e-02,5.785081e-02,4.157819e-03,6.849039e-02,2.212064e-01,4.908767e-02,1.461151e-01,6.331452e-02,8.422164e-02,2.389558e-02,1.290312e-01
1.001488e-02,8.907788e-03,1.492428e-02,5.322579e-02,5.537530e-02,4.871865e-02,3.346247e-03,4.981259e-02,1.713921e-01,3.635557e-02,1.086288e-01,7.024696e-02,2.307973e-01,1.689814e-02,1.213556e-01
8.815788e-03,6.668893e-03,1.069470e-02,4.027265e-02,4.050734e-02,3.866404e-02,2.468877e-03,3.677502e-02,1.247016e-01,2.656860e-02,9.159873e-02,1.130482e-01,3.540163e-01,1.280066e-02,9.239858e-02
1.043506e-02,5.844195e-03,8.802820e-03,3.250634e-02,3.324341e-02,2.989743e-02,1.975710e-03,2.992246e-02,9.377372e-02,2.151174e-02,9.344184e-02,1.083054e-01,4.474265e-01,1.159174e-02,7.132164e-02
1.158856e-02,7.221141e-03,2.990779e-02,3.869555e-02,2.837568e-02,2.472764e-02,1.641954e-03,3.021889e-02,9.441137e-02,2.001056e-02,1.028882e-01,8.302757e-02,4.391151e-01,1.463592e-02,7.353409e-02
1.153397e-02,6.666565e-03,2.358958e-02,2.977628e-02,3.050558e-02,2.185765e-02,1.638876e-03,2.738842e-02,9.707127e-02,1.661387e-02,8.463247e-02,6.704605e-02,4.817238e-01,1.456772e-02,8.538798e-02
1.547895e-02,7.127051e-03,1.935075e-02,2.276394e-02,2.818010e-02,3.156876e-02,3.325069e-03,4.129734e-02,9.559251e-02,1.417375e-02,8.104366e-02,6.429538e-02,4.875875e-01,1.747157e-02,7.074374e-02
1.926021e-02,7.149995e-03,2.974038e-02,1.806812e-02,4.568855e-02,4.773187e-02,2.058528e-02,8.853980e-02,9.313224e-02,1.126698e-02,7.884412e-02,5.588914e-02,4.069934e-01,1.924460e-02,5.786533e-02
2.413850e-02,9.845968e-03,3.077573e-02,1.400858e-02,4.570427e-02,8.169699e-02,2.026471e-02,7.751511e-02,8.277534e-02,8.783937e-03,6.158105e-02,7.119333e-02,4.099592e-01,1.740951e-02,4.434783e-02
2.297363e-02,3.017716e-02,2.543847e-02,1.138515e-02,4.491695e-02,1.479074e-01,2.114324e-02,6.827820e-02,1.678811e-01,6.885907e-03,4.407504e-02,5.552215e-02,3.063638e-01,1.298509e-02,3.406671e-02
2.289949e-02,4.032240e-02,2.086216e-02,8.991258e-03,4.384746e-02,2.115902e-01,2.659269e-02,5.412786e-02,2.107396e-01,5.246104e-03,3.113121e-02,4.129603e-02,2.488093e-01,9.245963e-03,2.429832e-02
2.423385e-02,4.630991e-02,1.550284e-02,7.460771e-03,4.665770e-02,2.368539e-01,2.474969e-02,5.868598e-02,2.430310e-01,4.202924e-03,2.197935e-02,3.022918e-02,2.157840e-01,6.603555e-03,1.771529e-02
2.831107e-02,4.296136e-02,1.191827e-02,6.042804e-03,6.886496e-02,2.806868e-01,2.291245e-02,5.320030e-02,2.311217e-01,3.009141e-03,1.590390e-02,2.485097e-02,1.927866e-01,4.792687e-03,1.263704e-02
2.818560e-02,3.374418e-02,9.855958e-03,8.569721e-03,1.107986e-01,2.412725e-01,2.307827e-02,1.651231e-01,1.910642e-01,2.142433e-03,1.127433e-02,1.809105e-02,1.444310e-01,3.410626e-03,8.958307e-03
5.375175e-02,3.184271e-02,1.100048e-02,1.560800e-02,1.028323e-01,2.000629e-01,1.751065e-02,2.041675e-01,1.747251e-01,1.900719e-03,8.258280e-03,1.390557e-02,1.537442e-01,2.547175e-03,8.142702e-03
1.085873e-01,3.020876e-02,1.614469e-02,4.128963e-02,9.715594e-02,1.647530e-01,1.456740e-02,2.075410e-01,1.573340e-01,3.277756e-03,6.891944e-03,1.250619e-02,1.272953e-01,2.031230e-03,1.041585e-02
1.018109e-01,2.353780e-02,4.682427e-02,1.262210e-01,1.117469e-01,1.226543e-01,1.384103e-02,2.069301e-01,1.273598e-01,2.676526e-03,5.891170e-03,9.797725e-03,9.124660e-02,1.460662e-03,8.001196e-03
1.717624e-01,2.282326e-02,6.558718e-02,1.460114e-01,9.216408e-02,1.073598e-01,1.140623e-02,1.690873e-01,1.157800e-01,3.510571e-03,5.812050e-03,9.027120e-03,7.093669e-02,1.264105e-03,7.467864e-03
2.313771e-01,2.549581e-02,7.369094e-02,1.320038e-01,7.646754e-02,9.970121e-02,8.637033e-03,1.652905e-01,1.004494e-01,7.943772e-03,6.684958e-03,8.034011e-03,5.458656e-02,1.471962e-03,8.165503e-03
2.778518e-01,2.745914e-02,5.706279e-02,1.080673e-01,1.051480e-01,7.750532e-02,8.699398e-03,1.456920e-01,1.061452e-01,7.398712e-03,9.106519e-03,1.364209e-02,4.628725e-02,1.503921e-03,8.430569e-03
2.759879e-01,2.701928e-02,5.064794e-02,1.512492e-01,9.288558e-02,5.925027e-02,8.708357e-03,1.293759e-01,1.039189e-01,7.722134e-03,1.091595e-02,2.922128e-02,4.178362e-02,1.876944e-03,9.436703e-03
3.532023e-01,2.456000e-02,4.309682e-02,1.282256e-01,8.146110e-02,5.121056e-02,9.618353e-03,1.089572e-01,1.000176e-01,6.652694e-03,1.039989e-02,3.329258e-02,3.737606e-02,2.330824e-03,9.598442e-03
4.240246e-01,2.444806e-02,4.384017e-02,1.262742e-01,6.937882e-02,4.226756e-02,8.872122e-03,8.149848e-02,7.754601e-02,6.145114e-03,1.033182e-02,3.996268e-02,3.242928e-02,2.555485e-03,1.042551e-02
1.000000e+00,0.000000e+00,0.000000e+00,0.000000e+00,0.000000e+00,0.000000e+00,0.000000e+00,0.000000e+00,0.000000e+00,0.000000e+00,0.000000e+00,0.000000e+00,0.000000e+00,0.000000e+00,0.000000e+00
1.000000e+00,0.000000e+00,0.000000e+00,0.000000e+00,0.000000e+00,0.000000e+00,0.000000e+00,0.000000e+00,0.000000e+00,0.000000e+00,0.000000e+00,0.000000e+00,0.000000e+00,0.000000e+00,0.000000e+00
1.000000e+00,0.000000e+00,0.000000e+00,0.000000e+00,0.000000e+00,0.000000e+00,0.000000e+00,0.000000e+00,0.000000e+00,0.000000e+00,0.000000e+00,0.000000e+00,0.000000e+00,0.000000e+00,0.000000e+00
1.000000e+00,0.000000e+00,0.000000e+00,0.000000e+00,0.000000e+00,0.000000e+00,0.000000e+00,0.000000e+00,0.000000e+00,0.000000e+00,0.000000e+00,0.000000e+00,0.000000e+00,0.000000e+00,0.000000e+00
1.000000e+00,0.000000e+00,0.000000e+00,0.000000e+00,0.000000e+00,0.000000e+00,0.000000e+00,0.000000e+00,0.000000e+00,0.000000e+00,0.000000e+00,0.000000e+00,0.000000e+00,0.000000e+00,0.000000e+00
1.000000e+00,0.000000e+00,0.000000e+00,0.000000e+00,0.000000e+00,0.000000e+00,0.000000e+00,0.000000e+00,0.000000e+00,0.000000e+00,0.000000e+00,0.000000e+00,0.000000e+00,0.000000e+00,0.000000e+00
1.000000e+00,0.000000e+00,0.000000e+00,0.000000e+00,0.000000e+00,0.000000e+00,0.000000e+00,0.000000e+00,0.000000e+00,0.000000e+00,0.000000e+00,0.000000e+00,0.000000e+00,0.000000e+00,0.000000e+00
1.000000e+00,0.000000e+00,0.000000e+00,0.000000e+00,0.000000e+00,0.000000e+00,0.000000e+00,0.000000e+00,0.000000e+00,0.000000e+00,0.000000e+00,0.000000e+00,0.000000e+00,0.000000e+00,0.000000e+00
1.000000e+00,0.000000e+00,0.000000e+00,0.000000e+00,0.000000e+00,0.000000e+00,0.000000e+00,0.000000e+00,0.000000e+00,0.000000e+00,0.000000e+00,0.000000e+00,0.000000e+00,0.000000e+00,0.000000e+00
1.000000e+00,0.000000e+00,0.000000e+00,0.000000e+00,0.000000e+00,0.000000e+00,0.000000e+00,0.000000e+00,0.000000e+00,0.000000e+00,0.000000e+00,0.000000e+00,0.000000e+00,0.000000e+00,0.000000e+00
1.000000e+00,0.000000e+00,0.000000e+00,0.000000e+00,0.000000e+00,0.000000e+00,0.000000e+00,0.000000e+00,0.000000e+00,0.000000e+00,0.000000e+00,0.000000e+00,0.000000e+00,0.000000e+00,0.000000e+00
1.000000e+00,0.000000e+00,0.000000e+00,0.000000e+00,0.000000e+00,0.000000e+00,0.000000e+00,0.000000e+00,0.000000e+00,0.000000e+00,0.000000e+00,0.000000e+00,0.000000e+00,0.000000e+00,0.000000e+00
1.000000e+00,0.000000e+00,0.000000e+00,0.000000e+00,0.000000e+00,0.000000e+00,0.000000e+00,0.000000e+00,0.000000e+00,0.000000e+00,0.000000e+00,0.000000e+00,0.000000e+00,0.000000e+00,0.000000e+00
3.736593e-01,1.917135e-02,1.584696e-02,4.574625e-02,7.231676e-03,2.638533e-02,1.238849e-03,4.120308e-03,1.195142e-02,4.007955e-01,2.655692e-02,1.666948e-02,1.575733e-02,9.064471e-03,2.580483e-02
3.166693e-01,1.959256e-02,5.943802e-02,3.772963e-02,8.526290e-03,2.355538e-02,1.262166e-03,5.275186e-03,1.832175e-02,4.085848e-01,3.484838e-02,1.278911e-02,1.712077e-02,1.141148e-02,2.487517e-02
2.463786e-01,2.224874e-02,6.751973e-02,9.027842e-02,9.156678e-03,2.484166e-02,1.470188e-03,4.299878e-03,2.283949e-02,3.957427e-01,3.610638e-02,9.945028e-03,2.172492e-02,1.666200e-02,3.078560e-02
1.949632e-01,1.970917e-02,6.841345e-02,6.872538e-02,8.719172e-03,2.005638e-02,1.602639e-03,4.292259e-03,2.707837e-02,3.774332e-01,7.913267e-02,9.251303e-03,3.025382e-02,2.860780e-02,6.176125e-02
1.581043e-01,2.670199e-02,8.644587e-02,5.861159e-02,9.074306e-03,1.619449e-02,2.753306e-03,3.954939e-03,3.238892e-02,4.144106e-01,6.685989e-02,1.024786e-02,3.188248e-02,2.482047e-02,5.754896e-02
2.049560e-01,2.307228e-02,6.915747e-02,4.543945e-02,9.348361e-03,1.373205e-02,2.599395e-03,4.042492e-03,3.197538e-02,4.169916e-01,6.102099e-02,8.679048e-03,2.817307e-02,2.516335e-02,5.564903e-02
1.804454e-01,1.936338e-02,5.657730e-02,3.290981e-02,8.475506e-03,1.420875e-02,2.821066e-03,3.978882e-03,3.134977e-02,5.078560e-01,4.753289e-02,7.499454e-03,2.276968e-02,1.941309e-02,4.479899e-02
1.561343e-01,2.174230e-02,6.770397e-02,4.475640e-02,1.353090e-02,1.190055e-02,4.496492e-03,1.190178e-02,3.985419e-02,4.873898e-01,4.135714e-02,7.376577e-03,2.852781e-02,1.683262e-02,4.649519e-02
1.980962e-01,1.931417e-02,5.354856e-02,3.684454e-02,1.856561e-02,1.141633e-02,4.718764e-03,2.119911e-02,3.667147e-02,4.671658e-01,3.356524e-02,6.635906e-03,2.743429e-02,1.517835e-02,4.964576e-02
2.408545e-01,2.013941e-02,4.937097e-02,4.867469e-02,2.523962e-02,1.030054e-02,4.791181e-03,3.018873e-02,3.903378e-02,4.075360e-01,2.919630e-02,1.123518e-02,2.577081e-02,1.443337e-02,4.323503e-02
3.382246e-01,1.923294e-02,4.094441e-02,4.019368e-02,2.179953e-02,1.096313e-02,4.136371e-03,2.636157e-02,3.545266e-02,3.425107e-01,2.644518e-02,1.584706e-02,2.683909e-02,1.230577e-02,3.874331e-02
3.656781e-01,1.691899e-02,3.466142e-02,3.420117e-02,4.112922e-02,1.039222e-02,4.392047e-03,3.792345e-02,3.750538e-02,3.124695e-01,2.213798e-02,1.657190e-02,2.387589e-02,1.126148e-02,3.088131e-02
3.363654e-01,1.660963e-02,4.494222e-02,3.464350e-02,5.290421e-02,1.041558e-02,4.685214e-03,1.232057e-01,3.155537e-02,2.414526e-01,1.960602e-02,1.628923e-02,2.403315e-02,1.041643e-02,3.287582e-02
2.929608e-01,1.652250e-02,1.042533e-01,4.747120e-02,7.278995e-02,9.439249e-03,6.137319e-03,1.386711e-01,2.696936e-02,2.033252e-01,1.514939e-02,1.312074e-02,1.961314e-02,8.025226e-03,2.555156e-02
3.057638e-01,2.708617e-02,1.034073e-01,4.516954e-02,9.238410e-02,1.734455e-02,9.260477e-03,1.328381e-01,2.837054e-02,1.725344e-01,1.184215e-02,1.046466e-02,1.533656e-02,6.799140e-03,2.139868e-02
2.624264e-01,2.905344e-02,8.419314e-02,4.672363e-02,1.457518e-01,2.068770e-02,1.469523e-02,1.500202e-01,3.457356e-02,1.571211e-01,9.208624e-03,8.212692e-03,1.237957e-02,6.148853e-03,1.880418e-02
2.334517e-01,3.168292e-02,7.263889e-02,4.798289e-02,1.988391e-01,2.209869e-02,1.447435e-02,1.694899e-01,3.044861e-02,1.342760e-01,7.225060e-03,6.838033e-03,9.973777e-03,5.172357e-03,1.540775e-02
2.149791e-01,3.340177e-02,8.060676e-02,3.880446e-02,2.271232e-01,2.224600e-02,1.240553e-02,1.809753e-01,3.602143e-02,1.120438e-01,5.906052e-03,5.279472e-03,9.764606e-03,5.821784e-03,1.462079e-02
1.979227e-01,3.444870e-02,6.979553e-02,3.550902e-02,1.957405e-01,1.908711e-02,9.640337e-03,2.799633e-01,3.917608e-02,8.296964e-02,4.895625e-03,4.725386e-03,8.622156e-03,5.408857e-03,1.209512e-02
1.789533e-01,2.870287e-02,5.593605e-02,4.044547e-02,1.683466e-01,1.604032e-02,7.503789e-03,3.809612e-01,3.435357e-02,5.955454e-02,4.707108e-03,4.267295e-03,6.913532e-03,4.174486e-03,9.139854e-03
1.673281e-01,2.413306e-02,4.855401e-02,3.766425e-02,1.463529e-01,1.327970e-02,5.843809e-03,4.598029e-01,2.958287e-02,4.264992e-02,4.335298e-03,3.876557e-03,5.966430e-03,3.467137e-03,7.163030e-03
1.656319e-01,1.945607e-02,3.729863e-02,2.845321e-02,1.125049e-01,1.035886e-02,4.658446e-03,5.457523e-01,2.495067e-02,3.050729e-02,4.037163e-03,3.384569e-03,4.998373e-03,2.579019e-03,5.428656e-03
1.351659e-01,1.449864e-02,2.693569e-02,2.111699e-02,8.111843e-02,7.794650e-03,4.051056e-03,6.518068e-01,1.832284e-02,2.146374e-02,4.120995e-03,3.561186e-03,4.099166e-03,1.881541e-03,4.062363e-03
1.428469e-01,1.088938e-02,1.960962e-02,1.573793e-02,5.872808e-02,6.648337e-03,3.746847e-03,6.980142e-01,1.374728e-02,1.516999e-02,3.596623e-03,3.214922e-03,3.480739e-03,1.456970e-03,3.112212e-03
2.358854e-01,8.752939e-03,1.524581e-02,1.418304e-02,4.373428e-02,7.321996e-03,3.493733e-03,6.287909e-01,1.264456e-02,1.116709e-02,4.135920e-03,6.110836e-03,3.799682e-03,1.524144e-03,3.209778e-03
3.024919e-01,6.508320e-03,1.119756e-02,1.087402e-02,3.120085e-02,7.375563e-03,3.019839e-03,5.876606e-01,1.004708e-02,8.075217e-03,5.108105e-03,8.222717e-03,4.065480e-03,1.360629e-03,2.792142e-03
4.051647e-01,4.908912e-03,8.149870e-03,9.420427e-03,2.250268e-02,7.635364e-03,2.606956e-03,4.407897e-01,8.026979e-03,6.894814e-03,2.477036e-02,2.381931e-02,3.119666e-02,1.678052e-03,2.435222e-03
3.806505e-01,4.293294e-03,7.270060e-03,2.297157e-02,1.644505e-02,7.893279e-03,2.021044e-03,3.208596e-01,6.711969e-03,1.120141e-02,6.180249e-02,4.022983e-02,1.120036e-01,2.449277e-03,3.197004e-03
2.928428e-01,3.581006e-03,6.039514e-03,1.819100e-02,1.170348e-02,5.864525e-03,1.448615e-03,2.260487e-01,6.037893e-03,1.785008e-02,9.207185e-02,5.071840e-02,2.551500e-01,4.198567e-03,8.253640e-03
2.222888e-01,2.738789e-03,9.461760e-03,1.936941e-02,1.398650e-02,6.180360e-03,1.290642e-03,1.675609e-01,6.786068e-03,3.030569e-02,1.309753e-01,3.904931e-02,3.090870e-01,4.559202e-03,3.636039e-02
1.944721e-01,3.803130e-03,1.534708e-02,2.651698e-02,2.059903e-02,1.227085e-02,2.482637e-03,1.262756e-01,1.066057e-02,3.580386e-02,1.140536e-01,3.855538e-02,3.297678e-01,6.783365e-03,6.260809e-02
1.490621e-01,3.283595e-03,1.458321e-02,1.998295e-02,2.202253e-02,1.288981e-02,2.271627e-03,9.730085e-02,1.267300e-02,4.421533e-02,1.255589e-01,4.389835e-02,3.610941e-01,6.581809e-03,8.458190e-02
1.079609e-01,8.578740e-03,3.195138e-02,1.453123e-02,2.257184e-02,9.832442e-03,1.791736e-03,7.280590e-02,2.317698e-02,4.039813e-02,1.230372e-01,4.426200e-02,3.858526e-01,8.536682e-03,1.047121e-01
7.635213e-02,1.949802e-02,7.576317e-02,1.058906e-02,1.812376e-02,8.161886e-03,1.564748e-03,5.310915e-02,3.163186e-02,4.723855e-02,1.068609e-01,8.422952e-02,3.661894e-01,9.935457e-03,9.075239e-02
6.965116e-02,3.079355e-02,6.801479e-02,1.060693e-02,3.638522e-02,8.787385e-03,2.491054e-03,4.679081e-02,8.391736e-02,5.114368e-02,1.015589e-01,8.987863e-02,3.143381e-01,1.203795e-02,7.360453e-02
5.768555e-02,3.772531e-02,5.694000e-02,9.420689e-03,6.566435e-02,7.716088e-03,2.062812e-03,4.300932e-02,1.294774e-01,8.981117e-02,9.115094e-02,8.260603e-02,2.508021e-01,1.201341e-02,6.391487e-02
4.353359e-02,3.246339e-02,4.241234e-02,8.219603e-03,8.152869e-02,6.091725e-03,1.557679e-03,4.029594e-02,1.891740e-01,1.016381e-01,9.401248e-02,9.964912e-02,1.971368e-01,1.282353e-02,4.946305e-02
3.312450e-02,2.967243e-02,3.034277e-02,6.480742e-03,8.374397e-02,4.484222e-03,1.162530e-03,3.076655e-02,3.471276e-01,8.439912e-02,7.895082e-02,8.059172e-02,1.429637e-01,9.542343e-03,3.664701e-02
2.695892e-02,5.788144e-02,3.767268e-02,5.639823e-03,8.702209e-02,3.497970e-03,9.140557e-04,4.955833e-02,3.840641e-01,7.775903e-02,5.824637e-02,6.661521e-02,1.094956e-01,7.272671e-03,2.740168e-02
2.255027e-02,6.387834e-02,3.754180e-02,5.143172e-03,9.618941e-02,3.413330e-03,7.319557e-04,7.298280e-02,3.964319e-01,8.835301e-02,4.769135e-02,5.950622e-02,8.035369e-02,5.520510e-03,1.971223e-02
3.128009e-02,5.144295e-02,4.817611e-02,1.668437e-02,9.386832e-02,3.978552e-03,1.373281e-03,1.156830e-01,3.104577e-01,1.459998e-01,5.331890e-02,4.884344e-02,5.915698e-02,5.193573e-03,1.454290e-02
4.141489e-02,4.652008e-02,3.775086e-02,1.482208e-02,9.527408e-02,1.371142e-02,1.797149e-03,1.079161e-01,3.607241e-01,1.257088e-01,4.648189e-02,4.753833e-02,4.433874e-02,4.804844e-03,1.119664e-02
5.385858e-02,4.114094e-02,2.913075e-02,1.433612e-02,9.219989e-02,1.750671e-02,2.448283e-03,1.017116e-01,3.827122e-01,1.364153e-01,3.907316e-02,4.087555e-02,3.507904e-02,4.826232e-03,8.685658e-03
7.744616e-02,4.067906e-02,2.235561e-02,1.220877e-02,8.262616e-02,3.145533e-02,3.037625e-03,8.742568e-02,3.588378e-01,1.574857e-01,3.630345e-02,3.741980e-02,3.683530e-02,8.160151e-03,7.723353e-03
9.129192e-02,3.311749e-02,1.617374e-02,9.867599e-03,6.146178e-02,3.081478e-02,3.682456e-03,7.366991e-02,2.681758e-01,2.843145e-01,5.346296e-02,3.216340e-02,2.841492e-02,7.558588e-03,5.830247e-03
1.232896e-01,3.391597e-02,1.244631e-02,8.380301e-03,5.189497e-02,3.597983e-02,3.366496e-03,5.726710e-02,2.387142e-01,3.086687e-01,5.292239e-02,3.622970e-02,2.320540e-02,7.957621e-03,5.761517e-03
1.338387e-01,3.542642e-02,9.544800e-03,1.082465e-02,4.029157e-02,1.335805e-01,2.744187e-03,4.403543e-02,2.170742e-01,2.388532e-01,4.658178e-02,5.037649e-02,2.185088e-02,7.554258e-03,7.422933e-03
1.143771e-01,3.445495e-02,8.079214e-03,2.653733e-02,3.094785e-02,2.662258e-01,2.183755e-03,3.328415e-02,1.734339e-01,1.700840e-01,3.407571e-02,6.559795e-02,2.547168e-02,5.528440e-03,9.718145e-03
8.847158e-02,3.575825e-02,6.448972e-03,2.380491e-02,2.331924e-02,3.056405e-01,1.616323e-03,2.379640e-02,1.396574e-01,1.239877e-01,2.723857e-02,1.035179e-01,7.957195e-02,4.257559e-03,1.291276e-02
6.300472e-02,3.056554e-02,5.181638e-03,1.747432e-02,1.690920e-02,2.446494e-01,1.174278e-03,1.684964e-02,1.075458e-01,8.851109e-02,1.651484e-01,1.126045e-01,6.626192e-02,3.254168e-02,3.157788e-02
4.592519e-02,2.789516e-02,4.071420e-03,1.267550e-02,1.227608e-02,1.926876e-01,8.728235e-04,1.189582e-02,8.034156e-02,6.240828e-02,3.369058e-01,9.683615e-02,4.814703e-02,4.178153e-02,2.528010e-02
3.311493e-02,2.604668e-02,5.073374e-03,9.155075e-03,9.220806e-03,1.605301e-01,6.448320e-04,8.533471e-03,6.279959e-02,4.397621e-02,4.290650e-01,9.303952e-02,3.419285e-02,5.906235e-02,2.554529e-02
2.424479e-02,2.621546e-02,5.081563e-03,6.688346e-03,6.965835e-03,1.241127e-01,5.330889e-04,6.258507e-03,5.319799e-02,3.139841e-02,4.793409e-01,9.255540e-02,2.514615e-02,9.728301e-02,2.097787e-02
1.758387e-02,2.192518e-02,5.125422e-03,4.979430e-03,6.592984e-03,9.600284e-02,4.954082e-04,4.771266e-03,4.938749e-02,2.278059e-02,5.386604e-01,9.165924e-02,1.804313e-02,1.047480e-01,1.724472e-02
1.300406e-02,6.411383e-02,6.494273e-03,3.900454e-03,3.745840e-02,7.106977e-02,1.129893e-03,3.881168e-03,6.343338e-02,1.811630e-02,5.396138e-01,6.861492e-02,1.276366e-02,8.399745e-02,1.240867e-02
1.120996e-02,8.836646e-02,7.983319e-03,3.358197e-03,1.272375e-01,5.590855e-02,2.337710e-03,4.581702e-03,9.749340e-02,1.779477e-02,4.446660e-01,4.966071e-02,9.043982e-03,7.098825e-02,9.369465e-03
1.342712e-02,9.351184e-02,1.401977e-02,2.957748e-03,1.255445e-01,4.500694e-02,1.967275e-03,7.527677e-03,1.320069e-01,1.396138e-02,4.146594e-01,3.541973e-02,6.605678e-03,8.404948e-02,9.334629e-03
1.574255e-02,1.015526e-01,9.340806e-02,3.896874e-03,1.091434e-01,3.595780e-02,1.563509e-03,4.700686e-02,1.496011e-01,1.173223e-02,3.177125e-01,2.521438e-02,4.976908e-03,7.463673e-02,7.854585e-03
1.674853e-02,9.168617e-02,8.395905e-02,3.784415e-03,9.137544e-02,2.897628e-02,1.132770e-03,3.676136e-02,1.909376e-01,1.021010e-02,2.707484e-01,1.818579e-02,3.964792e-03,1.406960e-01,1.083339e-02
1.563615e-02,6.811205e-02,7.779837e-02,3.710270e-03,6.722023e-02,2.164525e-02,8.056325e-04,2.645303e-02,2.242725e-01,1.396880e-02,2.340455e-01,1.320095e-02,4.089219e-03,2.145835e-01,1.445863e-02
1.511170e-02,5.342593e-02,6.045781e-02,4.004476e-03,4.940774e-02,1.714556e-02,5.952900e-04,2.121408e-02,2.280213e-01,2.253192e-02,1.838657e-01,9.580076e-03,4.762951e-03,3.172152e-01,1.266033e-02
1.709055e-02,4.673389e-02,5.465489e-02,2.798100e-02,3.931551e-02,1.359649e-02,5.336716e-04,2.742354e-02,2.734691e-01,1.992982e-02,1.390719e-01,6.858190e-03,4.265147e-03,3.043825e-01,2.469382e-02
1.602728e-02,3.538430e-02,2.167298e-01,4.549883e-02,3.367832e-02,1.022294e-02,4.407814e-04,4.010045e-02,2.033925e-01,1.651467e-02,1.043825e-01,4.918275e-03,3.666407e-03,2.498143e-01,1.922865e-02
1.769934e-02,3.190846e-02,3.496224e-01,3.569147e-02,4.013558e-02,8.110549e-03,5.212783e-04,4.443302e-02,1.512975e-01,1.191282e-02,7.442300e-02,3.517996e-03,2.850336e-03,2.130166e-01,1.485963e-02
2.837140e-02,3.288881e-02,4.184851e-01,2.687435e-02,7.291886e-02,1.794591e-02,7.207469e-04,3.720218e-02,1.117488e-01,8.580940e-03,5.534761e-02,2.629603e-03,2.155138e-03,1.733542e-01,1.077637e-02
2.732101e-02,3.497609e-02,3.905744e-01,2.423261e-02,1.776593e-01,1.741261e-02,1.625021e-03,6.348587e-02,8.033996e-02,6.132383e-03,3.920068e-02,2.288904e-03,1.849607e-03,1.250529e-01,7.848679e-03
3.423677e-02,3.339672e-02,4.154562e-01,3.494193e-02,2.115872e-01,1.576089e-02,1.962574e-03,6.000273e-02,6.038431e-02,4.583305e-03,2.808078e-02,2.464811e-03,1.597029e-03,8.932530e-02,6.219428e-03
5.015186e-02,2.938291e-02,4.697710e-01,2.763934e-02,2.040006e-01,1.697944e-02,1.623364e-03,4.530783e-02,5.173022e-02,3.606057e-03,2.024416e-02,1.947680e-03,1.344355e-03,7.165322e-02,4.617937e-03
1.015552e-01,3.318706e-02,4.133414e-01,4.600410e-02,2.011162e-01,1.963094e-02,1.728059e-03,4.398747e-02,5.626466e-02,3.018399e-03,1.562097e-02,4.242371e-03,1.868688e-03,5.408511e-02,4.349272e-03
2.284644e-01,2.889160e-02,3.253455e-01,4.708488e-02,1.753704e-01,1.949753e-02,1.799905e-03,3.267767e-02,7.109551e-02,2.569409e-03,1.355541e-02,5.923111e-03,2.489606e-03,4.084489e-02,4.390284e-03
3.187825e-01,2.665670e-02,2.673893e-01,4.037461e-02,1.668329e-01,1.745427e-02,1.782045e-03,2.432776e-02,7.243632e-02,2.426680e-03,1.297557e-02,6.889719e-03,2.927753e-03,3.405207e-02,4.691769e-03
4.255450e-01,3.004054e-02,1.932315e-01,5.405267e-02,1.374410e-01,1.566170e-02,2.271769e-03,2.090187e-02,5.783487e-02,2.296330e-03,1.185115e-02,1.174579e-02,4.515344e-03,2.639822e-02,6.212373e-03
1.000000e+00,0.000000e+00,0.000000e+00,0.000000e+00,0.000000e+00,0.000000e+00,0.000000e+00,0.000000e+00,0.000000e+00,0.000000e+00,0.000000e+00,0.000000e+00,0.000000e+00,0.000000e+00,0.000000e+00
1.000000e+00,0.000000e+00,0.000000e+00,0.000000e+00,0.000000e+00,0.000000e+00,0.000000e+00,0.000000e+00,0.000000e+00,0.000000e+00,0.000000e+00,0.000000e+00,0.000000e+00,0.000000e+00,0.000000e+00
1.000000e+00,0.000000e+00,0.000000e+00,0.000000e+00,0.000000e+00,0.000000e+00,0.000000e+00,0.000000e+00,0.000000e+00,0.000000e+00,0.000000e+00,0.000000e+00,0.000000e+00,0.000000e+00,0.000000e+00
1.000000e+00,0.000000e+00,0.000000e+00,0.000000e+00,0.000000e+00,0.000000e+00,0.000000e+00,0.000000e+00,0.000000e+00,0.000000e+00,0.000000e+00,0.000000e+00,0.000000e+00,0.000000e+00,0.000000e+00
1.000000e+00,0.000000e+00,0.000000e+00,0.000000e+00,0.000000e+00,0.000000e+00,0.000000e+00,0.000000e+00,0.000000e+00,0.000000e+00,0.000000e+00,0.000000e+00,0.000000e+00,0.000000e+00,0.000000e+00
1.000000e+00,0.000000e+00,0.000000e+00,0.000000e+00,0.000000e+00,0.000000e+00,0.000000e+00,0.000000e+00,0.000000e+00,0.000000e+00,0.000000e+00,0.000000e+00,0.000000e+00,0.000000e+00,0.000000e+00
1.000000e+00,0.000000e+00,0.000000e+00,0.000000e+00,0.000000e+00,0.000000e+00,0.000000e+00,0.000000e+00,0.000000e+00,0.000000e+00,0.000000e+00,0.000000e+00,0.000000e+00,0.000000e+00,0.000000e+00
1.000000e+00,0.000000e+00,0.000000e+00,0.000000e+00,0.000000e+00,0.000000e+00,0.000000e+00,0.000000e+00,0.000000e+00,0.000000e+00,0.000000e+00,0.000000e+00,0.000000e+00,0.000000e+00,0.000000e+00
1.000000e+00,0.000000e+00,0.000000e+00,0.000000e+00,0.000000e+00,0.000000e+00,0.000000e+00,0.000000e+00,0.000000e+00,0.000000e+00,0.000000e+00,0.000000e+00,0.000000e+00,0.000000e+00,0.000000e+00
1.000000e+00,0.000000e+00,0.000000e+00,0.000000e+00,0.000000e+00,0.000000e+00,0.000000e+00,0.000000e+00,0.000000e+00,0.000000e+00,0.000000e+00,0.000000e+00,0.000000e+00,0.000000e+00,0.000000e+00
1.000000e+00,0.000000e+00,0.000000e+00,0.000000e+00,0.000000e+00,0.000000e+00,0.000000e+00,0.000000e+00,0.000000e+00,0.000000e+00,0.000000e+00,0.000000e+00,0.000000e+00,0.000000e+00,0.000000e+00
1.000000e+00,0.000000e+00,0.000000e+00,0.000000e+00,0.000000e+00,0.000000e+00,0.000000e+00,0.000000e+00,0.000000e+00,0.000000e+00,0.000000e+00,0.000000e+00,0.000000e+00,0.000000e+00,0.000000e+00
1.000000e+00,0.000000e+00,0.000000e+00,0.000000e+00,0.000000e+00,0.000000e+00,0.000000e+00,0.000000e+00,0.000000e+00,0.000000e+00,0.000000e+00,0.000000e+00,0.000000e+00,0.000000e+00,0.000000e+00
1.000000e+00,0.000000e+00,0.000000e+00,0.000000e+00,0.000000e+00,0.000000e+00,0.000000e+00,0.000000e+00,0.000000e+00,0.000000e+00,0.000000e+00,0.000000e+00,0.000000e+00,0.000000e+00,0.000000e+00
1.000000e+00,0.000000e+00,0.000000e+00,0.000000e+00,0.000000e+00,0.000000e+00,0.000000e+00,0.000000e+00,0.000000e+00,0.000000e+00,0.000000e+00,0.000000e+00,0.000000e+00,0.000000e+00,0.000000e+00
1.000000e+00,0.000000e+00,0.000000e+00,0.000000e+00,0.000000e+00,0.000000e+00,0.000000e+00,0.000000e+00,0.000000e+00,0.000000e+00,0.000000e+00,0.000000e+00,0.000000e+00,0.000000e+00,0.000000e+00
1.000000e+00,0.000000e+00,0.000000e+00,0.000000e+00,0.000000e+00,0.000000e+00,0.000000e+00,0.000000e+00,0.000000e+00,0.000000e+00,0.000000e+00,0.000000e+00,0.000000e+00,0.000000e+00,0.000000e+00
1.000000e+00,0.000000e+00,0.000000e+00,0.000000e+00,0.000000e+00,0.000000e+00,0.000000e+00,0.000000e+00,0.000000e+00,0.000000e+00,0.000000e+00,0.000000e+00,0.000000e+00,0.000000e+00,0.000000e+00
1.000000e+00,0.000000e+00,0.000000e+00,0.000000e+00,0.000000e+00,0.000000e+00,0.000000e+00,0.000000e+00,0.000000e+00,0.000000e+00,0.000000e+00,0.000000e+00,0.000000e+00,0.000000e+00,0.000000e+00
1.000000e+00,0.000000e+00,0.000000e+00,0.000000e+00,0.000000e+00,0.000000e+00,0.000000e+00,0.000000e+00,0.000000e+00,0.000000e+00,0.000000e+00,0.000000e+00,0.000000e+00,0.000000e+00,0.000000e+00
1.000000e+00,0.000000e+00,0.000000e+00,0.000000e+00,0.000000e+00,0.000000e+00,0.000000e+00,0.000000e+00,0.000000e+00,0.000000e+00,0.000000e+00,0.000000e+00,0.000000e+00,0.000000e+00,0.000000e+00
1.000000e+00,0.000000e+00,0.000000e+00,0.000000e+00,0.000000e+00,0.000000e+00,0.000000e+00,0.000000e+00,0.000000e+00,0.000000e+00,0.000000e+00,0.000000e+00,0.000000e+00,0.000000e+00,0.000000e+00
1.000000e+00,0.000000e+00,0.000000e+00,0.000000e+00,0.000000e+00,0.000000e+00,0.000000e+00,0.000000e+00,0.000000e+00,0.000000e+00,0.000000e+00,0.000000e+00,0.000000e+00,0.000000e+00,0.000000e+00
1.000000e+00,0.000000e+00,0.000000e+00,0.000000e+00,0.000000e+00,0.000000e+00,0.000000e+00,0.000000e+00,0.000000e+00,0.000000e+00,0.000000e+00,0.000000e+00,0.000000e+00,0.000000e+00,0.000000e+00
1.000000e+00,0.000000e+00,0.000000e+00,0.000000e+00,0.000000e+00,0.000000e+00,0.000000e+00,0.000000e+00,0.000000e+00,0.000000e+00,0.000000e+00,0.000000e+00,0.000000e+00,0.000000e+00,0.000000e+00
1.000000e+00,0.000000e+00,0.000000e+00,0.000000e+00,0.000000e+00,0.000000e+00,0.000000e+00,0.000000e+00,0.000000e+00,0.000000e+00,0.000000e+00,0.000000e+00,0.000000e+00,0.000000e+00,0.000000e+00
1.000000e+00,0.000000e+00,0.000000e+00,0.000000e+00,0.000000e+00,0.000000e+00,0.000000e+00,0.000000e+00,0.000000e+00,0.000000e+00,0.000000e+00,0.000000e+00,0.000000e+00,0.000000e+00,0.000000e+00
1.000000e+00,0.000000e+00,0.000000e+00,0.000000e+00,0.000000e+00,0.000000e+00,0.000000e+00,0.000000e+00,0.000000e+00,0.000000e+00,0.000000e+00,0.000000e+00,0.000000e+00,0.000000e+00,0.000000e+00
1.000000e+00,0.000000e+00,0.000000e+00,0.000000e+00,0.000000e+00,0.000000e+00,0.000000e+00,0.000000e+00,0.000000e+00,0.000000e+00,0.000000e+00,0.000000e+00,0.000000e+00,0.000000e+00,0.000000e+00
1.000000e+00,0.000000e+00,0.000000e+00,0.000000e+00,0.000000e+00,0.000000e+00,0.000000e+00,0.000000e+00,0.000000e+00,0.000000e+00,0.000000e+00,0.000000e+00,0.000000e+00,0.000000e+00,0.000000e+00
1.000000e+00,0.000000e+00,0.000000e+00,0.000000e+00,0.000000e+00,0.000000e+00,0.000000e+00,0.000000e+00,0.000000e+00,0.000000e+00,0.000000e+00,0.000000e+00,0.000000e+00,0.000000e+00,0.000000e+00
1.000000e+00,0.000000e+00,0.000000e+00,0.000000e+00,0.000000e+00,0.000000e+00,0.000000e+00,0.000000e+00,0.000000e+00,0.000000e+00,0.000000e+00,0.000000e+00,0.000000e+00,0.000000e+00,0.000000e+00
1.000000e+00,0.000000e+00,0.000000e+00,0.000000e+00,0.000000e+00,0.000000e+00,0.000000e+00,0.000000e+00,0.000000e+00,0.000000e+00,0.000000e+00,0.000000e+00,0.000000e+00,0.000000e+00,0.000000e+00
1.000000e+00,0.000000e+00,0.000000e+00,0.000000e+00,0.000000e+00,0.000000e+00,0.000000e+00,0.000000e+00,0.000000e+00,0.000000e+00,0.000000e+00,0.000000e+00,0.000000e+00,0.000000e+00,0.000000e+00
1.000000e+00,0.000000e+00,0.000000e+00,0.000000e+00,0.000000e+00,0.000000e+00,0.000000e+00,0.000000e+00,0.000000e+00,0.000000e+00,0.000000e+00,0.000000e+00,0.000000e+00,0.000000e+00,0.000000e+00
1.000000e+00,0.000000e+00,0.000000e+00,0.000000e+00,0.000000e+00,0.000000e+00,0.000000e+00,0.000000e+00,0.000000e+00,0.000000e+00,0.000000e+00,0.000000e+00,0.000000e+00,0.000000e+00,0.000000e+00
1.000000e+00,0.000000e+00,0.000000e+00,0.000000e+00,0.000000e+00,0.000000e+00,0.000000e+00,0.000000e+00,0.000000e+00,0.000000e+00,0.000000e+00,0.000000e+00,0.000000e+00,0.000000e+00,0.000000e+00
1.000000e+00,0.000000e+00,0.000000e+00,0.000000e+00,0.000000e+00,0.000000e+00,0.000000e+00,0.000000e+00,0.000000e+00,0.000000e+00,0.000000e+00,0.000000e+00,0.000000e+00,0.000000e+00,0.000000e+00
1.000000e+00,0.000000e+00,0.000000e+00,0.000000e+00,0.000000e+00,0.000000e+00,0.000000e+00,0.000000e+00,0.000000e+00,0.000000e+00,0.000000e+00,0.000000e+00,0.000000e+00,0.000000e+00,0.000000e+00
1.000000e+00,0.000000e+00,0.000000e+00,0.000000e+00,0.000000e+00,0.000000e+00,0.000000e+00,0.000000e+00,0.000000e+00,0.000000e+00,0.000000e+00,0.000000e+00,0.000000e+00,0.000000e+00,0.000000e+00
1.000000e+00,0.000000e+00,0.000000e+00,0.000000e+00,0.000000e+00,0.000000e+00,0.000000e+00,0.000000e+00,0.000000e+00,0.000000e+00,0.000000e+00,0.000000e+00,0.000000e+00,0.000000e+00,0.000000e+00
3.577015e-01,5.182202e-03,9.018136e-03,1.006947e-02,1.903067e-03,6.643043e-02,1.940320e-03,4.243312e-03,7.475985e-02,2.969333e-01,9.579688e-02,4.095982e-02,4.932429e-03,1.180167e-02,1.832758e-02
2.508131e-01,3.898687e-03,6.447012e-03,7.186614e-03,1.416713e-03,4.884546e-02,1.371550e-03,2.975927e-03,5.385398e-02,4.737549e-01,8.141443e-02,4.225230e-02,3.713758e-03,8.938137e-03,1.311732e-02
1.756774e-01,3.142980e-03,4.569759e-03,5.079892e-03,1.147707e-03,3.488219e-02,9.740705e-04,2.086241e-03,4.182414e-02,5.968542e-01,7.071778e-02,4.327029e-02,2.897222e-03,7.112699e-03,9.763372e-03
1.232370e-01,3.059729e-03,3.307317e-03,3.637973e-03,1.029982e-03,2.572056e-02,7.190594e-04,1.484429e-03,3.827628e-02,6.677563e-01,5.785475e-02,5.659448e-02,2.714009e-03,7.515704e-03,7.092353e-03
8.637102e-02,3.041988e-03,2.416564e-03,2.601164e-03,8.074070e-04,1.907832e-02,5.218131e-04,1.076091e-03,3.204377e-02,7.178220e-01,4.720348e-02,7.003504e-02,2.709200e-03,9.059146e-03,5.212985e-03
6.084437e-02,3.895296e-03,4.777470e-03,2.910152e-03,1.388520e-03,1.689108e-02,5.059628e-04,2.379395e-03,2.948375e-02,7.560786e-01,4.566652e-02,5.639754e-02,3.922968e-03,1.066407e-02,4.194315e-03
4.278206e-02,4.574805e-03,8.324662e-03,3.204272e-03,1.540831e-03,1.346542e-02,4.105163e-04,2.492376e-03,2.851891e-02,7.454886e-01,4.158493e-02,6.109775e-02,4.234819e-03,3.191014e-02,1.036988e-02
3.022561e-02,6.349984e-03,1.167249e-02,4.918693e-03,2.417391e-03,1.201381e-02,3.086792e-04,2.755135e-03,6.645443e-02,6.203364e-01,4.885051e-02,8.045468e-02,7.346539e-03,8.464050e-02,2.125516e-02
2.211067e-02,7.701937e-03,1.580207e-02,5.197452e-03,1.725529e-02,9.993990e-03,3.174289e-04,6.043029e-03,8.042677e-02,4.841363e-01,7.268375e-02,9.927454e-02,7.817582e-03,1.489006e-01,2.233851e-02
1.778298e-02,1.740170e-02,2.028457e-02,8.341333e-03,2.052287e-02,8.381813e-03,4.116368e-04,1.233787e-02,1.669880e-01,3.673299e-01,6.610524e-02,7.861857e-02,7.246975e-03,1.872693e-01,2.097718e-02
2.383442e-02,3.279772e-02,4.965606e-02,1.208752e-02,3.900447e-02,1.472728e-02,1.710365e-03,6.281225e-02,1.538000e-01,2.892710e-01,5.379900e-02,5.792208e-02,7.014112e-03,1.846032e-01,1.696046e-02
2.536523e-02,3.950591e-02,1.637877e-01,2.523065e-02,8.252569e-02,1.316295e-02,2.657406e-03,6.423172e-02,1.268219e-01,2.107679e-01,3.907506e-02,4.112113e-02,5.887462e-03,1.454875e-01,1.437174e-02
2.829960e-02,4.098831e-02,1.919236e-01,2.859285e-02,1.277910e-01,1.801246e-02,4.074511e-03,5.581834e-02,1.016817e-01,2.037778e-01,2.847414e-02,2.898965e-02,4.500698e-03,1.259114e-01,1.116391e-02
3.312433e-02,5.442157e-02,1.581053e-01,3.906160e-02,1.368929e-01,2.392891e-02,4.448812e-03,4.376558e-02,1.061463e-01,2.479776e-01,2.158759e-02,2.059642e-02,3.570805e-03,9.239048e-02,1.398179e-02
3.504647e-02,9.286866e-02,1.480334e-01,5.774276e-02,1.445034e-01,2.568038e-02,5.790750e-03,3.352822e-02,1.140263e-01,2.195774e-01,1.622888e-02,1.489519e-02,3.009800e-03,6.612765e-02,2.294058e-02
2.787050e-02,8.290092e-02,1.121064e-01,4.359220e-02,1.022702e-01,2.212516e-02,4.340984e-03,2.349481e-02,8.592674e-02,1.606978e-01,1.230564e-02,1.099580e-02,4.138410e-03,4.671343e-02,2.605210e-01
2.330026e-02,2.117059e-01,7.917859e-02,3.084013e-02,7.224469e-02,1.614476e-02,3.088554e-03,1.650510e-02,9.852819e-02,1.225576e-01,1.214955e-02,8.407447e-03,4.798356e-03,3.382421e-02,2.667266e-01
1.755475e-02,3.133386e-01,5.699075e-02,2.300570e-02,5.098796e-02,1.154384e-02,2.230717e-03,1.172601e-02,1.174910e-01,9.126279e-02,1.151692e-02,6.708076e-03,8.080697e-03,2.491445e-02,2.526476e-01
1.430593e-02,3.044900e-01,4.048543e-02,1.681042e-02,3.610450e-02,8.684731e-03,1.579464e-03,8.284239e-03,1.268148e-01,7.199356e-02,1.078617e-02,5.164791e-03,6.619804e-03,6.883616e-02,2.790400e-01
1.203330e-02,2.806991e-01,2.930484e-02,1.538263e-02,2.564968e-02,7.093686e-03,1.122768e-03,6.052590e-03,1.929930e-01,5.705605e-02,1.123359e-02,4.037086e-03,6.076897e-03,9.287995e-02,2.583848e-01
9.724431e-03,2.390817e-01,3.340760e-02,5.822783e-02,1.907773e-02,6.562567e-03,8.530254e-04,5.638274e-03,2.495949e-01,5.327089e-02,1.024462e-02,3.412990e-03,5.965059e-03,7.000070e-02,2.349377e-01
9.742276e-03,1.873281e-01,2.695391e-02,5.107354e-02,1.488812e-02,1.362811e-02,1.053577e-03,5.896364e-03,3.631277e-01,3.990460e-02,1.169752e-02,3.193650e-03,1.529296e-02,5.229747e-02,2.039222e-01
8.223694e-03,1.580500e-01,2.389162e-02,6.305337e-02,1.204789e-02,2.487511e-02,1.091077e-03,5.387632e-03,4.148410e-01,3.206888e-02,1.125422e-02,3.106555e-03,1.795914e-02,4.244362e-02,1.817062e-01
6.697926e-03,1.577802e-01,1.748172e-02,4.941719e-02,9.413927e-03,4.989213e-02,9.197163e-04,4.344244e-03,4.785081e-01,2.384891e-02,9.198904e-03,3.211233e-03,2.003646e-02,3.476974e-02,1.344797e-01
5.300420e-03,1.537202e-01,1.265413e-02,4.190032e-02,8.104696e-03,7.975215e-02,7.798595e-04,3.665782e-03,5.219588e-01,1.772847e-02,7.442925e-03,2.826356e-03,1.914398e-02,2.589367e-02,9.912830e-02
4.583495e-03,1.479493e-01,9.017827e-03,3.369468e-02,8.011376e-03,1.027001e-01,5.984472e-04,2.980785e-03,5.576294e-01,1.379123e-02,5.980242e-03,2.150288e-03,1.514889e-02,1.867306e-02,7.709081e-02
3.633323e-03,1.286044e-01,6.491646e-03,4.066015e-02,8.006966e-03,1.328558e-01,4.741135e-04,2.602154e-03,5.599962e-01,1.298228e-02,4.931200e-03,1.703451e-03,1.387007e-02,1.367900e-02,6.950907e-02
3.050160e-03,1.302811e-01,4.735884e-03,4.046829e-02,9.778274e-03,1.424312e-01,3.870091e-04,2.556142e-03,5.688925e-01,1.117801e-02,4.078928e-03,1.280152e-03,1.222605e-02,9.859431e-03,5.879689e-02
2.341248e-03,1.125231e-01,3.420980e-03,4.724158e-02,7.390394e-03,1.049811e-01,2.870621e-04,1.994926e-03,6.421443e-01,8.853145e-03,2.965947e-03,9.326725e-04,1.272437e-02,6.972776e-03,4.522637e-02
2.825761e-03,9.645706e-02,2.549393e-03,4.696746e-02,9.493198e-03,1.100090e-01,2.759382e-04,1.745679e-03,6.643440e-01,7.540491e-03,2.708362e-03,7.081291e-04,1.428180e-02,4.966065e-03,3.512761e-02
2.676197e-03,9.645252e-02,1.858037e-03,4.068916e-02,7.538430e-03,9.881359e-02,2.210055e-04,1.409550e-03,6.977246e-01,7.233370e-03,2.170156e-03,5.364886e-04,1.228237e-02,3.583232e-03,2.681135e-02
2.944985e-03,1.171488e-01,1.380030e-03,3.374799e-02,6.158295e-03,9.145534e-02,1.887013e-04,1.341305e-03,7.031690e-01,5.765459e-03,2.284479e-03,5.217581e-04,1.139466e-02,2.733469e-03,1.976572e-02
4.080862e-03,1.095615e-01,1.054019e-03,2.806422e-02,7.203904e-03,8.748256e-02,2.830841e-04,2.451454e-03,7.187894e-01,4.633284e-03,4.403185e-03,8.548136e-04,1.165900e-02,2.145990e-03,1.733272e-02
3.709102e-03,1.164117e-01,1.362396e-03,3.226564e-02,5.836915e-03,6.288530e-02,2.402708e-04,2.477387e-03,7.017218e-01,3.888411e-03,1.937127e-02,6.640662e-03,2.636570e-02,1.684665e-03,1.513873e-02
4.923574e-03,1.165025e-01,1.794469e-03,4.013985e-02,5.176676e-03,4.605917e-02,2.562027e-04,2.193684e-03,6.079201e-01,4.065375e-03,8.671170e-02,1.992830e-02,4.459842e-02,1.579464e-03,1.815048e-02
5.916804e-03,9.287385e-02,2.447827e-03,5.149738e-02,3.774026e-03,3.537432e-02,3.834972e-04,2.084524e-03,4.592915e-01,3.811731e-03,1.002288e-01,1.245665e-01,8.712835e-02,2.045359e-03,2.857563e-02
4.953511e-03,6.536219e-02,1.835354e-03,4.081856e-02,2.689946e-03,3.276041e-02,3.650225e-04,1.517879e-03,3.239262e-01,3.698827e-03,9.215870e-02,3.316941e-01,7.442909e-02,2.106802e-03,2.168341e-02
3.866385e-03,4.589824e-02,1.318179e-03,2.893037e-02,1.916660e-03,2.509265e-02,2.934277e-04,1.069498e-03,2.280888e-01,3.207516e-03,8.186683e-02,4.987683e-01,6.212817e-02,1.715589e-03,1.583941e-02
2.861221e-03,3.281458e-02,1.141412e-03,2.036256e-02,1.420869e-03,1.836101e-02,2.482479e-04,7.524035e-04,1.609895e-01,1.022646e-02,6.725904e-02,6.152960e-01,5.364887e-02,2.380752e-03,1.223708e-02
2.444397e-03,2.489524e-02,3.537904e-03,1.443952e-02,3.483803e-03,1.363988e-02,2.181804e-04,5.568923e-04,1.228227e-01,1.398089e-02,6.313482e-02,6.527691e-01,7.323706e-02,2.001990e-03,8.837589e-03
2.315058e-03,1.888908e-02,2.824756e-03,1.021463e-02,4.994120e-03,1.014583e-02,1.993202e-04,5.144852e-04,9.505655e-02,1.149596e-02,6.454606e-02,7.140343e-01,5.680069e-02,1.639111e-03,6.330083e-03
2.372595e-03,1.717226e-02,1.793024e-02,8.548209e-03,1.383173e-02,7.578462e-03,4.352327e-04,3.310079e-03,1.421801e-01,1.081498e-02,5.554325e-02,6.693285e-01,4.463396e-02,1.650483e-03,4.670056e-03
2.255219e-03,1.324795e-02,2.246074e-01,7.591546e-03,1.655683e-02,5.939736e-03,8.533784e-04,2.885663e-02,1.126053e-01,1.021833e-02,4.436371e-02,4.934533e-01,3.479823e-02,1.278784e-03,3.373650e-03
3.070839e-03,1.535529e-02,3.614521e-01,7.070888e-03,2.473351e-02,5.178342e-03,1.241988e-03,2.610077e-02,1.051645e-01,1.418095e-02,3.543899e-02,3.703960e-01,2.672513e-02,1.159304e-03,2.731450e-03
4.696957e-03,1.682107e-02,4.405428e-01,5.997199e-03,3.267601e-02,5.439810e-03,1.385729e-03,1.973436e-02,8.833310e-02,5.316781e-02,2.828500e-02,2.618975e-01,2.166922e-02,1.859541e-03,1.749389e-02
6.865092e-03,9.954868e-02,3.590586e-01,4.608495e-03,2.763414e-02,1.212528e-02,1.062628e-03,1.439744e-02,8.219703e-02,9.730923e-02,2.976966e-02,1.856007e-01,2.027559e-02,7.374359e-03,5.217304e-02
1.253409e-02,9.719066e-02,4.051177e-01,7.202864e-03,2.190077e-02,1.146999e-02,7.919749e-04,1.074539e-02,7.516804e-02,1.183984e-01,2.659259e-02,1.306289e-01,1.504418e-02,1.094246e-02,5.627193e-02
2.041592e-02,1.166899e-01,3.843774e-01,6.711451e-03,1.766853e-02,1.041586e-02,5.903334e-04,8.480684e-03,8.389103e-02,1.521475e-01,2.166197e-02,9.200305e-02,1.115609e-02,1.583329e-02,5.795705e-02
2.797687e-02,1.087517e-01,3.336408e-01,1.009333e-02,1.853006e-02,1.428893e-02,7.435740e-04,9.157911e-03,8.247099e-02,2.143242e-01,1.785199e-02,6.507010e-02,8.707751e-03,2.906761e-02,5.932413e-02
3.324498e-02,1.097379e-01,2.533249e-01,8.797348e-03,1.432255e-02,1.336899e-02,6.301498e-04,7.196396e-03,9.844581e-02,2.432004e-01,1.417826e-02,4.594197e-02,7.058589e-03,4.340635e-02,1.071454e-01
4.807564e-02,9.174243e-02,1.802034e-01,8.005326e-03,1.341510e-02,1.142953e-02,6.716177e-04,8.911049e-03,1.282723e-01,2.452504e-01,4.314534e-02,3.275153e-02,5.566256e-03,9.107874e-02,9.148131e-02
5.051798e-02,8.262568e-02,1.279632e-01,6.902952e-03,1.261012e-02,8.806027e-03,5.306341e-04,7.549298e-03,1.422655e-01,2.192491e-01,7.665209e-02,2.328453e-02,4.280812e-03,1.648959e-01,7.186615e-02
8.688372e-02,7.437545e-02,9.303650e-02,1.459122e-02,2.154719e-02,8.190861e-03,5.328959e-04,1.076004e-02,1.308325e-01,1.796663e-01,1.166626e-01,1.812710e-02,3.456965e-03,1.815454e-01,5.979131e-02
1.389754e-01,9.442033e-02,7.298397e-02,2.146630e-02,2.062804e-02,7.125230e-03,5.795549e-04,1.019874e-02,1.452712e-01,1.288967e-01,1.125568e-01,1.475612e-02,2.973774e-03,1.617506e-01,6.741716e-02
1.734184e-01,1.097504e-01,5.364903e-02,1.740912e-02,1.610458e-02,5.881518e-03,5.522132e-04,8.265399e-03,1.641890e-01,9.340334e-02,1.291770e-01,1.258168e-02,2.590782e-03,1.495982e-01,6.342924e-02
2.698455e-01,1.214960e-01,3.862640e-02,1.332161e-02,1.180530e-02,5.161765e-03,6.655733e-04,6.469305e-03,1.347897e-01,6.632828e-02,1.103480e-01,1.082096e-02,2.829086e-03,1.575514e-01,4.994113e-02
3.924032e-01,1.074466e-01,3.013689e-02,1.069464e-02,8.798385e-03,5.980499e-03,7.333088e-04,5.218353e-03,1.142520e-01,4.815617e-02,8.489189e-02,9.916692e-03,3.689790e-03,1.351146e-01,4.256701e-02
4.976814e-01,8.221906e-02,2.396702e-02,1.507248e-02,8.160558e-03,6.739826e-03,1.059080e-03,6.656748e-03,1.017954e-01,3.488426e-02,6.470489e-02,1.056912e-02,5.415439e-03,1.053610e-01,3.571368e-02
1.000000e+00,0.000000e+00,0.000000e+00,0.000000e+00,0.000000e+00,0.000000e+00,0.000000e+00,0.000000e+00,0.000000e+00,0.000000e+00,0.000000e+00,0.000000e+00,0.000000e+00,0.000000e+00,0.000000e+00
1.000000e+00,0.000000e+00,0.000000e+00,0.000000e+00,0.000000e+00,0.000000e+00,0.000000e+00,0.000000e+00,0.000000e+00,0.000000e+00,0.000000e+00,0.000000e+00,0.000000e+00,0.000000e+00,0.000000e+00
1.000000e+00,0.000000e+00,0.000000e+00,0.000000e+00,0.000000e+00,0.000000e+00,0.000000e+00,0.000000e+00,0.000000e+00,0.000000e+00,0.000000e+00,0.000000e+00,0.000000e+00,0.000000e+00,0.000000e+00
1.000000e+00,0.000000e+00,0.000000e+00,0.000000e+00,0.000000e+00,0.000000e+00,0.000000e+00,0.000000e+00,0.000000e+00,0.000000e+00,0.000000e+00,0.000000e+00,0.000000e+00,0.000000e+00,0.000000e+00
1.000000e+00,0.000000e+00,0.000000e+00,0.000000e+00,0.000000e+00,0.000000e+00,0.000000e+00,0.000000e+00,0.000000e+00,0.000000e+00,0.000000e+00,0.000000e+00,0.000000e+00,0.000000e+00,0.000000e+00
1.000000e+00,0.000000e+00,0.000000e+00,0.000000e+00,0.000000e+00,0.000000e+00,0.000000e+00,0.000000e+00,0.000000e+00,0.000000e+00,0.000000e+00,0.000000e+00,0.000000e+00,0.000000e+00,0.000000e+00
1.000000e+00,0.000000e+00,0.000000e+00,0.000000e+00,0.000000e+00,0.000000e+00,0.000000e+00,0.000000e+00,0.000000e+00,0.000000e+00,0.000000e+00,0.000000e+00,0.000000e+00,0.000000e+00,0.000000e+00
1.000000e+00,0.000000e+00,0.000000e+00,0.000000e+00,0.000000e+00,0.000000e+00,0.000000e+00,0.000000e+00,0.000000e+00,0.000000e+00,0.000000e+00,0.000000e+00,0.000000e+00,0.000000e+00,0.000000e+00
1.000000e+00,0.000000e+00,0.000000e+00,0.000000e+00,0.000000e+00,0.000000e+00,0.000000e+00,0.000000e+00,0.000000e+00,0.000000e+00,0.000000e+00,0.000000e+00,0.000000e+00,0.000000e+00,0.000000e+00
1.000000e+00,0.000000e+00,0.000000e+00,0.000000e+00,0.000000e+00,0.000000e+00,0.000000e+00,0.000000e+00,0.000000e+00,0.000000e+00,0.000000e+00,0.000000e+00,0.000000e+00,0.000000e+00,0.000000e+00
1.000000e+00,0.000000e+00,0.000000e+00,0.000000e+00,0.000000e+00,0.000000e+00,0.000000e+00,0.000000e+00,0.000000e+00,0.000000e+00,0.000000e+00,0.000000e+00,0.000000e+00,0.000000e+00,0.000000e+00
1.000000e+00,0.000000e+00,0.000000e+00,0.000000e+00,0.000000e+00,0.000000e+00,0.000000e+00,0.000000e+00,0.000000e+00,0.000000e+00,0.000000e+00,0.000000e+00,0.000000e+00,0.000000e+00,0.000000e+00
1.000000e+00,0.000000e+00,0.000000e+00,0.000000e+00,0.000000e+00,0.000000e+00,0.000000e+00,0.000000e+00,0.000000e+00,0.000000e+00,0.000000e+00,0.000000e+00,0.000000e+00,0.000000e+00,0.000000e+00
1.000000e+00,0.000000e+00,0.000000e+00,0.000000e+00,0.000000e+00,0.000000e+00,0.000000e+00,0.000000e+00,0.000000e+00,0.000000e+00,0.000000e+00,0.000000e+00,0.000000e+00,0.000000e+00,0.000000e+00
1.000000e+00,0.000000e+00,0.000000e+00,0.000000e+00,0.000000e+00,0.000000e+00,0.000000e+00,0.000000e+00,0.000000e+00,0.000000e+00,0.000000e+00,0.000000e+00,0.000000e+00,0.000000e+00,0.000000e+00
1.000000e+00,0.000000e+00,0.000000e+00,0.000000e+00,0.000000e+00,0.000000e+00,0.000000e+00,0.000000e+00,0.000000e+00,0.000000e+00,0.000000e+00,0.000000e+00,0.000000e+00,0.000000e+00,0.000000e+00
1.000000e+00,0.000000e+00,0.000000e+00,0.000000e+00,0.000000e+00,0.000000e+00,0.000000e+00,0.000000e+00,0.000000e+00,0.000000e+00,0.000000e+00,0.000000e+00,0.000000e+00,0.000000e+00,0.000000e+00
1.000000e+00,0.000000e+00,0.000000e+00,0.000000e+00,0.000000e+00,0.000000e+00,0.000000e+00,0.000000e+00,0.000000e+00,0.000000e+00,0.000000e+00,0.000000e+00,0.000000e+00,0.000000e+00,0.000000e+00
1.000000e+00,0.000000e+00,0.000000e+00,0.000000e+00,0.000000e+00,0.000000e+00,0.000000e+00,0.000000e+00,0.000000e+00,0.000000e+00,0.000000e+00,0.000000e+00,0.000000e+00,0.000000e+00,0.000000e+00
1.000000e+00,0.000000e+00,0.000000e+00,0.000000e+00,0.000000e+00,0.000000e+00,0.000000e+00,0.000000e+00,0.000000e+00,0.000000e+00,0.000000e+00,0.000000e+00,0.000000e+00,0.000000e+00,0.000000e+00
1.000000e+00,0.000000e+00,0.000000e+00,0.000000e+00,0.000000e+00,0.000000e+00,0.000000e+00,0.000000e+00,0.000000e+00,0.000000e+00,0.000000e+00,0.000000e+00,0.000000e+00,0.000000e+00,0.000000e+00
1.000000e+00,0.000000e+00,0.000000e+00,0.000000e+00,0.000000e+00,0.000000e+00,0.000000e+00,0.000000e+00,0.000000e+00,0.000000e+00,0.000000e+00,0.000000e+00,0.000000e+00,0.000000e+00,0.000000e+00
1.000000e+00,0.000000e+00,0.000000e+00,0.000000e+00,0.000000e+00,0.000000e+00,0.000000e+00,0.000000e+00,0.000000e+00,0.000000e+00,0.000000e+00,0.000000e+00,0.000000e+00,0.000000e+00,0.000000e+00
1.000000e+00,0.000000e+00,0.000000e+00,0.000000e+00,0.000000e+00,0.000000e+00,0.000000e+00,0.000000e+00,0.000000e+00,0.000000e+00,0.000000e+00,0.000000e+00,0.000000e+00,0.000000e+00,0.000000e+00
1.000000e+00,0.000000e+00,0.000000e+00,0.000000e+00,0.000000e+00,0.000000e+00,0.000000e+00,0.000000e+00,0.000000e+00,0.000000e+00,0.000000e+00,0.000000e+00,0.000000e+00,0.000000e+00,0.000000e+00
1.000000e+00,0.000000e+00,0.000000e+00,0.000000e+00,0.000000e+00,0.000000e+00,0.000000e+00,0.000000e+00,0.000000e+00,0.000000e+00,0.000000e+00,0.000000e+00,0.000000e+00,0.000000e+00,0.000000e+00
1.000000e+00,0.000000e+00,0.000000e+00,0.000000e+00,0.000000e+00,0.000000e+00,0.000000e+00,0.000000e+00,0.000000e+00,0.000000e+00,0.000000e+00,0.000000e+00,0.000000e+00,0.000000e+00,0.000000e+00
1.000000e+00,0.000000e+00,0.000000e+00,0.000000e+00,0.000000e+00,0.000000e+00,0.000000e+00,0.000000e+00,0.000000e+00,0.000000e+00,0.000000e+00,0.000000e+00,0.000000e+00,0.000000e+00,0.000000e+00
1.000000e+00,0.000000e+00,0.000000e+00,0.000000e+00,0.000000e+00,0.000000e+00,0.000000e+00,0.000000e+00,0.000000e+00,0.000000e+00,0.000000e+00,0.000000e+00,0.000000e+00,0.000000e+00,0.000000e+00
1.000000e+00,0.000000e+00,0.000000e+00,0.000000e+00,0.000000e+00,0.000000e+00,0.000000e+00,0.000000e+00,0.000000e+00,0.000000e+00,0.000000e+00,0.000000e+00,0.000000e+00,0.000000e+00,0.000000e+00
1.000000e+00,0.000000e+00,0.000000e+00,0.000000e+00,0.000000e+00,0.000000e+00,0.000000e+00,0.000000e+00,0.000000e+00,0.000000e+00,0.000000e+00,0.000000e+00,0.000000e+00,0.000000e+00,0.000000e+00
1.000000e+00,0.000000e+00,0.000000e+00,0.000000e+00,0.000000e+00,0.000000e+00,0.000000e+00,0.000000e+00,0.000000e+00,0.000000e+00,0.000000e+00,0.000000e+00,0.000000e+00,0.000000e+00,0.000000e+00
1.000000e+00,0.000000e+00,0.000000e+00,0.000000e+00,0.000000e+00,0.000000e+00,0.000000e+00,0.000000e+00,0.000000e+00,0.000000e+00,0.000000e+00,0.000000e+00,0.000000e+00,0.000000e+00,0.000000e+00
1.000000e+00,0.000000e+00,0.000000e+00,0.000000e+00,0.000000e+00,0.000000e+00,0.000000e+00,0.000000e+00,0.000000e+00,0.000000e+00,0.000000e+00,0.000000e+00,0.000000e+00,0.000000e+00,0.000000e+00
1.000000e+00,0.000000e+00,0.000000e+00,0.000000e+00,0.000000e+00,0.000000e+00,0.000000e+00,0.000000e+00,0.000000e+00,0.000000e+00,0.000000e+00,0.000000e+00,0.000000e+00,0.000000e+00,0.000000e+00
1.000000e+00,0.000000e+00,0.000000e+00,0.000000e+00,0.000000e+00,0.000000e+00,0.000000e+00,0.000000e+00,0.000000e+00,0.000000e+00,0.000000e+00,0.000000e+00,0.000000e+00,0.000000e+00,0.000000e+00
1.000000e+00,0.000000e+00,0.000000e+00,0.000000e+00,0.000000e+00,0.000000e+00,0.000000e+00,0.000000e+00,0.000000e+00,0.000000e+00,0.000000e+00,0.000000e+00,0.000000e+00,0.000000e+00,0.000000e+00
1.000000e+00,0.000000e+00,0.000000e+00,0.000000e+00,0.000000e+00,0.000000e+00,0.000000e+00,0.000000e+00,0.000000e+00,0.000000e+00,0.000000e+00,0.000000e+00,0.000000e+00,0.000000e+00,0.000000e+00
1.000000e+00,0.000000e+00,0.000000e+00,0.000000e+00,0.000000e+00,0.000000e+00,0.000000e+00,0.000000e+00,0.000000e+00,0.000000e+00,0.000000e+00,0.000000e+00,0.000000e+00,0.000000e+00,0.000000e+00
1.000000e+00,0.000000e+00,0.000000e+00,0.000000e+00,0.000000e+00,0.000000e+00,0.000000e+00,0.000000e+00,0.000000e+00,0.000000e+00,0.000000e+00,0.000000e+00,0.000000e+00,0.000000e+00,0.000000e+00
1.000000e+00,0.000000e+00,0.000000e+00,0.000000e+00,0.000000e+00,0.000000e+00,0.000000e+00,0.000000e+00,0.000000e+00,0.000000e+00,0.000000e+00,0.000000e+00,0.000000e+00,0.000000e+00,0.000000e+00
1.000000e+00,0.000000e+00,0.000000e+00,0.000000e+00,0.000000e+00,0.000000e+00,0.000000e+00,0.000000e+00,0.000000e+00,0.000000e+00,0.000000e+00,0.000000e+00,0.000000e+00,0.000000e+00,0.000000e+00
1.000000e+00,0.000000e+00,0.000000e+00,0.000000e+00,0.000000e+00,0.000000e+00,0.000000e+00,0.000000e+00,0.000000e+00,0.000000e+00,0.000000e+00,0.000000e+00,0.000000e+00,0.000000e+00,0.000000e+00
1.000000e+00,0.000000e+00,0.000000e+00,0.000000e+00,0.000000e+00,0.000000e+00,0.000000e+00,0.000000e+00,0.000000e+00,0.000000e+00,0.000000e+00,0.000000e+00,0.000000e+00,0.000000e+00,0.000000e+00
1.000000e+00,0.000000e+00,0.000000e+00,0.000000e+00,0.000000e+00,0.000000e+00,0.000000e+00,0.000000e+00,0.000000e+00,0.000000e+00,0.000000e+00,0.000000e+00,0.000000e+00,0.000000e+00,0.000000e+00
1.000000e+00,0.000000e+00,0.000000e+00,0.000000e+00,0.000000e+00,0.000000e+00,0.000000e+00,0.000000e+00,0.000000e+00,0.000000e+00,0.000000e+00,0.000000e+00,0.000000e+00,0.000000e+00,0.000000e+00
1.000000e+00,0.000000e+00,0.000000e+00,0.000000e+00,0.000000e+00,0.000000e+00,0.000000e+00,0.000000e+00,0.000000e+00,0.000000e+00,0.000000e+00,0.000000e+00,0.000000e+00,0.000000e+00,0.000000e+00
1.000000e+00,0.000000e+00,0.000000e+00,0.000000e+00,0.000000e+00,0.000000e+00,0.000000e+00,0.000000e+00,0.000000e+00,0.000000e+00,0.000000e+00,0.000000e+00,0.000000e+00,0.000000e+00,0.000000e+00
1.000000e+00,0.000000e+00,0.000000e+00,0.000000e+00,0.000000e+00,0.000000e+00,0.000000e+00,0.000000e+00,0.000000e+00,0.000000e+00,0.000000e+00,0.000000e+00,0.000000e+00,0.000000e+00,0.000000e+00
1.000000e+00,0.000000e+00,0.000000e+00,0.000000e+00,0.000000e+00,0.000000e+00,0.000000e+00,0.000000e+00,0.000000e+00,0.000000e+00,0.000000e+00,0.000000e+00,0.000000e+00,0.000000e+00,0.000000e+00
1.000000e+00,0.000000e+00,0.000000e+00,0.000000e+00,0.000000e+00,0.000000e+00,0.000000e+00,0.000000e+00,0.000000e+00,0.000000e+00,0.000000e+00,0.000000e+00,0.000000e+00,0.000000e+00,0.000000e+00
1.000000e+00,0.000000e+00,0.000000e+00,0.000000e+00,0.000000e+00,0.000000e+00,0.000000e+00,0.000000e+00,0.000000e+00,0.000000e+00,0.000000e+00,0.000000e+00,0.000000e+00,0.000000e+00,0.000000e+00
1.000000e+00,0.000000e+00,0.000000e+00,0.000000e+00,0.000000e+00,0.000000e+00,0.000000e+00,0.000000e+00,0.000000e+00,0.000000e+00,0.000000e+00,0.000000e+00,0.000000e+00,0.000000e+00,0.000000e+00
1.000000e+00,0.000000e+00,0.000000e+00,0.000000e+00,0.000000e+00,0.000000e+00,0.000000e+00,0.000000e+00,0.000000e+00,0.000000e+00,0.000000e+00,0.000000e+00,0.000000e+00,0.000000e+00,0.000000e+00
1.000000e+00,0.000000e+00,0.000000e+00,0.000000e+00,0.000000e+00,0.000000e+00,0.000000e+00,0.000000e+00,0.000000e+00,0.000000e+00,0.000000e+00,0.000000e+00,0.000000e+00,0.000000e+00,0.000000e+00
1.000000e+00,0.000000e+00,0.000000e+00,0.000000e+00,0.000000e+00,0.000000e+00,0.000000e+00,0.000000e+00,0.000000e+00,0.000000e+00,0.000000e+00,0.000000e+00,0.000000e+00,0.000000e+00,0.000000e+00
1.000000e+00,0.000000e+00,0.000000e+00,0.000000e+00,0.000000e+00,0.000000e+00,0.000000e+00,0.000000e+00,0.000000e+00,0.000000e+00,0.000000e+00,0.000000e+00,0.000000e+00,0.000000e+00,0.000000e+00
1.000000e+00,0.000000e+00,0.000000e+00,0.000000e+00,0.000000e+00,0.000000e+00,0.000000e+00,0.000000e+00,0.000000e+00,0.000000e+00,0.000000e+00,0.000000e+00,0.000000e+00,0.000000e+00,0.000000e+00
1.000000e+00,0.000000e+00,0.000000e+00,0.000000e+00,0.000000e+00,0.000000e+00,0.000000e+00,0.000000e+00,0.000000e+00,0.000000e+00,0.000000e+00,0.000000e+00,0.000000e+00,0.000000e+00,0.000000e+00
1.000000e+00,0.000000e+00,0.000000e+00,0.000000e+00,0.000000e+00,0.000000e+00,0.000000e+00,0.000000e+00,0.000000e+00,0.000000e+00,0.000000e+00,0.000000e+00,0.000000e+00,0.000000e+00,0.000000e+00
1.000000e+00,0.000000e+00,0.000000e+00,0.000000e+00,0.000000e+00,0.000000e+00,0.000000e+00,0.000000e+00,0.000000e+00,0.000000e+00,0.000000e+00,0.000000e+00,0.000000e+00,0.000000e+00,0.000000e+00
1.000000e+00,0.000000e+00,0.000000e+00,0.000000e+00,0.000000e+00,0.000000e+00,0.000000e+00,0.000000e+00,0.000000e+00,0.000000e+00,0.000000e+00,0.000000e+00,0.000000e+00,0.000000e+00,0.000000e+00
1.000000e+00,0.000000e+00,0.000000e+00,0.000000e+00,0.000000e+00,0.000000e+00,0.000000e+00,0.000000e+00,0.000000e+00,0.000000e+00,0.000000e+00,0.000000e+00,0.000000e+00,0.000000e+00,0.000000e+00
1.000000e+00,0.000000e+00,0.000000e+00,0.000000e+00,0.000000e+00,0.000000e+00,0.000000e+00,0.000000e+00,0.000000e+00,0.000000e+00,0.000000e+00,0.000000e+00,0.000000e+00,0.000000e+00,0.000000e+00
1.000000e+00,0.000000e+00,0.000000e+00,0.000000e+00,0.000000e+00,0.000000e+00,0.000000e+00,0.000000e+00,0.000000e+00,0.000000e+00,0.000000e+00,0.000000e+00,0.000000e+00,0.000000e+00,0.000000e+00
1.000000e+00,0.000000e+00,0.000000e+00,0.000000e+00,0.000000e+00,0.000000e+00,0.000000e+00,0.000000e+00,0.000000e+00,0.000000e+00,0.000000e+00,0.000000e+00,0.000000e+00,0.000000e+00,0.000000e+00
1.000000e+00,0.000000e+00,0.000000e+00,0.000000e+00,0.000000e+00,0.000000e+00,0.000000e+00,0.000000e+00,0.000000e+00,0.000000e+00,0.000000e+00,0.000000e+00,0.000000e+00,0.000000e+00,0.000000e+00
1.000000e+00,0.000000e+00,0.000000e+00,0.000000e+00,0.000000e+00,0.000000e+00,0.000000e+00,0.000000e+00,0.000000e+00,0.000000e+00,0.000000e+00,0.000000e+00,0.000000e+00,0.000000e+00,0.000000e+00
1.000000e+00,0.000000e+00,0.000000e+00,0.000000e+00,0.000000e+00,0.000000e+00,0.000000e+00,0.000000e+00,0.000000e+00,0.000000e+00,0.000000e+00,0.000000e+00,0.000000e+00,0.000000e+00,0.000000e+00
1.000000e+00,0.000000e+00,0.000000e+00,0.000000e+00,0.000000e+00,0.000000e+00,0.000000e+00,0.000000e+00,0.000000e+00,0.000000e+00,0.000000e+00,0.000000e+00,0.000000e+00,0.000000e+00,0.000000e+00
1.000000e+00,0.000000e+00,0.000000e+00,0.000000e+00,0.000000e+00,0.000000e+00,0.000000e+00,0.000000e+00,0.000000e+00,0.000000e+00,0.000000e+00,0.000000e+00,0.000000e+00,0.000000e+00,0.000000e+00
1.000000e+00,0.000000e+00,0.000000e+00,0.000000e+00,0.000000e+00,0.000000e+00,0.000000e+00,0.000000e+00,0.000000e+00,0.000000e+00,0.000000e+00,0.000000e+00,0.000000e+00,0.000000e+00,0.000000e+00
1.000000e+00,0.000000e+00,0.000000e+00,0.000000e+00,0.000000e+00,0.000000e+00,0.000000e+00,0.000000e+00,0.000000e+00,0.000000e+00,0.000000e+00,0.000000e+00,0.000000e+00,0.000000e+00,0.000000e+00
1.000000e+00,0.000000e+00,0.000000e+00,0.000000e+00,0.000000e+00,0.000000e+00,0.000000e+00,0.000000e+00,0.000000e+00,0.000000e+00,0.000000e+00,0.000000e+00,0.000000e+00,0.000000e+00,0.000000e+00
1.000000e+00,0.000000e+00,0.000000e+00,0.000000e+00,0.000000e+00,0.000000e+00,0.000000e+00,0.000000e+00,0.000000e+00,0.000000e+00,0.000000e+00,0.000000e+00,0.000000e+00,0.000000e+00,0.000000e+00
1.000000e+00,0.000000e+00,0.000000e+00,0.000000e+00,0.000000e+00,0.000000e+00,0.000000e+00,0.000000e+00,0.000000e+00,0.000000e+00,0.000000e+00,0.000000e+00,0.000000e+00,0.000000e+00,0.000000e+00
1.000000e+00,0.000000e+00,0.000000e+00,0.000000e+00,0.000000e+00,0.000000e+00,0.000000e+00,0.000000e+00,0.000000e+00,0.000000e+00,0.000000e+00,0.000000e+00,0.000000e+00,0.000000e+00,0.000000e+00
1.000000e+00,0.000000e+00,0.000000e+00,0.000000e+00,0.000000e+00,0.000000e+00,0.000000e+00,0.000000e+00,0.000000e+00,0.000000e+00,0.000000e+00,0.000000e+00,0.000000e+00,0.000000e+00,0.000000e+00
1.000000e+00,0.000000e+00,0.000000e+00,0.000000e+00,0.000000e+00,0.000000e+00,0.000000e+00,0.000000e+00,0.000000e+00,0.000000e+00,0.000000e+00,0.000000e+00,0.000000e+00,0.000000e+00,0.000000e+00
1.000000e+00,0.000000e+00,0.000000e+00,0.000000e+00,0.000000e+00,0.000000e+00,0.000000e+00,0.000000e+00,0.000000e+00,0.000000e+00,0.000000e+00,0.000000e+00,0.000000e+00,0.000000e+00,0.000000e+00
1.000000e+00,0.000000e+00,0.000000e+00,0.000000e+00,0.000000e+00,0.000000e+00,0.000000e+00,0.000000e+00,0.000000e+00,0.000000e+00,0.000000e+00,0.000000e+00,0.000000e+00,0.000000e+00,0.000000e+00
1.000000e+00,0.000000e+00,0.000000e+00,0.000000e+00,0.000000e+00,0.000000e+00,0.000000e+00,0.000000e+00,0.000000e+00,0.000000e+00,0.000000e+00,0.000000e+00,0.000000e+00,0.000000e+00,0.000000e+00
