1.000000e+00,0.000000e+00,0.000000e+00,0.000000e+00,0.000000e+00,0.000000e+00,0.000000e+00,0.000000e+00,0.000000e+00,0.000000e+00,0.000000e+00,0.000000e+00,0.000000e+00,0.000000e+00,0.000000e+00
1.000000e+00,0.000000e+00,0.000000e+00,0.000000e+00,0.000000e+00,0.000000e+00,0.000000e+00,0.000000e+00,0.000000e+00,0.000000e+00,0.000000e+00,0.000000e+00,0.000000e+00,0.000000e+00,0.000000e+00
1.000000e+00,0.000000e+00,0.000000e+00,0.000000e+00,0.000000e+00,0.000000e+00,0.000000e+00,0.000000e+00,0.000000e+00,0.000000e+00,0.000000e+00,0.000000e+00,0.000000e+00,0.000000e+00,0.000000e+00
1.000000e+00,0.000000e+00,0.000000e+00,0.000000e+00,0.000000e+00,0.000000e+00,0.000000e+00,0.000000e+00,0.000000e+00,0.000000e+00,0.000000e+00,0.000000e+00,0.000000e+00,0.000000e+00,0.000000e+00
1.000000e+00,0.000000e+00,0.000000e+00,0.000000e+00,0.000000e+00,0.000000e+00,0.000000e+00,0.000000e+00,0.000000e+00,0.000000e+00,0.000000e+00,0.000000e+00,0.000000e+00,0.000000e+00,0.000000e+00
1.000000e+00,0.000000e+00,0.000000e+00,0.000000e+00,0.000000e+00,0.000000e+00,0.000000e+00,0.000000e+00,0.000000e+00,0.000000e+00,0.000000e+00,0.000000e+00,0.000000e+00,0.000000e+00,0.000000e+00
1.000000e+00,0.000000e+00,0.000000e+00,0.000000e+00,0.000000e+00,0.000000e+00,0.000000e+00,0.000000e+00,0.000000e+00,0.000000e+00,0.000000e+00,0.000000e+00,0.000000e+00,0.000000e+00,0.000000e+00
1.000000e+00,0.000000e+00,0.000000e+00,0.000000e+00,0.000000e+00,0.000000e+00,0.000000e+00,0.000000e+00,0.000000e+00,0.000000e+00,0.000000e+00,0.000000e+00,0.000000e+00,0.000000e+00,0.000000e+00
1.000000e+00,0.000000e+00,0.000000e+00,0.000000e+00,0.000000e+00,0.000000e+00,0.000000e+00,0.000000e+00,0.000000e+00,0.000000e+00,0.000000e+00,0.000000e+00,0.000000e+00,0.000000e+00,0.000000e+00
1.000000e+00,0.000000e+00,0.000000e+00,0.000000e+00,0.000000e+00,0.000000e+00,0.000000e+00,0.000000e+00,0.000000e+00,0.000000e+00,0.000000e+00,0.000000e+00,0.000000e+00,0.000000e+00,0.000000e+00
1.000000e+00,0.000000e+00,0.000000e+00,0.000000e+00,0.000000e+00,0.000000e+00,0.000000e+00,0.000000e+00,0.000000e+00,0.000000e+00,0.000000e+00,0.000000e+00,0.000000e+00,0.000000e+00,0.000000e+00
1.000000e+00,0.000000e+00,0.000000e+00,0.000000e+00,0.000000e+00,0.000000e+00,0.000000e+00,0.000000e+00,0.000000e+00,0.000000e+00,0.000000e+00,0.000000e+00,0.000000e+00,0.000000e+00,0.000000e+00
1.000000e+00,0.000000e+00,0.000000e+00,0.000000e+00,0.000000e+00,0.000000e+00,0.000000e+00,0.000000e+00,0.000000e+00,0.000000e+00,0.000000e+00,0.000000e+00,0.000000e+00,0.000000e+00,0.000000e+00
1.000000e+00,0.000000e+00,0.000000e+00,0.000000e+00,0.000000e+00,0.000000e+00,0.000000e+00,0.000000e+00,0.000000e+00,0.000000e+00,0.000000e+00,0.000000e+00,0.000000e+00,0.000000e+00,0.000000e+00
1.000000e+00,0.000000e+00,0.000000e+00,0.000000e+00,0.000000e+00,0.000000e+00,0.000000e+00,0.000000e+00,0.000000e+00,0.000000e+00,0.000000e+00,0.000000e+00,0.000000e+00,0.000000e+00,0.000000e+00
1.000000e+00,0.000000e+00,0.000000e+00,0.000000e+00,0.000000e+00,0.000000e+00,0.000000e+00,0.000000e+00,0.000000e+00,0.000000e+00,0.000000e+00,0.000000e+00,0.000000e+00,0.000000e+00,0.000000e+00
1.000000e+00,0.000000e+00,0.000000e+00,0.000000e+00,0.000000e+00,0.000000e+00,0.000000e+00,0.000000e+00,0.000000e+00,0.000000e+00,0.000000e+00,0.000000e+00,0.000000e+00,0.000000e+00,0.000000e+00
1.000000e+00,0.000000e+00,0.000000e+00,0.000000e+00,0.000000e+00,0.000000e+00,0.000000e+00,0.000000e+00,0.000000e+00,0.000000e+00,0.000000e+00,0.000000e+00,0.000000e+00,0.000000e+00,0.000000e+00
1.000000e+00,0.000000e+00,0.000000e+00,0.000000e+00,0.000000e+00,0.000000e+00,0.000000e+00,0.000000e+00,0.000000e+00,0.000000e+00,0.000000e+00,0.000000e+00,0.000000e+00,0.000000e+00,0.000000e+00
1.000000e+00,0.000000e+00,0.000000e+00,0.000000e+00,0.000000e+00,0.000000e+00,0.000000e+00,0.000000e+00,0.000000e+00,0.000000e+00,0.000000e+00,0.000000e+00,0.000000e+00,0.000000e+00,0.000000e+00
1.000000e+00,0.000000e+00,0.000000e+00,0.000000e+00,0.000000e+00,0.000000e+00,0.000000e+00,0.000000e+00,0.000000e+00,0.000000e+00,0.000000e+00,0.000000e+00,0.000000e+00,0.000000e+00,0.000000e+00
1.000000e+00,0.000000e+00,0.000000e+00,0.000000e+00,0.000000e+00,0.000000e+00,0.000000e+00,0.000000e+00,0.000000e+00,0.000000e+00,0.000000e+00,0.000000e+00,0.000000e+00,0.000000e+00,0.000000e+00
1.000000e+00,0.000000e+00,0.000000e+00,0.000000e+00,0.000000e+00,0.000000e+00,0.000000e+00,0.000000e+00,0.000000e+00,0.000000e+00,0.000000e+00,0.000000e+00,0.000000e+00,0.000000e+00,0.000000e+00
1.000000e+00,0.000000e+00,0.000000e+00,0.000000e+00,0.000000e+00,0.000000e+00,0.000000e+00,0.000000e+00,0.000000e+00,0.000000e+00,0.000000e+00,0.000000e+00,0.000000e+00,0.000000e+00,0.000000e+00
1.000000e+00,0.000000e+00,0.000000e+00,0.000000e+00,0.000000e+00,0.000000e+00,0.000000e+00,0.000000e+00,0.000000e+00,0.000000e+00,0.000000e+00,0.000000e+00,0.000000e+00,0.000000e+00,0.000000e+00
1.000000e+00,0.000000e+00,0.000000e+00,0.000000e+00,0.000000e+00,0.000000e+00,0.000000e+00,0.000000e+00,0.000000e+00,0.000000e+00,0.000000e+00,0.000000e+00,0.000000e+00,0.000000e+00,0.000000e+00
1.000000e+00,0.000000e+00,0.000000e+00,0.000000e+00,0.000000e+00,0.000000e+00,0.000000e+00,0.000000e+00,0.000000e+00,0.000000e+00,0.000000e+00,0.000000e+00,0.000000e+00,0.000000e+00,0.000000e+00
1.000000e+00,0.000000e+00,0.000000e+00,0.000000e+00,0.000000e+00,0.000000e+00,0.000000e+00,0.000000e+00,0.000000e+00,0.000000e+00,0.000000e+00,0.000000e+00,0.000000e+00,0.000000e+00,0.000000e+00
1.000000e+00,0.000000e+00,0.000000e+00,0.000000e+00,0.000000e+00,0.000000e+00,0.000000e+00,0.000000e+00,0.000000e+00,0.000000e+00,0.000000e+00,0.000000e+00,0.000000e+00,0.000000e+00,0.000000e+00
1.000000e+00,0.000000e+00,0.000000e+00,0.000000e+00,0.000000e+00,0.000000e+00,0.000000e+00,0.000000e+00,0.000000e+00,0.000000e+00,0.000000e+00,0.000000e+00,0.000000e+00,0.000000e+00,0.000000e+00
1.000000e+00,0.000000e+00,0.000000e+00,0.000000e+00,0.000000e+00,0.000000e+00,0.000000e+00,0.000000e+00,0.000000e+00,0.000000e+00,0.000000e+00,0.000000e+00,0.000000e+00,0.000000e+00,0.000000e+00
1.000000e+00,0.000000e+00,0.000000e+00,0.000000e+00,0.000000e+00,0.000000e+00,0.000000e+00,0.000000e+00,0.000000e+00,0.000000e+00,0.000000e+00,0.000000e+00,0.000000e+00,0.000000e+00,0.000000e+00
1.000000e+00,0.000000e+00,0.000000e+00,0.000000e+00,0.000000e+00,0.000000e+00,0.000000e+00,0.000000e+00,0.000000e+00,0.000000e+00,0.000000e+00,0.000000e+00,0.000000e+00,0.000000e+00,0.000000e+00
1.000000e+00,0.000000e+00,0.000000e+00,0.000000e+00,0.000000e+00,0.000000e+00,0.000000e+00,0.000000e+00,0.000000e+00,0.000000e+00,0.000000e+00,0.000000e+00,0.000000e+00,0.000000e+00,0.000000e+00
1.000000e+00,0.000000e+00,0.000000e+00,0.000000e+00,0.000000e+00,0.000000e+00,0.000000e+00,0.000000e+00,0.000000e+00,0.000000e+00,0.000000e+00,0.000000e+00,0.000000e+00,0.000000e+00,0.000000e+00
1.000000e+00,0.000000e+00,0.000000e+00,0.000000e+00,0.000000e+00,0.000000e+00,0.000000e+00,0.000000e+00,0.000000e+00,0.000000e+00,0.000000e+00,0.000000e+00,0.000000e+00,0.000000e+00,0.000000e+00
1.000000e+00,0.000000e+00,0.000000e+00,0.000000e+00,0.000000e+00,0.000000e+00,0.000000e+00,0.000000e+00,0.000000e+00,0.000000e+00,0.000000e+00,0.000000e+00,0.000000e+00,0.000000e+00,0.000000e+00
1.000000e+00,0.000000e+00,0.000000e+00,0.000000e+00,0.000000e+00,0.000000e+00,0.000000e+00,0.000000e+00,0.000000e+00,0.000000e+00,0.000000e+00,0.000000e+00,0.000000e+00,0.000000e+00,0.000000e+00
1.000000e+00,0.000000e+00,0.000000e+00,0.000000e+00,0.000000e+00,0.000000e+00,0.000000e+00,0.000000e+00,0.000000e+00,0.000000e+00,0.000000e+00,0.000000e+00,0.000000e+00,0.000000e+00,0.000000e+00
1.000000e+00,0.000000e+00,0.000000e+00,0.000000e+00,0.000000e+00,0.000000e+00,0.000000e+00,0.000000e+00,0.000000e+00,0.000000e+00,0.000000e+00,0.000000e+00,0.000000e+00,0.000000e+00,0.000000e+00
1.000000e+00,0.000000e+00,0.000000e+00,0.000000e+00,0.000000e+00,0.000000e+00,0.000000e+00,0.000000e+00,0.000000e+00,0.000000e+00,0.000000e+00,0.000000e+00,0.000000e+00,0.000000e+00,0.000000e+00
1.000000e+00,0.000000e+00,0.000000e+00,0.000000e+00,0.000000e+00,0.000000e+00,0.000000e+00,0.000000e+00,0.000000e+00,0.000000e+00,0.000000e+00,0.000000e+00,0.000000e+00,0.000000e+00,0.000000e+00
1.000000e+00,0.000000e+00,0.000000e+00,0.000000e+00,0.000000e+00,0.000000e+00,0.000000e+00,0.000000e+00,0.000000e+00,0.000000e+00,0.000000e+00,0.000000e+00,0.000000e+00,0.000000e+00,0.000000e+00
1.000000e+00,0.000000e+00,0.000000e+00,0.000000e+00,0.000000e+00,0.000000e+00,0.000000e+00,0.000000e+00,0.000000e+00,0.000000e+00,0.000000e+00,0.000000e+00,0.000000e+00,0.000000e+00,0.000000e+00
1.000000e+00,0.000000e+00,0.000000e+00,0.000000e+00,0.000000e+00,0.000000e+00,0.000000e+00,0.000000e+00,0.000000e+00,0.000000e+00,0.000000e+00,0.000000e+00,0.000000e+00,0.000000e+00,0.000000e+00
1.000000e+00,0.000000e+00,0.000000e+00,0.000000e+00,0.000000e+00,0.000000e+00,0.000000e+00,0.000000e+00,0.000000e+00,0.000000e+00,0.000000e+00,0.000000e+00,0.000000e+00,0.000000e+00,0.000000e+00
1.000000e+00,0.000000e+00,0.000000e+00,0.000000e+00,0.000000e+00,0.000000e+00,0.000000e+00,0.000000e+00,0.000000e+00,0.000000e+00,0.000000e+00,0.000000e+00,0.000000e+00,0.000000e+00,0.000000e+00
1.000000e+00,0.000000e+00,0.000000e+00,0.000000e+00,0.000000e+00,0.000000e+00,0.000000e+00,0.000000e+00,0.000000e+00,0.000000e+00,0.000000e+00,0.000000e+00,0.000000e+00,0.000000e+00,0.000000e+00
1.000000e+00,0.000000e+00,0.000000e+00,0.000000e+00,0.000000e+00,0.000000e+00,0.000000e+00,0.000000e+00,0.000000e+00,0.000000e+00,0.000000e+00,0.000000e+00,0.000000e+00,0.000000e+00,0.000000e+00
1.000000e+00,0.000000e+00,0.000000e+00,0.000000e+00,0.000000e+00,0.000000e+00,0.000000e+00,0.000000e+00,0.000000e+00,0.000000e+00,0.000000e+00,0.000000e+00,0.000000e+00,0.000000e+00,0.000000e+00
1.000000e+00,0.000000e+00,0.000000e+00,0.000000e+00,0.000000e+00,0.000000e+00,0.000000e+00,0.000000e+00,0.000000e+00,0.000000e+00,0.000000e+00,0.000000e+00,0.000000e+00,0.000000e+00,0.000000e+00
1.000000e+00,0.000000e+00,0.000000e+00,0.000000e+00,0.000000e+00,0.000000e+00,0.000000e+00,0.000000e+00,0.000000e+00,0.000000e+00,0.000000e+00,0.000000e+00,0.000000e+00,0.000000e+00,0.000000e+00
1.000000e+00,0.000000e+00,0.000000e+00,0.000000e+00,0.000000e+00,0.000000e+00,0.000000e+00,0.000000e+00,0.000000e+00,0.000000e+00,0.000000e+00,0.000000e+00,0.000000e+00,0.000000e+00,0.000000e+00
1.000000e+00,0.000000e+00,0.000000e+00,0.000000e+00,0.000000e+00,0.000000e+00,0.000000e+00,0.000000e+00,0.000000e+00,0.000000e+00,0.000000e+00,0.000000e+00,0.000000e+00,0.000000e+00,0.000000e+00
1.000000e+00,0.000000e+00,0.000000e+00,0.000000e+00,0.000000e+00,0.000000e+00,0.000000e+00,0.000000e+00,0.000000e+00,0.000000e+00,0.000000e+00,0.000000e+00,0.000000e+00,0.000000e+00,0.000000e+00
1.000000e+00,0.000000e+00,0.000000e+00,0.000000e+00,0.000000e+00,0.000000e+00,0.000000e+00,0.000000e+00,0.000000e+00,0.000000e+00,0.000000e+00,0.000000e+00,0.000000e+00,0.000000e+00,0.000000e+00
1.000000e+00,0.000000e+00,0.000000e+00,0.000000e+00,0.000000e+00,0.000000e+00,0.000000e+00,0.000000e+00,0.000000e+00,0.000000e+00,0.000000e+00,0.000000e+00,0.000000e+00,0.000000e+00,0.000000e+00
1.000000e+00,0.000000e+00,0.000000e+00,0.000000e+00,0.000000e+00,0.000000e+00,0.000000e+00,0.000000e+00,0.000000e+00,0.000000e+00,0.000000e+00,0.000000e+00,0.000000e+00,0.000000e+00,0.000000e+00
1.000000e+00,0.000000e+00,0.000000e+00,0.000000e+00,0.000000e+00,0.000000e+00,0.000000e+00,0.000000e+00,0.000000e+00,0.000000e+00,0.000000e+00,0.000000e+00,0.000000e+00,0.000000e+00,0.000000e+00
1.000000e+00,0.000000e+00,0.000000e+00,0.000000e+00,0.000000e+00,0.000000e+00,0.000000e+00,0.000000e+00,0.000000e+00,0.000000e+00,0.000000e+00,0.000000e+00,0.000000e+00,0.000000e+00,0.000000e+00
1.000000e+00,0.000000e+00,0.000000e+00,0.000000e+00,0.000000e+00,0.000000e+00,0.000000e+00,0.000000e+00,0.000000e+00,0.000000e+00,0.000000e+00,0.000000e+00,0.000000e+00,0.000000e+00,0.000000e+00
1.000000e+00,0.000000e+00,0.000000e+00,0.000000e+00,0.000000e+00,0.000000e+00,0.000000e+00,0.000000e+00,0.000000e+00,0.000000e+00,0.000000e+00,0.000000e+00,0.000000e+00,0.000000e+00,0.000000e+00
1.000000e+00,0.000000e+00,0.000000e+00,0.000000e+00,0.000000e+00,0.000000e+00,0.000000e+00,0.000000e+00,0.000000e+00,0.000000e+00,0.000000e+00,0.000000e+00,0.000000e+00,0.000000e+00,0.000000e+00
4.753660e-01,5.147735e-02,3.736486e-02,3.244615e-01,8.430126e-03,7.925762e-03,3.432808e-03,6.339622e-03,1.302763e-02,2.719390e-03,6.079143e-03,1.370972e-02,1.425561e-02,1.656914e-03,3.375360e-02
3.371550e-01,4.141860e-02,4.951318e-02,4.688694e-01,6.092447e-03,5.760752e-03,2.447827e-03,4.871025e-03,1.195455e-02,4.339422e-03,6.408227e-03,9.924291e-03,1.086812e-02,1.211837e-03,3.916537e-02
2.387637e-01,3.262666e-02,8.487679e-02,4.992368e-01,4.506723e-03,4.264947e-03,1.801262e-03,3.609179e-03,1.564232e-02,9.853750e-03,6.866945e-03,7.300975e-03,8.253257e-03,1.011496e-03,8.138520e-02
1.713983e-01,2.511469e-02,2.096531e-01,4.364845e-01,3.497506e-03,3.471934e-03,1.388106e-03,3.330804e-03,1.523844e-02,1.287911e-02,7.527472e-03,5.524325e-03,6.681029e-03,1.028332e-03,9.678239e-02
1.282796e-01,2.016748e-02,3.203822e-01,3.081526e-01,2.687682e-03,4.305558e-03,1.023845e-03,3.190695e-03,1.180478e-02,2.443205e-02,6.103260e-03,4.106093e-03,5.082587e-03,1.353884e-02,1.467428e-01
1.083107e-01,2.582496e-02,2.972785e-01,2.920429e-01,3.077437e-03,4.710898e-03,1.008442e-03,3.387467e-03,1.570299e-02,2.467058e-02,8.544733e-03,3.560996e-03,4.815109e-03,1.116839e-02,1.958959e-01
1.146667e-01,2.614711e-02,3.275603e-01,2.861992e-01,3.863824e-03,4.839052e-03,9.564714e-04,3.965592e-03,1.425219e-02,2.248841e-02,7.801229e-03,3.456290e-03,4.222553e-03,9.151732e-03,1.704292e-01
1.056978e-01,2.543489e-02,3.343453e-01,3.122037e-01,3.702213e-03,4.874848e-03,7.647452e-04,3.222562e-03,2.486056e-02,2.366544e-02,7.359870e-03,2.781180e-03,3.354923e-03,7.345171e-03,1.403867e-01
1.729723e-01,2.214582e-02,2.803002e-01,2.316691e-01,3.659091e-03,4.276246e-03,6.052424e-04,2.732954e-03,3.783297e-02,1.898596e-02,7.763393e-03,3.108113e-03,3.893403e-03,1.753531e-02,1.925199e-01
1.486556e-01,3.081744e-02,2.254963e-01,2.602114e-01,3.495039e-03,3.839919e-03,5.266563e-04,2.191716e-03,3.954245e-02,1.691659e-02,7.103420e-03,3.517258e-03,3.658170e-03,1.738875e-02,2.366392e-01
2.069282e-01,3.436816e-02,1.691311e-01,2.661674e-01,4.014921e-03,5.498237e-03,5.690865e-04,2.115149e-03,3.695782e-02,1.613692e-02,9.739608e-03,5.746493e-03,4.801004e-03,1.731216e-02,2.205137e-01
2.004460e-01,3.705796e-02,1.535279e-01,3.074002e-01,4.109213e-03,5.624651e-03,8.693908e-04,1.971655e-03,3.316856e-02,1.485853e-02,7.994011e-03,6.488872e-03,5.364140e-03,1.421382e-02,2.069051e-01
1.860090e-01,3.027026e-02,1.193722e-01,2.249925e-01,3.551193e-03,4.729179e-03,7.038047e-04,1.491396e-03,3.866608e-02,1.462395e-02,5.977796e-03,4.741846e-03,6.492052e-03,3.066517e-02,3.277135e-01
2.127014e-01,2.762915e-02,8.808193e-02,1.615143e-01,3.121660e-03,4.864403e-03,7.253787e-04,1.493513e-03,3.642955e-02,1.669447e-02,5.446706e-03,3.642393e-03,7.440539e-03,5.137924e-02,3.788354e-01
2.867364e-01,3.562653e-02,6.588750e-02,1.323652e-01,3.028190e-03,5.531847e-03,8.411526e-04,2.059372e-03,3.331931e-02,1.452812e-02,6.592833e-03,3.492087e-03,6.092145e-03,4.453417e-02,3.593652e-01
3.965623e-01,3.582114e-02,4.907393e-02,1.086361e-01,2.890988e-03,6.406298e-03,1.107135e-03,2.734812e-03,2.937638e-02,1.336061e-02,5.814500e-03,3.173176e-03,5.761196e-03,3.373176e-02,3.055497e-01
4.605312e-01,3.158668e-02,3.630295e-02,8.126003e-02,2.816197e-03,5.527660e-03,9.663879e-04,2.649285e-03,2.692164e-02,1.619829e-02,5.152550e-03,2.596421e-03,4.965758e-03,2.603462e-02,2.964904e-01
4.690072e-01,3.208033e-02,3.253155e-02,7.492288e-02,2.774671e-03,7.682343e-03,9.807168e-04,3.905401e-03,4.913817e-02,2.651087e-02,6.191256e-03,3.381603e-03,8.233487e-03,1.934190e-02,2.633177e-01
3.833377e-01,3.183101e-02,6.127018e-02,1.336357e-01,2.322941e-03,6.642126e-03,9.124069e-04,5.904369e-03,9.253359e-02,2.529222e-02,6.607176e-03,3.284471e-03,7.499819e-03,1.401276e-02,2.249135e-01
2.923998e-01,2.940173e-02,1.437318e-01,1.808496e-01,2.379170e-03,5.249838e-03,7.001091e-04,4.545455e-03,1.078311e-01,2.237565e-02,8.856615e-03,3.880772e-03,7.287316e-03,1.031634e-02,1.801946e-01
2.481161e-01,2.882279e-02,1.729113e-01,1.717390e-01,2.365784e-03,4.766352e-03,6.059649e-04,3.905088e-03,1.142806e-01,4.087175e-02,1.999533e-02,4.409686e-03,1.207333e-02,8.794208e-03,1.663427e-01
1.832976e-01,2.497314e-02,2.763581e-01,1.715927e-01,1.883637e-03,3.696055e-03,4.672016e-04,4.205413e-03,1.028699e-01,5.602189e-02,1.856133e-02,4.308761e-03,1.186492e-02,6.558086e-03,1.333413e-01
2.107147e-01,5.403969e-02,2.073296e-01,1.296853e-01,2.969815e-03,4.446934e-03,5.882641e-04,4.129203e-03,1.191633e-01,5.790181e-02,2.025340e-02,4.396124e-03,1.727786e-02,9.566433e-03,1.575375e-01
2.733976e-01,4.831365e-02,1.594094e-01,1.008755e-01,3.483137e-03,4.915593e-03,6.472925e-04,7.172558e-03,1.022528e-01,4.735896e-02,2.041233e-02,4.322521e-03,2.274861e-02,9.041906e-03,1.956481e-01
2.064016e-01,6.538326e-02,1.887570e-01,1.536466e-01,3.692919e-03,4.137164e-03,5.760990e-04,5.642726e-03,1.466286e-01,3.597093e-02,1.512883e-02,3.720989e-03,1.721915e-02,7.090437e-03,1.460037e-01
1.792235e-01,6.271536e-02,2.380847e-01,1.297720e-01,3.420867e-03,4.632282e-03,6.239961e-04,5.434967e-03,1.554479e-01,3.091110e-02,1.476979e-02,3.526376e-03,1.772279e-02,1.055005e-02,1.431642e-01
1.501470e-01,7.794489e-02,3.135656e-01,1.119530e-01,2.633717e-03,4.013133e-03,5.159844e-04,4.230211e-03,1.402026e-01,2.672780e-02,1.302396e-02,4.866758e-03,1.772762e-02,1.033289e-02,1.221149e-01
1.818323e-01,6.536184e-02,2.762652e-01,8.357628e-02,2.551215e-03,7.969708e-03,6.176948e-04,3.630324e-03,1.079116e-01,7.163969e-02,3.281226e-02,1.120064e-02,3.128309e-02,1.812764e-02,1.052206e-01
1.827728e-01,8.583383e-02,2.734766e-01,7.964528e-02,5.862031e-03,8.924595e-03,9.520977e-04,5.560153e-03,1.034258e-01,5.953688e-02,3.076683e-02,1.271034e-02,3.123830e-02,1.522423e-02,1.040702e-01
3.371699e-01,6.898594e-02,1.927998e-01,6.060831e-02,6.617776e-03,8.511003e-03,9.050307e-04,5.200549e-03,9.085198e-02,5.689379e-02,2.619315e-02,1.182941e-02,4.095704e-02,1.148207e-02,8.099432e-02
4.180618e-01,6.905645e-02,1.364608e-01,4.818640e-02,8.683675e-03,8.907124e-03,9.071045e-04,4.795315e-03,1.000421e-01,4.991088e-02,2.276945e-02,1.067270e-02,4.495173e-02,8.632446e-03,6.796200e-02
3.938475e-01,1.038028e-01,9.704144e-02,4.334441e-02,7.373011e-03,7.882951e-03,7.855259e-04,6.474428e-03,1.250053e-01,3.866947e-02,1.810353e-02,8.664493e-03,4.907551e-02,7.383017e-03,9.254671e-02
2.971792e-01,2.364825e-01,6.917424e-02,3.666228e-02,5.463320e-03,6.429015e-03,5.934042e-04,5.752272e-03,1.272153e-01,2.881289e-02,1.449024e-02,6.599289e-03,3.597611e-02,8.152901e-03,1.210171e-01
2.287560e-01,3.123673e-01,4.934019e-02,3.029831e-02,4.086082e-03,5.612045e-03,4.723944e-04,4.480574e-03,1.434616e-01,2.559358e-02,1.120916e-02,5.365642e-03,2.788430e-02,7.324945e-03,1.437479e-01
1.766471e-01,3.385440e-01,3.539947e-02,3.582946e-02,3.143081e-03,5.289137e-03,4.864873e-04,5.136236e-03,1.391992e-01,2.063218e-02,1.475127e-02,5.283435e-03,2.352045e-02,9.495014e-03,1.866435e-01
1.433837e-01,3.199115e-01,2.640745e-02,5.650289e-02,2.569744e-03,7.850433e-03,5.604685e-04,6.363699e-03,1.362016e-01,1.835564e-02,2.470949e-02,6.854089e-03,2.591394e-02,1.095605e-02,2.134593e-01
1.252153e-01,2.984273e-01,2.129703e-02,6.300226e-02,2.227423e-03,7.595253e-03,7.669153e-04,7.952476e-03,1.301671e-01,1.584500e-02,3.342718e-02,8.715228e-03,2.816478e-02,1.142771e-02,2.457691e-01
9.645832e-02,2.433994e-01,1.842272e-02,6.795392e-02,1.961956e-03,7.454783e-03,8.524787e-04,7.282019e-03,1.138058e-01,1.593602e-02,4.041179e-02,1.067997e-02,3.259827e-02,1.107993e-02,3.317027e-01
7.853355e-02,1.833271e-01,1.925215e-02,7.268675e-02,2.350864e-03,7.277432e-03,1.159604e-03,8.984036e-03,1.166003e-01,1.693843e-02,4.610014e-02,1.499787e-02,3.768823e-02,1.003197e-02,3.840717e-01
8.538336e-02,1.369973e-01,2.725879e-02,6.492075e-02,5.647885e-03,9.812910e-03,3.083257e-03,8.839625e-03,1.059539e-01,4.130795e-02,5.834958e-02,2.150043e-02,4.745713e-02,1.161856e-02,3.718687e-01
8.786007e-02,1.062113e-01,2.850471e-02,5.704823e-02,6.456105e-03,1.012163e-02,4.249906e-03,1.005246e-02,9.467702e-02,5.525628e-02,6.411508e-02,2.691230e-02,5.221099e-02,1.311758e-02,3.832064e-01
7.269147e-02,7.822187e-02,2.338219e-02,4.504257e-02,6.387618e-03,8.636085e-03,5.286615e-03,1.107254e-02,8.514465e-02,5.568086e-02,5.755104e-02,2.576065e-02,5.198854e-02,1.230871e-02,4.608446e-01
6.399486e-02,5.838547e-02,1.961939e-02,3.441675e-02,8.609282e-03,7.462101e-03,6.559067e-03,1.029303e-02,8.032186e-02,5.550950e-02,4.921258e-02,2.338482e-02,6.887524e-02,1.232986e-02,5.010262e-01
6.340937e-02,4.251288e-02,1.549509e-02,3.065597e-02,1.083435e-02,7.665860e-03,6.393819e-03,1.056734e-02,7.557815e-02,7.595824e-02,5.637779e-02,2.614598e-02,1.288924e-01,1.346560e-02,4.360472e-01
7.931507e-02,3.115508e-02,1.194362e-02,2.615584e-02,1.395910e-02,7.329556e-03,6.496516e-03,1.514504e-02,6.694232e-02,7.233132e-02,5.251554e-02,3.043976e-02,1.858675e-01,1.190888e-02,3.884948e-01
6.702021e-02,2.281834e-02,1.129837e-02,2.180714e-02,2.094834e-02,6.586005e-03,1.051521e-02,5.078093e-02,6.542651e-02,6.218287e-02,4.317037e-02,2.740730e-02,1.785616e-01,1.008147e-02,4.013954e-01
5.298451e-02,1.715473e-02,1.119671e-02,1.663542e-02,3.845226e-02,6.250513e-03,1.284574e-02,5.078200e-02,7.150613e-02,4.758778e-02,3.622647e-02,2.865943e-02,1.784080e-01,8.360112e-03,4.229503e-01
4.429325e-02,1.296497e-02,1.563748e-02,1.347640e-02,3.859327e-02,6.711011e-03,2.190609e-02,1.445460e-01,6.239690e-02,3.846728e-02,2.930466e-02,2.570041e-02,1.682068e-01,6.995416e-03,3.708001e-01
3.279199e-02,9.229137e-03,1.820088e-02,1.049959e-02,3.292466e-02,5.020009e-03,2.049215e-02,3.364776e-01,4.671796e-02,2.826523e-02,2.315443e-02,1.987121e-02,1.281898e-01,5.300518e-03,2.828649e-01
2.663805e-02,7.149993e-03,2.483023e-02,8.311884e-03,2.890650e-02,4.230582e-03,1.866400e-02,4.733823e-01,3.720327e-02,2.146825e-02,1.742539e-02,1.519345e-02,1.021180e-01,4.305040e-03,2.101731e-01
2.148874e-02,6.185255e-03,3.447307e-02,6.454230e-03,2.952417e-02,4.210076e-03,2.548121e-02,5.318632e-01,3.765473e-02,1.696563e-02,1.396890e-02,1.297181e-02,8.813584e-02,3.897218e-03,1.667260e-01
1.949025e-02,6.860948e-03,5.075766e-02,4.939197e-03,3.976065e-02,4.969625e-03,5.226897e-02,4.954251e-01,4.780168e-02,1.346255e-02,1.144424e-02,1.689313e-02,8.405978e-02,4.090494e-03,1.477758e-01
1.607388e-02,6.875069e-03,5.754508e-02,4.087506e-03,3.759960e-02,6.772133e-03,4.724272e-02,5.539280e-01,4.856127e-02,9.906255e-03,8.781642e-03,1.880337e-02,7.140753e-02,3.675616e-03,1.087403e-01
1.380113e-02,8.265696e-03,5.791765e-02,3.347910e-03,3.192024e-02,7.735137e-03,3.995886e-02,5.943109e-01,4.958990e-02,7.191420e-03,6.619579e-03,3.235344e-02,6.391449e-02,3.288768e-03,7.978491e-02
1.473132e-02,1.490813e-02,5.198115e-02,2.786099e-03,2.846442e-02,8.081667e-03,3.580266e-02,5.572084e-01,5.181630e-02,5.344165e-03,5.344982e-03,1.089435e-01,5.051921e-02,3.614305e-03,6.045366e-02
1.879749e-02,2.096894e-02,5.373245e-02,2.357207e-03,2.766851e-02,8.188479e-03,3.433191e-02,4.933039e-01,5.025315e-02,4.221390e-03,4.611820e-03,1.916941e-01,4.054026e-02,3.933038e-03,4.539737e-02
2.525244e-02,3.482920e-02,6.117319e-02,3.567396e-02,5.230819e-02,1.170848e-02,3.079981e-02,4.478101e-01,5.520189e-02,3.779340e-03,4.261421e-03,1.673191e-01,3.307613e-02,3.239627e-03,3.356719e-02
3.772039e-02,4.152086e-02,5.446137e-02,3.666285e-02,4.391057e-02,2.343863e-02,2.690893e-02,3.990434e-01,5.485766e-02,3.529326e-03,3.833998e-03,2.151499e-01,3.048076e-02,2.609055e-03,2.587216e-02
4.784923e-02,6.240559e-02,4.165814e-02,3.303999e-02,3.518151e-02,2.514505e-02,2.506930e-02,3.119430e-01,5.311724e-02,3.719028e-03,3.172709e-03,3.058565e-01,2.867267e-02,2.324974e-03,2.084506e-02
5.394345e-02,5.142488e-02,4.892931e-02,2.744374e-02,2.788317e-02,2.262778e-02,2.729861e-02,3.770690e-01,4.202195e-02,3.447840e-03,2.536194e-03,2.701530e-01,2.606176e-02,1.868156e-03,1.729111e-02
9.397452e-02,4.837956e-02,4.362860e-02,2.483765e-02,2.594611e-02,2.783537e-02,2.798488e-02,3.079275e-01,3.455938e-02,8.012386e-03,2.828844e-03,3.053043e-01,2.663153e-02,2.671017e-03,1.947843e-02
8.393861e-02,3.821665e-02,6.056156e-02,4.590335e-02,3.369008e-02,2.554840e-02,2.314305e-02,3.842279e-01,3.095067e-02,8.659095e-03,2.625644e-03,2.167669e-01,2.615780e-02,2.121244e-03,1.748904e-02
8.502931e-02,2.867397e-02,7.553510e-02,5.392719e-02,3.803653e-02,2.631159e-02,2.150781e-02,3.819563e-01,3.023275e-02,1.433128e-02,4.223062e-03,1.559650e-01,3.908347e-02,2.020645e-03,4.316602e-02
8.952784e-02,2.356801e-02,1.135310e-01,6.812410e-02,4.534170e-02,2.893937e-02,2.390889e-02,2.750911e-01,3.390144e-02,8.313543e-02,9.710304e-03,1.160420e-01,4.389406e-02,3.783489e-03,4.150117e-02
1.337708e-01,2.100001e-02,8.470965e-02,5.841878e-02,3.620869e-02,3.218547e-02,2.568048e-02,2.280542e-01,3.289307e-02,1.186580e-01,1.053775e-02,9.492293e-02,4.430377e-02,3.812733e-03,7.484372e-02
1.388857e-01,1.741603e-02,6.082999e-02,5.419165e-02,3.118374e-02,2.655799e-02,2.245772e-02,2.015816e-01,4.769416e-02,1.489230e-01,1.383977e-02,7.303990e-02,5.679604e-02,3.715780e-03,1.028869e-01
2.185530e-01,2.149208e-02,4.344364e-02,4.803916e-02,2.715881e-02,2.496017e-02,1.725896e-02,1.439657e-01,1.218802e-01,1.091568e-01,1.455965e-02,6.486002e-02,5.994280e-02,3.011103e-03,8.171795e-02
2.121379e-01,3.645020e-02,3.107272e-02,4.857977e-02,2.013803e-02,2.163024e-02,1.250276e-02,1.039740e-01,2.296572e-01,8.070708e-02,1.344953e-02,5.424904e-02,6.730534e-02,2.383089e-03,6.576307e-02
1.773380e-01,5.956987e-02,2.280211e-02,5.117735e-02,1.506748e-02,1.812879e-02,9.101144e-03,7.607517e-02,3.206307e-01,6.357453e-02,1.296667e-02,4.367341e-02,7.588916e-02,1.953723e-03,5.205194e-02
1.265541e-01,8.553012e-02,1.845204e-02,1.118328e-01,1.172612e-02,1.388711e-02,6.459522e-03,6.157939e-02,3.755634e-01,4.508403e-02,1.062194e-02,3.148858e-02,6.223291e-02,1.472121e-03,3.751597e-02
9.085610e-02,7.311817e-02,7.128961e-02,1.748349e-01,1.039769e-02,1.119743e-02,4.636449e-03,6.203527e-02,3.342767e-01,3.377392e-02,1.211487e-02,2.351419e-02,6.476357e-02,1.385891e-03,3.180522e-02
7.525460e-02,7.679315e-02,8.410830e-02,1.660670e-01,1.026990e-02,9.572648e-03,3.766471e-03,5.102108e-02,2.939059e-01,3.315482e-02,2.250205e-02,2.748772e-02,6.803225e-02,2.848160e-03,7.521583e-02
5.595457e-02,6.681927e-02,1.690933e-01,2.051299e-01,1.079474e-02,7.877994e-03,3.891318e-03,3.991826e-02,2.481196e-01,3.749657e-02,1.742336e-02,2.015359e-02,5.016273e-02,2.562814e-03,6.460190e-02
5.281052e-02,6.738473e-02,1.652274e-01,1.982129e-01,1.238246e-02,1.391904e-02,7.844294e-03,3.371114e-02,2.535963e-01,3.444711e-02,2.378867e-02,1.797837e-02,4.483443e-02,3.308243e-03,7.055439e-02
5.395465e-02,5.254669e-02,2.276621e-01,2.299609e-01,1.295829e-02,1.507621e-02,8.002613e-03,2.656031e-02,2.170475e-01,2.976381e-02,1.775198e-02,1.402897e-02,3.323520e-02,2.727544e-03,5.872317e-02
1.068048e-01,4.650801e-02,1.972088e-01,2.098722e-01,1.740205e-02,1.833220e-02,8.220543e-03,2.031592e-02,2.336398e-01,3.067803e-02,1.531644e-02,1.390794e-02,2.788686e-02,2.818445e-03,5.108796e-02
1.568095e-01,4.608582e-02,1.637641e-01,1.716748e-01,1.750472e-02,1.775748e-02,7.101443e-03,1.575920e-02,2.468492e-01,4.124451e-02,1.328358e-02,1.510908e-02,2.870297e-02,3.296184e-03,5.505749e-02
1.485581e-01,4.559425e-02,1.288182e-01,1.277960e-01,6.293991e-02,2.264564e-02,1.192015e-02,1.324250e-02,3.051637e-01,3.005456e-02,1.086268e-02,1.236636e-02,2.386563e-02,3.312881e-03,5.285940e-02
1.287895e-01,5.052042e-02,1.070598e-01,9.797152e-02,1.142531e-01,2.775848e-02,2.661984e-02,1.630186e-02,3.262715e-01,2.198370e-02,9.451943e-03,9.213267e-03,1.889280e-02,3.095077e-03,4.181733e-02
1.124343e-01,6.236719e-02,8.916736e-02,9.433153e-02,1.528420e-01,3.292747e-02,4.756072e-02,4.400668e-02,2.854960e-01,1.566614e-02,7.413658e-03,6.927487e-03,1.485008e-02,2.456213e-03,3.155314e-02
9.216341e-02,5.169094e-02,7.957390e-02,1.057402e-01,1.706750e-01,3.417743e-02,5.792189e-02,1.252512e-01,2.247353e-01,1.110885e-02,5.598767e-03,5.104444e-03,1.156156e-02,1.776586e-03,2.292036e-02
1.487856e-01,5.009459e-02,7.241489e-02,1.028094e-01,1.598485e-01,3.918055e-02,4.764249e-02,1.352932e-01,1.892857e-01,8.774741e-03,5.000568e-03,5.006127e-03,1.223444e-02,1.803226e-03,2.182594e-02
2.022972e-01,5.122972e-02,7.358166e-02,8.888300e-02,1.534978e-01,3.666355e-02,4.179060e-02,1.376997e-01,1.576687e-01,7.714338e-03,5.548194e-03,5.252701e-03,1.731011e-02,1.942755e-03,1.892004e-02
2.229385e-01,4.492073e-02,6.602273e-02,7.290546e-02,1.364722e-01,2.878204e-02,3.631977e-02,2.097903e-01,1.310845e-01,5.942772e-03,5.373410e-03,5.379780e-03,1.678577e-02,1.767871e-03,1.551419e-02
1.865316e-01,4.360215e-02,9.789608e-02,8.965072e-02,1.144018e-01,2.432874e-02,2.993640e-02,2.631998e-01,9.637851e-02,6.792542e-03,6.198571e-03,6.174163e-03,1.792013e-02,1.868545e-03,1.512029e-02
2.034232e-01,3.555292e-02,9.711522e-02,7.743728e-02,1.002711e-01,2.765784e-02,2.638423e-02,2.971834e-01,7.494212e-02,5.770816e-03,6.065190e-03,6.977164e-03,2.687695e-02,1.804719e-03,1.253790e-02
3.309269e-01,2.782996e-02,7.511649e-02,6.118986e-02,7.506394e-02,3.222626e-02,2.046824e-02,2.593896e-01,5.823743e-02,5.182862e-03,6.568117e-03,1.136426e-02,2.363727e-02,1.734579e-03,1.106425e-02
4.840510e-01,2.181840e-02,5.405897e-02,4.714384e-02,5.435468e-02,2.972080e-02,1.508451e-02,1.938708e-01,4.347777e-02,4.482517e-03,6.443656e-03,1.328482e-02,1.919804e-02,1.613798e-03,1.139642e-02
1.000000e+00,0.000000e+00,0.000000e+00,0.000000e+00,0.000000e+00,0.000000e+00,0.000000e+00,0.000000e+00,0.000000e+00,0.000000e+00,0.000000e+00,0.000000e+00,0.000000e+00,0.000000e+00,0.000000e+00
1.000000e+00,0.000000e+00,0.000000e+00,0.000000e+00,0.000000e+00,0.000000e+00,0.000000e+00,0.000000e+00,0.000000e+00,0.000000e+00,0.000000e+00,0.000000e+00,0.000000e+00,0.000000e+00,0.000000e+00
1.000000e+00,0.000000e+00,0.000000e+00,0.000000e+00,0.000000e+00,0.000000e+00,0.000000e+00,0.000000e+00,0.000000e+00,0.000000e+00,0.000000e+00,0.000000e+00,0.000000e+00,0.000000e+00,0.000000e+00
1.000000e+00,0.000000e+00,0.000000e+00,0.000000e+00,0.000000e+00,0.000000e+00,0.000000e+00,0.000000e+00,0.000000e+00,0.000000e+00,0.000000e+00,0.000000e+00,0.000000e+00,0.000000e+00,0.000000e+00
1.000000e+00,0.000000e+00,0.000000e+00,0.000000e+00,0.000000e+00,0.000000e+00,0.000000e+00,0.000000e+00,0.000000e+00,0.000000e+00,0.000000e+00,0.000000e+00,0.000000e+00,0.000000e+00,0.000000e+00
1.000000e+00,0.000000e+00,0.000000e+00,0.000000e+00,0.000000e+00,0.000000e+00,0.000000e+00,0.000000e+00,0.000000e+00,0.000000e+00,0.000000e+00,0.000000e+00,0.000000e+00,0.000000e+00,0.000000e+00
1.000000e+00,0.000000e+00,0.000000e+00,0.000000e+00,0.000000e+00,0.000000e+00,0.000000e+00,0.000000e+00,0.000000e+00,0.000000e+00,0.000000e+00,0.000000e+00,0.000000e+00,0.000000e+00,0.000000e+00
1.000000e+00,0.000000e+00,0.000000e+00,0.000000e+00,0.000000e+00,0.000000e+00,0.000000e+00,0.000000e+00,0.000000e+00,0.000000e+00,0.000000e+00,0.000000e+00,0.000000e+00,0.000000e+00,0.000000e+00
1.000000e+00,0.000000e+00,0.000000e+00,0.000000e+00,0.000000e+00,0.000000e+00,0.000000e+00,0.000000e+00,0.000000e+00,0.000000e+00,0.000000e+00,0.000000e+00,0.000000e+00,0.000000e+00,0.000000e+00
1.000000e+00,0.000000e+00,0.000000e+00,0.000000e+00,0.000000e+00,0.000000e+00,0.000000e+00,0.000000e+00,0.000000e+00,0.000000e+00,0.000000e+00,0.000000e+00,0.000000e+00,0.000000e+00,0.000000e+00
1.000000e+00,0.000000e+00,0.000000e+00,0.000000e+00,0.000000e+00,0.000000e+00,0.000000e+00,0.000000e+00,0.000000e+00,0.000000e+00,0.000000e+00,0.000000e+00,0.000000e+00,0.000000e+00,0.000000e+00
1.000000e+00,0.000000e+00,0.000000e+00,0.000000e+00,0.000000e+00,0.000000e+00,0.000000e+00,0.000000e+00,0.000000e+00,0.000000e+00,0.000000e+00,0.000000e+00,0.000000e+00,0.000000e+00,0.000000e+00
1.000000e+00,0.000000e+00,0.000000e+00,0.000000e+00,0.000000e+00,0.000000e+00,0.000000e+00,0.000000e+00,0.000000e+00,0.000000e+00,0.000000e+00,0.000000e+00,0.000000e+00,0.000000e+00,0.000000e+00
1.000000e+00,0.000000e+00,0.000000e+00,0.000000e+00,0.000000e+00,0.000000e+00,0.000000e+00,0.000000e+00,0.000000e+00,0.000000e+00,0.000000e+00,0.000000e+00,0.000000e+00,0.000000e+00,0.000000e+00
1.000000e+00,0.000000e+00,0.000000e+00,0.000000e+00,0.000000e+00,0.000000e+00,0.000000e+00,0.000000e+00,0.000000e+00,0.000000e+00,0.000000e+00,0.000000e+00,0.000000e+00,0.000000e+00,0.000000e+00
4.664814e-01,5.271850e-02,3.000242e-02,8.083032e-02,3.554236e-02,3.359748e-02,8.251820e-03,1.814957e-02,6.056003e-02,1.465130e-02,2.154075e-02,3.379961e-02,2.678394e-02,1.144818e-02,1.056423e-01
3.314309e-01,6.831150e-02,4.899526e-02,2.502030e-01,3.803672e-02,3.054889e-02,6.301284e-03,1.654866e-02,4.764234e-02,1.265747e-02,1.631196e-02,2.426143e-02,1.944499e-02,8.462940e-03,8.084257e-02
2.530295e-01,5.500685e-02,5.155316e-02,3.688629e-01,3.665420e-02,2.444071e-02,4.900273e-03,1.347330e-02,4.255680e-02,1.528792e-02,2.114359e-02,1.856655e-02,1.548382e-02,7.337965e-03,7.170250e-02
3.310457e-01,6.488480e-02,5.562248e-02,2.759103e-01,3.549778e-02,2.409936e-02,4.287635e-03,1.350756e-02,4.851582e-02,1.264356e-02,1.862070e-02,1.588854e-02,1.906388e-02,8.078778e-03,7.233309e-02
3.478462e-01,5.736396e-02,4.370541e-02,2.058053e-01,4.111174e-02,2.434299e-02,6.046037e-03,5.152936e-02,5.034208e-02,1.305207e-02,2.861070e-02,1.524744e-02,1.804947e-02,7.948088e-03,8.899926e-02
4.067329e-01,5.541304e-02,3.694057e-02,1.512879e-01,4.270800e-02,2.325045e-02,8.716764e-03,5.188131e-02,5.356128e-02,1.255613e-02,2.470847e-02,1.512208e-02,2.097983e-02,7.809017e-03,8.833224e-02
3.546696e-01,6.664006e-02,3.187785e-02,2.680332e-01,3.659109e-02,1.948208e-02,7.111899e-03,3.939195e-02,4.020868e-02,9.734553e-03,1.955993e-02,1.645516e-02,1.795645e-02,5.827121e-03,6.646041e-02
4.632311e-01,5.463316e-02,2.472000e-02,2.115519e-01,3.191530e-02,2.281450e-02,6.381951e-03,3.080261e-02,3.537822e-02,8.274974e-03,1.710374e-02,1.825784e-02,1.585666e-02,4.656799e-03,5.442123e-02
1.000000e+00,0.000000e+00,0.000000e+00,0.000000e+00,0.000000e+00,0.000000e+00,0.000000e+00,0.000000e+00,0.000000e+00,0.000000e+00,0.000000e+00,0.000000e+00,0.000000e+00,0.000000e+00,0.000000e+00
1.000000e+00,0.000000e+00,0.000000e+00,0.000000e+00,0.000000e+00,0.000000e+00,0.000000e+00,0.000000e+00,0.000000e+00,0.000000e+00,0.000000e+00,0.000000e+00,0.000000e+00,0.000000e+00,0.000000e+00
1.000000e+00,0.000000e+00,0.000000e+00,0.000000e+00,0.000000e+00,0.000000e+00,0.000000e+00,0.000000e+00,0.000000e+00,0.000000e+00,0.000000e+00,0.000000e+00,0.000000e+00,0.000000e+00,0.000000e+00
1.000000e+00,0.000000e+00,0.000000e+00,0.000000e+00,0.000000e+00,0.000000e+00,0.000000e+00,0.000000e+00,0.000000e+00,0.000000e+00,0.000000e+00,0.000000e+00,0.000000e+00,0.000000e+00,0.000000e+00
1.000000e+00,0.000000e+00,0.000000e+00,0.000000e+00,0.000000e+00,0.000000e+00,0.000000e+00,0.000000e+00,0.000000e+00,0.000000e+00,0.000000e+00,0.000000e+00,0.000000e+00,0.000000e+00,0.000000e+00
1.000000e+00,0.000000e+00,0.000000e+00,0.000000e+00,0.000000e+00,0.000000e+00,0.000000e+00,0.000000e+00,0.000000e+00,0.000000e+00,0.000000e+00,0.000000e+00,0.000000e+00,0.000000e+00,0.000000e+00
1.000000e+00,0.000000e+00,0.000000e+00,0.000000e+00,0.000000e+00,0.000000e+00,0.000000e+00,0.000000e+00,0.000000e+00,0.000000e+00,0.000000e+00,0.000000e+00,0.000000e+00,0.000000e+00,0.000000e+00
1.000000e+00,0.000000e+00,0.000000e+00,0.000000e+00,0.000000e+00,0.000000e+00,0.000000e+00,0.000000e+00,0.000000e+00,0.000000e+00,0.000000e+00,0.000000e+00,0.000000e+00,0.000000e+00,0.000000e+00
1.000000e+00,0.000000e+00,0.000000e+00,0.000000e+00,0.000000e+00,0.000000e+00,0.000000e+00,0.000000e+00,0.000000e+00,0.000000e+00,0.000000e+00,0.000000e+00,0.000000e+00,0.000000e+00,0.000000e+00
1.000000e+00,0.000000e+00,0.000000e+00,0.000000e+00,0.000000e+00,0.000000e+00,0.000000e+00,0.000000e+00,0.000000e+00,0.000000e+00,0.000000e+00,0.000000e+00,0.000000e+00,0.000000e+00,0.000000e+00
1.000000e+00,0.000000e+00,0.000000e+00,0.000000e+00,0.000000e+00,0.000000e+00,0.000000e+00,0.000000e+00,0.000000e+00,0.000000e+00,0.000000e+00,0.000000e+00,0.000000e+00,0.000000e+00,0.000000e+00
1.000000e+00,0.000000e+00,0.000000e+00,0.000000e+00,0.000000e+00,0.000000e+00,0.000000e+00,0.000000e+00,0.000000e+00,0.000000e+00,0.000000e+00,0.000000e+00,0.000000e+00,0.000000e+00,0.000000e+00
1.000000e+00,0.000000e+00,0.000000e+00,0.000000e+00,0.000000e+00,0.000000e+00,0.000000e+00,0.000000e+00,0.000000e+00,0.000000e+00,0.000000e+00,0.000000e+00,0.000000e+00,0.000000e+00,0.000000e+00
1.000000e+00,0.000000e+00,0.000000e+00,0.000000e+00,0.000000e+00,0.000000e+00,0.000000e+00,0.000000e+00,0.000000e+00,0.000000e+00,0.000000e+00,0.000000e+00,0.000000e+00,0.000000e+00,0.000000e+00
1.000000e+00,0.000000e+00,0.000000e+00,0.000000e+00,0.000000e+00,0.000000e+00,0.000000e+00,0.000000e+00,0.000000e+00,0.000000e+00,0.000000e+00,0.000000e+00,0.000000e+00,0.000000e+00,0.000000e+00
1.000000e+00,0.000000e+00,0.000000e+00,0.000000e+00,0.000000e+00,0.000000e+00,0.000000e+00,0.000000e+00,0.000000e+00,0.000000e+00,0.000000e+00,0.000000e+00,0.000000e+00,0.000000e+00,0.000000e+00
1.000000e+00,0.000000e+00,0.000000e+00,0.000000e+00,0.000000e+00,0.000000e+00,0.000000e+00,0.000000e+00,0.000000e+00,0.000000e+00,0.000000e+00,0.000000e+00,0.000000e+00,0.000000e+00,0.000000e+00
1.000000e+00,0.000000e+00,0.000000e+00,0.000000e+00,0.000000e+00,0.000000e+00,0.000000e+00,0.000000e+00,0.000000e+00,0.000000e+00,0.000000e+00,0.000000e+00,0.000000e+00,0.000000e+00,0.000000e+00
1.000000e+00,0.000000e+00,0.000000e+00,0.000000e+00,0.000000e+00,0.000000e+00,0.000000e+00,0.000000e+00,0.000000e+00,0.000000e+00,0.000000e+00,0.000000e+00,0.000000e+00,0.000000e+00,0.000000e+00
1.000000e+00,0.000000e+00,0.000000e+00,0.000000e+00,0.000000e+00,0.000000e+00,0.000000e+00,0.000000e+00,0.000000e+00,0.000000e+00,0.000000e+00,0.000000e+00,0.000000e+00,0.000000e+00,0.000000e+00
1.000000e+00,0.000000e+00,0.000000e+00,0.000000e+00,0.000000e+00,0.000000e+00,0.000000e+00,0.000000e+00,0.000000e+00,0.000000e+00,0.000000e+00,0.000000e+00,0.000000e+00,0.000000e+00,0.000000e+00
1.000000e+00,0.000000e+00,0.000000e+00,0.000000e+00,0.000000e+00,0.000000e+00,0.000000e+00,0.000000e+00,0.000000e+00,0.000000e+00,0.000000e+00,0.000000e+00,0.000000e+00,0.000000e+00,0.000000e+00
1.000000e+00,0.000000e+00,0.000000e+00,0.000000e+00,0.000000e+00,0.000000e+00,0.000000e+00,0.000000e+00,0.000000e+00,0.000000e+00,0.000000e+00,0.000000e+00,0.000000e+00,0.000000e+00,0.000000e+00
1.000000e+00,0.000000e+00,0.000000e+00,0.000000e+00,0.000000e+00,0.000000e+00,0.000000e+00,0.000000e+00,0.000000e+00,0.000000e+00,0.000000e+00,0.000000e+00,0.000000e+00,0.000000e+00,0.000000e+00
1.000000e+00,0.000000e+00,0.000000e+00,0.000000e+00,0.000000e+00,0.000000e+00,0.000000e+00,0.000000e+00,0.000000e+00,0.000000e+00,0.000000e+00,0.000000e+00,0.000000e+00,0.000000e+00,0.000000e+00
1.000000e+00,0.000000e+00,0.000000e+00,0.000000e+00,0.000000e+00,0.000000e+00,0.000000e+00,0.000000e+00,0.000000e+00,0.000000e+00,0.000000e+00,0.000000e+00,0.000000e+00,0.000000e+00,0.000000e+00
1.000000e+00,0.000000e+00,0.000000e+00,0.000000e+00,0.000000e+00,0.000000e+00,0.000000e+00,0.000000e+00,0.000000e+00,0.000000e+00,0.000000e+00,0.000000e+00,0.000000e+00,0.000000e+00,0.000000e+00
1.000000e+00,0.000000e+00,0.000000e+00,0.000000e+00,0.000000e+00,0.000000e+00,0.000000e+00,0.000000e+00,0.000000e+00,0.000000e+00,0.000000e+00,0.000000e+00,0.000000e+00,0.000000e+00,0.000000e+00
1.000000e+00,0.000000e+00,0.000000e+00,0.000000e+00,0.000000e+00,0.000000e+00,0.000000e+00,0.000000e+00,0.000000e+00,0.000000e+00,0.000000e+00,0.000000e+00,0.000000e+00,0.000000e+00,0.000000e+00
1.000000e+00,0.000000e+00,0.000000e+00,0.000000e+00,0.000000e+00,0.000000e+00,0.000000e+00,0.000000e+00,0.000000e+00,0.000000e+00,0.000000e+00,0.000000e+00,0.000000e+00,0.000000e+00,0.000000e+00
1.000000e+00,0.000000e+00,0.000000e+00,0.000000e+00,0.000000e+00,0.000000e+00,0.000000e+00,0.000000e+00,0.000000e+00,0.000000e+00,0.000000e+00,0.000000e+00,0.000000e+00,0.000000e+00,0.000000e+00
1.000000e+00,0.000000e+00,0.000000e+00,0.000000e+00,0.000000e+00,0.000000e+00,0.000000e+00,0.000000e+00,0.000000e+00,0.000000e+00,0.000000e+00,0.000000e+00,0.000000e+00,0.000000e+00,0.000000e+00
1.000000e+00,0.000000e+00,0.000000e+00,0.000000e+00,0.000000e+00,0.000000e+00,0.000000e+00,0.000000e+00,0.000000e+00,0.000000e+00,0.000000e+00,0.000000e+00,0.000000e+00,0.000000e+00,0.000000e+00
1.000000e+00,0.000000e+00,0.000000e+00,0.000000e+00,0.000000e+00,0.000000e+00,0.000000e+00,0.000000e+00,0.000000e+00,0.000000e+00,0.000000e+00,0.000000e+00,0.000000e+00,0.000000e+00,0.000000e+00
1.000000e+00,0.000000e+00,0.000000e+00,0.000000e+00,0.000000e+00,0.000000e+00,0.000000e+00,0.000000e+00,0.000000e+00,0.000000e+00,0.000000e+00,0.000000e+00,0.000000e+00,0.000000e+00,0.000000e+00
1.000000e+00,0.000000e+00,0.000000e+00,0.000000e+00,0.000000e+00,0.000000e+00,0.000000e+00,0.000000e+00,0.000000e+00,0.000000e+00,0.000000e+00,0.000000e+00,0.000000e+00,0.000000e+00,0.000000e+00
1.000000e+00,0.000000e+00,0.000000e+00,0.000000e+00,0.000000e+00,0.000000e+00,0.000000e+00,0.000000e+00,0.000000e+00,0.000000e+00,0.000000e+00,0.000000e+00,0.000000e+00,0.000000e+00,0.000000e+00
1.000000e+00,0.000000e+00,0.000000e+00,0.000000e+00,0.000000e+00,0.000000e+00,0.000000e+00,0.000000e+00,0.000000e+00,0.000000e+00,0.000000e+00,0.000000e+00,0.000000e+00,0.000000e+00,0.000000e+00
1.000000e+00,0.000000e+00,0.000000e+00,0.000000e+00,0.000000e+00,0.000000e+00,0.000000e+00,0.000000e+00,0.000000e+00,0.000000e+00,0.000000e+00,0.000000e+00,0.000000e+00,0.000000e+00,0.000000e+00
1.000000e+00,0.000000e+00,0.000000e+00,0.000000e+00,0.000000e+00,0.000000e+00,0.000000e+00,0.000000e+00,0.000000e+00,0.000000e+00,0.000000e+00,0.000000e+00,0.000000e+00,0.000000e+00,0.000000e+00
1.000000e+00,0.000000e+00,0.000000e+00,0.000000e+00,0.000000e+00,0.000000e+00,0.000000e+00,0.000000e+00,0.000000e+00,0.000000e+00,0.000000e+00,0.000000e+00,0.000000e+00,0.000000e+00,0.000000e+00
1.000000e+00,0.000000e+00,0.000000e+00,0.000000e+00,0.000000e+00,0.000000e+00,0.000000e+00,0.000000e+00,0.000000e+00,0.000000e+00,0.000000e+00,0.000000e+00,0.000000e+00,0.000000e+00,0.000000e+00
1.000000e+00,0.000000e+00,0.000000e+00,0.000000e+00,0.000000e+00,0.000000e+00,0.000000e+00,0.000000e+00,0.000000e+00,0.000000e+00,0.000000e+00,0.000000e+00,0.000000e+00,0.000000e+00,0.000000e+00
3.592292e-01,3.072835e-02,2.889641e-02,3.714367e-01,6.021481e-03,1.534909e-02,2.541408e-03,7.204616e-03,5.425157e-02,8.000910e-03,2.230945e-02,3.629981e-02,2.270252e-02,3.848846e-03,3.117958e-02
2.981495e-01,3.237282e-02,2.826544e-02,4.109985e-01,7.159760e-03,1.356888e-02,2.259361e-03,5.441015e-03,5.673282e-02,7.960847e-03,2.266217e-02,2.719555e-02,1.916669e-02,3.098905e-03,6.496778e-02
3.289953e-01,3.520995e-02,2.445922e-02,3.198985e-01,1.290336e-02,1.709296e-02,3.079338e-03,4.192848e-03,9.238377e-02,8.082840e-03,2.621958e-02,2.306674e-02,1.901834e-02,3.940520e-03,8.145681e-02
2.377336e-01,2.940074e-02,5.015748e-02,4.114782e-01,1.188133e-02,1.463898e-02,3.177753e-03,3.886227e-03,8.539029e-02,1.054120e-02,2.095780e-02,1.850206e-02,1.803944e-02,3.410569e-03,8.080433e-02
2.241120e-01,2.964398e-02,8.657504e-02,3.643657e-01,1.249557e-02,1.565033e-02,3.251017e-03,3.828147e-03,8.132216e-02,1.355623e-02,1.970156e-02,2.212995e-02,2.074977e-02,4.382821e-03,9.823575e-02
1.999009e-01,2.890293e-02,1.316552e-01,3.932520e-01,1.350825e-02,1.500227e-02,3.350272e-03,4.834100e-03,6.136115e-02,1.167962e-02,1.823497e-02,2.013285e-02,1.662415e-02,3.997955e-03,7.756343e-02
2.967102e-01,2.984474e-02,1.124806e-01,3.269591e-01,1.320082e-02,1.641245e-02,2.881574e-03,4.696503e-03,4.815012e-02,9.842832e-03,2.052235e-02,2.426736e-02,1.647729e-02,5.605250e-03,7.194881e-02
3.996639e-01,3.053664e-02,1.005364e-01,2.416367e-01,1.370492e-02,1.785327e-02,2.520428e-03,4.496885e-03,3.727246e-02,9.897494e-03,1.969229e-02,2.220567e-02,1.581410e-02,8.785799e-03,7.538298e-02
1.000000e+00,0.000000e+00,0.000000e+00,0.000000e+00,0.000000e+00,0.000000e+00,0.000000e+00,0.000000e+00,0.000000e+00,0.000000e+00,0.000000e+00,0.000000e+00,0.000000e+00,0.000000e+00,0.000000e+00
1.000000e+00,0.000000e+00,0.000000e+00,0.000000e+00,0.000000e+00,0.000000e+00,0.000000e+00,0.000000e+00,0.000000e+00,0.000000e+00,0.000000e+00,0.000000e+00,0.000000e+00,0.000000e+00,0.000000e+00
1.000000e+00,0.000000e+00,0.000000e+00,0.000000e+00,0.000000e+00,0.000000e+00,0.000000e+00,0.000000e+00,0.000000e+00,0.000000e+00,0.000000e+00,0.000000e+00,0.000000e+00,0.000000e+00,0.000000e+00
1.000000e+00,0.000000e+00,0.000000e+00,0.000000e+00,0.000000e+00,0.000000e+00,0.000000e+00,0.000000e+00,0.000000e+00,0.000000e+00,0.000000e+00,0.000000e+00,0.000000e+00,0.000000e+00,0.000000e+00
1.000000e+00,0.000000e+00,0.000000e+00,0.000000e+00,0.000000e+00,0.000000e+00,0.000000e+00,0.000000e+00,0.000000e+00,0.000000e+00,0.000000e+00,0.000000e+00,0.000000e+00,0.000000e+00,0.000000e+00
1.000000e+00,0.000000e+00,0.000000e+00,0.000000e+00,0.000000e+00,0.000000e+00,0.000000e+00,0.000000e+00,0.000000e+00,0.000000e+00,0.000000e+00,0.000000e+00,0.000000e+00,0.000000e+00,0.000000e+00
1.000000e+00,0.000000e+00,0.000000e+00,0.000000e+00,0.000000e+00,0.000000e+00,0.000000e+00,0.000000e+00,0.000000e+00,0.000000e+00,0.000000e+00,0.000000e+00,0.000000e+00,0.000000e+00,0.000000e+00
1.000000e+00,0.000000e+00,0.000000e+00,0.000000e+00,0.000000e+00,0.000000e+00,0.000000e+00,0.000000e+00,0.000000e+00,0.000000e+00,0.000000e+00,0.000000e+00,0.000000e+00,0.000000e+00,0.000000e+00
1.000000e+00,0.000000e+00,0.000000e+00,0.000000e+00,0.000000e+00,0.000000e+00,0.000000e+00,0.000000e+00,0.000000e+00,0.000000e+00,0.000000e+00,0.000000e+00,0.000000e+00,0.000000e+00,0.000000e+00
1.000000e+00,0.000000e+00,0.000000e+00,0.000000e+00,0.000000e+00,0.000000e+00,0.000000e+00,0.000000e+00,0.000000e+00,0.000000e+00,0.000000e+00,0.000000e+00,0.000000e+00,0.000000e+00,0.000000e+00
1.000000e+00,0.000000e+00,0.000000e+00,0.000000e+00,0.000000e+00,0.000000e+00,0.000000e+00,0.000000e+00,0.000000e+00,0.000000e+00,0.000000e+00,0.000000e+00,0.000000e+00,0.000000e+00,0.000000e+00
1.000000e+00,0.000000e+00,0.000000e+00,0.000000e+00,0.000000e+00,0.000000e+00,0.000000e+00,0.000000e+00,0.000000e+00,0.000000e+00,0.000000e+00,0.000000e+00,0.000000e+00,0.000000e+00,0.000000e+00
1.000000e+00,0.000000e+00,0.000000e+00,0.000000e+00,0.000000e+00,0.000000e+00,0.000000e+00,0.000000e+00,0.000000e+00,0.000000e+00,0.000000e+00,0.000000e+00,0.000000e+00,0.000000e+00,0.000000e+00
1.000000e+00,0.000000e+00,0.000000e+00,0.000000e+00,0.000000e+00,0.000000e+00,0.000000e+00,0.000000e+00,0.000000e+00,0.000000e+00,0.000000e+00,0.000000e+00,0.000000e+00,0.000000e+00,0.000000e+00
1.000000e+00,0.000000e+00,0.000000e+00,0.000000e+00,0.000000e+00,0.000000e+00,0.000000e+00,0.000000e+00,0.000000e+00,0.000000e+00,0.000000e+00,0.000000e+00,0.000000e+00,0.000000e+00,0.000000e+00
1.000000e+00,0.000000e+00,0.000000e+00,0.000000e+00,0.000000e+00,0.000000e+00,0.000000e+00,0.000000e+00,0.000000e+00,0.000000e+00,0.000000e+00,0.000000e+00,0.000000e+00,0.000000e+00,0.000000e+00
1.000000e+00,0.000000e+00,0.000000e+00,0.000000e+00,0.000000e+00,0.000000e+00,0.000000e+00,0.000000e+00,0.000000e+00,0.000000e+00,0.000000e+00,0.000000e+00,0.000000e+00,0.000000e+00,0.000000e+00
1.000000e+00,0.000000e+00,0.000000e+00,0.000000e+00,0.000000e+00,0.000000e+00,0.000000e+00,0.000000e+00,0.000000e+00,0.000000e+00,0.000000e+00,0.000000e+00,0.000000e+00,0.000000e+00,0.000000e+00
1.000000e+00,0.000000e+00,0.000000e+00,0.000000e+00,0.000000e+00,0.000000e+00,0.000000e+00,0.000000e+00,0.000000e+00,0.000000e+00,0.000000e+00,0.000000e+00,0.000000e+00,0.000000e+00,0.000000e+00
4.838713e-01,1.313115e-02,1.765118e-02,2.612513e-02,6.522568e-03,3.908098e-02,3.665122e-03,3.083902e-03,5.955190e-02,1.412728e-02,2.465846e-02,2.040900e-01,7.985933e-02,2.863154e-03,2.171851e-02
3.799415e-01,1.309202e-02,1.906642e-02,2.067702e-02,1.594914e-02,3.270847e-02,5.172751e-03,9.911466e-03,1.954329e-01,2.745314e-02,2.609140e-02,1.601887e-01,6.622952e-02,4.463412e-03,2.362211e-02
2.728907e-01,1.293490e-02,1.457767e-02,1.537332e-02,1.475400e-02,2.672328e-02,4.121246e-03,1.151550e-02,3.784764e-01,2.795968e-02,2.332237e-02,1.197272e-01,5.145237e-02,4.379134e-03,2.179217e-02
1.987831e-01,1.400927e-02,1.944823e-02,1.254752e-02,1.471124e-02,3.736770e-02,6.432877e-03,3.999083e-02,4.405345e-01,3.003501e-02,2.299076e-02,8.826169e-02,4.291199e-02,4.378607e-03,2.759670e-02
1.542765e-01,1.276735e-02,2.758494e-02,1.086854e-02,1.393982e-02,7.960115e-02,2.537879e-02,6.987332e-02,3.749967e-01,3.774361e-02,2.528660e-02,6.421760e-02,3.523646e-02,4.852700e-03,6.337585e-02
1.183786e-01,9.947898e-03,2.299779e-02,8.133962e-03,1.111880e-02,1.082554e-01,1.241639e-01,1.313869e-01,2.905211e-01,2.790072e-02,1.957863e-02,4.543222e-02,2.570411e-02,3.577040e-03,5.290297e-02
9.083752e-02,8.615353e-03,1.959755e-02,6.012492e-03,8.999729e-03,9.523701e-02,3.177352e-01,1.148072e-01,2.092941e-01,2.070636e-02,1.396639e-02,3.204900e-02,1.968442e-02,2.576783e-03,3.988087e-02
6.616671e-02,7.160446e-03,1.477163e-02,4.280922e-03,7.018813e-03,7.059845e-02,5.007913e-01,8.595422e-02,1.494842e-01,1.513980e-02,9.923968e-03,2.264221e-02,1.509147e-02,1.888888e-03,2.908695e-02
5.252649e-02,6.188576e-03,1.069162e-02,3.083816e-03,5.571254e-03,5.113719e-02,6.081070e-01,7.152262e-02,1.168782e-01,1.114747e-02,7.567803e-03,1.613567e-02,1.693890e-02,1.469166e-03,2.103428e-02
3.842294e-02,4.721792e-03,7.565261e-03,2.193301e-03,4.898931e-03,3.610583e-02,7.036879e-01,5.517691e-02,9.043742e-02,8.311920e-03,5.803118e-03,1.146565e-02,1.503013e-02,1.125261e-03,1.505370e-02
2.789955e-02,3.609668e-03,5.414007e-03,1.591159e-03,4.942086e-03,2.579314e-02,7.766997e-01,4.109841e-02,6.681255e-02,6.090287e-03,4.939666e-03,8.274576e-03,1.462463e-02,8.215378e-04,1.138912e-02
2.303497e-02,3.060016e-03,3.913731e-03,1.185549e-03,4.446814e-03,1.857888e-02,8.206429e-01,3.006898e-02,5.476286e-02,4.417821e-03,4.667789e-03,6.314599e-03,1.543971e-02,6.236603e-04,8.841738e-03
2.286232e-02,3.005909e-03,2.881781e-03,9.622405e-04,6.483650e-03,1.361294e-02,8.270380e-01,2.311413e-02,6.147292e-02,3.305829e-03,5.030272e-03,5.148437e-03,1.735271e-02,5.232606e-04,7.205662e-03
2.142446e-02,3.293392e-03,2.346434e-03,7.930218e-04,7.317653e-03,1.059746e-02,8.519490e-01,1.746799e-02,4.776349e-02,2.679300e-03,5.012422e-03,4.238299e-03,1.789118e-02,5.812164e-04,6.644840e-03
2.405962e-02,3.169332e-03,2.157098e-03,6.966097e-04,7.550859e-03,8.372342e-03,8.710285e-01,1.305398e-02,3.738431e-02,2.147065e-03,5.023451e-03,3.732546e-03,1.539030e-02,5.829578e-04,5.651139e-03
4.299148e-02,3.409250e-03,2.207015e-03,8.513130e-04,8.980053e-03,7.236416e-03,8.657038e-01,1.015120e-02,3.060639e-02,1.718584e-03,4.731531e-03,3.750109e-03,1.212451e-02,5.794464e-04,4.958962e-03
8.160131e-02,4.553709e-03,3.500636e-03,1.344573e-03,8.087822e-03,8.192589e-03,8.262701e-01,8.546038e-03,2.725400e-02,1.513349e-03,5.807060e-03,5.098203e-03,1.033814e-02,7.595825e-04,7.132933e-03
1.108225e-01,6.301763e-03,4.173607e-03,1.684386e-03,7.447324e-03,8.941623e-03,7.894287e-01,7.487838e-03,3.080866e-02,1.398277e-03,6.433918e-03,5.270760e-03,9.261768e-03,9.239155e-04,9.614933e-03
1.729613e-01,6.647641e-03,4.850809e-03,2.133623e-03,9.599979e-03,9.638666e-03,7.081705e-01,1.200244e-02,3.469838e-02,2.871498e-03,6.834485e-03,6.941717e-03,8.155180e-03,1.374686e-03,1.311904e-02
1.931589e-01,6.306316e-03,5.212193e-03,2.271105e-03,8.772378e-03,8.909883e-03,6.881322e-01,1.445474e-02,3.438205e-02,3.471346e-03,6.479232e-03,7.394459e-03,6.769635e-03,1.463310e-03,1.282214e-02
2.833395e-01,6.463152e-03,6.231651e-03,3.411132e-03,9.544289e-03,9.611950e-03,5.886417e-01,1.767792e-02,3.253585e-02,3.863497e-03,6.844654e-03,9.120604e-03,5.865116e-03,1.613940e-03,1.523501e-02
3.023941e-01,6.691982e-03,5.441531e-03,3.670229e-03,8.593446e-03,9.393223e-03,5.754855e-01,2.138905e-02,2.669372e-02,3.637721e-03,6.231010e-03,1.012699e-02,5.211477e-03,1.423951e-03,1.361600e-02
3.183468e-01,6.999083e-03,5.152141e-03,3.944613e-03,7.848645e-03,9.567198e-03,5.571100e-01,2.867429e-02,2.269614e-02,3.538818e-03,5.938603e-03,1.076211e-02,4.887720e-03,1.366509e-03,1.316740e-02
3.569258e-01,1.004332e-02,4.576842e-03,7.615856e-03,7.964393e-03,1.389414e-02,4.956588e-01,2.730463e-02,1.863348e-02,4.796606e-03,8.333263e-03,1.541465e-02,7.172455e-03,1.833458e-03,1.983227e-02
3.681507e-01,1.062643e-02,4.384592e-03,1.054511e-02,8.443996e-03,1.677946e-02,4.666708e-01,2.679265e-02,1.697570e-02,5.873650e-03,1.116522e-02,1.896266e-02,9.775537e-03,2.466657e-03,2.238695e-02
2.953821e-01,4.459200e-02,7.223891e-03,6.618453e-02,1.487450e-02,1.677058e-02,3.516503e-01,2.752717e-02,3.037267e-02,1.700364e-02,2.361818e-02,2.364716e-02,1.246969e-02,3.800613e-03,6.488302e-02
2.988071e-01,4.035112e-02,8.675693e-03,8.024618e-02,1.507063e-02,2.700133e-02,2.602533e-01,2.487193e-02,3.964245e-02,2.070060e-02,3.961886e-02,4.597643e-02,3.034128e-02,5.749304e-03,6.269392e-02
3.576578e-01,3.630423e-02,8.582782e-03,7.197075e-02,1.591244e-02,2.857199e-02,2.202407e-01,2.372779e-02,3.402721e-02,1.814772e-02,3.892826e-02,5.570548e-02,3.213613e-02,6.367686e-03,5.171899e-02
2.998595e-01,3.437930e-02,1.158240e-02,2.059345e-01,1.761324e-02,2.554464e-02,1.600550e-01,1.962945e-02,3.313459e-02,1.692598e-02,4.164858e-02,5.838057e-02,2.767223e-02,5.686500e-03,4.195360e-02
2.998215e-01,3.020517e-02,2.901743e-02,2.205933e-01,1.624951e-02,2.635357e-02,1.324832e-01,1.749481e-02,3.903861e-02,1.610463e-02,4.234076e-02,5.989263e-02,2.565254e-02,6.893489e-03,3.785890e-02
3.282260e-01,2.664199e-02,5.308204e-02,1.862537e-01,1.439977e-02,2.774672e-02,1.041951e-01,1.517370e-02,4.049557e-02,1.643552e-02,4.265049e-02,6.498681e-02,2.613462e-02,1.108639e-02,4.249154e-02
3.406408e-01,2.470136e-02,1.091741e-01,1.404473e-01,1.451147e-02,2.359405e-02,9.694491e-02,1.424213e-02,4.282901e-02,1.516845e-02,3.712955e-02,5.660842e-02,2.335365e-02,1.595780e-02,4.469698e-02
3.117472e-01,3.328614e-02,8.877301e-02,1.654566e-01,3.070238e-02,2.474351e-02,8.593621e-02,1.921744e-02,3.746808e-02,1.322145e-02,4.329653e-02,6.960603e-02,2.075626e-02,1.525554e-02,4.053360e-02
3.643113e-01,2.979321e-02,7.933790e-02,1.574264e-01,2.658211e-02,2.694122e-02,6.181471e-02,1.855461e-02,3.156684e-02,1.062264e-02,4.495750e-02,7.690781e-02,2.117114e-02,1.417255e-02,3.583998e-02
3.993687e-01,3.106474e-02,8.726110e-02,1.484662e-01,2.339641e-02,2.785001e-02,4.482351e-02,1.622291e-02,2.655658e-02,9.021603e-03,4.009522e-02,7.523280e-02,2.232293e-02,1.417339e-02,3.414391e-02
4.307823e-01,3.235934e-02,8.831424e-02,1.225446e-01,1.943314e-02,2.503255e-02,3.208026e-02,1.343133e-02,2.579376e-02,1.223788e-02,3.639615e-02,6.258309e-02,2.200808e-02,1.557144e-02,6.143180e-02
3.947159e-01,3.210394e-02,8.134052e-02,1.649789e-01,1.461534e-02,2.086717e-02,2.276852e-02,1.188564e-02,4.985899e-02,1.442252e-02,3.630618e-02,4.672240e-02,2.109441e-02,1.399415e-02,7.432544e-02
3.879895e-01,2.684491e-02,6.576589e-02,1.524893e-01,1.108878e-02,2.112953e-02,1.613375e-02,9.410550e-03,6.089625e-02,2.446720e-02,4.557838e-02,3.782462e-02,3.261953e-02,1.236370e-02,9.539814e-02
3.573192e-01,2.306021e-02,5.419447e-02,1.412373e-01,1.211822e-02,1.904432e-02,1.169232e-02,8.928970e-03,5.685330e-02,2.673489e-02,1.016695e-01,3.323668e-02,4.357089e-02,1.666166e-02,9.367800e-02
3.050812e-01,1.934308e-02,4.581118e-02,1.182813e-01,1.500784e-02,1.555134e-02,8.594948e-03,7.967958e-03,4.833644e-02,2.716646e-02,1.771438e-01,3.344106e-02,6.362628e-02,1.843703e-02,9.621008e-02
3.175176e-01,1.810979e-02,4.000627e-02,9.970107e-02,1.996468e-02,4.136964e-02,6.754145e-03,7.724373e-03,4.163520e-02,3.163945e-02,1.547948e-01,2.919829e-02,5.511770e-02,1.640815e-02,1.200588e-01
2.486546e-01,1.309338e-02,4.424549e-02,1.232629e-01,1.878869e-02,3.974556e-02,1.732282e-02,8.329272e-02,2.965874e-02,6.154639e-02,1.347414e-01,2.205017e-02,4.462096e-02,1.324021e-02,1.057359e-01
1.845158e-01,9.629386e-03,1.403912e-01,1.353970e-01,2.480579e-02,4.240693e-02,1.905987e-02,1.167482e-01,2.108076e-02,6.145693e-02,1.012515e-01,1.624136e-02,3.452714e-02,9.610387e-03,8.287778e-02
1.368432e-01,7.080879e-03,2.049264e-01,1.628400e-01,3.029312e-02,3.462669e-02,1.528661e-02,1.715418e-01,1.505299e-02,4.493003e-02,7.344215e-02,1.160069e-02,2.471613e-02,6.809066e-03,6.001024e-02
1.014287e-01,5.415820e-03,1.802386e-01,1.386675e-01,3.769007e-02,2.808321e-02,2.007560e-02,3.133465e-01,1.111252e-02,3.340718e-02,5.308682e-02,8.458572e-03,1.816157e-02,4.870164e-03,4.595723e-02
7.814141e-02,3.892594e-03,1.321073e-01,1.162978e-01,3.048482e-02,2.283487e-02,7.881335e-02,4.091446e-01,7.875286e-03,2.446926e-02,3.761191e-02,6.024980e-03,1.507631e-02,3.474954e-03,3.375064e-02
6.124036e-02,2.899043e-03,9.473903e-02,1.015689e-01,2.414544e-02,2.567153e-02,1.078065e-01,4.776786e-01,5.672013e-03,1.881986e-02,2.711386e-02,4.341090e-03,1.642112e-02,2.488519e-03,2.939419e-02
4.820761e-02,2.327622e-03,6.891365e-02,7.593529e-02,1.900303e-02,2.481792e-02,2.092549e-01,4.663627e-01,4.109268e-03,1.421975e-02,1.970007e-02,3.160352e-03,1.600035e-02,1.796132e-03,2.619147e-02
5.530574e-02,1.950876e-03,5.313192e-02,5.498892e-02,1.484028e-02,2.431858e-02,3.296981e-01,3.979382e-01,3.456872e-03,1.044483e-02,1.546689e-02,3.023541e-03,1.423590e-02,1.359668e-03,1.983979e-02
6.945837e-02,1.819793e-03,4.125552e-02,4.048416e-02,1.201003e-02,2.427358e-02,4.236030e-01,3.279753e-01,3.474861e-03,8.120993e-03,1.313042e-02,3.238632e-03,1.308731e-02,1.140839e-03,1.692725e-02
1.158682e-01,1.785965e-03,3.230341e-02,3.029582e-02,1.084001e-02,2.253442e-02,4.323159e-01,2.942265e-01,5.824037e-03,6.834611e-03,1.248560e-02,4.677137e-03,1.193018e-02,1.336857e-03,1.674129e-02
2.240214e-01,2.101829e-03,2.525471e-02,2.361199e-02,1.164495e-02,2.050002e-02,3.480296e-01,2.908134e-01,6.846183e-03,5.594772e-03,1.011253e-02,5.766068e-03,9.759866e-03,1.318008e-03,1.462468e-02
2.852803e-01,2.378762e-03,2.045248e-02,2.058622e-02,1.193028e-02,2.175782e-02,3.063490e-01,2.764057e-01,6.540139e-03,6.638095e-03,9.321734e-03,6.570344e-03,8.904724e-03,1.417657e-03,1.546672e-02
3.381475e-01,2.798172e-03,1.621349e-02,1.624531e-02,1.176990e-02,2.067974e-02,2.497233e-01,2.903006e-01,6.364039e-03,5.924202e-03,9.668603e-03,7.701514e-03,8.494813e-03,1.266863e-03,1.470193e-02
3.007600e-01,2.839624e-03,1.256891e-02,1.411974e-02,1.067691e-02,1.999341e-02,2.352387e-01,3.479756e-01,6.152408e-03,5.601124e-03,1.365531e-02,8.253928e-03,8.023946e-03,1.128657e-03,1.301168e-02
2.771451e-01,2.424783e-03,9.134179e-03,1.088458e-02,8.679255e-03,1.699859e-02,2.069785e-01,4.214199e-01,4.710960e-03,4.308379e-03,1.174865e-02,7.302345e-03,6.653252e-03,8.877037e-04,1.072377e-02
2.619738e-01,4.834133e-03,1.057910e-02,1.471670e-02,9.147852e-03,7.652182e-02,1.827216e-01,3.236500e-01,5.612229e-03,6.318362e-03,5.691351e-02,2.012984e-02,1.310281e-02,3.345231e-03,1.043297e-02
2.889545e-01,4.855552e-03,1.062643e-02,1.501855e-02,9.058118e-03,9.778454e-02,1.852173e-01,2.379909e-01,5.396809e-03,5.722584e-03,7.167043e-02,3.091998e-02,1.724302e-02,9.947259e-03,9.594006e-03
2.906049e-01,4.777737e-03,8.870319e-03,1.451005e-02,9.235282e-03,8.650274e-02,1.398212e-01,1.771983e-01,5.024415e-03,5.351244e-03,1.367228e-01,5.233154e-02,2.057610e-02,4.039458e-02,8.078745e-03
2.540314e-01,4.397162e-03,7.254611e-03,1.324795e-02,9.178121e-03,7.171924e-02,1.177122e-01,1.306316e-01,4.700261e-03,4.471426e-03,2.308133e-01,7.701685e-02,1.897462e-02,4.938034e-02,6.470894e-03
2.082800e-01,4.817908e-03,8.276302e-03,1.295648e-02,9.750515e-03,6.820729e-02,8.670009e-02,1.002682e-01,8.956578e-03,5.186521e-03,2.576920e-01,1.559823e-01,1.537044e-02,5.164253e-02,5.912887e-03
1.750427e-01,5.437728e-03,8.743358e-03,1.398877e-02,1.312724e-02,5.851034e-02,6.451419e-02,7.862794e-02,2.226657e-02,5.375256e-03,3.253390e-01,1.566829e-01,1.184127e-02,5.489520e-02,5.607487e-03
1.376637e-01,5.821719e-03,7.045625e-03,1.197932e-02,1.300759e-02,4.868402e-02,4.661881e-02,5.917735e-02,5.578318e-02,5.181753e-03,3.460987e-01,1.928510e-01,1.035855e-02,5.504636e-02,4.682267e-03
9.924017e-02,6.540112e-03,5.844980e-03,8.988682e-03,1.047636e-02,3.667975e-02,3.297494e-02,4.289299e-02,1.141750e-01,5.154135e-03,3.966612e-01,1.688182e-01,7.851626e-03,5.990893e-02,3.792873e-03
7.223929e-02,5.937299e-03,5.910650e-03,7.166689e-03,8.123226e-03,4.215072e-02,2.344377e-02,3.317981e-02,1.516810e-01,5.202400e-03,4.233070e-01,1.474108e-01,6.231915e-03,6.503379e-02,2.981584e-03
5.339124e-02,5.421038e-03,5.543993e-03,5.387440e-03,6.572282e-03,3.989545e-02,1.651311e-02,2.531293e-02,1.977075e-01,5.372513e-03,4.208864e-01,1.247494e-01,5.049778e-03,8.532390e-02,2.872946e-03
4.227782e-02,1.781984e-02,1.813319e-02,4.471142e-03,8.257188e-03,3.520370e-02,1.183076e-02,1.982664e-02,2.442376e-01,7.005963e-03,3.831995e-01,9.847896e-02,4.576523e-03,1.017179e-01,2.963154e-03
3.454486e-02,1.717786e-02,2.554763e-02,3.776050e-03,7.228426e-03,3.344195e-02,8.470350e-03,1.615573e-02,2.904924e-01,7.308180e-03,3.503466e-01,7.547282e-02,3.883841e-03,1.234038e-01,2.749513e-03
3.030199e-02,2.233205e-02,3.324072e-02,3.054049e-03,9.514548e-03,2.769362e-02,6.252039e-03,1.269804e-02,2.578242e-01,1.053998e-02,3.676455e-01,6.196115e-02,3.215533e-03,1.476382e-01,6.088343e-03
2.765611e-02,2.047753e-02,1.180800e-01,4.423983e-03,1.696805e-02,2.470116e-02,5.035094e-03,1.646031e-02,2.518274e-01,1.479212e-02,3.194351e-01,4.940238e-02,3.094282e-03,1.202171e-01,7.429286e-03
2.202248e-02,1.612395e-02,2.950591e-01,2.665478e-02,2.046823e-02,2.041411e-02,3.755737e-03,1.590373e-02,1.895961e-01,1.636176e-02,2.410206e-01,3.534824e-02,2.534393e-03,8.540681e-02,9.329925e-03
2.716899e-02,1.302465e-02,3.237347e-01,2.216960e-02,1.895304e-02,1.711693e-02,2.720346e-03,1.641453e-02,1.590275e-01,7.322180e-02,2.009628e-01,2.607215e-02,2.510845e-03,6.759132e-02,2.931078e-02
5.766178e-02,1.148523e-02,2.889853e-01,1.729924e-02,2.255271e-02,1.492599e-02,2.078010e-03,1.381479e-02,1.359768e-01,1.002973e-01,1.801438e-01,1.886348e-02,2.698956e-03,5.627919e-02,7.693741e-02
6.442194e-02,1.234801e-02,2.728329e-01,1.584978e-02,1.953863e-02,1.744888e-02,1.883289e-03,1.386828e-02,1.299993e-01,9.208805e-02,1.381684e-01,1.368052e-02,2.544834e-03,5.214355e-02,1.531836e-01
6.453119e-02,1.194517e-02,3.803226e-01,1.795843e-02,1.854171e-02,1.764349e-02,1.784687e-03,1.255563e-02,1.071319e-01,7.502984e-02,1.037801e-01,9.780585e-03,2.226397e-03,4.201725e-02,1.347509e-01
6.066066e-02,1.332207e-02,4.447771e-01,2.343775e-02,2.272152e-02,1.522987e-02,1.445255e-03,1.159769e-02,9.422378e-02,5.819052e-02,7.459243e-02,7.026441e-03,1.751782e-03,3.950187e-02,1.315213e-01
4.342537e-02,1.057578e-02,4.920413e-01,9.609112e-02,1.627608e-02,1.091537e-02,1.020658e-03,8.310850e-03,7.222041e-02,4.669185e-02,5.363042e-02,4.999913e-03,1.361802e-03,2.807689e-02,1.143621e-01
3.073762e-02,7.763451e-03,5.764457e-01,8.439658e-02,1.152876e-02,7.803329e-03,7.210801e-04,5.922256e-03,5.415371e-02,4.429534e-02,4.015686e-02,3.606740e-03,1.080524e-03,1.991874e-02,1.114693e-01
2.221928e-02,5.877461e-03,6.320494e-01,1.028865e-01,8.473950e-03,5.802039e-03,5.471211e-04,4.416255e-03,4.149614e-02,3.575634e-02,3.210608e-02,2.753107e-03,1.604648e-03,1.429917e-02,8.971250e-02
1.850631e-02,4.527096e-03,6.756396e-01,8.474558e-02,6.692371e-03,4.361768e-03,4.652254e-04,3.265141e-03,3.198677e-02,3.305698e-02,2.534012e-02,2.062282e-03,1.344450e-03,1.207124e-02,9.593496e-02
1.341312e-02,5.763130e-03,5.737704e-01,7.793441e-02,5.153343e-03,3.885455e-03,4.046822e-04,2.332112e-03,3.250763e-02,3.466761e-02,1.864356e-02,1.634617e-03,1.746489e-03,1.256007e-02,2.155833e-01
1.056079e-02,1.666070e-02,4.942971e-01,6.622550e-02,5.025568e-03,4.212078e-03,6.139489e-04,2.122301e-03,5.488122e-02,3.921295e-02,1.508535e-02,1.590776e-03,4.365048e-03,1.988919e-02,2.652574e-01
8.091263e-03,1.626004e-02,3.846130e-01,5.450165e-02,3.808867e-03,3.319640e-03,4.692634e-04,1.693268e-03,8.640686e-02,4.035310e-02,1.185978e-02,1.275461e-03,3.652084e-03,1.694852e-02,3.667473e-01
6.273184e-03,1.628841e-02,3.545993e-01,2.250532e-01,3.483507e-03,2.647072e-03,3.935337e-04,1.350062e-03,7.564667e-02,2.927806e-02,9.388745e-03,9.693943e-04,2.616247e-03,1.217155e-02,2.598412e-01
4.919620e-03,1.494551e-02,3.822047e-01,2.771164e-01,2.781970e-03,2.823105e-03,3.116937e-04,9.633061e-04,6.002695e-02,2.460197e-02,1.414269e-02,7.931238e-04,1.944517e-03,1.430394e-02,1.981205e-01
5.270317e-03,1.307038e-02,4.406022e-01,1.989115e-01,2.130118e-03,2.199495e-03,2.864141e-04,7.018940e-04,4.817338e-02,2.479077e-02,2.273345e-02,7.563208e-04,1.798436e-03,6.053381e-02,1.780415e-01
1.434360e-02,1.477681e-02,3.269402e-01,1.599692e-01,1.879732e-03,2.381922e-03,3.978913e-04,6.496950e-04,6.402511e-02,2.389881e-02,2.507582e-02,1.349657e-03,2.555264e-03,6.261108e-02,2.991452e-01
4.212889e-02,1.516060e-02,2.381646e-01,1.178548e-01,2.390950e-03,3.013374e-03,7.021979e-04,7.447040e-04,7.120978e-02,2.380726e-02,3.535998e-02,2.613313e-03,4.781043e-03,1.361345e-01,3.059340e-01
9.907283e-02,1.438770e-02,1.747100e-01,8.977889e-02,2.436556e-03,3.899661e-03,6.258637e-04,7.869021e-04,1.243388e-01,2.053037e-02,2.864250e-02,3.056822e-03,3.934330e-03,1.379512e-01,2.958476e-01
1.775739e-01,1.588629e-02,1.280741e-01,7.076377e-02,3.814740e-03,6.338673e-03,6.203746e-04,7.515296e-04,1.077692e-01,1.816666e-02,2.666987e-02,3.974909e-03,4.432606e-03,1.565654e-01,2.785980e-01
2.146991e-01,2.276909e-02,1.500406e-01,9.218790e-02,5.261438e-03,6.276090e-03,6.234644e-04,8.698353e-04,8.741970e-02,1.682411e-02,2.141257e-02,5.061486e-03,4.110357e-03,1.231505e-01,2.492938e-01
2.564870e-01,1.994757e-02,1.775793e-01,1.012136e-01,4.791183e-03,6.455237e-03,5.985184e-04,9.018453e-04,7.038433e-02,1.493053e-02,1.698440e-02,5.930142e-03,4.448968e-03,9.087823e-02,2.284691e-01
2.877547e-01,1.714231e-02,1.746435e-01,7.954517e-02,4.161308e-03,6.265351e-03,4.813032e-04,7.744265e-04,6.088710e-02,1.276206e-02,1.576873e-02,5.684035e-03,4.390293e-03,7.836618e-02,2.513736e-01
2.664799e-01,1.394652e-02,1.332650e-01,5.867535e-02,3.609660e-03,5.720736e-03,4.067010e-04,7.443426e-04,5.510127e-02,1.090486e-02,1.429389e-02,4.787407e-03,4.182262e-03,7.667068e-02,3.512114e-01
2.867138e-01,2.537747e-02,1.083290e-01,1.272546e-01,7.617409e-03,6.619769e-03,6.362788e-04,3.011625e-03,4.941642e-02,8.618383e-03,1.601062e-02,5.335516e-03,4.513570e-03,5.890064e-02,2.916449e-01
3.001426e-01,2.693921e-02,1.543089e-01,1.357626e-01,8.968865e-03,7.268079e-03,5.841087e-04,2.401494e-03,4.110328e-02,8.782529e-03,1.465765e-02,6.333656e-03,3.954389e-03,5.058642e-02,2.382063e-01
3.973268e-01,2.719748e-02,1.246981e-01,1.148072e-01,1.551723e-02,1.035528e-02,6.678531e-04,2.907565e-03,3.200266e-02,7.273664e-03,1.444858e-02,7.993484e-03,4.498450e-03,4.396755e-02,1.963381e-01
4.456190e-01,3.397242e-02,9.696410e-02,9.806442e-02,2.081220e-02,1.221863e-02,7.685632e-04,3.796860e-03,2.685418e-02,6.908524e-03,1.352193e-02,8.789926e-03,5.357550e-03,3.742158e-02,1.889301e-01
4.049502e-01,6.964320e-02,8.036169e-02,1.413192e-01,1.774903e-02,1.085113e-02,1.112950e-03,4.629734e-03,2.476221e-02,6.370837e-03,1.454900e-02,1.151561e-02,6.535161e-03,2.900369e-02,1.766464e-01
4.461303e-01,6.556515e-02,6.333496e-02,1.392865e-01,1.457760e-02,1.160594e-02,1.561570e-03,5.301899e-03,2.293947e-02,6.455322e-03,1.642407e-02,1.501915e-02,9.045120e-03,2.293144e-02,1.598216e-01
1.000000e+00,0.000000e+00,0.000000e+00,0.000000e+00,0.000000e+00,0.000000e+00,0.000000e+00,0.000000e+00,0.000000e+00,0.000000e+00,0.000000e+00,0.000000e+00,0.000000e+00,0.000000e+00,0.000000e+00
4.491675e-01,8.975206e-02,9.234603e-02,1.460333e-01,1.121781e-02,1.142624e-02,1.790838e-03,4.502556e-03,2.057620e-02,5.988225e-03,1.383286e-02,1.521486e-02,9.093874e-03,1.412636e-02,1.149312e-01
1.000000e+00,0.000000e+00,0.000000e+00,0.000000e+00,0.000000e+00,0.000000e+00,0.000000e+00,0.000000e+00,0.000000e+00,0.000000e+00,0.000000e+00,0.000000e+00,0.000000e+00,0.000000e+00,0.000000e+00
4.995869e-01,6.850488e-02,9.349340e-02,1.431629e-01,8.296167e-03,1.776802e-02,3.566854e-03,9.484326e-03,1.706023e-02,4.959387e-03,1.725850e-02,2.207862e-02,1.231835e-02,9.743729e-03,7.271775e-02
1.000000e+00,0.000000e+00,0.000000e+00,0.000000e+00,0.000000e+00,0.000000e+00,0.000000e+00,0.000000e+00,0.000000e+00,0.000000e+00,0.000000e+00,0.000000e+00,0.000000e+00,0.000000e+00,0.000000e+00
1.000000e+00,0.000000e+00,0.000000e+00,0.000000e+00,0.000000e+00,0.000000e+00,0.000000e+00,0.000000e+00,0.000000e+00,0.000000e+00,0.000000e+00,0.000000e+00,0.000000e+00,0.000000e+00,0.000000e+00
1.000000e+00,0.000000e+00,0.000000e+00,0.000000e+00,0.000000e+00,0.000000e+00,0.000000e+00,0.000000e+00,0.000000e+00,0.000000e+00,0.000000e+00,0.000000e+00,0.000000e+00,0.000000e+00,0.000000e+00
1.000000e+00,0.000000e+00,0.000000e+00,0.000000e+00,0.000000e+00,0.000000e+00,0.000000e+00,0.000000e+00,0.000000e+00,0.000000e+00,0.000000e+00,0.000000e+00,0.000000e+00,0.000000e+00,0.000000e+00
1.000000e+00,0.000000e+00,0.000000e+00,0.000000e+00,0.000000e+00,0.000000e+00,0.000000e+00,0.000000e+00,0.000000e+00,0.000000e+00,0.000000e+00,0.000000e+00,0.000000e+00,0.000000e+00,0.000000e+00
4.847859e-01,2.697549e-02,1.332206e-01,8.974140e-02,1.193919e-02,2.101839e-02,3.679897e-03,2.077196e-02,3.908162e-02,4.246736e-03,6.966314e-02,3.409403e-02,3.028778e-02,6.908176e-03,2.358573e-02
4.624423e-01,3.736799e-02,1.064645e-01,8.116255e-02,1.147639e-02,3.053066e-02,3.071708e-03,1.592835e-02,7.630406e-02,4.231650e-03,7.537163e-02,3.044949e-02,3.492271e-02,6.818240e-03,2.345784e-02
3.852754e-01,4.506962e-02,1.102595e-01,1.444143e-01,1.053046e-02,3.249323e-02,2.744587e-03,1.359591e-02,8.380984e-02,5.214955e-03,6.212579e-02,2.881926e-02,3.605157e-02,8.559654e-03,3.103601e-02
2.796247e-01,3.359995e-02,2.176858e-01,2.281675e-01,8.662600e-03,2.531926e-02,1.993493e-03,1.056074e-02,6.434008e-02,4.734677e-03,4.744845e-02,2.137938e-02,2.668856e-02,6.378165e-03,2.341675e-02
3.707016e-01,3.222058e-02,2.101673e-01,1.686115e-01,8.312206e-03,2.171180e-02,1.864415e-03,9.134384e-03,6.000426e-02,5.767582e-03,4.194165e-02,2.016227e-02,2.145042e-02,6.994366e-03,2.095575e-02
3.993731e-01,4.485492e-02,1.807858e-01,1.317862e-01,9.299907e-03,1.828213e-02,1.829728e-03,1.184537e-02,7.142796e-02,7.043885e-03,5.308661e-02,2.103095e-02,2.324598e-02,6.874146e-03,1.923338e-02
3.171487e-01,7.251104e-02,2.069403e-01,1.684342e-01,7.891480e-03,1.532652e-02,1.455411e-03,9.464260e-03,7.756504e-02,1.242375e-02,4.003030e-02,1.600334e-02,1.756327e-02,6.238407e-03,3.100390e-02
3.798952e-01,7.030112e-02,1.520331e-01,1.403724e-01,8.295123e-03,1.404040e-02,1.380822e-03,1.093374e-02,8.758691e-02,1.110187e-02,5.299302e-02,1.931680e-02,1.677498e-02,8.745813e-03,2.622874e-02
4.145935e-01,5.762072e-02,1.191801e-01,1.498868e-01,8.203706e-03,1.660687e-02,1.447922e-03,1.184718e-02,7.505183e-02,9.697326e-03,6.619250e-02,2.149111e-02,1.701300e-02,8.437697e-03,2.272978e-02
4.621653e-01,6.047389e-02,8.712395e-02,1.194066e-01,9.791463e-03,1.731601e-02,1.797396e-03,1.588058e-02,7.873496e-02,8.553429e-03,6.672522e-02,2.136402e-02,1.610203e-02,1.185373e-02,2.271137e-02
1.000000e+00,0.000000e+00,0.000000e+00,0.000000e+00,0.000000e+00,0.000000e+00,0.000000e+00,0.000000e+00,0.000000e+00,0.000000e+00,0.000000e+00,0.000000e+00,0.000000e+00,0.000000e+00,0.000000e+00
1.000000e+00,0.000000e+00,0.000000e+00,0.000000e+00,0.000000e+00,0.000000e+00,0.000000e+00,0.000000e+00,0.000000e+00,0.000000e+00,0.000000e+00,0.000000e+00,0.000000e+00,0.000000e+00,0.000000e+00
1.000000e+00,0.000000e+00,0.000000e+00,0.000000e+00,0.000000e+00,0.000000e+00,0.000000e+00,0.000000e+00,0.000000e+00,0.000000e+00,0.000000e+00,0.000000e+00,0.000000e+00,0.000000e+00,0.000000e+00
1.000000e+00,0.000000e+00,0.000000e+00,0.000000e+00,0.000000e+00,0.000000e+00,0.000000e+00,0.000000e+00,0.000000e+00,0.000000e+00,0.000000e+00,0.000000e+00,0.000000e+00,0.000000e+00,0.000000e+00
1.000000e+00,0.000000e+00,0.000000e+00,0.000000e+00,0.000000e+00,0.000000e+00,0.000000e+00,0.000000e+00,0.000000e+00,0.000000e+00,0.000000e+00,0.000000e+00,0.000000e+00,0.000000e+00,0.000000e+00
1.000000e+00,0.000000e+00,0.000000e+00,0.000000e+00,0.000000e+00,0.000000e+00,0.000000e+00,0.000000e+00,0.000000e+00,0.000000e+00,0.000000e+00,0.000000e+00,0.000000e+00,0.000000e+00,0.000000e+00
1.000000e+00,0.000000e+00,0.000000e+00,0.000000e+00,0.000000e+00,0.000000e+00,0.000000e+00,0.000000e+00,0.000000e+00,0.000000e+00,0.000000e+00,0.000000e+00,0.000000e+00,0.000000e+00,0.000000e+00
1.000000e+00,0.000000e+00,0.000000e+00,0.000000e+00,0.000000e+00,0.000000e+00,0.000000e+00,0.000000e+00,0.000000e+00,0.000000e+00,0.000000e+00,0.000000e+00,0.000000e+00,0.000000e+00,0.000000e+00
1.000000e+00,0.000000e+00,0.000000e+00,0.000000e+00,0.000000e+00,0.000000e+00,0.000000e+00,0.000000e+00,0.000000e+00,0.000000e+00,0.000000e+00,0.000000e+00,0.000000e+00,0.000000e+00,0.000000e+00
1.000000e+00,0.000000e+00,0.000000e+00,0.000000e+00,0.000000e+00,0.000000e+00,0.000000e+00,0.000000e+00,0.000000e+00,0.000000e+00,0.000000e+00,0.000000e+00,0.000000e+00,0.000000e+00,0.000000e+00
1.000000e+00,0.000000e+00,0.000000e+00,0.000000e+00,0.000000e+00,0.000000e+00,0.000000e+00,0.000000e+00,0.000000e+00,0.000000e+00,0.000000e+00,0.000000e+00,0.000000e+00,0.000000e+00,0.000000e+00
1.000000e+00,0.000000e+00,0.000000e+00,0.000000e+00,0.000000e+00,0.000000e+00,0.000000e+00,0.000000e+00,0.000000e+00,0.000000e+00,0.000000e+00,0.000000e+00,0.000000e+00,0.000000e+00,0.000000e+00
1.000000e+00,0.000000e+00,0.000000e+00,0.000000e+00,0.000000e+00,0.000000e+00,0.000000e+00,0.000000e+00,0.000000e+00,0.000000e+00,0.000000e+00,0.000000e+00,0.000000e+00,0.000000e+00,0.000000e+00
3.834100e-01,3.973944e-02,2.432959e-01,1.420369e-01,6.056234e-03,1.257924e-02,1.229325e-03,6.382646e-03,1.544903e-02,3.848499e-03,2.645328e-02,1.940518e-02,6.673789e-03,3.908041e-02,5.436017e-02
2.924518e-01,3.254233e-02,3.246595e-01,1.010396e-01,4.723361e-03,1.460309e-02,9.458750e-04,5.109383e-03,1.250566e-02,8.573732e-03,2.087636e-02,1.413240e-02,5.627138e-03,8.662986e-02,7.557990e-02
2.634060e-01,2.439225e-02,3.461617e-01,7.199171e-02,3.782756e-03,1.502543e-02,7.170424e-04,4.092711e-03,1.173412e-02,2.566374e-02,1.982113e-02,1.125213e-02,5.818922e-03,1.247094e-01,7.143086e-02
2.651289e-01,3.530021e-02,2.880449e-01,1.558441e-01,4.932525e-03,1.573577e-02,8.549637e-04,3.966855e-03,1.426452e-02,1.910492e-02,1.842358e-02,1.102743e-02,6.242733e-03,9.215423e-02,6.897438e-02
2.696437e-01,2.889931e-02,3.285559e-01,1.682449e-01,5.521571e-03,1.411838e-02,8.050792e-04,3.321897e-03,1.207981e-02,1.395304e-02,1.873090e-02,9.804606e-03,6.073716e-03,6.724072e-02,5.300646e-02
2.650720e-01,2.616071e-02,3.824704e-01,1.382299e-01,5.211584e-03,1.273437e-02,6.415234e-04,2.569961e-03,1.231663e-02,1.225336e-02,1.703021e-02,8.379023e-03,4.704562e-03,6.385554e-02,4.837022e-02
2.204827e-01,1.889827e-02,4.715101e-01,1.020827e-01,3.800171e-03,9.832218e-03,4.907097e-04,2.071565e-03,1.312948e-02,1.446625e-02,1.753229e-02,6.749603e-03,4.898723e-03,7.381254e-02,4.024271e-02
2.965986e-01,1.645589e-02,3.986231e-01,8.374713e-02,3.267434e-03,9.805065e-03,4.800583e-04,2.671287e-03,1.475703e-02,1.566534e-02,3.462160e-02,7.470028e-03,8.645692e-03,6.082793e-02,4.636372e-02
2.803271e-01,1.863292e-02,3.209583e-01,1.936955e-01,2.953024e-03,9.584896e-03,4.705572e-04,2.547162e-03,1.410655e-02,1.420448e-02,3.007868e-02,6.525601e-03,7.148125e-03,4.480261e-02,5.396445e-02
3.236877e-01,1.706493e-02,2.616796e-01,2.413994e-01,3.658048e-03,1.053593e-02,5.819980e-04,2.690236e-03,1.202226e-02,1.090814e-02,2.888813e-02,6.828137e-03,6.026878e-03,3.289850e-02,4.113010e-02
3.859373e-01,1.573821e-02,2.019493e-01,2.312013e-01,3.707384e-03,1.146094e-02,5.592104e-04,2.499023e-03,1.303662e-02,1.346991e-02,4.857065e-02,6.655802e-03,6.560222e-03,2.494716e-02,3.370698e-02
4.047924e-01,2.142711e-02,1.553701e-01,2.520357e-01,4.009914e-03,1.561043e-02,1.005689e-03,5.339113e-03,1.181807e-02,1.037604e-02,4.297064e-02,1.649982e-02,8.216893e-03,1.866910e-02,3.185891e-02
4.898939e-01,1.995162e-02,1.123926e-01,2.179783e-01,3.944310e-03,1.606491e-02,1.207923e-03,5.495370e-03,1.158522e-02,9.658872e-03,3.794913e-02,2.250974e-02,8.442591e-03,1.414029e-02,2.878510e-02
4.441213e-01,1.932053e-02,8.520679e-02,3.120863e-01,4.395636e-03,1.383535e-02,1.215983e-03,7.694107e-03,1.056824e-02,7.448723e-03,3.023058e-02,2.202773e-02,7.677947e-03,1.020037e-02,2.397036e-02
1.000000e+00,0.000000e+00,0.000000e+00,0.000000e+00,0.000000e+00,0.000000e+00,0.000000e+00,0.000000e+00,0.000000e+00,0.000000e+00,0.000000e+00,0.000000e+00,0.000000e+00,0.000000e+00,0.000000e+00
1.000000e+00,0.000000e+00,0.000000e+00,0.000000e+00,0.000000e+00,0.000000e+00,0.000000e+00,0.000000e+00,0.000000e+00,0.000000e+00,0.000000e+00,0.000000e+00,0.000000e+00,0.000000e+00,0.000000e+00
1.000000e+00,0.000000e+00,0.000000e+00,0.000000e+00,0.000000e+00,0.000000e+00,0.000000e+00,0.000000e+00,0.000000e+00,0.000000e+00,0.000000e+00,0.000000e+00,0.000000e+00,0.000000e+00,0.000000e+00
1.000000e+00,0.000000e+00,0.000000e+00,0.000000e+00,0.000000e+00,0.000000e+00,0.000000e+00,0.000000e+00,0.000000e+00,0.000000e+00,0.000000e+00,0.000000e+00,0.000000e+00,0.000000e+00,0.000000e+00
1.000000e+00,0.000000e+00,0.000000e+00,0.000000e+00,0.000000e+00,0.000000e+00,0.000000e+00,0.000000e+00,0.000000e+00,0.000000e+00,0.000000e+00,0.000000e+00,0.000000e+00,0.000000e+00,0.000000e+00
1.000000e+00,0.000000e+00,0.000000e+00,0.000000e+00,0.000000e+00,0.000000e+00,0.000000e+00,0.000000e+00,0.000000e+00,0.000000e+00,0.000000e+00,0.000000e+00,0.000000e+00,0.000000e+00,0.000000e+00
1.000000e+00,0.000000e+00,0.000000e+00,0.000000e+00,0.000000e+00,0.000000e+00,0.000000e+00,0.000000e+00,0.000000e+00,0.000000e+00,0.000000e+00,0.000000e+00,0.000000e+00,0.000000e+00,0.000000e+00
1.000000e+00,0.000000e+00,0.000000e+00,0.000000e+00,0.000000e+00,0.000000e+00,0.000000e+00,0.000000e+00,0.000000e+00,0.000000e+00,0.000000e+00,0.000000e+00,0.000000e+00,0.000000e+00,0.000000e+00
3.736127e-01,1.213192e-02,1.706431e-02,2.891934e-01,1.966220e-02,1.308675e-02,2.683705e-03,1.978329e-02,2.319929e-02,4.989887e-02,1.072310e-01,3.042069e-02,1.853417e-02,5.391778e-03,1.810595e-02
2.841832e-01,1.458716e-02,1.644718e-02,2.277951e-01,1.621213e-02,1.084860e-02,2.117997e-03,1.488710e-02,8.017521e-02,5.339607e-02,1.863739e-01,3.459189e-02,3.906861e-02,4.166432e-03,1.514941e-02
2.342013e-01,2.617879e-02,1.580311e-02,2.258122e-01,1.339022e-02,8.956737e-03,1.559386e-03,1.203467e-02,2.024090e-01,3.942743e-02,1.442898e-01,2.752734e-02,3.089428e-02,3.469465e-03,1.404618e-02
1.924995e-01,2.047443e-02,3.532658e-02,2.125623e-01,2.046750e-02,6.817121e-03,1.298884e-03,3.658769e-02,2.379590e-01,2.801630e-02,1.468860e-01,2.038212e-02,2.808243e-02,2.627429e-03,1.001261e-02
1.625655e-01,1.645589e-02,1.106823e-01,3.060948e-01,1.747451e-02,6.055581e-03,9.668953e-04,3.145822e-02,1.748817e-01,2.018015e-02,1.089849e-01,1.457477e-02,2.015977e-02,1.946556e-03,7.518551e-03
1.358000e-01,1.796900e-02,1.569770e-01,3.598211e-01,1.379721e-02,8.933619e-03,7.723548e-04,2.246496e-02,1.327518e-01,1.657126e-02,9.892161e-02,1.171226e-02,1.542676e-02,1.692781e-03,6.388236e-03
1.275436e-01,2.502815e-02,1.350026e-01,4.233052e-01,1.503632e-02,1.623535e-02,1.635348e-03,1.806772e-02,1.025922e-01,1.210818e-02,9.377151e-02,9.890679e-03,1.236503e-02,1.572297e-03,5.845778e-03
9.965687e-02,2.121197e-02,1.294647e-01,5.318809e-01,1.496127e-02,1.203326e-02,1.521496e-03,1.454526e-02,7.301607e-02,8.772460e-03,7.039578e-02,7.509083e-03,9.262668e-03,1.240963e-03,4.527268e-03
9.129663e-02,1.996522e-02,1.167371e-01,5.924346e-01,1.541625e-02,9.734614e-03,1.557284e-03,1.091329e-02,5.197285e-02,6.780843e-03,6.525177e-02,5.924960e-03,7.243223e-03,1.150162e-03,3.621201e-03
9.879693e-02,3.099514e-02,1.147814e-01,4.568911e-01,2.748016e-02,9.855557e-03,2.475345e-03,8.706820e-03,4.921869e-02,8.930052e-03,1.667667e-01,8.530175e-03,1.090911e-02,1.875736e-03,3.787046e-03
1.439167e-01,4.021866e-02,9.004517e-02,3.949902e-01,3.956812e-02,1.298749e-02,4.930052e-03,1.110473e-02,4.185696e-02,8.434005e-03,1.744538e-01,1.558321e-02,1.359772e-02,2.581952e-03,5.731208e-03
1.453979e-01,3.923954e-02,9.673925e-02,4.227816e-01,4.901384e-02,1.157424e-02,4.704043e-03,1.763505e-02,3.251475e-02,6.489601e-03,1.368422e-01,1.611447e-02,1.336680e-02,2.401856e-03,5.184836e-03
2.243859e-01,3.478754e-02,7.995233e-02,3.855309e-01,4.309767e-02,1.204962e-02,4.067170e-03,1.688086e-02,2.939650e-02,6.243470e-03,1.172178e-01,1.960226e-02,1.609516e-02,4.150950e-03,6.541942e-03
3.267567e-01,3.030716e-02,8.432157e-02,2.895218e-01,3.905072e-02,1.218365e-02,3.643929e-03,1.430838e-02,2.589927e-02,1.126858e-02,9.896091e-02,3.311482e-02,1.647691e-02,4.961300e-03,9.224334e-03
4.527544e-01,2.756600e-02,6.372370e-02,2.141488e-01,3.492756e-02,1.367909e-02,3.472317e-03,1.268807e-02,2.099548e-02,9.006024e-03,7.504217e-02,4.039386e-02,1.642240e-02,4.552746e-03,1.062740e-02
1.000000e+00,0.000000e+00,0.000000e+00,0.000000e+00,0.000000e+00,0.000000e+00,0.000000e+00,0.000000e+00,0.000000e+00,0.000000e+00,0.000000e+00,0.000000e+00,0.000000e+00,0.000000e+00,0.000000e+00
1.000000e+00,0.000000e+00,0.000000e+00,0.000000e+00,0.000000e+00,0.000000e+00,0.000000e+00,0.000000e+00,0.000000e+00,0.000000e+00,0.000000e+00,0.000000e+00,0.000000e+00,0.000000e+00,0.000000e+00
1.000000e+00,0.000000e+00,0.000000e+00,0.000000e+00,0.000000e+00,0.000000e+00,0.000000e+00,0.000000e+00,0.000000e+00,0.000000e+00,0.000000e+00,0.000000e+00,0.000000e+00,0.000000e+00,0.000000e+00
1.000000e+00,0.000000e+00,0.000000e+00,0.000000e+00,0.000000e+00,0.000000e+00,0.000000e+00,0.000000e+00,0.000000e+00,0.000000e+00,0.000000e+00,0.000000e+00,0.000000e+00,0.000000e+00,0.000000e+00
1.000000e+00,0.000000e+00,0.000000e+00,0.000000e+00,0.000000e+00,0.000000e+00,0.000000e+00,0.000000e+00,0.000000e+00,0.000000e+00,0.000000e+00,0.000000e+00,0.000000e+00,0.000000e+00,0.000000e+00
1.000000e+00,0.000000e+00,0.000000e+00,0.000000e+00,0.000000e+00,0.000000e+00,0.000000e+00,0.000000e+00,0.000000e+00,0.000000e+00,0.000000e+00,0.000000e+00,0.000000e+00,0.000000e+00,0.000000e+00
1.000000e+00,0.000000e+00,0.000000e+00,0.000000e+00,0.000000e+00,0.000000e+00,0.000000e+00,0.000000e+00,0.000000e+00,0.000000e+00,0.000000e+00,0.000000e+00,0.000000e+00,0.000000e+00,0.000000e+00
1.000000e+00,0.000000e+00,0.000000e+00,0.000000e+00,0.000000e+00,0.000000e+00,0.000000e+00,0.000000e+00,0.000000e+00,0.000000e+00,0.000000e+00,0.000000e+00,0.000000e+00,0.000000e+00,0.000000e+00
1.000000e+00,0.000000e+00,0.000000e+00,0.000000e+00,0.000000e+00,0.000000e+00,0.000000e+00,0.000000e+00,0.000000e+00,0.000000e+00,0.000000e+00,0.000000e+00,0.000000e+00,0.000000e+00,0.000000e+00
1.000000e+00,0.000000e+00,0.000000e+00,0.000000e+00,0.000000e+00,0.000000e+00,0.000000e+00,0.000000e+00,0.000000e+00,0.000000e+00,0.000000e+00,0.000000e+00,0.000000e+00,0.000000e+00,0.000000e+00
1.000000e+00,0.000000e+00,0.000000e+00,0.000000e+00,0.000000e+00,0.000000e+00,0.000000e+00,0.000000e+00,0.000000e+00,0.000000e+00,0.000000e+00,0.000000e+00,0.000000e+00,0.000000e+00,0.000000e+00
1.000000e+00,0.000000e+00,0.000000e+00,0.000000e+00,0.000000e+00,0.000000e+00,0.000000e+00,0.000000e+00,0.000000e+00,0.000000e+00,0.000000e+00,0.000000e+00,0.000000e+00,0.000000e+00,0.000000e+00
1.000000e+00,0.000000e+00,0.000000e+00,0.000000e+00,0.000000e+00,0.000000e+00,0.000000e+00,0.000000e+00,0.000000e+00,0.000000e+00,0.000000e+00,0.000000e+00,0.000000e+00,0.000000e+00,0.000000e+00
1.000000e+00,0.000000e+00,0.000000e+00,0.000000e+00,0.000000e+00,0.000000e+00,0.000000e+00,0.000000e+00,0.000000e+00,0.000000e+00,0.000000e+00,0.000000e+00,0.000000e+00,0.000000e+00,0.000000e+00
1.000000e+00,0.000000e+00,0.000000e+00,0.000000e+00,0.000000e+00,0.000000e+00,0.000000e+00,0.000000e+00,0.000000e+00,0.000000e+00,0.000000e+00,0.000000e+00,0.000000e+00,0.000000e+00,0.000000e+00
1.000000e+00,0.000000e+00,0.000000e+00,0.000000e+00,0.000000e+00,0.000000e+00,0.000000e+00,0.000000e+00,0.000000e+00,0.000000e+00,0.000000e+00,0.000000e+00,0.000000e+00,0.000000e+00,0.000000e+00
1.000000e+00,0.000000e+00,0.000000e+00,0.000000e+00,0.000000e+00,0.000000e+00,0.000000e+00,0.000000e+00,0.000000e+00,0.000000e+00,0.000000e+00,0.000000e+00,0.000000e+00,0.000000e+00,0.000000e+00
1.000000e+00,0.000000e+00,0.000000e+00,0.000000e+00,0.000000e+00,0.000000e+00,0.000000e+00,0.000000e+00,0.000000e+00,0.000000e+00,0.000000e+00,0.000000e+00,0.000000e+00,0.000000e+00,0.000000e+00
1.000000e+00,0.000000e+00,0.000000e+00,0.000000e+00,0.000000e+00,0.000000e+00,0.000000e+00,0.000000e+00,0.000000e+00,0.000000e+00,0.000000e+00,0.000000e+00,0.000000e+00,0.000000e+00,0.000000e+00
1.000000e+00,0.000000e+00,0.000000e+00,0.000000e+00,0.000000e+00,0.000000e+00,0.000000e+00,0.000000e+00,0.000000e+00,0.000000e+00,0.000000e+00,0.000000e+00,0.000000e+00,0.000000e+00,0.000000e+00
1.000000e+00,0.000000e+00,0.000000e+00,0.000000e+00,0.000000e+00,0.000000e+00,0.000000e+00,0.000000e+00,0.000000e+00,0.000000e+00,0.000000e+00,0.000000e+00,0.000000e+00,0.000000e+00,0.000000e+00
1.000000e+00,0.000000e+00,0.000000e+00,0.000000e+00,0.000000e+00,0.000000e+00,0.000000e+00,0.000000e+00,0.000000e+00,0.000000e+00,0.000000e+00,0.000000e+00,0.000000e+00,0.000000e+00,0.000000e+00
1.000000e+00,0.000000e+00,0.000000e+00,0.000000e+00,0.000000e+00,0.000000e+00,0.000000e+00,0.000000e+00,0.000000e+00,0.000000e+00,0.000000e+00,0.000000e+00,0.000000e+00,0.000000e+00,0.000000e+00
1.000000e+00,0.000000e+00,0.000000e+00,0.000000e+00,0.000000e+00,0.000000e+00,0.000000e+00,0.000000e+00,0.000000e+00,0.000000e+00,0.000000e+00,0.000000e+00,0.000000e+00,0.000000e+00,0.000000e+00
1.000000e+00,0.000000e+00,0.000000e+00,0.000000e+00,0.000000e+00,0.000000e+00,0.000000e+00,0.000000e+00,0.000000e+00,0.000000e+00,0.000000e+00,0.000000e+00,0.000000e+00,0.000000e+00,0.000000e+00
1.000000e+00,0.000000e+00,0.000000e+00,0.000000e+00,0.000000e+00,0.000000e+00,0.000000e+00,0.000000e+00,0.000000e+00,0.000000e+00,0.000000e+00,0.000000e+00,0.000000e+00,0.000000e+00,0.000000e+00
1.000000e+00,0.000000e+00,0.000000e+00,0.000000e+00,0.000000e+00,0.000000e+00,0.000000e+00,0.000000e+00,0.000000e+00,0.000000e+00,0.000000e+00,0.000000e+00,0.000000e+00,0.000000e+00,0.000000e+00
1.000000e+00,0.000000e+00,0.000000e+00,0.000000e+00,0.000000e+00,0.000000e+00,0.000000e+00,0.000000e+00,0.000000e+00,0.000000e+00,0.000000e+00,0.000000e+00,0.000000e+00,0.000000e+00,0.000000e+00
1.000000e+00,0.000000e+00,0.000000e+00,0.000000e+00,0.000000e+00,0.000000e+00,0.000000e+00,0.000000e+00,0.000000e+00,0.000000e+00,0.000000e+00,0.000000e+00,0.000000e+00,0.000000e+00,0.000000e+00
1.000000e+00,0.000000e+00,0.000000e+00,0.000000e+00,0.000000e+00,0.000000e+00,0.000000e+00,0.000000e+00,0.000000e+00,0.000000e+00,0.000000e+00,0.000000e+00,0.000000e+00,0.000000e+00,0.000000e+00
1.000000e+00,0.000000e+00,0.000000e+00,0.000000e+00,0.000000e+00,0.000000e+00,0.000000e+00,0.000000e+00,0.000000e+00,0.000000e+00,0.000000e+00,0.000000e+00,0.000000e+00,0.000000e+00,0.000000e+00
1.000000e+00,0.000000e+00,0.000000e+00,0.000000e+00,0.000000e+00,0.000000e+00,0.000000e+00,0.000000e+00,0.000000e+00,0.000000e+00,0.000000e+00,0.000000e+00,0.000000e+00,0.000000e+00,0.000000e+00
1.000000e+00,0.000000e+00,0.000000e+00,0.000000e+00,0.000000e+00,0.000000e+00,0.000000e+00,0.000000e+00,0.000000e+00,0.000000e+00,0.000000e+00,0.000000e+00,0.000000e+00,0.000000e+00,0.000000e+00
1.000000e+00,0.000000e+00,0.000000e+00,0.000000e+00,0.000000e+00,0.000000e+00,0.000000e+00,0.000000e+00,0.000000e+00,0.000000e+00,0.000000e+00,0.000000e+00,0.000000e+00,0.000000e+00,0.000000e+00
1.000000e+00,0.000000e+00,0.000000e+00,0.000000e+00,0.000000e+00,0.000000e+00,0.000000e+00,0.000000e+00,0.000000e+00,0.000000e+00,0.000000e+00,0.000000e+00,0.000000e+00,0.000000e+00,0.000000e+00
1.000000e+00,0.000000e+00,0.000000e+00,0.000000e+00,0.000000e+00,0.000000e+00,0.000000e+00,0.000000e+00,0.000000e+00,0.000000e+00,0.000000e+00,0.000000e+00,0.000000e+00,0.000000e+00,0.000000e+00
1.000000e+00,0.000000e+00,0.000000e+00,0.000000e+00,0.000000e+00,0.000000e+00,0.000000e+00,0.000000e+00,0.000000e+00,0.000000e+00,0.000000e+00,0.000000e+00,0.000000e+00,0.000000e+00,0.000000e+00
1.000000e+00,0.000000e+00,0.000000e+00,0.000000e+00,0.000000e+00,0.000000e+00,0.000000e+00,0.000000e+00,0.000000e+00,0.000000e+00,0.000000e+00,0.000000e+00,0.000000e+00,0.000000e+00,0.000000e+00
1.000000e+00,0.000000e+00,0.000000e+00,0.000000e+00,0.000000e+00,0.000000e+00,0.000000e+00,0.000000e+00,0.000000e+00,0.000000e+00,0.000000e+00,0.000000e+00,0.000000e+00,0.000000e+00,0.000000e+00
1.000000e+00,0.000000e+00,0.000000e+00,0.000000e+00,0.000000e+00,0.000000e+00,0.000000e+00,0.000000e+00,0.000000e+00,0.000000e+00,0.000000e+00,0.000000e+00,0.000000e+00,0.000000e+00,0.000000e+00
1.000000e+00,0.000000e+00,0.000000e+00,0.000000e+00,0.000000e+00,0.000000e+00,0.000000e+00,0.000000e+00,0.000000e+00,0.000000e+00,0.000000e+00,0.000000e+00,0.000000e+00,0.000000e+00,0.000000e+00
1.000000e+00,0.000000e+00,0.000000e+00,0.000000e+00,0.000000e+00,0.000000e+00,0.000000e+00,0.000000e+00,0.000000e+00,0.000000e+00,0.000000e+00,0.000000e+00,0.000000e+00,0.000000e+00,0.000000e+00
1.000000e+00,0.000000e+00,0.000000e+00,0.000000e+00,0.000000e+00,0.000000e+00,0.000000e+00,0.000000e+00,0.000000e+00,0.000000e+00,0.000000e+00,0.000000e+00,0.000000e+00,0.000000e+00,0.000000e+00
1.000000e+00,0.000000e+00,0.000000e+00,0.000000e+00,0.000000e+00,0.000000e+00,0.000000e+00,0.000000e+00,0.000000e+00,0.000000e+00,0.000000e+00,0.000000e+00,0.000000e+00,0.000000e+00,0.000000e+00
1.000000e+00,0.000000e+00,0.000000e+00,0.000000e+00,0.000000e+00,0.000000e+00,0.000000e+00,0.000000e+00,0.000000e+00,0.000000e+00,0.000000e+00,0.000000e+00,0.000000e+00,0.000000e+00,0.000000e+00
1.000000e+00,0.000000e+00,0.000000e+00,0.000000e+00,0.000000e+00,0.000000e+00,0.000000e+00,0.000000e+00,0.000000e+00,0.000000e+00,0.000000e+00,0.000000e+00,0.000000e+00,0.000000e+00,0.000000e+00
1.000000e+00,0.000000e+00,0.000000e+00,0.000000e+00,0.000000e+00,0.000000e+00,0.000000e+00,0.000000e+00,0.000000e+00,0.000000e+00,0.000000e+00,0.000000e+00,0.000000e+00,0.000000e+00,0.000000e+00
1.000000e+00,0.000000e+00,0.000000e+00,0.000000e+00,0.000000e+00,0.000000e+00,0.000000e+00,0.000000e+00,0.000000e+00,0.000000e+00,0.000000e+00,0.000000e+00,0.000000e+00,0.000000e+00,0.000000e+00
1.000000e+00,0.000000e+00,0.000000e+00,0.000000e+00,0.000000e+00,0.000000e+00,0.000000e+00,0.000000e+00,0.000000e+00,0.000000e+00,0.000000e+00,0.000000e+00,0.000000e+00,0.000000e+00,0.000000e+00
1.000000e+00,0.000000e+00,0.000000e+00,0.000000e+00,0.000000e+00,0.000000e+00,0.000000e+00,0.000000e+00,0.000000e+00,0.000000e+00,0.000000e+00,0.000000e+00,0.000000e+00,0.000000e+00,0.000000e+00
1.000000e+00,0.000000e+00,0.000000e+00,0.000000e+00,0.000000e+00,0.000000e+00,0.000000e+00,0.000000e+00,0.000000e+00,0.000000e+00,0.000000e+00,0.000000e+00,0.000000e+00,0.000000e+00,0.000000e+00
1.000000e+00,0.000000e+00,0.000000e+00,0.000000e+00,0.000000e+00,0.000000e+00,0.000000e+00,0.000000e+00,0.000000e+00,0.000000e+00,0.000000e+00,0.000000e+00,0.000000e+00,0.000000e+00,0.000000e+00
1.000000e+00,0.000000e+00,0.000000e+00,0.000000e+00,0.000000e+00,0.000000e+00,0.000000e+00,0.000000e+00,0.000000e+00,0.000000e+00,0.000000e+00,0.000000e+00,0.000000e+00,0.000000e+00,0.000000e+00
1.000000e+00,0.000000e+00,0.000000e+00,0.000000e+00,0.000000e+00,0.000000e+00,0.000000e+00,0.000000e+00,0.000000e+00,0.000000e+00,0.000000e+00,0.000000e+00,0.000000e+00,0.000000e+00,0.000000e+00
1.000000e+00,0.000000e+00,0.000000e+00,0.000000e+00,0.000000e+00,0.000000e+00,0.000000e+00,0.000000e+00,0.000000e+00,0.000000e+00,0.000000e+00,0.000000e+00,0.000000e+00,0.000000e+00,0.000000e+00
1.000000e+00,0.000000e+00,0.000000e+00,0.000000e+00,0.000000e+00,0.000000e+00,0.000000e+00,0.000000e+00,0.000000e+00,0.000000e+00,0.000000e+00,0.000000e+00,0.000000e+00,0.000000e+00,0.000000e+00
1.000000e+00,0.000000e+00,0.000000e+00,0.000000e+00,0.000000e+00,0.000000e+00,0.000000e+00,0.000000e+00,0.000000e+00,0.000000e+00,0.000000e+00,0.000000e+00,0.000000e+00,0.000000e+00,0.000000e+00
1.000000e+00,0.000000e+00,0.000000e+00,0.000000e+00,0.000000e+00,0.000000e+00,0.000000e+00,0.000000e+00,0.000000e+00,0.000000e+00,0.000000e+00,0.000000e+00,0.000000e+00,0.000000e+00,0.000000e+00
1.000000e+00,0.000000e+00,0.000000e+00,0.000000e+00,0.000000e+00,0.000000e+00,0.000000e+00,0.000000e+00,0.000000e+00,0.000000e+00,0.000000e+00,0.000000e+00,0.000000e+00,0.000000e+00,0.000000e+00
1.000000e+00,0.000000e+00,0.000000e+00,0.000000e+00,0.000000e+00,0.000000e+00,0.000000e+00,0.000000e+00,0.000000e+00,0.000000e+00,0.000000e+00,0.000000e+00,0.000000e+00,0.000000e+00,0.000000e+00
1.000000e+00,0.000000e+00,0.000000e+00,0.000000e+00,0.000000e+00,0.000000e+00,0.000000e+00,0.000000e+00,0.000000e+00,0.000000e+00,0.000000e+00,0.000000e+00,0.000000e+00,0.000000e+00,0.000000e+00
1.000000e+00,0.000000e+00,0.000000e+00,0.000000e+00,0.000000e+00,0.000000e+00,0.000000e+00,0.000000e+00,0.000000e+00,0.000000e+00,0.000000e+00,0.000000e+00,0.000000e+00,0.000000e+00,0.000000e+00
1.000000e+00,0.000000e+00,0.000000e+00,0.000000e+00,0.000000e+00,0.000000e+00,0.000000e+00,0.000000e+00,0.000000e+00,0.000000e+00,0.000000e+00,0.000000e+00,0.000000e+00,0.000000e+00,0.000000e+00
1.000000e+00,0.000000e+00,0.000000e+00,0.000000e+00,0.000000e+00,0.000000e+00,0.000000e+00,0.000000e+00,0.000000e+00,0.000000e+00,0.000000e+00,0.000000e+00,0.000000e+00,0.000000e+00,0.000000e+00
1.000000e+00,0.000000e+00,0.000000e+00,0.000000e+00,0.000000e+00,0.000000e+00,0.000000e+00,0.000000e+00,0.000000e+00,0.000000e+00,0.000000e+00,0.000000e+00,0.000000e+00,0.000000e+00,0.000000e+00
1.000000e+00,0.000000e+00,0.000000e+00,0.000000e+00,0.000000e+00,0.000000e+00,0.000000e+00,0.000000e+00,0.000000e+00,0.000000e+00,0.000000e+00,0.000000e+00,0.000000e+00,0.000000e+00,0.000000e+00
1.000000e+00,0.000000e+00,0.000000e+00,0.000000e+00,0.000000e+00,0.000000e+00,0.000000e+00,0.000000e+00,0.000000e+00,0.000000e+00,0.000000e+00,0.000000e+00,0.000000e+00,0.000000e+00,0.000000e+00
1.000000e+00,0.000000e+00,0.000000e+00,0.000000e+00,0.000000e+00,0.000000e+00,0.000000e+00,0.000000e+00,0.000000e+00,0.000000e+00,0.000000e+00,0.000000e+00,0.000000e+00,0.000000e+00,0.000000e+00
1.000000e+00,0.000000e+00,0.000000e+00,0.000000e+00,0.000000e+00,0.000000e+00,0.000000e+00,0.000000e+00,0.000000e+00,0.000000e+00,0.000000e+00,0.000000e+00,0.000000e+00,0.000000e+00,0.000000e+00
1.000000e+00,0.000000e+00,0.000000e+00,0.000000e+00,0.000000e+00,0.000000e+00,0.000000e+00,0.000000e+00,0.000000e+00,0.000000e+00,0.000000e+00,0.000000e+00,0.000000e+00,0.000000e+00,0.000000e+00
1.000000e+00,0.000000e+00,0.000000e+00,0.000000e+00,0.000000e+00,0.000000e+00,0.000000e+00,0.000000e+00,0.000000e+00,0.000000e+00,0.000000e+00,0.000000e+00,0.000000e+00,0.000000e+00,0.000000e+00
1.000000e+00,0.000000e+00,0.000000e+00,0.000000e+00,0.000000e+00,0.000000e+00,0.000000e+00,0.000000e+00,0.000000e+00,0.000000e+00,0.000000e+00,0.000000e+00,0.000000e+00,0.000000e+00,0.000000e+00
