1.000000e+00,0.000000e+00,0.000000e+00,0.000000e+00,0.000000e+00,0.000000e+00,0.000000e+00,0.000000e+00,0.000000e+00,0.000000e+00,0.000000e+00,0.000000e+00,0.000000e+00,0.000000e+00,0.000000e+00
1.000000e+00,0.000000e+00,0.000000e+00,0.000000e+00,0.000000e+00,0.000000e+00,0.000000e+00,0.000000e+00,0.000000e+00,0.000000e+00,0.000000e+00,0.000000e+00,0.000000e+00,0.000000e+00,0.000000e+00
1.000000e+00,0.000000e+00,0.000000e+00,0.000000e+00,0.000000e+00,0.000000e+00,0.000000e+00,0.000000e+00,0.000000e+00,0.000000e+00,0.000000e+00,0.000000e+00,0.000000e+00,0.000000e+00,0.000000e+00
1.000000e+00,0.000000e+00,0.000000e+00,0.000000e+00,0.000000e+00,0.000000e+00,0.000000e+00,0.000000e+00,0.000000e+00,0.000000e+00,0.000000e+00,0.000000e+00,0.000000e+00,0.000000e+00,0.000000e+00
1.000000e+00,0.000000e+00,0.000000e+00,0.000000e+00,0.000000e+00,0.000000e+00,0.000000e+00,0.000000e+00,0.000000e+00,0.000000e+00,0.000000e+00,0.000000e+00,0.000000e+00,0.000000e+00,0.000000e+00
1.000000e+00,0.000000e+00,0.000000e+00,0.000000e+00,0.000000e+00,0.000000e+00,0.000000e+00,0.000000e+00,0.000000e+00,0.000000e+00,0.000000e+00,0.000000e+00,0.000000e+00,0.000000e+00,0.000000e+00
1.000000e+00,0.000000e+00,0.000000e+00,0.000000e+00,0.000000e+00,0.000000e+00,0.000000e+00,0.000000e+00,0.000000e+00,0.000000e+00,0.000000e+00,0.000000e+00,0.000000e+00,0.000000e+00,0.000000e+00
1.000000e+00,0.000000e+00,0.000000e+00,0.000000e+00,0.000000e+00,0.000000e+00,0.000000e+00,0.000000e+00,0.000000e+00,0.000000e+00,0.000000e+00,0.000000e+00,0.000000e+00,0.000000e+00,0.000000e+00
1.000000e+00,0.000000e+00,0.000000e+00,0.000000e+00,0.000000e+00,0.000000e+00,0.000000e+00,0.000000e+00,0.000000e+00,0.000000e+00,0.000000e+00,0.000000e+00,0.000000e+00,0.000000e+00,0.000000e+00
1.000000e+00,0.000000e+00,0.000000e+00,0.000000e+00,0.000000e+00,0.000000e+00,0.000000e+00,0.000000e+00,0.000000e+00,0.000000e+00,0.000000e+00,0.000000e+00,0.000000e+00,0.000000e+00,0.000000e+00
1.000000e+00,0.000000e+00,0.000000e+00,0.000000e+00,0.000000e+00,0.000000e+00,0.000000e+00,0.000000e+00,0.000000e+00,0.000000e+00,0.000000e+00,0.000000e+00,0.000000e+00,0.000000e+00,0.000000e+00
1.000000e+00,0.000000e+00,0.000000e+00,0.000000e+00,0.000000e+00,0.000000e+00,0.000000e+00,0.000000e+00,0.000000e+00,0.000000e+00,0.000000e+00,0.000000e+00,0.000000e+00,0.000000e+00,0.000000e+00
1.000000e+00,0.000000e+00,0.000000e+00,0.000000e+00,0.000000e+00,0.000000e+00,0.000000e+00,0.000000e+00,0.000000e+00,0.000000e+00,0.000000e+00,0.000000e+00,0.000000e+00,0.000000e+00,0.000000e+00
1.000000e+00,0.000000e+00,0.000000e+00,0.000000e+00,0.000000e+00,0.000000e+00,0.000000e+00,0.000000e+00,0.000000e+00,0.000000e+00,0.000000e+00,0.000000e+00,0.000000e+00,0.000000e+00,0.000000e+00
1.000000e+00,0.000000e+00,0.000000e+00,0.000000e+00,0.000000e+00,0.000000e+00,0.000000e+00,0.000000e+00,0.000000e+00,0.000000e+00,0.000000e+00,0.000000e+00,0.000000e+00,0.000000e+00,0.000000e+00
1.000000e+00,0.000000e+00,0.000000e+00,0.000000e+00,0.000000e+00,0.000000e+00,0.000000e+00,0.000000e+00,0.000000e+00,0.000000e+00,0.000000e+00,0.000000e+00,0.000000e+00,0.000000e+00,0.000000e+00
1.000000e+00,0.000000e+00,0.000000e+00,0.000000e+00,0.000000e+00,0.000000e+00,0.000000e+00,0.000000e+00,0.000000e+00,0.000000e+00,0.000000e+00,0.000000e+00,0.000000e+00,0.000000e+00,0.000000e+00
1.000000e+00,0.000000e+00,0.000000e+00,0.000000e+00,0.000000e+00,0.000000e+00,0.000000e+00,0.000000e+00,0.000000e+00,0.000000e+00,0.000000e+00,0.000000e+00,0.000000e+00,0.000000e+00,0.000000e+00
1.000000e+00,0.000000e+00,0.000000e+00,0.000000e+00,0.000000e+00,0.000000e+00,0.000000e+00,0.000000e+00,0.000000e+00,0.000000e+00,0.000000e+00,0.000000e+00,0.000000e+00,0.000000e+00,0.000000e+00
1.000000e+00,0.000000e+00,0.000000e+00,0.000000e+00,0.000000e+00,0.000000e+00,0.000000e+00,0.000000e+00,0.000000e+00,0.000000e+00,0.000000e+00,0.000000e+00,0.000000e+00,0.000000e+00,0.000000e+00
1.000000e+00,0.000000e+00,0.000000e+00,0.000000e+00,0.000000e+00,0.000000e+00,0.000000e+00,0.000000e+00,0.000000e+00,0.000000e+00,0.000000e+00,0.000000e+00,0.000000e+00,0.000000e+00,0.000000e+00
1.000000e+00,0.000000e+00,0.000000e+00,0.000000e+00,0.000000e+00,0.000000e+00,0.000000e+00,0.000000e+00,0.000000e+00,0.000000e+00,0.000000e+00,0.000000e+00,0.000000e+00,0.000000e+00,0.000000e+00
1.000000e+00,0.000000e+00,0.000000e+00,0.000000e+00,0.000000e+00,0.000000e+00,0.000000e+00,0.000000e+00,0.000000e+00,0.000000e+00,0.000000e+00,0.000000e+00,0.000000e+00,0.000000e+00,0.000000e+00
1.000000e+00,0.000000e+00,0.000000e+00,0.000000e+00,0.000000e+00,0.000000e+00,0.000000e+00,0.000000e+00,0.000000e+00,0.000000e+00,0.000000e+00,0.000000e+00,0.000000e+00,0.000000e+00,0.000000e+00
1.000000e+00,0.000000e+00,0.000000e+00,0.000000e+00,0.000000e+00,0.000000e+00,0.000000e+00,0.000000e+00,0.000000e+00,0.000000e+00,0.000000e+00,0.000000e+00,0.000000e+00,0.000000e+00,0.000000e+00
1.000000e+00,0.000000e+00,0.000000e+00,0.000000e+00,0.000000e+00,0.000000e+00,0.000000e+00,0.000000e+00,0.000000e+00,0.000000e+00,0.000000e+00,0.000000e+00,0.000000e+00,0.000000e+00,0.000000e+00
1.000000e+00,0.000000e+00,0.000000e+00,0.000000e+00,0.000000e+00,0.000000e+00,0.000000e+00,0.000000e+00,0.000000e+00,0.000000e+00,0.000000e+00,0.000000e+00,0.000000e+00,0.000000e+00,0.000000e+00
1.000000e+00,0.000000e+00,0.000000e+00,0.000000e+00,0.000000e+00,0.000000e+00,0.000000e+00,0.000000e+00,0.000000e+00,0.000000e+00,0.000000e+00,0.000000e+00,0.000000e+00,0.000000e+00,0.000000e+00
1.000000e+00,0.000000e+00,0.000000e+00,0.000000e+00,0.000000e+00,0.000000e+00,0.000000e+00,0.000000e+00,0.000000e+00,0.000000e+00,0.000000e+00,0.000000e+00,0.000000e+00,0.000000e+00,0.000000e+00
1.000000e+00,0.000000e+00,0.000000e+00,0.000000e+00,0.000000e+00,0.000000e+00,0.000000e+00,0.000000e+00,0.000000e+00,0.000000e+00,0.000000e+00,0.000000e+00,0.000000e+00,0.000000e+00,0.000000e+00
1.000000e+00,0.000000e+00,0.000000e+00,0.000000e+00,0.000000e+00,0.000000e+00,0.000000e+00,0.000000e+00,0.000000e+00,0.000000e+00,0.000000e+00,0.000000e+00,0.000000e+00,0.000000e+00,0.000000e+00
1.000000e+00,0.000000e+00,0.000000e+00,0.000000e+00,0.000000e+00,0.000000e+00,0.000000e+00,0.000000e+00,0.000000e+00,0.000000e+00,0.000000e+00,0.000000e+00,0.000000e+00,0.000000e+00,0.000000e+00
1.000000e+00,0.000000e+00,0.000000e+00,0.000000e+00,0.000000e+00,0.000000e+00,0.000000e+00,0.000000e+00,0.000000e+00,0.000000e+00,0.000000e+00,0.000000e+00,0.000000e+00,0.000000e+00,0.000000e+00
1.000000e+00,0.000000e+00,0.000000e+00,0.000000e+00,0.000000e+00,0.000000e+00,0.000000e+00,0.000000e+00,0.000000e+00,0.000000e+00,0.000000e+00,0.000000e+00,0.000000e+00,0.000000e+00,0.000000e+00
1.000000e+00,0.000000e+00,0.000000e+00,0.000000e+00,0.000000e+00,0.000000e+00,0.000000e+00,0.000000e+00,0.000000e+00,0.000000e+00,0.000000e+00,0.000000e+00,0.000000e+00,0.000000e+00,0.000000e+00
1.000000e+00,0.000000e+00,0.000000e+00,0.000000e+00,0.000000e+00,0.000000e+00,0.000000e+00,0.000000e+00,0.000000e+00,0.000000e+00,0.000000e+00,0.000000e+00,0.000000e+00,0.000000e+00,0.000000e+00
1.000000e+00,0.000000e+00,0.000000e+00,0.000000e+00,0.000000e+00,0.000000e+00,0.000000e+00,0.000000e+00,0.000000e+00,0.000000e+00,0.000000e+00,0.000000e+00,0.000000e+00,0.000000e+00,0.000000e+00
1.000000e+00,0.000000e+00,0.000000e+00,0.000000e+00,0.000000e+00,0.000000e+00,0.000000e+00,0.000000e+00,0.000000e+00,0.000000e+00,0.000000e+00,0.000000e+00,0.000000e+00,0.000000e+00,0.000000e+00
1.000000e+00,0.000000e+00,0.000000e+00,0.000000e+00,0.000000e+00,0.000000e+00,0.000000e+00,0.000000e+00,0.000000e+00,0.000000e+00,0.000000e+00,0.000000e+00,0.000000e+00,0.000000e+00,0.000000e+00
1.000000e+00,0.000000e+00,0.000000e+00,0.000000e+00,0.000000e+00,0.000000e+00,0.000000e+00,0.000000e+00,0.000000e+00,0.000000e+00,0.000000e+00,0.000000e+00,0.000000e+00,0.000000e+00,0.000000e+00
1.000000e+00,0.000000e+00,0.000000e+00,0.000000e+00,0.000000e+00,0.000000e+00,0.000000e+00,0.000000e+00,0.000000e+00,0.000000e+00,0.000000e+00,0.000000e+00,0.000000e+00,0.000000e+00,0.000000e+00
1.000000e+00,0.000000e+00,0.000000e+00,0.000000e+00,0.000000e+00,0.000000e+00,0.000000e+00,0.000000e+00,0.000000e+00,0.000000e+00,0.000000e+00,0.000000e+00,0.000000e+00,0.000000e+00,0.000000e+00
1.000000e+00,0.000000e+00,0.000000e+00,0.000000e+00,0.000000e+00,0.000000e+00,0.000000e+00,0.000000e+00,0.000000e+00,0.000000e+00,0.000000e+00,0.000000e+00,0.000000e+00,0.000000e+00,0.000000e+00
1.000000e+00,0.000000e+00,0.000000e+00,0.000000e+00,0.000000e+00,0.000000e+00,0.000000e+00,0.000000e+00,0.000000e+00,0.000000e+00,0.000000e+00,0.000000e+00,0.000000e+00,0.000000e+00,0.000000e+00
1.000000e+00,0.000000e+00,0.000000e+00,0.000000e+00,0.000000e+00,0.000000e+00,0.000000e+00,0.000000e+00,0.000000e+00,0.000000e+00,0.000000e+00,0.000000e+00,0.000000e+00,0.000000e+00,0.000000e+00
1.000000e+00,0.000000e+00,0.000000e+00,0.000000e+00,0.000000e+00,0.000000e+00,0.000000e+00,0.000000e+00,0.000000e+00,0.000000e+00,0.000000e+00,0.000000e+00,0.000000e+00,0.000000e+00,0.000000e+00
1.000000e+00,0.000000e+00,0.000000e+00,0.000000e+00,0.000000e+00,0.000000e+00,0.000000e+00,0.000000e+00,0.000000e+00,0.000000e+00,0.000000e+00,0.000000e+00,0.000000e+00,0.000000e+00,0.000000e+00
1.000000e+00,0.000000e+00,0.000000e+00,0.000000e+00,0.000000e+00,0.000000e+00,0.000000e+00,0.000000e+00,0.000000e+00,0.000000e+00,0.000000e+00,0.000000e+00,0.000000e+00,0.000000e+00,0.000000e+00
1.000000e+00,0.000000e+00,0.000000e+00,0.000000e+00,0.000000e+00,0.000000e+00,0.000000e+00,0.000000e+00,0.000000e+00,0.000000e+00,0.000000e+00,0.000000e+00,0.000000e+00,0.000000e+00,0.000000e+00
1.000000e+00,0.000000e+00,0.000000e+00,0.000000e+00,0.000000e+00,0.000000e+00,0.000000e+00,0.000000e+00,0.000000e+00,0.000000e+00,0.000000e+00,0.000000e+00,0.000000e+00,0.000000e+00,0.000000e+00
1.000000e+00,0.000000e+00,0.000000e+00,0.000000e+00,0.000000e+00,0.000000e+00,0.000000e+00,0.000000e+00,0.000000e+00,0.000000e+00,0.000000e+00,0.000000e+00,0.000000e+00,0.000000e+00,0.000000e+00
1.000000e+00,0.000000e+00,0.000000e+00,0.000000e+00,0.000000e+00,0.000000e+00,0.000000e+00,0.000000e+00,0.000000e+00,0.000000e+00,0.000000e+00,0.000000e+00,0.000000e+00,0.000000e+00,0.000000e+00
1.000000e+00,0.000000e+00,0.000000e+00,0.000000e+00,0.000000e+00,0.000000e+00,0.000000e+00,0.000000e+00,0.000000e+00,0.000000e+00,0.000000e+00,0.000000e+00,0.000000e+00,0.000000e+00,0.000000e+00
1.000000e+00,0.000000e+00,0.000000e+00,0.000000e+00,0.000000e+00,0.000000e+00,0.000000e+00,0.000000e+00,0.000000e+00,0.000000e+00,0.000000e+00,0.000000e+00,0.000000e+00,0.000000e+00,0.000000e+00
1.000000e+00,0.000000e+00,0.000000e+00,0.000000e+00,0.000000e+00,0.000000e+00,0.000000e+00,0.000000e+00,0.000000e+00,0.000000e+00,0.000000e+00,0.000000e+00,0.000000e+00,0.000000e+00,0.000000e+00
1.000000e+00,0.000000e+00,0.000000e+00,0.000000e+00,0.000000e+00,0.000000e+00,0.000000e+00,0.000000e+00,0.000000e+00,0.000000e+00,0.000000e+00,0.000000e+00,0.000000e+00,0.000000e+00,0.000000e+00
1.000000e+00,0.000000e+00,0.000000e+00,0.000000e+00,0.000000e+00,0.000000e+00,0.000000e+00,0.000000e+00,0.000000e+00,0.000000e+00,0.000000e+00,0.000000e+00,0.000000e+00,0.000000e+00,0.000000e+00
1.000000e+00,0.000000e+00,0.000000e+00,0.000000e+00,0.000000e+00,0.000000e+00,0.000000e+00,0.000000e+00,0.000000e+00,0.000000e+00,0.000000e+00,0.000000e+00,0.000000e+00,0.000000e+00,0.000000e+00
1.000000e+00,0.000000e+00,0.000000e+00,0.000000e+00,0.000000e+00,0.000000e+00,0.000000e+00,0.000000e+00,0.000000e+00,0.000000e+00,0.000000e+00,0.000000e+00,0.000000e+00,0.000000e+00,0.000000e+00
1.000000e+00,0.000000e+00,0.000000e+00,0.000000e+00,0.000000e+00,0.000000e+00,0.000000e+00,0.000000e+00,0.000000e+00,0.000000e+00,0.000000e+00,0.000000e+00,0.000000e+00,0.000000e+00,0.000000e+00
1.000000e+00,0.000000e+00,0.000000e+00,0.000000e+00,0.000000e+00,0.000000e+00,0.000000e+00,0.000000e+00,0.000000e+00,0.000000e+00,0.000000e+00,0.000000e+00,0.000000e+00,0.000000e+00,0.000000e+00
1.000000e+00,0.000000e+00,0.000000e+00,0.000000e+00,0.000000e+00,0.000000e+00,0.000000e+00,0.000000e+00,0.000000e+00,0.000000e+00,0.000000e+00,0.000000e+00,0.000000e+00,0.000000e+00,0.000000e+00
1.000000e+00,0.000000e+00,0.000000e+00,0.000000e+00,0.000000e+00,0.000000e+00,0.000000e+00,0.000000e+00,0.000000e+00,0.000000e+00,0.000000e+00,0.000000e+00,0.000000e+00,0.000000e+00,0.000000e+00
1.000000e+00,0.000000e+00,0.000000e+00,0.000000e+00,0.000000e+00,0.000000e+00,0.000000e+00,0.000000e+00,0.000000e+00,0.000000e+00,0.000000e+00,0.000000e+00,0.000000e+00,0.000000e+00,0.000000e+00
1.000000e+00,0.000000e+00,0.000000e+00,0.000000e+00,0.000000e+00,0.000000e+00,0.000000e+00,0.000000e+00,0.000000e+00,0.000000e+00,0.000000e+00,0.000000e+00,0.000000e+00,0.000000e+00,0.000000e+00
1.000000e+00,0.000000e+00,0.000000e+00,0.000000e+00,0.000000e+00,0.000000e+00,0.000000e+00,0.000000e+00,0.000000e+00,0.000000e+00,0.000000e+00,0.000000e+00,0.000000e+00,0.000000e+00,0.000000e+00
1.000000e+00,0.000000e+00,0.000000e+00,0.000000e+00,0.000000e+00,0.000000e+00,0.000000e+00,0.000000e+00,0.000000e+00,0.000000e+00,0.000000e+00,0.000000e+00,0.000000e+00,0.000000e+00,0.000000e+00
1.000000e+00,0.000000e+00,0.000000e+00,0.000000e+00,0.000000e+00,0.000000e+00,0.000000e+00,0.000000e+00,0.000000e+00,0.000000e+00,0.000000e+00,0.000000e+00,0.000000e+00,0.000000e+00,0.000000e+00
4.308238e-01,1.333592e-02,4.106433e-03,4.787610e-02,2.471472e-03,9.985502e-03,1.517761e-03,4.619616e-03,1.421345e-02,5.551135e-03,9.669423e-03,1.430271e-02,1.290460e-02,4.515357e-03,4.241068e-01
3.115712e-01,1.052712e-02,1.381875e-02,7.085224e-02,2.051926e-03,7.338360e-03,1.110123e-03,3.567779e-03,2.420040e-02,9.686600e-03,1.142961e-02,1.112325e-02,1.145395e-02,6.210028e-03,5.050586e-01
2.192719e-01,7.572047e-03,1.021702e-02,4.994581e-02,1.469063e-03,5.350782e-03,7.920388e-04,2.526521e-03,2.110039e-02,8.288903e-03,8.369610e-03,8.162618e-03,8.155689e-03,1.430703e-02,6.344706e-01
1.543165e-01,5.384126e-03,7.344000e-03,3.501081e-02,1.045791e-03,3.928492e-03,5.633435e-04,1.783391e-03,1.593671e-02,6.991330e-03,6.543964e-03,6.674411e-03,5.969961e-03,1.950741e-02,7.289998e-01
1.083280e-01,4.244463e-03,6.135616e-03,2.503800e-02,7.775671e-04,2.946201e-03,4.137400e-04,1.283000e-03,2.526772e-02,8.790005e-03,7.349511e-03,5.082213e-03,4.343686e-03,5.477668e-02,7.452237e-01
7.643215e-02,3.334962e-03,5.331764e-03,1.806517e-02,6.078782e-04,2.304571e-03,3.117616e-04,9.405020e-04,2.212340e-02,1.355807e-02,8.051656e-03,4.159168e-03,3.313539e-03,1.756553e-01,6.658102e-01
5.474605e-02,2.820851e-03,4.922337e-03,1.283114e-02,4.637954e-04,1.705891e-03,2.541310e-04,7.141128e-04,4.233294e-02,1.749180e-02,1.778426e-02,4.392451e-03,2.586351e-03,2.523505e-01,5.846034e-01
3.852654e-02,2.412038e-03,4.289032e-03,9.069389e-03,4.046359e-04,1.325400e-03,1.864401e-04,5.781357e-04,3.659843e-02,8.616935e-02,5.330123e-02,4.433141e-03,2.726764e-03,3.029869e-01,4.569926e-01
2.721388e-02,1.803998e-03,3.486772e-03,6.367122e-03,3.486482e-04,1.097880e-03,1.421881e-04,4.233670e-04,2.635137e-02,1.568286e-01,4.346586e-02,3.418314e-03,2.424080e-03,3.820552e-01,3.445727e-01
1.993827e-02,1.382915e-03,3.041699e-03,4.535074e-03,4.334314e-04,1.115845e-03,1.606563e-04,3.506428e-04,1.973534e-02,3.397684e-01,3.458486e-02,2.987043e-03,2.223029e-03,3.003795e-01,2.693633e-01
1.478415e-02,1.242467e-03,2.572814e-03,3.345637e-03,5.088052e-04,1.053418e-03,1.625556e-04,3.533309e-04,1.767770e-02,4.909037e-01,3.027185e-02,2.959425e-03,2.205672e-03,2.368812e-01,1.950772e-01
1.142106e-02,1.362178e-03,2.385695e-03,3.401899e-03,1.317138e-03,1.226911e-03,3.540285e-04,8.119050e-04,2.279670e-02,6.078394e-01,2.456572e-02,3.110610e-03,3.062492e-03,1.737994e-01,1.425449e-01
1.084438e-02,4.664617e-03,2.395040e-02,6.996551e-03,9.664463e-03,2.359228e-03,8.349585e-04,9.545167e-03,2.980017e-02,6.341769e-01,2.439230e-02,2.705336e-03,3.517974e-03,1.269183e-01,1.096292e-01
1.035493e-02,9.735210e-03,2.164458e-02,6.215542e-03,1.031253e-02,3.978248e-03,7.480575e-04,8.375254e-03,3.234244e-02,6.360371e-01,1.919096e-02,2.039136e-03,3.626782e-03,9.695506e-02,1.384442e-01
1.430547e-02,3.113496e-02,2.439832e-02,6.995523e-03,9.416812e-03,5.665394e-03,6.811242e-04,1.093421e-02,5.295883e-02,5.894064e-01,1.795758e-02,2.240741e-03,7.514425e-03,7.640685e-02,1.499834e-01
1.965931e-02,6.886025e-02,2.875181e-02,8.304986e-03,1.632448e-02,1.284419e-02,7.771925e-04,1.386023e-02,6.827048e-02,5.149713e-01,2.065105e-02,1.965038e-03,7.925626e-03,6.269512e-02,1.541389e-01
2.211393e-02,1.681148e-01,3.022467e-02,9.853864e-03,1.839709e-02,1.842415e-02,6.978891e-04,2.059466e-02,8.686775e-02,3.864473e-01,1.927096e-02,1.910825e-03,7.738564e-03,5.416285e-02,1.551807e-01
2.359647e-02,2.198906e-01,4.418299e-02,1.446088e-02,3.126351e-02,1.650742e-02,1.097767e-03,6.460185e-02,8.723135e-02,2.859331e-01,1.919016e-02,2.184443e-03,8.062976e-03,4.560535e-02,1.361911e-01
2.320985e-02,2.128065e-01,3.386987e-02,1.063298e-02,3.062689e-02,1.976071e-02,9.299179e-04,6.172828e-02,8.729707e-02,2.258522e-01,1.444806e-02,1.756912e-03,8.030359e-03,3.677199e-02,2.322783e-01
2.777945e-02,1.770514e-01,1.464972e-01,5.663652e-02,3.077026e-02,1.506321e-02,8.067866e-04,5.018716e-02,8.726412e-02,1.748993e-01,1.169923e-02,1.672556e-03,6.590718e-03,2.608536e-02,1.869968e-01
4.548287e-02,1.439927e-01,1.421070e-01,7.479586e-02,4.001939e-02,1.291894e-02,1.142772e-03,5.438475e-02,1.041015e-01,1.424728e-01,1.535074e-02,2.929643e-03,7.113865e-03,2.274486e-02,1.904424e-01
7.504669e-02,1.273300e-01,1.117633e-01,5.764726e-02,7.285362e-02,1.612397e-02,1.923847e-03,8.019188e-02,1.401275e-01,1.029361e-01,1.333522e-02,2.909526e-03,6.790227e-03,2.738370e-02,1.636373e-01
9.656426e-02,1.076494e-01,1.205367e-01,5.960918e-02,1.110909e-01,2.228769e-02,4.822927e-03,1.068207e-01,1.139428e-01,7.565674e-02,1.243301e-02,5.409046e-03,7.192560e-03,2.348967e-02,1.324945e-01
1.144798e-01,8.537654e-02,1.061338e-01,6.498449e-02,1.211458e-01,2.783741e-02,6.036757e-03,1.558470e-01,9.184036e-02,5.454062e-02,1.913041e-02,1.359034e-02,1.277920e-02,2.132241e-02,1.049551e-01
1.157505e-01,8.883557e-02,8.735613e-02,6.043039e-02,1.061537e-01,2.964837e-02,5.509305e-03,1.595866e-01,1.084128e-01,4.217359e-02,1.922287e-02,1.734113e-02,1.335475e-02,2.143913e-02,1.247851e-01
1.054537e-01,6.793858e-02,6.609955e-02,1.189307e-01,8.576331e-02,3.071648e-02,4.417021e-03,1.286546e-01,9.272752e-02,3.541466e-02,4.017106e-02,3.255088e-02,3.253769e-02,1.751232e-02,1.411119e-01
7.528358e-02,4.937068e-02,4.952907e-02,1.145292e-01,6.197359e-02,2.345672e-02,3.201386e-03,9.264538e-02,7.218124e-02,3.564662e-02,6.752529e-02,3.087997e-02,3.033095e-02,1.530353e-02,2.781428e-01
5.334853e-02,3.522162e-02,3.793626e-02,1.762724e-01,4.491588e-02,1.793114e-02,2.333681e-03,6.562981e-02,5.553240e-02,3.391021e-02,1.608183e-01,3.155910e-02,5.619304e-02,1.109238e-02,2.173053e-01
3.844735e-02,2.551878e-02,2.777947e-02,1.654235e-01,3.536662e-02,1.396897e-02,1.811394e-03,4.633101e-02,4.618067e-02,3.213338e-02,2.825630e-01,3.585641e-02,7.138141e-02,1.032436e-02,1.669137e-01
2.955102e-02,2.178520e-02,2.169171e-02,2.010511e-01,2.778438e-02,1.159773e-02,1.382956e-03,3.281557e-02,5.711227e-02,2.860943e-02,3.302923e-01,3.777158e-02,6.518052e-02,1.074678e-02,1.226274e-01
2.262910e-02,1.773232e-02,1.587885e-02,1.703694e-01,2.065736e-02,8.866008e-03,1.025837e-03,2.312456e-02,4.893367e-02,4.066136e-02,4.185885e-01,4.502625e-02,6.387490e-02,1.542196e-02,8.720995e-02
2.296201e-02,1.374842e-02,1.205006e-02,1.326635e-01,1.589990e-02,2.219991e-02,9.210345e-04,1.663269e-02,3.783817e-02,8.947721e-02,4.564910e-01,5.415209e-02,4.950350e-02,1.344312e-02,6.201737e-02
2.319436e-02,1.120679e-02,9.043743e-03,9.729958e-02,1.240749e-02,9.632747e-02,8.730784e-04,1.235573e-02,3.217543e-02,7.793923e-02,4.425838e-01,8.937962e-02,3.863129e-02,1.213024e-02,4.445219e-02
1.865423e-02,8.208471e-03,6.951043e-03,6.925130e-02,1.021497e-02,2.310607e-01,1.235250e-03,1.026677e-02,2.396682e-02,6.830377e-02,3.829216e-01,9.671886e-02,3.105800e-02,9.669963e-03,3.151825e-02
4.016650e-02,1.031276e-02,5.456187e-03,5.236195e-02,1.254246e-02,1.680101e-01,1.891218e-03,9.476464e-03,4.379967e-02,6.017680e-02,3.607523e-01,1.771001e-01,2.597259e-02,8.647354e-03,2.333351e-02
3.256040e-02,1.160006e-02,4.387388e-03,3.774204e-02,1.305757e-02,1.634832e-01,1.827645e-03,6.924469e-03,3.353513e-02,9.053400e-02,3.214331e-01,2.343452e-01,2.052882e-02,8.123768e-03,1.991712e-02
2.477108e-02,1.828586e-02,1.317164e-02,2.770095e-02,1.292675e-02,1.616465e-01,1.936548e-03,5.681671e-03,2.806560e-02,1.191332e-01,2.796295e-01,2.306327e-01,1.648977e-02,1.101774e-02,4.891058e-02
1.749027e-02,1.323932e-02,9.775643e-03,1.958948e-02,9.825162e-03,1.351944e-01,1.454285e-03,4.148919e-03,2.272478e-02,2.867231e-01,2.092370e-01,2.117111e-01,1.367656e-02,1.028471e-02,3.492535e-02
1.231555e-02,9.477441e-03,7.035897e-03,1.378926e-02,7.137312e-03,1.173654e-01,1.050461e-03,2.952650e-03,1.711729e-02,4.352084e-01,1.516859e-01,1.789891e-01,1.199867e-02,9.203982e-03,2.467254e-02
8.655958e-03,7.181447e-03,5.043816e-03,9.694361e-03,5.130239e-03,8.418116e-02,7.634645e-04,2.112065e-03,1.505558e-02,5.436386e-01,1.107829e-01,1.702672e-01,1.206807e-02,8.024339e-03,1.740075e-02
6.196660e-03,2.274456e-02,5.584845e-03,6.871691e-03,3.998371e-03,6.004364e-02,5.692070e-04,1.644735e-03,2.663299e-02,5.725558e-01,9.433682e-02,1.565011e-01,1.615314e-02,1.284558e-02,1.332091e-02
4.551101e-03,2.370548e-02,6.123477e-03,4.949091e-03,4.441236e-03,4.600379e-02,4.385752e-04,2.308105e-03,8.989342e-02,5.529505e-01,7.823745e-02,1.361817e-01,1.780472e-02,2.216370e-02,1.024774e-02
4.267305e-03,3.083632e-02,1.327636e-02,6.348943e-03,8.200364e-03,7.455081e-02,1.668323e-03,6.278183e-02,1.193848e-01,4.789123e-01,5.899339e-02,1.000777e-01,1.435023e-02,1.841943e-02,7.931913e-03
4.855070e-03,3.083875e-02,1.895266e-02,8.643717e-03,1.125967e-02,1.262574e-01,2.616913e-03,8.783751e-02,1.049952e-01,4.423301e-01,4.607111e-02,7.622139e-02,1.166437e-02,2.095496e-02,6.501186e-03
1.093495e-02,3.673630e-02,9.955773e-02,1.193607e-02,1.648796e-02,1.138932e-01,4.635000e-03,1.051649e-01,8.743252e-02,3.921867e-01,3.437914e-02,5.598596e-02,9.821090e-03,1.597580e-02,4.872708e-03
1.534328e-02,4.911591e-02,1.259775e-01,1.119502e-02,1.767051e-02,8.843359e-02,3.393052e-03,7.727012e-02,7.057662e-02,4.488216e-01,2.684111e-02,3.996980e-02,7.555467e-03,1.407854e-02,3.758010e-03
2.223850e-02,6.833842e-02,2.008206e-01,1.330015e-02,4.334666e-02,6.455134e-02,3.099351e-03,5.514625e-02,9.556207e-02,3.624020e-01,1.985271e-02,2.892877e-02,5.917458e-03,1.125940e-02,5.236308e-03
2.145630e-02,8.855766e-02,2.963012e-01,3.093223e-02,5.014977e-02,4.712347e-02,2.572548e-03,4.013989e-02,9.154844e-02,2.730472e-01,1.514887e-02,2.099550e-02,4.546785e-03,8.402778e-03,9.077414e-03
2.173990e-02,1.014356e-01,3.716676e-01,2.678857e-02,5.901119e-02,3.455789e-02,2.189093e-03,3.160457e-02,8.450336e-02,2.206721e-01,1.140652e-02,1.529098e-02,3.484137e-03,6.881974e-03,8.766441e-03
2.484490e-02,1.504496e-01,3.504120e-01,2.591642e-02,6.440765e-02,2.663244e-02,2.058644e-03,2.714117e-02,7.886794e-02,2.100218e-01,8.553186e-03,1.102042e-02,2.689649e-03,8.759905e-03,8.224264e-03
2.963105e-02,1.718146e-01,3.547138e-01,4.433449e-02,7.166214e-02,2.207386e-02,2.106720e-03,2.945491e-02,6.748959e-02,1.703339e-01,6.918729e-03,8.189819e-03,2.433913e-03,9.568643e-03,9.273821e-03
3.010535e-02,1.306072e-01,4.259046e-01,8.497456e-02,6.160218e-02,1.640203e-02,2.274031e-03,4.091517e-02,5.348777e-02,1.229399e-01,5.781303e-03,6.206460e-03,2.575704e-03,7.221588e-03,9.002092e-03
4.961532e-02,1.411593e-01,4.330263e-01,8.210188e-02,5.523099e-02,1.560153e-02,2.148824e-03,3.441075e-02,4.942014e-02,1.034392e-01,6.267349e-03,7.177280e-03,3.072159e-03,6.769353e-03,1.055971e-02
6.395566e-02,1.294551e-01,4.496199e-01,7.071625e-02,5.394527e-02,1.635778e-02,1.864047e-03,2.794894e-02,4.635121e-02,8.712111e-02,7.103760e-03,7.498944e-03,2.958817e-03,7.070135e-03,2.803312e-02
4.503232e-02,9.388179e-02,3.880991e-01,4.987946e-02,3.790475e-02,1.224685e-02,1.432726e-03,1.958234e-02,3.474803e-02,6.695829e-02,1.051022e-02,5.596305e-03,2.458700e-03,9.991008e-02,1.317591e-01
3.306087e-02,7.210076e-02,3.312388e-01,3.977318e-02,2.825701e-02,1.017441e-02,1.529214e-03,1.466552e-02,4.633221e-02,6.038810e-02,4.233354e-02,1.150785e-02,9.666887e-03,9.822336e-02,2.007483e-01
2.370256e-02,5.205363e-02,2.363902e-01,2.815479e-02,2.003587e-02,7.667664e-03,1.240365e-03,1.052078e-02,3.580967e-02,8.488365e-02,5.418786e-02,1.705903e-02,1.273621e-02,1.701236e-01,2.454341e-01
1.695640e-02,3.717273e-02,1.679017e-01,1.985729e-02,1.416849e-02,5.681614e-03,9.327902e-04,7.414275e-03,2.757847e-02,6.334396e-02,5.492380e-02,1.391868e-02,9.493254e-03,2.934074e-01,2.672492e-01
1.209936e-02,2.619701e-02,1.179758e-01,1.394792e-02,1.000694e-02,4.162149e-03,6.811768e-04,5.211764e-03,2.323040e-02,4.840181e-02,6.157504e-02,1.079620e-02,6.890128e-03,4.488756e-01,2.099487e-01
8.904670e-03,1.870652e-02,8.333895e-02,9.889290e-03,7.173874e-03,3.156394e-03,5.191095e-04,3.702712e-03,5.421440e-02,1.321239e-01,5.924553e-02,8.168639e-03,4.951185e-03,4.513534e-01,1.545514e-01
6.828260e-03,1.381937e-02,5.903856e-02,6.980071e-03,5.234919e-03,2.331712e-03,3.823016e-04,2.646332e-03,9.083503e-02,2.032553e-01,5.643851e-02,6.475904e-03,3.574414e-03,4.291409e-01,1.130185e-01
5.732241e-03,1.178751e-02,4.499502e-02,5.040575e-03,3.869270e-03,2.391686e-03,3.489630e-04,1.970437e-03,1.594687e-01,2.239965e-01,4.671031e-02,4.753208e-03,2.698239e-03,4.003664e-01,8.587097e-02
5.276713e-03,1.297843e-02,3.921990e-02,3.781671e-03,3.103114e-03,1.153563e-02,3.214103e-04,1.751990e-03,1.728261e-01,2.385620e-01,4.167851e-02,3.689538e-03,2.313091e-03,3.980756e-01,6.488628e-02
4.886018e-03,1.045523e-02,2.904594e-02,2.835722e-03,2.527526e-03,1.313798e-02,2.670122e-04,1.353727e-03,2.329434e-01,2.466709e-01,3.633858e-02,2.845320e-03,1.941219e-03,3.664487e-01,4.830273e-02
4.742169e-03,9.264878e-03,2.205992e-02,2.551570e-03,2.454367e-03,1.465601e-02,2.232254e-04,1.133948e-03,2.663108e-01,1.914206e-01,4.090248e-02,2.493158e-03,1.805678e-03,4.009325e-01,3.904872e-02
6.138477e-03,8.002952e-03,1.607026e-02,1.935632e-03,2.194577e-03,1.283586e-02,2.094290e-04,9.331381e-04,2.215541e-01,1.569386e-01,8.446015e-02,2.421088e-03,1.861663e-03,4.547379e-01,2.970629e-02
6.218484e-03,8.702578e-03,1.225123e-02,1.533385e-03,2.491101e-03,1.331239e-02,1.806316e-04,8.339676e-04,1.755732e-01,1.444186e-01,1.057804e-01,2.179829e-03,2.244224e-03,5.018982e-01,2.238179e-02
4.905559e-03,7.559778e-03,9.314283e-03,1.297492e-03,2.625647e-03,1.105071e-02,1.558967e-04,6.763284e-04,1.493111e-01,1.478457e-01,9.821453e-02,1.816157e-03,1.827101e-03,5.457298e-01,1.766997e-02
3.913821e-03,5.979316e-03,6.696361e-03,9.789978e-04,2.248593e-03,8.464069e-03,1.189920e-04,4.940592e-04,1.090011e-01,2.557663e-01,8.394863e-02,1.547506e-03,1.515807e-03,5.059931e-01,1.333331e-02
3.271409e-03,5.372591e-03,4.977199e-03,9.036059e-04,5.913428e-03,8.011252e-03,3.211307e-04,5.618728e-04,9.333926e-02,4.082891e-01,6.527846e-02,1.754268e-03,2.858066e-03,3.891792e-01,9.969145e-03
2.841084e-03,4.950400e-03,4.283237e-03,8.655236e-04,6.452358e-03,8.072137e-03,3.132212e-04,7.086545e-04,7.451625e-02,5.372440e-01,4.988747e-02,1.525341e-03,2.455828e-03,2.979406e-01,7.943837e-03
3.883040e-03,7.208845e-03,4.148739e-03,1.607008e-03,1.533300e-02,9.833150e-03,4.146085e-04,9.338812e-04,6.590417e-02,6.294088e-01,3.936748e-02,1.353951e-03,2.151138e-03,2.118751e-01,6.577069e-03
4.416053e-03,1.448342e-02,1.138853e-02,1.831282e-03,2.652457e-02,1.345852e-02,9.367263e-04,1.986541e-03,6.110978e-02,6.705822e-01,2.943311e-02,1.841799e-03,4.160529e-03,1.492393e-01,8.607666e-03
6.208818e-03,1.324034e-02,8.392341e-03,1.404181e-03,2.641508e-02,1.039709e-02,9.167581e-04,1.684852e-03,4.720699e-02,7.468870e-01,2.121948e-02,1.415169e-03,3.428489e-03,1.046470e-01,6.536444e-03
1.029045e-02,1.784091e-02,8.776664e-03,4.655665e-03,3.127127e-02,1.072919e-02,1.230611e-03,5.927489e-03,5.253872e-02,7.353241e-01,1.714010e-02,6.736639e-03,1.346625e-02,7.371596e-02,1.035592e-02
1.348686e-02,1.675931e-02,6.682708e-03,5.555770e-03,4.278002e-02,1.054162e-02,1.410763e-03,5.905059e-03,6.903160e-02,7.217708e-01,1.547685e-02,9.458420e-03,1.992757e-02,5.227387e-02,8.938785e-03
1.223665e-02,1.951649e-02,6.432862e-03,7.760774e-03,3.585543e-02,1.585242e-02,1.672987e-03,5.133262e-03,9.974251e-02,6.941391e-01,1.759142e-02,1.295511e-02,2.560287e-02,3.698725e-02,8.520924e-03
1.043176e-02,1.565257e-02,6.417484e-03,1.020787e-02,2.751898e-02,2.002631e-02,4.749422e-03,4.177390e-03,8.073221e-02,7.022333e-01,2.269159e-02,2.057857e-02,3.464668e-02,2.811008e-02,1.182585e-02
8.309199e-03,1.189830e-02,4.712651e-03,8.448147e-03,2.017688e-02,2.024293e-02,3.767611e-03,3.107629e-03,6.095130e-02,7.121649e-01,4.175979e-02,2.831372e-02,4.357458e-02,2.065570e-02,1.191668e-02
6.784124e-03,1.023456e-02,3.462648e-03,6.159329e-03,1.429723e-02,1.749874e-02,2.671854e-03,2.699338e-03,4.781088e-02,6.928615e-01,8.983305e-02,3.198561e-02,4.436333e-02,1.872101e-02,1.061683e-02
7.093169e-03,9.326252e-03,3.309730e-03,4.783416e-03,1.076418e-02,1.724242e-02,1.943567e-03,7.061121e-03,3.639342e-02,6.797564e-01,1.193008e-01,3.444266e-02,4.457632e-02,1.523722e-02,8.769325e-03
1.842245e-02,1.274426e-02,3.788931e-02,4.889949e-03,9.444658e-03,4.626503e-02,1.682863e-03,1.859354e-02,3.404804e-02,6.232758e-01,1.103335e-01,2.857043e-02,3.522199e-02,1.172543e-02,6.892749e-03
8.331882e-02,1.503387e-02,2.946072e-02,4.521149e-03,7.476002e-03,4.305499e-02,1.395398e-03,1.639047e-02,2.960873e-02,6.076961e-01,9.329394e-02,2.538342e-02,2.592394e-02,1.184408e-02,5.598417e-03
1.488149e-01,2.928392e-02,2.332891e-02,5.401058e-03,6.031964e-03,3.861529e-02,1.271349e-03,1.305050e-02,2.973976e-02,5.388247e-01,9.533060e-02,3.161618e-02,2.207834e-02,1.145140e-02,5.161159e-03
1.338568e-01,2.739386e-02,1.708894e-02,4.011388e-03,4.757066e-03,3.163680e-02,9.135248e-04,9.701169e-03,2.540228e-02,4.103352e-01,2.445570e-01,2.857477e-02,1.737558e-02,3.864758e-02,5.748012e-03
1.069889e-01,5.193553e-02,1.748396e-02,4.379982e-03,5.090238e-03,3.433798e-02,7.104516e-04,6.995149e-03,2.821164e-02,3.211929e-01,2.926654e-01,3.227554e-02,1.744466e-02,6.521243e-02,1.507523e-02
7.979816e-02,7.126015e-02,3.492767e-02,9.275688e-03,5.479553e-03,2.808951e-02,6.188699e-04,5.830077e-03,3.370450e-02,2.569505e-01,3.051593e-01,3.225495e-02,1.659883e-02,9.141553e-02,2.863676e-02
5.789451e-02,6.430864e-02,2.602452e-02,7.204140e-03,4.152973e-03,2.094430e-02,5.136377e-04,4.489866e-03,4.010256e-02,1.891065e-01,4.162202e-01,3.107378e-02,1.534344e-02,9.891813e-02,2.370285e-02
4.421184e-02,5.479617e-02,2.723223e-02,7.859757e-03,4.357547e-03,1.716055e-02,7.707785e-04,4.673047e-03,5.410503e-02,1.447150e-01,4.999568e-01,2.601463e-02,1.488750e-02,7.958044e-02,1.967864e-02
5.505805e-02,4.179030e-02,6.251718e-02,8.664238e-03,5.179756e-03,2.432904e-02,2.877068e-03,1.613220e-02,4.516023e-02,1.364021e-01,4.383950e-01,2.020234e-02,1.333224e-02,1.118036e-01,1.815667e-02
7.198187e-02,3.578804e-02,8.317896e-02,9.877907e-03,1.056171e-02,3.829261e-02,4.350645e-03,1.895263e-02,4.385946e-02,1.539437e-01,3.771656e-01,1.643783e-02,1.098462e-02,1.096565e-01,1.496811e-02
7.812994e-02,4.515363e-02,7.066812e-02,9.538176e-03,1.074912e-02,4.372943e-02,3.307388e-03,1.777159e-02,3.894972e-02,1.519410e-01,3.746414e-01,2.040010e-02,1.067685e-02,1.112515e-01,1.309208e-02
6.161029e-02,3.890234e-02,5.251378e-02,8.045699e-03,1.562879e-02,3.239993e-02,2.653936e-03,1.377849e-02,7.317181e-02,1.832685e-01,3.815646e-01,1.705489e-02,9.146533e-03,9.985365e-02,1.040676e-02
4.754862e-02,3.125173e-02,3.999689e-02,5.989321e-03,1.564196e-02,2.391205e-02,2.168316e-03,1.006868e-02,6.982800e-02,2.525502e-01,3.866201e-01,1.362428e-02,7.358152e-03,8.549733e-02,7.944398e-03
5.320321e-02,4.005658e-02,3.285674e-02,4.580195e-03,1.928005e-02,1.896212e-02,1.873645e-03,9.009394e-03,8.816838e-02,3.601280e-01,2.845170e-01,1.065244e-02,5.773162e-03,6.328824e-02,7.650791e-03
7.017915e-02,3.620401e-02,2.647900e-02,3.893540e-03,2.029531e-02,1.862007e-02,4.125271e-03,1.319355e-02,9.354408e-02,4.250012e-01,2.175534e-01,8.903780e-03,5.216431e-03,4.996813e-02,6.823085e-03
7.097462e-02,3.232230e-02,2.049833e-02,4.111232e-03,1.701066e-02,3.501802e-02,6.937769e-03,1.429705e-02,7.794506e-02,5.096741e-01,1.579243e-01,7.013834e-03,4.255261e-03,3.678983e-02,5.227601e-03
6.462785e-02,3.444811e-02,1.979124e-02,3.836936e-03,1.681680e-02,3.476161e-02,5.684962e-03,1.832102e-02,6.137228e-02,5.879575e-01,1.132923e-01,5.474590e-03,3.234382e-03,2.636568e-02,4.014729e-03
8.576307e-02,3.051844e-02,2.600633e-02,1.114720e-02,2.185776e-02,3.570739e-02,5.065597e-03,3.070467e-02,4.962167e-02,5.896263e-01,8.331198e-02,5.397176e-03,2.912125e-03,1.902057e-02,3.339756e-03
1.074054e-01,2.730592e-02,7.815483e-02,1.343104e-02,2.276275e-02,3.476477e-02,3.081332e-02,5.201474e-02,3.658126e-02,5.092291e-01,6.231900e-02,5.470318e-03,2.866268e-03,1.418116e-02,2.700153e-03
1.198437e-01,2.210556e-02,1.479677e-01,1.558021e-02,2.301802e-02,3.705118e-02,5.629239e-02,6.331632e-02,2.703025e-02,4.193339e-01,4.699241e-02,5.806838e-03,2.553770e-03,1.085440e-02,2.253372e-03
1.038228e-01,2.085322e-02,1.467601e-01,1.248201e-02,2.519112e-02,2.899958e-02,9.593107e-02,5.387385e-02,1.998632e-02,4.411363e-01,3.425250e-02,5.063605e-03,1.917841e-03,8.025901e-03,1.703805e-03
9.996693e-02,2.214642e-02,1.616815e-01,1.057917e-02,2.260840e-02,2.156174e-02,1.043692e-01,4.996364e-02,1.551377e-02,4.533467e-01,2.455591e-02,4.567803e-03,1.543485e-03,6.120528e-03,1.474752e-03
8.525491e-02,1.688334e-02,2.100145e-01,1.315719e-02,1.992283e-02,1.657517e-02,1.156657e-01,5.357779e-02,1.153319e-02,4.289925e-01,1.735845e-02,3.665417e-03,1.188573e-03,4.827758e-03,1.382665e-03
1.033926e-01,1.251516e-02,2.448574e-01,1.760112e-02,1.537227e-02,1.510352e-02,1.249677e-01,7.291854e-02,9.206342e-03,3.604736e-01,1.246472e-02,3.336696e-03,1.242804e-03,4.109063e-03,2.438391e-03
1.646119e-01,9.263623e-03,2.370629e-01,1.736880e-02,1.230185e-02,1.466621e-02,1.589790e-01,8.389481e-02,7.542383e-03,2.738343e-01,9.005358e-03,2.982584e-03,1.891338e-03,3.500536e-03,3.094336e-03
1.645218e-01,6.702044e-03,1.911314e-01,1.468631e-02,9.651819e-03,1.314125e-02,2.528028e-01,1.124986e-01,6.203366e-03,2.099618e-01,6.508076e-03,2.670120e-03,3.480135e-03,2.925295e-03,3.115065e-03
2.047500e-01,5.487543e-03,1.640898e-01,1.123892e-02,8.473994e-03,1.236422e-02,2.829761e-01,1.143254e-01,8.048656e-03,1.626308e-01,5.878835e-03,4.516956e-03,6.457233e-03,3.060465e-03,5.701181e-03
2.366530e-01,6.210734e-03,1.486570e-01,1.013197e-02,8.577948e-03,1.349104e-02,2.804256e-01,1.111827e-01,7.505258e-03,1.319844e-01,6.503924e-03,8.943520e-03,8.845404e-03,5.754565e-03,1.513291e-02
2.743473e-01,5.830459e-03,1.418879e-01,9.789780e-03,8.695066e-03,1.313392e-02,2.704143e-01,1.153356e-01,6.873466e-03,1.032519e-01,6.108874e-03,1.035922e-02,1.025971e-02,6.260424e-03,1.745213e-02
3.225613e-01,5.999868e-03,1.238469e-01,9.075377e-03,8.385500e-03,1.668271e-02,2.358490e-01,1.265250e-01,6.734458e-03,8.416048e-02,6.461306e-03,1.466952e-02,1.079255e-02,7.106753e-03,2.114930e-02
3.913997e-01,6.724761e-03,1.009343e-01,1.047086e-02,8.986217e-03,1.682787e-02,1.839222e-01,1.448877e-01,7.291621e-03,6.746135e-02,6.839752e-03,1.599094e-02,9.802515e-03,7.173501e-03,2.128686e-02
4.443971e-01,8.266528e-03,8.228872e-02,1.017480e-02,9.726032e-03,1.874124e-02,1.414382e-01,1.578592e-01,9.047199e-03,5.229628e-02,8.706696e-03,1.798765e-02,8.713850e-03,7.362713e-03,2.299391e-02
3.941930e-01,1.556628e-02,7.286581e-02,2.200856e-02,1.395476e-02,2.980433e-02,1.175773e-01,1.568770e-01,1.667739e-02,4.645040e-02,2.860963e-02,3.199114e-02,1.329057e-02,7.388789e-03,3.274507e-02
3.421588e-01,2.011049e-02,5.381973e-02,2.320159e-02,1.158956e-02,3.586136e-02,9.133381e-02,1.318265e-01,2.819644e-02,1.041072e-01,4.128996e-02,2.872006e-02,1.938704e-02,7.407809e-03,6.098973e-02
3.424256e-01,2.030952e-02,4.016103e-02,2.351984e-02,1.134138e-02,3.438288e-02,7.898042e-02,1.052049e-01,2.453804e-02,1.516190e-01,4.746674e-02,2.546906e-02,2.118276e-02,9.952240e-03,6.344669e-02
2.736443e-01,1.620591e-02,2.874726e-02,2.085031e-02,1.012815e-02,3.149644e-02,5.665791e-02,7.663251e-02,2.198364e-02,2.952128e-01,4.064148e-02,1.916605e-02,2.310690e-02,1.125841e-02,7.426795e-02
2.260391e-01,1.808529e-02,2.177329e-02,1.775165e-02,1.092031e-02,2.861172e-02,4.114243e-02,5.517014e-02,2.659371e-02,3.173156e-01,3.890238e-02,1.489678e-02,2.444207e-02,2.390629e-02,1.344492e-01
2.047422e-01,1.668165e-02,1.756475e-02,1.421569e-02,8.759997e-03,2.552914e-02,2.972737e-02,3.991114e-02,2.834671e-02,3.268499e-01,4.167859e-02,1.254162e-02,2.716639e-02,3.619927e-02,1.700856e-01
1.588050e-01,1.384150e-02,1.693535e-02,1.065017e-02,6.795129e-03,2.887027e-02,2.136859e-02,2.864926e-02,2.442364e-02,3.621753e-01,4.277281e-02,1.007532e-02,2.522226e-02,7.434089e-02,1.750745e-01
1.522859e-01,1.239922e-02,2.008090e-02,8.807919e-03,5.958586e-03,2.586402e-02,1.519676e-02,2.199624e-02,2.179891e-02,3.001136e-01,8.655135e-02,1.280632e-02,2.770236e-02,1.143234e-01,1.741145e-01
1.134439e-01,1.467670e-02,1.006462e-01,8.643233e-03,4.743975e-03,2.039940e-02,1.105599e-02,1.575309e-02,2.483798e-02,2.351321e-01,6.835664e-02,1.081853e-02,2.321788e-02,1.082873e-01,2.399870e-01
1.319874e-01,3.121798e-02,9.330441e-02,7.039253e-03,3.800521e-03,1.823556e-02,8.065983e-03,1.156052e-02,3.921086e-02,1.730909e-01,5.460203e-02,8.175439e-03,1.732891e-02,1.282391e-01,2.741410e-01
1.641554e-01,2.742263e-02,8.667135e-02,5.668403e-03,4.110628e-03,1.826934e-02,6.816150e-03,1.042350e-02,3.933361e-02,1.298787e-01,4.144324e-02,6.070870e-03,1.272859e-02,1.657934e-01,2.812143e-01
1.404093e-01,6.379214e-02,1.174304e-01,7.582567e-03,5.640327e-03,2.059037e-02,5.121891e-03,1.027550e-02,6.101671e-02,1.237545e-01,3.079483e-02,4.507330e-03,1.043379e-02,1.332155e-01,2.654349e-01
1.356948e-01,7.113199e-02,1.185885e-01,6.909095e-03,6.488570e-03,2.423384e-02,4.305060e-03,1.123680e-02,5.794407e-02,9.621716e-02,2.335313e-02,3.503310e-03,8.434429e-03,1.413854e-01,2.905739e-01
1.043991e-01,6.564043e-02,1.958482e-01,2.326505e-02,8.706152e-03,1.910585e-02,3.151357e-03,9.591165e-03,6.678499e-02,1.070324e-01,1.724433e-02,2.654197e-03,6.283891e-03,1.008267e-01,2.694663e-01
9.776083e-02,6.403540e-02,1.743104e-01,2.009399e-02,1.229778e-02,1.614222e-02,2.487978e-03,8.861490e-03,8.606444e-02,1.285367e-01,1.670912e-02,2.589006e-03,6.328126e-03,8.766121e-02,2.761213e-01
7.392519e-02,6.724436e-02,2.247029e-01,2.838864e-02,9.881301e-03,1.231086e-02,1.805509e-03,6.988021e-03,8.482592e-02,1.278979e-01,1.629671e-02,2.750564e-03,6.473944e-03,6.311908e-02,2.733891e-01
5.747741e-02,5.067533e-02,1.859509e-01,2.297104e-02,7.731496e-03,9.395322e-03,1.302446e-03,5.038303e-03,8.309707e-02,1.259253e-01,1.697966e-02,2.456037e-03,6.522848e-03,4.958008e-02,3.748968e-01
4.950154e-02,4.071026e-02,1.787656e-01,2.730634e-02,7.014629e-03,7.310725e-03,9.508102e-04,3.919379e-03,9.394769e-02,1.276345e-01,1.507316e-02,2.334560e-03,6.154749e-03,4.130114e-02,3.980749e-01
3.666150e-02,3.353648e-02,3.124193e-01,4.141204e-02,5.678223e-03,5.777805e-03,7.220049e-04,2.904130e-03,7.494277e-02,1.003060e-01,1.136644e-02,1.717145e-03,4.419392e-03,3.752771e-02,3.306090e-01
3.317776e-02,2.599502e-02,3.670974e-01,4.837631e-02,4.571397e-03,4.650146e-03,5.492106e-04,2.167921e-03,6.087493e-02,7.835996e-02,9.673247e-03,1.448435e-03,3.310992e-03,4.820080e-02,3.115464e-01
5.046083e-02,2.219786e-02,3.523980e-01,4.769688e-02,3.957294e-03,4.790426e-03,4.493507e-04,1.731460e-03,5.180579e-02,6.322526e-02,9.270255e-03,1.382343e-03,2.632059e-03,6.354683e-02,3.244553e-01
5.416150e-02,1.677875e-02,2.754329e-01,3.558458e-02,3.010530e-03,4.349803e-03,3.370463e-04,1.302700e-03,8.909683e-02,1.060666e-01,8.926070e-03,1.292162e-03,2.497875e-03,5.848615e-02,3.426764e-01
5.596624e-02,1.486917e-02,2.220285e-01,2.929735e-02,2.296806e-03,3.574756e-03,2.508057e-04,1.136866e-03,1.540007e-01,1.337997e-01,8.511385e-03,1.178515e-03,2.401792e-03,4.372560e-02,3.269618e-01
5.376449e-02,1.208838e-02,2.698194e-01,2.565698e-02,1.766727e-03,2.659328e-03,1.906343e-04,1.031901e-03,1.414596e-01,1.698195e-01,7.948497e-03,1.056888e-03,2.025661e-03,3.443371e-02,2.762783e-01
4.273634e-02,1.235625e-02,3.161162e-01,2.751888e-02,1.493391e-03,2.116397e-03,1.680453e-04,1.247540e-03,1.515535e-01,1.971379e-01,7.351115e-03,1.232390e-03,2.137581e-03,2.533084e-02,2.115037e-01
3.459596e-02,1.105500e-02,3.335638e-01,2.466435e-02,1.278741e-03,1.811452e-03,2.135566e-04,1.137742e-03,1.598811e-01,2.154138e-01,9.719772e-03,1.816971e-03,4.530572e-03,2.056082e-02,1.797564e-01
3.582683e-02,1.118106e-02,2.480158e-01,1.874810e-02,1.487978e-03,1.817963e-03,4.026389e-04,1.801840e-03,1.294780e-01,1.911613e-01,1.405694e-02,2.137194e-03,6.578554e-03,2.532227e-02,3.119836e-01
8.552434e-02,1.368482e-02,2.045748e-01,3.858067e-02,6.634064e-03,3.066192e-03,1.132958e-03,6.717576e-03,1.237983e-01,1.560192e-01,2.668578e-02,3.395959e-03,1.800294e-02,2.680853e-02,2.853739e-01
1.531669e-01,1.753809e-02,1.577718e-01,3.870206e-02,9.305534e-03,4.617197e-03,1.593224e-03,9.810916e-03,1.217203e-01,1.265322e-01,2.820627e-02,3.802781e-03,2.012392e-02,2.642328e-02,2.806855e-01
2.135335e-01,4.500768e-02,1.156636e-01,9.324322e-02,9.394323e-03,4.744389e-03,1.443601e-03,1.272311e-02,1.163108e-01,9.252220e-02,2.917256e-02,5.096598e-03,1.792894e-02,2.153705e-02,2.216785e-01
1.621690e-01,3.769680e-02,8.190910e-02,1.991193e-01,7.767280e-03,4.152155e-03,1.064269e-03,9.279438e-03,1.411347e-01,6.561264e-02,9.894651e-02,4.000825e-03,1.424323e-02,1.596309e-02,1.569417e-01
1.337797e-01,2.994462e-02,5.988077e-02,1.780206e-01,6.801918e-03,3.728192e-03,9.760963e-04,9.399926e-03,1.756047e-01,4.759385e-02,1.696015e-01,5.763485e-03,3.510983e-02,1.887947e-02,1.249153e-01
1.280975e-01,2.517154e-02,4.383645e-02,1.572162e-01,6.902196e-03,3.396576e-03,8.508301e-04,7.975369e-03,1.501286e-01,3.677614e-02,2.736507e-01,4.981707e-03,3.505147e-02,2.278116e-02,1.031836e-01
9.367181e-02,2.362693e-02,3.527537e-02,1.250344e-01,6.934119e-03,7.183445e-03,8.876519e-04,6.188298e-03,1.176262e-01,1.844848e-01,2.256637e-01,5.873686e-03,3.502459e-02,3.461083e-02,9.791408e-02
1.035743e-01,2.468666e-02,2.559097e-02,8.980463e-02,5.741233e-03,6.843024e-03,7.607214e-04,5.622933e-03,9.892210e-02,1.950450e-01,1.746949e-01,7.440162e-03,3.848230e-02,5.285136e-02,1.699398e-01
1.186309e-01,3.378203e-02,2.000708e-02,6.660679e-02,5.396476e-03,6.524140e-03,6.850770e-04,5.370982e-03,8.199217e-02,1.726815e-01,1.443426e-01,8.058928e-03,3.401702e-02,7.414918e-02,2.277551e-01
1.232666e-01,4.965140e-02,8.726786e-02,7.649453e-02,8.941914e-03,1.074496e-02,1.356711e-03,1.516502e-02,7.723735e-02,1.346796e-01,1.374281e-01,1.150720e-02,3.028991e-02,6.527777e-02,1.706910e-01
1.361755e-01,6.127161e-02,6.967100e-02,6.559979e-02,7.580504e-03,1.315743e-02,1.372011e-03,1.378078e-02,7.812189e-02,1.433972e-01,1.152468e-01,1.630291e-02,2.593511e-02,6.120959e-02,1.911779e-01
1.202492e-01,5.965655e-02,6.251846e-02,6.374809e-02,7.739437e-03,1.274413e-02,1.891726e-03,2.099478e-02,6.856541e-02,1.137871e-01,1.115543e-01,2.223063e-02,2.384027e-02,7.464887e-02,2.358310e-01
1.005841e-01,8.936220e-02,5.092406e-02,5.242024e-02,9.590632e-03,1.395069e-02,1.506769e-03,1.872770e-02,9.027784e-02,8.982254e-02,1.140746e-01,1.818455e-02,2.502378e-02,8.819175e-02,2.373586e-01
9.315187e-02,8.807607e-02,5.521127e-02,5.135337e-02,1.182395e-02,1.470047e-02,1.831115e-03,4.146614e-02,9.978868e-02,6.793265e-02,1.103464e-01,1.632126e-02,2.366201e-02,1.399010e-01,1.844338e-01
9.378397e-02,7.513739e-02,9.863485e-02,6.870036e-02,1.523801e-02,1.643863e-02,1.537703e-03,1.079649e-01,1.003857e-01,4.991401e-02,8.775400e-02,1.256532e-02,1.858620e-02,1.191691e-01,1.341898e-01
8.830579e-02,6.014912e-02,1.504956e-01,1.118663e-01,1.535103e-02,1.491496e-02,1.242256e-03,1.447912e-01,9.270382e-02,3.644946e-02,7.022152e-02,9.602752e-03,1.418700e-02,9.364595e-02,9.607318e-02
7.468855e-02,8.066516e-02,2.207338e-01,1.043170e-01,1.562826e-02,1.902850e-02,1.117137e-03,1.602038e-01,8.064868e-02,2.791570e-02,5.185044e-02,6.878280e-03,1.034477e-02,7.349014e-02,7.248972e-02
7.328004e-02,1.140075e-01,2.349501e-01,1.320926e-01,2.285051e-02,2.232217e-02,1.155428e-03,1.365543e-01,7.462554e-02,2.081900e-02,4.471616e-02,5.202545e-03,7.932910e-03,5.516109e-02,5.433008e-02
6.043507e-02,8.477963e-02,3.317486e-01,1.797944e-01,1.930722e-02,1.898831e-02,9.282185e-04,1.002038e-01,6.683340e-02,1.551643e-02,3.300046e-02,3.830843e-03,5.790854e-03,3.876596e-02,4.007680e-02
5.096179e-02,6.320550e-02,4.249433e-01,1.994124e-01,1.516217e-02,1.475339e-02,6.952643e-04,7.511454e-02,5.374958e-02,1.277309e-02,2.479111e-02,2.857286e-03,4.272046e-03,2.747497e-02,2.983352e-02
4.174593e-02,4.496588e-02,4.950173e-01,2.219715e-01,1.197729e-02,1.086049e-02,5.261365e-04,5.896693e-02,3.993645e-02,9.570883e-03,1.836789e-02,2.095095e-03,3.063796e-03,1.952636e-02,2.140797e-02
3.794325e-02,3.189819e-02,5.892195e-01,1.930329e-01,9.198978e-03,7.838123e-03,4.950613e-04,4.559445e-02,2.930193e-02,8.655305e-03,1.319293e-02,1.864715e-03,2.490256e-03,1.378319e-02,1.549129e-02
4.727793e-02,2.286135e-02,6.094854e-01,2.068244e-01,7.688221e-03,5.980811e-03,4.755238e-04,3.501880e-02,2.189419e-02,8.372620e-03,9.508691e-03,1.671347e-03,1.997009e-03,9.787527e-03,1.115612e-02
4.143925e-02,1.648168e-02,6.505229e-01,1.999014e-01,6.174373e-03,4.514597e-03,4.925170e-04,2.613503e-02,1.633541e-02,1.273800e-02,6.834147e-03,1.374751e-03,1.666965e-03,7.104672e-03,8.284272e-03
3.722388e-02,1.192697e-02,5.921953e-01,1.457693e-01,4.841899e-03,3.757248e-03,3.807259e-04,1.881889e-02,3.979818e-02,1.086598e-01,8.046650e-03,1.406600e-03,2.569473e-03,1.619157e-02,8.413512e-03
3.260078e-02,9.124514e-03,4.873691e-01,1.038944e-01,3.959270e-03,3.089653e-03,3.067108e-04,1.342219e-02,1.110109e-01,1.733173e-01,9.429695e-03,1.683218e-03,3.735003e-03,3.603224e-02,1.102507e-02
5.502469e-02,9.079770e-03,3.810486e-01,7.617802e-02,3.331943e-03,2.659041e-03,3.202519e-04,9.691798e-03,9.300691e-02,1.988506e-01,1.112816e-02,2.094336e-03,3.935004e-03,1.405525e-01,1.309841e-02
5.734964e-02,8.036039e-03,2.902412e-01,5.435834e-02,2.594461e-03,4.224279e-03,3.211207e-04,6.856033e-03,7.310271e-02,1.899182e-01,2.502698e-02,2.160343e-03,3.187725e-03,2.691908e-01,1.343211e-02
7.519954e-02,7.641120e-03,2.241878e-01,3.895006e-02,1.990454e-03,7.054130e-03,3.403767e-04,4.977146e-03,5.619466e-02,2.039549e-01,5.577926e-02,3.186747e-03,3.060021e-03,3.036652e-01,1.381862e-02
7.470994e-02,2.038097e-02,1.717024e-01,1.854111e-01,6.162337e-03,8.921350e-03,6.097649e-04,4.777862e-03,5.330274e-02,1.691404e-01,5.152495e-02,6.054355e-03,4.080154e-03,2.214124e-01,2.180930e-02
1.304954e-01,2.717430e-02,1.372085e-01,1.398938e-01,8.664330e-03,1.084596e-02,1.159109e-03,5.603822e-03,4.361514e-02,1.435584e-01,9.749509e-02,8.793348e-03,5.322179e-03,2.214135e-01,1.875710e-02
1.581311e-01,4.153958e-02,1.055464e-01,1.013443e-01,9.733193e-03,1.083983e-02,1.232144e-03,5.343107e-03,4.019694e-02,1.131260e-01,1.381048e-01,9.098791e-03,5.459683e-03,2.443148e-01,1.598941e-02
1.663965e-01,3.482667e-02,7.954806e-02,7.342733e-02,1.005260e-02,1.016852e-02,1.322342e-03,5.457466e-03,3.411856e-02,1.243897e-01,1.753779e-01,8.819643e-03,5.295263e-03,2.546365e-01,1.616298e-02
1.381129e-01,2.583424e-02,5.605282e-02,5.253161e-02,9.855457e-03,8.339865e-03,1.727675e-03,4.818221e-03,5.239068e-02,1.975043e-01,2.222973e-01,8.274178e-03,6.188466e-03,2.029155e-01,1.315691e-02
1.253580e-01,2.578952e-02,4.010781e-02,3.874237e-02,1.200640e-02,8.006143e-03,1.428398e-03,4.532806e-03,7.672405e-02,2.594756e-01,2.252242e-01,9.255127e-03,6.409963e-03,1.531418e-01,1.379791e-02
1.048629e-01,2.319058e-02,2.860268e-02,2.737117e-02,1.053445e-02,7.922001e-03,1.180975e-03,3.681314e-03,6.226029e-02,3.488737e-01,2.410100e-01,8.767095e-03,5.617204e-03,1.140452e-01,1.208036e-02
8.588591e-02,2.095720e-02,2.098793e-02,2.042852e-02,1.104882e-02,2.488026e-02,2.222826e-03,5.753047e-03,5.458207e-02,4.720502e-01,1.785517e-01,7.181634e-03,5.030268e-03,8.095627e-02,9.483293e-03
6.320249e-02,2.114063e-02,1.630348e-02,1.459483e-02,9.454338e-03,1.939877e-02,1.899546e-03,5.977341e-03,4.168670e-02,6.061438e-01,1.268849e-01,5.312519e-03,3.751428e-03,5.736931e-02,6.879941e-03
4.804497e-02,2.368101e-02,1.217051e-02,1.087539e-02,9.001984e-03,1.619855e-02,1.495816e-03,5.902283e-03,3.728930e-02,6.923561e-01,9.047009e-02,3.966046e-03,2.822154e-03,4.074531e-02,4.980561e-03
7.301190e-02,3.045149e-02,1.279790e-02,9.886420e-03,1.853031e-02,2.112680e-02,2.342057e-03,2.016968e-02,4.014770e-02,6.567506e-01,6.913793e-02,6.049342e-03,4.429696e-03,3.027925e-02,4.889001e-03
7.651611e-02,2.549331e-02,1.570063e-02,1.032898e-02,2.198817e-02,1.730766e-02,3.960231e-03,5.569950e-02,3.305857e-02,6.541628e-01,5.003108e-02,5.908336e-03,4.046732e-03,2.192122e-02,3.876685e-03
7.554552e-02,1.998845e-02,4.840150e-02,1.124780e-02,2.040384e-02,1.493036e-02,4.790822e-03,5.215563e-02,2.540584e-02,6.640260e-01,3.582361e-02,4.833261e-03,3.178738e-03,1.630512e-02,2.963499e-03
7.255462e-02,2.242569e-02,4.966684e-02,9.460581e-03,1.779767e-02,1.284013e-02,4.990860e-03,4.922891e-02,2.345151e-02,6.881245e-01,2.773124e-02,4.426551e-03,2.566529e-03,1.226845e-02,2.465887e-03
6.604942e-02,3.098850e-02,4.619041e-02,8.319170e-03,1.690310e-02,1.249129e-02,6.579669e-03,4.495920e-02,2.314552e-02,7.034225e-01,2.261712e-02,4.510351e-03,2.329255e-03,9.212524e-03,2.281957e-03
8.108066e-02,3.914759e-02,5.713427e-02,9.998080e-03,2.009256e-02,1.551440e-02,8.536827e-03,4.669457e-02,2.700296e-02,6.575201e-01,1.805012e-02,5.107888e-03,2.617652e-03,7.885697e-03,3.616690e-03
9.516071e-02,3.157877e-02,5.026232e-02,8.577369e-03,1.539672e-02,4.214256e-02,6.980626e-03,4.191942e-02,2.802045e-02,6.302711e-01,1.630048e-02,9.969918e-03,4.526556e-03,7.654876e-03,1.123815e-02
1.131905e-01,2.441457e-02,3.599935e-02,6.883483e-03,1.288325e-02,4.161063e-02,6.068684e-03,3.233887e-02,2.505455e-02,6.465132e-01,1.672769e-02,1.281903e-02,8.363362e-03,6.814258e-03,1.031847e-02
1.069583e-01,1.784531e-02,2.666155e-02,6.079143e-03,1.101991e-02,3.364450e-02,4.915715e-03,2.414738e-02,2.146247e-02,6.947032e-01,1.873330e-02,1.068172e-02,8.013677e-03,5.599898e-03,9.533847e-03
1.043361e-01,1.306144e-02,1.985324e-02,5.159727e-03,8.891281e-03,2.533698e-02,3.691286e-03,1.764678e-02,1.897750e-02,7.352216e-01,1.836582e-02,8.769269e-03,6.838903e-03,4.998525e-03,8.851550e-03
8.924450e-02,1.899435e-02,2.489696e-02,1.941856e-02,1.184085e-02,2.238416e-02,3.146872e-03,1.318436e-02,2.770120e-02,7.119139e-01,2.087867e-02,9.503528e-03,1.144945e-02,5.930755e-03,9.511889e-03
8.602968e-02,1.438331e-02,1.826506e-02,1.689567e-02,9.817930e-03,1.830081e-02,2.623150e-03,9.956199e-03,2.981495e-02,7.216177e-01,3.253852e-02,1.020793e-02,1.124481e-02,8.822497e-03,9.481732e-03
6.761921e-02,1.084537e-02,1.350674e-02,1.306224e-02,8.013123e-03,1.445937e-02,1.953399e-03,7.304715e-03,3.889769e-02,6.002897e-01,1.400379e-01,1.241349e-02,1.877239e-02,4.068214e-02,1.214250e-02
5.358423e-02,1.320603e-02,2.344870e-02,1.165631e-02,7.310207e-03,1.463174e-02,1.440004e-03,7.621242e-03,5.938493e-02,4.529455e-01,2.350460e-01,1.275238e-02,2.017516e-02,6.645017e-02,2.034732e-02
4.394563e-02,1.800874e-02,8.905284e-02,1.355746e-02,6.739894e-03,1.375946e-02,1.088938e-03,6.553186e-03,6.199806e-02,3.604502e-01,2.473681e-01,1.091799e-02,1.738623e-02,7.581666e-02,3.335657e-02
6.460470e-02,2.143404e-02,1.284831e-01,1.253587e-02,7.024769e-03,1.323533e-02,1.034049e-03,6.446668e-03,7.295827e-02,2.839157e-01,2.033059e-01,9.314996e-03,1.472041e-02,9.422148e-02,6.676461e-02
8.631846e-02,2.916425e-02,1.379217e-01,1.085634e-02,9.592637e-03,1.398109e-02,1.099591e-03,1.040028e-02,9.296907e-02,2.199696e-01,1.737077e-01,1.037386e-02,1.377755e-02,1.125834e-01,7.728441e-02
1.015699e-01,3.352026e-02,1.759663e-01,1.319748e-02,1.072192e-02,1.241887e-02,9.599769e-04,9.389913e-03,1.243760e-01,1.897607e-01,1.327703e-01,8.731359e-03,1.127684e-02,1.020175e-01,7.332270e-02
9.657444e-02,4.747459e-02,1.493591e-01,1.257422e-02,1.581291e-02,1.017016e-02,8.509862e-04,1.539743e-02,1.983064e-01,1.625854e-01,1.035035e-01,9.967616e-03,1.319204e-02,9.460887e-02,6.962246e-02
8.374815e-02,6.047128e-02,1.446315e-01,1.140456e-02,2.554000e-02,8.531814e-03,7.129842e-04,2.283411e-02,2.353466e-01,1.572144e-01,7.896864e-02,9.136329e-03,1.211942e-02,7.999930e-02,6.934091e-02
7.456952e-02,7.497121e-02,2.029289e-01,1.268670e-02,3.440044e-02,7.418809e-03,7.019799e-04,5.184913e-02,2.032659e-01,1.290847e-01,5.746801e-02,6.901057e-03,9.273541e-03,7.517461e-02,5.930553e-02
7.439279e-02,1.223899e-01,1.761145e-01,1.055246e-02,4.007868e-02,7.291156e-03,6.030037e-04,6.574963e-02,2.024929e-01,9.860402e-02,4.268622e-02,5.542131e-03,7.416641e-03,9.309512e-02,5.299091e-02
7.033610e-02,1.204201e-01,1.312766e-01,8.760330e-03,4.065425e-02,6.735103e-03,4.872417e-04,7.437631e-02,2.170065e-01,7.463976e-02,3.149166e-02,4.373003e-03,5.931996e-03,1.533404e-01,6.017052e-02
6.507995e-02,1.371394e-01,1.029490e-01,1.010345e-02,4.959807e-02,6.035802e-03,5.186055e-04,1.580101e-01,1.849246e-01,5.371188e-02,2.265788e-02,3.248271e-03,4.529240e-03,1.534415e-01,4.805233e-02
9.411219e-02,1.439938e-01,7.659587e-02,1.163720e-02,6.345229e-02,7.275367e-03,5.479575e-04,1.368145e-01,1.697285e-01,3.987994e-02,1.701019e-02,2.580685e-03,3.540911e-03,1.916731e-01,4.115758e-02
1.012771e-01,1.285408e-01,6.430885e-02,5.240262e-02,7.095762e-02,6.186310e-03,5.339453e-04,1.102954e-01,2.248223e-01,3.082163e-02,1.391596e-02,2.278709e-03,3.010303e-03,1.428785e-01,4.776997e-02
1.676840e-01,1.075002e-01,5.713479e-02,6.514224e-02,6.727302e-02,7.135717e-03,7.376000e-04,8.264708e-02,1.989944e-01,3.014934e-02,1.153151e-02,2.417503e-03,3.021824e-03,1.092073e-01,8.942357e-02
3.125012e-01,9.635460e-02,4.262011e-02,5.528779e-02,5.835588e-02,7.410727e-03,1.033448e-03,6.089569e-02,1.586778e-01,2.302480e-02,1.082539e-02,3.141957e-03,3.430708e-03,8.325645e-02,8.318342e-02
4.580398e-01,7.535365e-02,3.110726e-02,4.425599e-02,4.459618e-02,9.050378e-03,1.443136e-03,4.552822e-02,1.240530e-01,1.712472e-02,1.097269e-02,4.855984e-03,6.124512e-03,6.158425e-02,6.591030e-02
1.000000e+00,0.000000e+00,0.000000e+00,0.000000e+00,0.000000e+00,0.000000e+00,0.000000e+00,0.000000e+00,0.000000e+00,0.000000e+00,0.000000e+00,0.000000e+00,0.000000e+00,0.000000e+00,0.000000e+00
1.000000e+00,0.000000e+00,0.000000e+00,0.000000e+00,0.000000e+00,0.000000e+00,0.000000e+00,0.000000e+00,0.000000e+00,0.000000e+00,0.000000e+00,0.000000e+00,0.000000e+00,0.000000e+00,0.000000e+00
1.000000e+00,0.000000e+00,0.000000e+00,0.000000e+00,0.000000e+00,0.000000e+00,0.000000e+00,0.000000e+00,0.000000e+00,0.000000e+00,0.000000e+00,0.000000e+00,0.000000e+00,0.000000e+00,0.000000e+00
1.000000e+00,0.000000e+00,0.000000e+00,0.000000e+00,0.000000e+00,0.000000e+00,0.000000e+00,0.000000e+00,0.000000e+00,0.000000e+00,0.000000e+00,0.000000e+00,0.000000e+00,0.000000e+00,0.000000e+00
1.000000e+00,0.000000e+00,0.000000e+00,0.000000e+00,0.000000e+00,0.000000e+00,0.000000e+00,0.000000e+00,0.000000e+00,0.000000e+00,0.000000e+00,0.000000e+00,0.000000e+00,0.000000e+00,0.000000e+00
1.000000e+00,0.000000e+00,0.000000e+00,0.000000e+00,0.000000e+00,0.000000e+00,0.000000e+00,0.000000e+00,0.000000e+00,0.000000e+00,0.000000e+00,0.000000e+00,0.000000e+00,0.000000e+00,0.000000e+00
1.000000e+00,0.000000e+00,0.000000e+00,0.000000e+00,0.000000e+00,0.000000e+00,0.000000e+00,0.000000e+00,0.000000e+00,0.000000e+00,0.000000e+00,0.000000e+00,0.000000e+00,0.000000e+00,0.000000e+00
1.000000e+00,0.000000e+00,0.000000e+00,0.000000e+00,0.000000e+00,0.000000e+00,0.000000e+00,0.000000e+00,0.000000e+00,0.000000e+00,0.000000e+00,0.000000e+00,0.000000e+00,0.000000e+00,0.000000e+00
1.000000e+00,0.000000e+00,0.000000e+00,0.000000e+00,0.000000e+00,0.000000e+00,0.000000e+00,0.000000e+00,0.000000e+00,0.000000e+00,0.000000e+00,0.000000e+00,0.000000e+00,0.000000e+00,0.000000e+00
1.000000e+00,0.000000e+00,0.000000e+00,0.000000e+00,0.000000e+00,0.000000e+00,0.000000e+00,0.000000e+00,0.000000e+00,0.000000e+00,0.000000e+00,0.000000e+00,0.000000e+00,0.000000e+00,0.000000e+00
1.000000e+00,0.000000e+00,0.000000e+00,0.000000e+00,0.000000e+00,0.000000e+00,0.000000e+00,0.000000e+00,0.000000e+00,0.000000e+00,0.000000e+00,0.000000e+00,0.000000e+00,0.000000e+00,0.000000e+00
1.000000e+00,0.000000e+00,0.000000e+00,0.000000e+00,0.000000e+00,0.000000e+00,0.000000e+00,0.000000e+00,0.000000e+00,0.000000e+00,0.000000e+00,0.000000e+00,0.000000e+00,0.000000e+00,0.000000e+00
1.000000e+00,0.000000e+00,0.000000e+00,0.000000e+00,0.000000e+00,0.000000e+00,0.000000e+00,0.000000e+00,0.000000e+00,0.000000e+00,0.000000e+00,0.000000e+00,0.000000e+00,0.000000e+00,0.000000e+00
1.000000e+00,0.000000e+00,0.000000e+00,0.000000e+00,0.000000e+00,0.000000e+00,0.000000e+00,0.000000e+00,0.000000e+00,0.000000e+00,0.000000e+00,0.000000e+00,0.000000e+00,0.000000e+00,0.000000e+00
1.000000e+00,0.000000e+00,0.000000e+00,0.000000e+00,0.000000e+00,0.000000e+00,0.000000e+00,0.000000e+00,0.000000e+00,0.000000e+00,0.000000e+00,0.000000e+00,0.000000e+00,0.000000e+00,0.000000e+00
1.000000e+00,0.000000e+00,0.000000e+00,0.000000e+00,0.000000e+00,0.000000e+00,0.000000e+00,0.000000e+00,0.000000e+00,0.000000e+00,0.000000e+00,0.000000e+00,0.000000e+00,0.000000e+00,0.000000e+00
1.000000e+00,0.000000e+00,0.000000e+00,0.000000e+00,0.000000e+00,0.000000e+00,0.000000e+00,0.000000e+00,0.000000e+00,0.000000e+00,0.000000e+00,0.000000e+00,0.000000e+00,0.000000e+00,0.000000e+00
1.000000e+00,0.000000e+00,0.000000e+00,0.000000e+00,0.000000e+00,0.000000e+00,0.000000e+00,0.000000e+00,0.000000e+00,0.000000e+00,0.000000e+00,0.000000e+00,0.000000e+00,0.000000e+00,0.000000e+00
1.000000e+00,0.000000e+00,0.000000e+00,0.000000e+00,0.000000e+00,0.000000e+00,0.000000e+00,0.000000e+00,0.000000e+00,0.000000e+00,0.000000e+00,0.000000e+00,0.000000e+00,0.000000e+00,0.000000e+00
1.000000e+00,0.000000e+00,0.000000e+00,0.000000e+00,0.000000e+00,0.000000e+00,0.000000e+00,0.000000e+00,0.000000e+00,0.000000e+00,0.000000e+00,0.000000e+00,0.000000e+00,0.000000e+00,0.000000e+00
1.000000e+00,0.000000e+00,0.000000e+00,0.000000e+00,0.000000e+00,0.000000e+00,0.000000e+00,0.000000e+00,0.000000e+00,0.000000e+00,0.000000e+00,0.000000e+00,0.000000e+00,0.000000e+00,0.000000e+00
1.000000e+00,0.000000e+00,0.000000e+00,0.000000e+00,0.000000e+00,0.000000e+00,0.000000e+00,0.000000e+00,0.000000e+00,0.000000e+00,0.000000e+00,0.000000e+00,0.000000e+00,0.000000e+00,0.000000e+00
1.000000e+00,0.000000e+00,0.000000e+00,0.000000e+00,0.000000e+00,0.000000e+00,0.000000e+00,0.000000e+00,0.000000e+00,0.000000e+00,0.000000e+00,0.000000e+00,0.000000e+00,0.000000e+00,0.000000e+00
1.000000e+00,0.000000e+00,0.000000e+00,0.000000e+00,0.000000e+00,0.000000e+00,0.000000e+00,0.000000e+00,0.000000e+00,0.000000e+00,0.000000e+00,0.000000e+00,0.000000e+00,0.000000e+00,0.000000e+00
1.000000e+00,0.000000e+00,0.000000e+00,0.000000e+00,0.000000e+00,0.000000e+00,0.000000e+00,0.000000e+00,0.000000e+00,0.000000e+00,0.000000e+00,0.000000e+00,0.000000e+00,0.000000e+00,0.000000e+00
1.000000e+00,0.000000e+00,0.000000e+00,0.000000e+00,0.000000e+00,0.000000e+00,0.000000e+00,0.000000e+00,0.000000e+00,0.000000e+00,0.000000e+00,0.000000e+00,0.000000e+00,0.000000e+00,0.000000e+00
1.000000e+00,0.000000e+00,0.000000e+00,0.000000e+00,0.000000e+00,0.000000e+00,0.000000e+00,0.000000e+00,0.000000e+00,0.000000e+00,0.000000e+00,0.000000e+00,0.000000e+00,0.000000e+00,0.000000e+00
1.000000e+00,0.000000e+00,0.000000e+00,0.000000e+00,0.000000e+00,0.000000e+00,0.000000e+00,0.000000e+00,0.000000e+00,0.000000e+00,0.000000e+00,0.000000e+00,0.000000e+00,0.000000e+00,0.000000e+00
1.000000e+00,0.000000e+00,0.000000e+00,0.000000e+00,0.000000e+00,0.000000e+00,0.000000e+00,0.000000e+00,0.000000e+00,0.000000e+00,0.000000e+00,0.000000e+00,0.000000e+00,0.000000e+00,0.000000e+00
1.000000e+00,0.000000e+00,0.000000e+00,0.000000e+00,0.000000e+00,0.000000e+00,0.000000e+00,0.000000e+00,0.000000e+00,0.000000e+00,0.000000e+00,0.000000e+00,0.000000e+00,0.000000e+00,0.000000e+00
1.000000e+00,0.000000e+00,0.000000e+00,0.000000e+00,0.000000e+00,0.000000e+00,0.000000e+00,0.000000e+00,0.000000e+00,0.000000e+00,0.000000e+00,0.000000e+00,0.000000e+00,0.000000e+00,0.000000e+00
1.000000e+00,0.000000e+00,0.000000e+00,0.000000e+00,0.000000e+00,0.000000e+00,0.000000e+00,0.000000e+00,0.000000e+00,0.000000e+00,0.000000e+00,0.000000e+00,0.000000e+00,0.000000e+00,0.000000e+00
1.000000e+00,0.000000e+00,0.000000e+00,0.000000e+00,0.000000e+00,0.000000e+00,0.000000e+00,0.000000e+00,0.000000e+00,0.000000e+00,0.000000e+00,0.000000e+00,0.000000e+00,0.000000e+00,0.000000e+00
1.000000e+00,0.000000e+00,0.000000e+00,0.000000e+00,0.000000e+00,0.000000e+00,0.000000e+00,0.000000e+00,0.000000e+00,0.000000e+00,0.000000e+00,0.000000e+00,0.000000e+00,0.000000e+00,0.000000e+00
1.000000e+00,0.000000e+00,0.000000e+00,0.000000e+00,0.000000e+00,0.000000e+00,0.000000e+00,0.000000e+00,0.000000e+00,0.000000e+00,0.000000e+00,0.000000e+00,0.000000e+00,0.000000e+00,0.000000e+00
1.000000e+00,0.000000e+00,0.000000e+00,0.000000e+00,0.000000e+00,0.000000e+00,0.000000e+00,0.000000e+00,0.000000e+00,0.000000e+00,0.000000e+00,0.000000e+00,0.000000e+00,0.000000e+00,0.000000e+00
1.000000e+00,0.000000e+00,0.000000e+00,0.000000e+00,0.000000e+00,0.000000e+00,0.000000e+00,0.000000e+00,0.000000e+00,0.000000e+00,0.000000e+00,0.000000e+00,0.000000e+00,0.000000e+00,0.000000e+00
1.000000e+00,0.000000e+00,0.000000e+00,0.000000e+00,0.000000e+00,0.000000e+00,0.000000e+00,0.000000e+00,0.000000e+00,0.000000e+00,0.000000e+00,0.000000e+00,0.000000e+00,0.000000e+00,0.000000e+00
1.000000e+00,0.000000e+00,0.000000e+00,0.000000e+00,0.000000e+00,0.000000e+00,0.000000e+00,0.000000e+00,0.000000e+00,0.000000e+00,0.000000e+00,0.000000e+00,0.000000e+00,0.000000e+00,0.000000e+00
1.000000e+00,0.000000e+00,0.000000e+00,0.000000e+00,0.000000e+00,0.000000e+00,0.000000e+00,0.000000e+00,0.000000e+00,0.000000e+00,0.000000e+00,0.000000e+00,0.000000e+00,0.000000e+00,0.000000e+00
1.000000e+00,0.000000e+00,0.000000e+00,0.000000e+00,0.000000e+00,0.000000e+00,0.000000e+00,0.000000e+00,0.000000e+00,0.000000e+00,0.000000e+00,0.000000e+00,0.000000e+00,0.000000e+00,0.000000e+00
1.000000e+00,0.000000e+00,0.000000e+00,0.000000e+00,0.000000e+00,0.000000e+00,0.000000e+00,0.000000e+00,0.000000e+00,0.000000e+00,0.000000e+00,0.000000e+00,0.000000e+00,0.000000e+00,0.000000e+00
1.000000e+00,0.000000e+00,0.000000e+00,0.000000e+00,0.000000e+00,0.000000e+00,0.000000e+00,0.000000e+00,0.000000e+00,0.000000e+00,0.000000e+00,0.000000e+00,0.000000e+00,0.000000e+00,0.000000e+00
1.000000e+00,0.000000e+00,0.000000e+00,0.000000e+00,0.000000e+00,0.000000e+00,0.000000e+00,0.000000e+00,0.000000e+00,0.000000e+00,0.000000e+00,0.000000e+00,0.000000e+00,0.000000e+00,0.000000e+00
1.000000e+00,0.000000e+00,0.000000e+00,0.000000e+00,0.000000e+00,0.000000e+00,0.000000e+00,0.000000e+00,0.000000e+00,0.000000e+00,0.000000e+00,0.000000e+00,0.000000e+00,0.000000e+00,0.000000e+00
1.000000e+00,0.000000e+00,0.000000e+00,0.000000e+00,0.000000e+00,0.000000e+00,0.000000e+00,0.000000e+00,0.000000e+00,0.000000e+00,0.000000e+00,0.000000e+00,0.000000e+00,0.000000e+00,0.000000e+00
1.000000e+00,0.000000e+00,0.000000e+00,0.000000e+00,0.000000e+00,0.000000e+00,0.000000e+00,0.000000e+00,0.000000e+00,0.000000e+00,0.000000e+00,0.000000e+00,0.000000e+00,0.000000e+00,0.000000e+00
1.000000e+00,0.000000e+00,0.000000e+00,0.000000e+00,0.000000e+00,0.000000e+00,0.000000e+00,0.000000e+00,0.000000e+00,0.000000e+00,0.000000e+00,0.000000e+00,0.000000e+00,0.000000e+00,0.000000e+00
1.000000e+00,0.000000e+00,0.000000e+00,0.000000e+00,0.000000e+00,0.000000e+00,0.000000e+00,0.000000e+00,0.000000e+00,0.000000e+00,0.000000e+00,0.000000e+00,0.000000e+00,0.000000e+00,0.000000e+00
1.000000e+00,0.000000e+00,0.000000e+00,0.000000e+00,0.000000e+00,0.000000e+00,0.000000e+00,0.000000e+00,0.000000e+00,0.000000e+00,0.000000e+00,0.000000e+00,0.000000e+00,0.000000e+00,0.000000e+00
1.000000e+00,0.000000e+00,0.000000e+00,0.000000e+00,0.000000e+00,0.000000e+00,0.000000e+00,0.000000e+00,0.000000e+00,0.000000e+00,0.000000e+00,0.000000e+00,0.000000e+00,0.000000e+00,0.000000e+00
1.000000e+00,0.000000e+00,0.000000e+00,0.000000e+00,0.000000e+00,0.000000e+00,0.000000e+00,0.000000e+00,0.000000e+00,0.000000e+00,0.000000e+00,0.000000e+00,0.000000e+00,0.000000e+00,0.000000e+00
1.000000e+00,0.000000e+00,0.000000e+00,0.000000e+00,0.000000e+00,0.000000e+00,0.000000e+00,0.000000e+00,0.000000e+00,0.000000e+00,0.000000e+00,0.000000e+00,0.000000e+00,0.000000e+00,0.000000e+00
1.000000e+00,0.000000e+00,0.000000e+00,0.000000e+00,0.000000e+00,0.000000e+00,0.000000e+00,0.000000e+00,0.000000e+00,0.000000e+00,0.000000e+00,0.000000e+00,0.000000e+00,0.000000e+00,0.000000e+00
1.000000e+00,0.000000e+00,0.000000e+00,0.000000e+00,0.000000e+00,0.000000e+00,0.000000e+00,0.000000e+00,0.000000e+00,0.000000e+00,0.000000e+00,0.000000e+00,0.000000e+00,0.000000e+00,0.000000e+00
1.000000e+00,0.000000e+00,0.000000e+00,0.000000e+00,0.000000e+00,0.000000e+00,0.000000e+00,0.000000e+00,0.000000e+00,0.000000e+00,0.000000e+00,0.000000e+00,0.000000e+00,0.000000e+00,0.000000e+00
1.000000e+00,0.000000e+00,0.000000e+00,0.000000e+00,0.000000e+00,0.000000e+00,0.000000e+00,0.000000e+00,0.000000e+00,0.000000e+00,0.000000e+00,0.000000e+00,0.000000e+00,0.000000e+00,0.000000e+00
1.000000e+00,0.000000e+00,0.000000e+00,0.000000e+00,0.000000e+00,0.000000e+00,0.000000e+00,0.000000e+00,0.000000e+00,0.000000e+00,0.000000e+00,0.000000e+00,0.000000e+00,0.000000e+00,0.000000e+00
1.000000e+00,0.000000e+00,0.000000e+00,0.000000e+00,0.000000e+00,0.000000e+00,0.000000e+00,0.000000e+00,0.000000e+00,0.000000e+00,0.000000e+00,0.000000e+00,0.000000e+00,0.000000e+00,0.000000e+00
1.000000e+00,0.000000e+00,0.000000e+00,0.000000e+00,0.000000e+00,0.000000e+00,0.000000e+00,0.000000e+00,0.000000e+00,0.000000e+00,0.000000e+00,0.000000e+00,0.000000e+00,0.000000e+00,0.000000e+00
1.000000e+00,0.000000e+00,0.000000e+00,0.000000e+00,0.000000e+00,0.000000e+00,0.000000e+00,0.000000e+00,0.000000e+00,0.000000e+00,0.000000e+00,0.000000e+00,0.000000e+00,0.000000e+00,0.000000e+00
1.000000e+00,0.000000e+00,0.000000e+00,0.000000e+00,0.000000e+00,0.000000e+00,0.000000e+00,0.000000e+00,0.000000e+00,0.000000e+00,0.000000e+00,0.000000e+00,0.000000e+00,0.000000e+00,0.000000e+00
1.000000e+00,0.000000e+00,0.000000e+00,0.000000e+00,0.000000e+00,0.000000e+00,0.000000e+00,0.000000e+00,0.000000e+00,0.000000e+00,0.000000e+00,0.000000e+00,0.000000e+00,0.000000e+00,0.000000e+00
1.000000e+00,0.000000e+00,0.000000e+00,0.000000e+00,0.000000e+00,0.000000e+00,0.000000e+00,0.000000e+00,0.000000e+00,0.000000e+00,0.000000e+00,0.000000e+00,0.000000e+00,0.000000e+00,0.000000e+00
1.000000e+00,0.000000e+00,0.000000e+00,0.000000e+00,0.000000e+00,0.000000e+00,0.000000e+00,0.000000e+00,0.000000e+00,0.000000e+00,0.000000e+00,0.000000e+00,0.000000e+00,0.000000e+00,0.000000e+00
1.000000e+00,0.000000e+00,0.000000e+00,0.000000e+00,0.000000e+00,0.000000e+00,0.000000e+00,0.000000e+00,0.000000e+00,0.000000e+00,0.000000e+00,0.000000e+00,0.000000e+00,0.000000e+00,0.000000e+00
1.000000e+00,0.000000e+00,0.000000e+00,0.000000e+00,0.000000e+00,0.000000e+00,0.000000e+00,0.000000e+00,0.000000e+00,0.000000e+00,0.000000e+00,0.000000e+00,0.000000e+00,0.000000e+00,0.000000e+00
1.000000e+00,0.000000e+00,0.000000e+00,0.000000e+00,0.000000e+00,0.000000e+00,0.000000e+00,0.000000e+00,0.000000e+00,0.000000e+00,0.000000e+00,0.000000e+00,0.000000e+00,0.000000e+00,0.000000e+00
1.000000e+00,0.000000e+00,0.000000e+00,0.000000e+00,0.000000e+00,0.000000e+00,0.000000e+00,0.000000e+00,0.000000e+00,0.000000e+00,0.000000e+00,0.000000e+00,0.000000e+00,0.000000e+00,0.000000e+00
1.000000e+00,0.000000e+00,0.000000e+00,0.000000e+00,0.000000e+00,0.000000e+00,0.000000e+00,0.000000e+00,0.000000e+00,0.000000e+00,0.000000e+00,0.000000e+00,0.000000e+00,0.000000e+00,0.000000e+00
1.000000e+00,0.000000e+00,0.000000e+00,0.000000e+00,0.000000e+00,0.000000e+00,0.000000e+00,0.000000e+00,0.000000e+00,0.000000e+00,0.000000e+00,0.000000e+00,0.000000e+00,0.000000e+00,0.000000e+00
1.000000e+00,0.000000e+00,0.000000e+00,0.000000e+00,0.000000e+00,0.000000e+00,0.000000e+00,0.000000e+00,0.000000e+00,0.000000e+00,0.000000e+00,0.000000e+00,0.000000e+00,0.000000e+00,0.000000e+00
1.000000e+00,0.000000e+00,0.000000e+00,0.000000e+00,0.000000e+00,0.000000e+00,0.000000e+00,0.000000e+00,0.000000e+00,0.000000e+00,0.000000e+00,0.000000e+00,0.000000e+00,0.000000e+00,0.000000e+00
1.000000e+00,0.000000e+00,0.000000e+00,0.000000e+00,0.000000e+00,0.000000e+00,0.000000e+00,0.000000e+00,0.000000e+00,0.000000e+00,0.000000e+00,0.000000e+00,0.000000e+00,0.000000e+00,0.000000e+00
