1.000000e+00,0.000000e+00,0.000000e+00,0.000000e+00,0.000000e+00,0.000000e+00,0.000000e+00,0.000000e+00,0.000000e+00,0.000000e+00,0.000000e+00,0.000000e+00,0.000000e+00,0.000000e+00,0.000000e+00
1.000000e+00,0.000000e+00,0.000000e+00,0.000000e+00,0.000000e+00,0.000000e+00,0.000000e+00,0.000000e+00,0.000000e+00,0.000000e+00,0.000000e+00,0.000000e+00,0.000000e+00,0.000000e+00,0.000000e+00
1.000000e+00,0.000000e+00,0.000000e+00,0.000000e+00,0.000000e+00,0.000000e+00,0.000000e+00,0.000000e+00,0.000000e+00,0.000000e+00,0.000000e+00,0.000000e+00,0.000000e+00,0.000000e+00,0.000000e+00
1.000000e+00,0.000000e+00,0.000000e+00,0.000000e+00,0.000000e+00,0.000000e+00,0.000000e+00,0.000000e+00,0.000000e+00,0.000000e+00,0.000000e+00,0.000000e+00,0.000000e+00,0.000000e+00,0.000000e+00
1.000000e+00,0.000000e+00,0.000000e+00,0.000000e+00,0.000000e+00,0.000000e+00,0.000000e+00,0.000000e+00,0.000000e+00,0.000000e+00,0.000000e+00,0.000000e+00,0.000000e+00,0.000000e+00,0.000000e+00
1.000000e+00,0.000000e+00,0.000000e+00,0.000000e+00,0.000000e+00,0.000000e+00,0.000000e+00,0.000000e+00,0.000000e+00,0.000000e+00,0.000000e+00,0.000000e+00,0.000000e+00,0.000000e+00,0.000000e+00
1.000000e+00,0.000000e+00,0.000000e+00,0.000000e+00,0.000000e+00,0.000000e+00,0.000000e+00,0.000000e+00,0.000000e+00,0.000000e+00,0.000000e+00,0.000000e+00,0.000000e+00,0.000000e+00,0.000000e+00
1.000000e+00,0.000000e+00,0.000000e+00,0.000000e+00,0.000000e+00,0.000000e+00,0.000000e+00,0.000000e+00,0.000000e+00,0.000000e+00,0.000000e+00,0.000000e+00,0.000000e+00,0.000000e+00,0.000000e+00
1.000000e+00,0.000000e+00,0.000000e+00,0.000000e+00,0.000000e+00,0.000000e+00,0.000000e+00,0.000000e+00,0.000000e+00,0.000000e+00,0.000000e+00,0.000000e+00,0.000000e+00,0.000000e+00,0.000000e+00
1.000000e+00,0.000000e+00,0.000000e+00,0.000000e+00,0.000000e+00,0.000000e+00,0.000000e+00,0.000000e+00,0.000000e+00,0.000000e+00,0.000000e+00,0.000000e+00,0.000000e+00,0.000000e+00,0.000000e+00
1.000000e+00,0.000000e+00,0.000000e+00,0.000000e+00,0.000000e+00,0.000000e+00,0.000000e+00,0.000000e+00,0.000000e+00,0.000000e+00,0.000000e+00,0.000000e+00,0.000000e+00,0.000000e+00,0.000000e+00
1.000000e+00,0.000000e+00,0.000000e+00,0.000000e+00,0.000000e+00,0.000000e+00,0.000000e+00,0.000000e+00,0.000000e+00,0.000000e+00,0.000000e+00,0.000000e+00,0.000000e+00,0.000000e+00,0.000000e+00
1.000000e+00,0.000000e+00,0.000000e+00,0.000000e+00,0.000000e+00,0.000000e+00,0.000000e+00,0.000000e+00,0.000000e+00,0.000000e+00,0.000000e+00,0.000000e+00,0.000000e+00,0.000000e+00,0.000000e+00
1.000000e+00,0.000000e+00,0.000000e+00,0.000000e+00,0.000000e+00,0.000000e+00,0.000000e+00,0.000000e+00,0.000000e+00,0.000000e+00,0.000000e+00,0.000000e+00,0.000000e+00,0.000000e+00,0.000000e+00
1.000000e+00,0.000000e+00,0.000000e+00,0.000000e+00,0.000000e+00,0.000000e+00,0.000000e+00,0.000000e+00,0.000000e+00,0.000000e+00,0.000000e+00,0.000000e+00,0.000000e+00,0.000000e+00,0.000000e+00
1.000000e+00,0.000000e+00,0.000000e+00,0.000000e+00,0.000000e+00,0.000000e+00,0.000000e+00,0.000000e+00,0.000000e+00,0.000000e+00,0.000000e+00,0.000000e+00,0.000000e+00,0.000000e+00,0.000000e+00
1.000000e+00,0.000000e+00,0.000000e+00,0.000000e+00,0.000000e+00,0.000000e+00,0.000000e+00,0.000000e+00,0.000000e+00,0.000000e+00,0.000000e+00,0.000000e+00,0.000000e+00,0.000000e+00,0.000000e+00
1.000000e+00,0.000000e+00,0.000000e+00,0.000000e+00,0.000000e+00,0.000000e+00,0.000000e+00,0.000000e+00,0.000000e+00,0.000000e+00,0.000000e+00,0.000000e+00,0.000000e+00,0.000000e+00,0.000000e+00
1.000000e+00,0.000000e+00,0.000000e+00,0.000000e+00,0.000000e+00,0.000000e+00,0.000000e+00,0.000000e+00,0.000000e+00,0.000000e+00,0.000000e+00,0.000000e+00,0.000000e+00,0.000000e+00,0.000000e+00
1.000000e+00,0.000000e+00,0.000000e+00,0.000000e+00,0.000000e+00,0.000000e+00,0.000000e+00,0.000000e+00,0.000000e+00,0.000000e+00,0.000000e+00,0.000000e+00,0.000000e+00,0.000000e+00,0.000000e+00
1.000000e+00,0.000000e+00,0.000000e+00,0.000000e+00,0.000000e+00,0.000000e+00,0.000000e+00,0.000000e+00,0.000000e+00,0.000000e+00,0.000000e+00,0.000000e+00,0.000000e+00,0.000000e+00,0.000000e+00
1.000000e+00,0.000000e+00,0.000000e+00,0.000000e+00,0.000000e+00,0.000000e+00,0.000000e+00,0.000000e+00,0.000000e+00,0.000000e+00,0.000000e+00,0.000000e+00,0.000000e+00,0.000000e+00,0.000000e+00
1.000000e+00,0.000000e+00,0.000000e+00,0.000000e+00,0.000000e+00,0.000000e+00,0.000000e+00,0.000000e+00,0.000000e+00,0.000000e+00,0.000000e+00,0.000000e+00,0.000000e+00,0.000000e+00,0.000000e+00
1.000000e+00,0.000000e+00,0.000000e+00,0.000000e+00,0.000000e+00,0.000000e+00,0.000000e+00,0.000000e+00,0.000000e+00,0.000000e+00,0.000000e+00,0.000000e+00,0.000000e+00,0.000000e+00,0.000000e+00
1.000000e+00,0.000000e+00,0.000000e+00,0.000000e+00,0.000000e+00,0.000000e+00,0.000000e+00,0.000000e+00,0.000000e+00,0.000000e+00,0.000000e+00,0.000000e+00,0.000000e+00,0.000000e+00,0.000000e+00
1.000000e+00,0.000000e+00,0.000000e+00,0.000000e+00,0.000000e+00,0.000000e+00,0.000000e+00,0.000000e+00,0.000000e+00,0.000000e+00,0.000000e+00,0.000000e+00,0.000000e+00,0.000000e+00,0.000000e+00
1.000000e+00,0.000000e+00,0.000000e+00,0.000000e+00,0.000000e+00,0.000000e+00,0.000000e+00,0.000000e+00,0.000000e+00,0.000000e+00,0.000000e+00,0.000000e+00,0.000000e+00,0.000000e+00,0.000000e+00
1.000000e+00,0.000000e+00,0.000000e+00,0.000000e+00,0.000000e+00,0.000000e+00,0.000000e+00,0.000000e+00,0.000000e+00,0.000000e+00,0.000000e+00,0.000000e+00,0.000000e+00,0.000000e+00,0.000000e+00
1.000000e+00,0.000000e+00,0.000000e+00,0.000000e+00,0.000000e+00,0.000000e+00,0.000000e+00,0.000000e+00,0.000000e+00,0.000000e+00,0.000000e+00,0.000000e+00,0.000000e+00,0.000000e+00,0.000000e+00
1.000000e+00,0.000000e+00,0.000000e+00,0.000000e+00,0.000000e+00,0.000000e+00,0.000000e+00,0.000000e+00,0.000000e+00,0.000000e+00,0.000000e+00,0.000000e+00,0.000000e+00,0.000000e+00,0.000000e+00
1.000000e+00,0.000000e+00,0.000000e+00,0.000000e+00,0.000000e+00,0.000000e+00,0.000000e+00,0.000000e+00,0.000000e+00,0.000000e+00,0.000000e+00,0.000000e+00,0.000000e+00,0.000000e+00,0.000000e+00
1.000000e+00,0.000000e+00,0.000000e+00,0.000000e+00,0.000000e+00,0.000000e+00,0.000000e+00,0.000000e+00,0.000000e+00,0.000000e+00,0.000000e+00,0.000000e+00,0.000000e+00,0.000000e+00,0.000000e+00
1.000000e+00,0.000000e+00,0.000000e+00,0.000000e+00,0.000000e+00,0.000000e+00,0.000000e+00,0.000000e+00,0.000000e+00,0.000000e+00,0.000000e+00,0.000000e+00,0.000000e+00,0.000000e+00,0.000000e+00
1.000000e+00,0.000000e+00,0.000000e+00,0.000000e+00,0.000000e+00,0.000000e+00,0.000000e+00,0.000000e+00,0.000000e+00,0.000000e+00,0.000000e+00,0.000000e+00,0.000000e+00,0.000000e+00,0.000000e+00
1.000000e+00,0.000000e+00,0.000000e+00,0.000000e+00,0.000000e+00,0.000000e+00,0.000000e+00,0.000000e+00,0.000000e+00,0.000000e+00,0.000000e+00,0.000000e+00,0.000000e+00,0.000000e+00,0.000000e+00
1.000000e+00,0.000000e+00,0.000000e+00,0.000000e+00,0.000000e+00,0.000000e+00,0.000000e+00,0.000000e+00,0.000000e+00,0.000000e+00,0.000000e+00,0.000000e+00,0.000000e+00,0.000000e+00,0.000000e+00
1.000000e+00,0.000000e+00,0.000000e+00,0.000000e+00,0.000000e+00,0.000000e+00,0.000000e+00,0.000000e+00,0.000000e+00,0.000000e+00,0.000000e+00,0.000000e+00,0.000000e+00,0.000000e+00,0.000000e+00
1.000000e+00,0.000000e+00,0.000000e+00,0.000000e+00,0.000000e+00,0.000000e+00,0.000000e+00,0.000000e+00,0.000000e+00,0.000000e+00,0.000000e+00,0.000000e+00,0.000000e+00,0.000000e+00,0.000000e+00
1.000000e+00,0.000000e+00,0.000000e+00,0.000000e+00,0.000000e+00,0.000000e+00,0.000000e+00,0.000000e+00,0.000000e+00,0.000000e+00,0.000000e+00,0.000000e+00,0.000000e+00,0.000000e+00,0.000000e+00
1.000000e+00,0.000000e+00,0.000000e+00,0.000000e+00,0.000000e+00,0.000000e+00,0.000000e+00,0.000000e+00,0.000000e+00,0.000000e+00,0.000000e+00,0.000000e+00,0.000000e+00,0.000000e+00,0.000000e+00
1.000000e+00,0.000000e+00,0.000000e+00,0.000000e+00,0.000000e+00,0.000000e+00,0.000000e+00,0.000000e+00,0.000000e+00,0.000000e+00,0.000000e+00,0.000000e+00,0.000000e+00,0.000000e+00,0.000000e+00
1.000000e+00,0.000000e+00,0.000000e+00,0.000000e+00,0.000000e+00,0.000000e+00,0.000000e+00,0.000000e+00,0.000000e+00,0.000000e+00,0.000000e+00,0.000000e+00,0.000000e+00,0.000000e+00,0.000000e+00
1.000000e+00,0.000000e+00,0.000000e+00,0.000000e+00,0.000000e+00,0.000000e+00,0.000000e+00,0.000000e+00,0.000000e+00,0.000000e+00,0.000000e+00,0.000000e+00,0.000000e+00,0.000000e+00,0.000000e+00
1.000000e+00,0.000000e+00,0.000000e+00,0.000000e+00,0.000000e+00,0.000000e+00,0.000000e+00,0.000000e+00,0.000000e+00,0.000000e+00,0.000000e+00,0.000000e+00,0.000000e+00,0.000000e+00,0.000000e+00
1.000000e+00,0.000000e+00,0.000000e+00,0.000000e+00,0.000000e+00,0.000000e+00,0.000000e+00,0.000000e+00,0.000000e+00,0.000000e+00,0.000000e+00,0.000000e+00,0.000000e+00,0.000000e+00,0.000000e+00
1.000000e+00,0.000000e+00,0.000000e+00,0.000000e+00,0.000000e+00,0.000000e+00,0.000000e+00,0.000000e+00,0.000000e+00,0.000000e+00,0.000000e+00,0.000000e+00,0.000000e+00,0.000000e+00,0.000000e+00
1.000000e+00,0.000000e+00,0.000000e+00,0.000000e+00,0.000000e+00,0.000000e+00,0.000000e+00,0.000000e+00,0.000000e+00,0.000000e+00,0.000000e+00,0.000000e+00,0.000000e+00,0.000000e+00,0.000000e+00
1.000000e+00,0.000000e+00,0.000000e+00,0.000000e+00,0.000000e+00,0.000000e+00,0.000000e+00,0.000000e+00,0.000000e+00,0.000000e+00,0.000000e+00,0.000000e+00,0.000000e+00,0.000000e+00,0.000000e+00
1.000000e+00,0.000000e+00,0.000000e+00,0.000000e+00,0.000000e+00,0.000000e+00,0.000000e+00,0.000000e+00,0.000000e+00,0.000000e+00,0.000000e+00,0.000000e+00,0.000000e+00,0.000000e+00,0.000000e+00
1.000000e+00,0.000000e+00,0.000000e+00,0.000000e+00,0.000000e+00,0.000000e+00,0.000000e+00,0.000000e+00,0.000000e+00,0.000000e+00,0.000000e+00,0.000000e+00,0.000000e+00,0.000000e+00,0.000000e+00
1.000000e+00,0.000000e+00,0.000000e+00,0.000000e+00,0.000000e+00,0.000000e+00,0.000000e+00,0.000000e+00,0.000000e+00,0.000000e+00,0.000000e+00,0.000000e+00,0.000000e+00,0.000000e+00,0.000000e+00
1.000000e+00,0.000000e+00,0.000000e+00,0.000000e+00,0.000000e+00,0.000000e+00,0.000000e+00,0.000000e+00,0.000000e+00,0.000000e+00,0.000000e+00,0.000000e+00,0.000000e+00,0.000000e+00,0.000000e+00
1.000000e+00,0.000000e+00,0.000000e+00,0.000000e+00,0.000000e+00,0.000000e+00,0.000000e+00,0.000000e+00,0.000000e+00,0.000000e+00,0.000000e+00,0.000000e+00,0.000000e+00,0.000000e+00,0.000000e+00
1.000000e+00,0.000000e+00,0.000000e+00,0.000000e+00,0.000000e+00,0.000000e+00,0.000000e+00,0.000000e+00,0.000000e+00,0.000000e+00,0.000000e+00,0.000000e+00,0.000000e+00,0.000000e+00,0.000000e+00
1.000000e+00,0.000000e+00,0.000000e+00,0.000000e+00,0.000000e+00,0.000000e+00,0.000000e+00,0.000000e+00,0.000000e+00,0.000000e+00,0.000000e+00,0.000000e+00,0.000000e+00,0.000000e+00,0.000000e+00
1.000000e+00,0.000000e+00,0.000000e+00,0.000000e+00,0.000000e+00,0.000000e+00,0.000000e+00,0.000000e+00,0.000000e+00,0.000000e+00,0.000000e+00,0.000000e+00,0.000000e+00,0.000000e+00,0.000000e+00
1.000000e+00,0.000000e+00,0.000000e+00,0.000000e+00,0.000000e+00,0.000000e+00,0.000000e+00,0.000000e+00,0.000000e+00,0.000000e+00,0.000000e+00,0.000000e+00,0.000000e+00,0.000000e+00,0.000000e+00
1.000000e+00,0.000000e+00,0.000000e+00,0.000000e+00,0.000000e+00,0.000000e+00,0.000000e+00,0.000000e+00,0.000000e+00,0.000000e+00,0.000000e+00,0.000000e+00,0.000000e+00,0.000000e+00,0.000000e+00
1.000000e+00,0.000000e+00,0.000000e+00,0.000000e+00,0.000000e+00,0.000000e+00,0.000000e+00,0.000000e+00,0.000000e+00,0.000000e+00,0.000000e+00,0.000000e+00,0.000000e+00,0.000000e+00,0.000000e+00
1.000000e+00,0.000000e+00,0.000000e+00,0.000000e+00,0.000000e+00,0.000000e+00,0.000000e+00,0.000000e+00,0.000000e+00,0.000000e+00,0.000000e+00,0.000000e+00,0.000000e+00,0.000000e+00,0.000000e+00
1.000000e+00,0.000000e+00,0.000000e+00,0.000000e+00,0.000000e+00,0.000000e+00,0.000000e+00,0.000000e+00,0.000000e+00,0.000000e+00,0.000000e+00,0.000000e+00,0.000000e+00,0.000000e+00,0.000000e+00
1.000000e+00,0.000000e+00,0.000000e+00,0.000000e+00,0.000000e+00,0.000000e+00,0.000000e+00,0.000000e+00,0.000000e+00,0.000000e+00,0.000000e+00,0.000000e+00,0.000000e+00,0.000000e+00,0.000000e+00
4.662328e-01,9.078452e-03,1.314406e-01,2.704386e-02,5.685910e-03,2.627973e-02,2.029727e-02,2.651878e-01,2.463116e-03,1.701792e-03,7.552596e-03,1.528472e-02,9.604720e-03,2.611270e-03,9.535313e-03
4.224251e-01,8.571453e-03,1.270475e-01,2.675159e-02,4.838812e-03,3.407089e-02,1.722841e-02,2.796435e-01,3.645985e-03,3.534867e-03,1.365400e-02,2.107313e-02,1.846914e-02,4.274369e-03,1.477124e-02
3.106689e-01,2.929845e-02,9.625975e-02,1.097323e-01,4.038377e-03,2.991300e-02,1.234370e-02,2.211741e-01,3.098013e-02,2.066994e-02,3.992419e-02,1.952210e-02,3.224500e-02,6.266242e-03,3.696382e-02
2.226557e-01,4.204423e-02,7.044271e-02,1.574424e-01,3.857467e-03,2.912427e-02,8.936118e-03,1.565314e-01,4.443246e-02,2.040785e-02,7.699233e-02,1.652790e-02,6.224409e-02,8.366227e-03,7.999478e-02
1.586446e-01,3.684633e-02,5.061810e-02,2.339227e-01,5.566891e-03,3.399760e-02,6.491262e-03,1.099536e-01,5.173509e-02,2.051317e-02,9.532753e-02,1.464100e-02,6.630896e-02,8.108320e-03,1.073248e-01
1.117831e-01,2.668154e-02,3.624293e-02,1.930044e-01,5.353759e-03,3.785490e-02,4.706352e-03,7.702649e-02,4.347260e-02,1.683828e-02,1.304939e-01,1.779402e-02,7.020602e-02,1.093820e-02,2.176036e-01
7.865294e-02,2.219372e-02,2.624629e-02,2.755507e-01,5.025351e-03,4.097839e-02,3.416150e-03,5.394740e-02,3.466516e-02,1.348734e-02,1.534137e-01,2.061612e-02,7.516061e-02,9.476916e-03,1.871692e-01
5.535552e-02,1.595211e-02,1.872016e-02,2.203865e-01,4.391358e-03,1.412092e-01,2.443776e-03,3.777796e-02,2.545661e-02,1.129706e-02,1.676862e-01,3.965371e-02,1.025954e-01,7.594943e-03,1.494794e-01
3.883822e-02,1.121568e-02,1.317856e-02,1.567731e-01,3.883173e-03,1.617541e-01,1.734468e-03,2.644786e-02,1.792957e-02,1.613031e-02,1.618524e-01,4.406158e-02,1.239851e-01,5.498625e-03,2.167172e-01
2.727224e-02,7.898812e-03,9.484238e-03,1.121304e-01,3.373646e-03,1.627010e-01,1.226655e-03,1.852393e-02,1.265593e-02,1.807938e-02,1.588295e-01,7.504606e-02,1.315120e-01,4.053874e-03,2.572124e-01
1.921297e-02,5.551293e-03,7.840087e-03,8.003189e-02,9.643725e-03,1.234722e-01,9.101399e-04,1.332745e-02,9.227933e-03,2.149641e-02,1.839746e-01,1.480895e-01,1.465840e-01,5.085816e-03,2.255520e-01
1.373898e-02,3.929011e-03,1.674097e-02,5.727500e-02,3.439785e-02,9.513405e-02,8.033230e-04,1.224666e-02,8.879667e-03,1.762955e-02,2.428692e-01,1.837025e-01,1.368927e-01,4.615382e-03,1.711451e-01
1.017527e-02,2.821052e-03,1.434901e-02,4.088034e-02,2.950553e-02,1.197345e-01,2.191438e-03,1.393851e-02,7.445992e-03,1.377278e-02,1.768157e-01,1.822644e-01,2.527642e-01,3.724582e-03,1.296166e-01
8.229256e-03,2.052776e-03,1.223824e-02,2.887618e-02,2.638647e-02,9.093379e-02,4.557155e-03,1.234458e-02,6.710755e-03,1.031167e-02,1.263786e-01,3.201710e-01,2.471377e-01,4.096543e-03,9.957537e-02
7.586457e-03,1.523223e-03,1.034872e-02,2.062311e-02,2.167253e-02,7.114176e-02,5.398832e-03,1.295952e-02,5.258611e-03,7.378073e-03,8.901981e-02,4.666042e-01,2.037763e-01,3.110521e-03,7.359836e-02
6.701496e-03,1.123417e-03,7.536740e-03,1.455418e-02,1.696684e-02,5.373457e-02,4.412824e-03,1.421600e-02,3.993267e-03,5.331803e-03,6.259899e-02,6.023597e-01,1.504341e-01,2.897282e-03,5.313878e-02
6.496762e-03,9.270115e-04,5.884765e-03,1.029990e-02,1.737106e-02,4.058398e-02,5.248456e-03,1.300909e-02,4.458759e-03,3.925650e-03,4.431997e-02,6.929163e-01,1.141750e-01,2.240217e-03,3.814308e-02
7.366171e-03,9.504074e-04,5.423093e-03,7.793507e-03,1.445849e-02,3.137590e-02,4.633051e-03,3.142890e-02,7.059594e-03,3.257687e-03,3.246776e-02,7.342790e-01,9.040008e-02,1.887913e-03,2.721835e-02
1.628182e-02,2.183609e-03,5.449199e-03,1.098874e-02,1.288220e-02,2.614263e-02,3.830244e-03,5.279932e-02,1.263230e-02,3.860721e-03,2.934331e-02,7.000393e-01,1.012891e-01,2.543504e-03,1.973395e-02
1.667481e-02,2.176486e-03,6.808748e-03,9.949332e-03,1.533486e-02,2.385321e-02,3.748038e-03,5.210447e-02,1.301346e-02,3.552113e-03,2.192874e-02,7.311957e-01,8.318565e-02,2.233860e-03,1.424050e-02
2.675468e-02,2.101852e-03,1.825100e-02,1.229532e-02,1.885762e-02,1.965609e-02,5.071153e-03,1.262199e-01,1.382511e-02,6.043399e-03,1.952324e-02,6.520624e-01,6.420606e-02,4.765449e-03,1.036670e-02
3.688372e-02,2.616852e-03,2.598616e-02,1.846025e-02,2.305380e-02,1.855895e-02,4.618467e-03,1.452585e-01,1.906758e-02,9.563149e-03,1.560285e-02,6.165273e-01,5.036845e-02,5.895853e-03,7.538083e-03
4.952028e-02,8.773140e-03,3.695338e-02,1.653804e-02,6.730472e-02,2.997670e-02,5.905167e-03,1.134741e-01,2.970547e-02,1.814297e-02,1.431955e-02,5.429904e-01,3.982376e-02,1.170921e-02,1.486312e-02
5.331888e-02,1.902009e-02,6.486654e-02,1.616237e-02,1.022146e-01,3.296118e-02,1.456605e-02,1.286877e-01,4.411737e-02,1.549061e-02,1.220493e-02,4.337945e-01,3.480681e-02,1.069608e-02,1.709226e-02
4.899959e-02,2.226461e-02,8.872986e-02,5.186051e-02,1.095183e-01,3.316727e-02,1.239942e-02,1.844429e-01,4.490287e-02,1.256092e-02,1.055948e-02,3.291057e-01,2.833263e-02,8.475546e-03,1.468044e-02
4.641068e-02,4.045745e-02,8.448121e-02,4.147924e-02,9.300769e-02,5.248905e-02,1.257613e-02,2.083826e-01,7.517788e-02,9.586950e-03,7.866561e-03,2.772279e-01,3.198029e-02,6.947728e-03,1.192867e-02
4.694301e-02,3.692117e-02,8.720215e-02,3.168245e-02,8.527794e-02,4.682642e-02,2.506756e-02,2.603360e-01,7.842931e-02,7.106329e-03,6.178742e-03,2.481231e-01,2.589603e-02,5.231102e-03,8.778750e-03
8.293425e-02,5.798843e-02,7.996070e-02,4.176008e-02,8.044298e-02,4.053822e-02,2.121606e-02,2.780718e-01,7.902434e-02,6.725780e-03,5.253875e-03,1.790634e-01,3.085633e-02,4.977147e-03,1.118659e-02
8.492120e-02,6.710386e-02,8.467665e-02,1.030900e-01,7.261645e-02,3.148878e-02,2.208316e-02,2.223157e-01,7.828984e-02,1.500737e-02,8.214293e-03,1.489096e-01,2.749847e-02,6.066442e-03,2.771825e-02
1.011794e-01,6.910135e-02,9.113394e-02,9.203580e-02,5.886353e-02,2.735108e-02,2.298230e-02,2.231434e-01,9.577957e-02,1.607541e-02,8.498471e-03,1.243926e-01,2.554798e-02,5.911174e-03,3.800393e-02
1.149203e-01,8.752774e-02,7.865993e-02,7.484402e-02,5.006983e-02,2.417232e-02,2.304284e-02,1.783837e-01,1.687691e-01,2.356356e-02,9.927114e-03,9.227178e-02,3.151366e-02,5.542723e-03,3.679135e-02
1.212449e-01,1.040074e-01,6.015814e-02,5.680994e-02,5.953667e-02,2.291481e-02,2.354504e-02,1.522708e-01,2.270927e-01,2.497158e-02,9.311160e-03,6.744971e-02,3.345726e-02,4.547167e-03,3.268271e-02
1.152883e-01,1.616376e-01,4.646650e-02,4.415020e-02,4.727946e-02,2.355794e-02,1.718433e-02,1.218956e-01,2.749587e-01,2.401697e-02,8.709911e-03,4.820298e-02,2.917270e-02,4.920972e-03,3.255780e-02
1.070005e-01,2.284431e-01,3.864782e-02,4.980497e-02,3.427210e-02,2.264505e-02,1.248876e-02,8.922085e-02,2.656539e-01,2.959059e-02,9.843284e-03,3.586790e-02,2.636296e-02,4.283496e-03,4.587471e-02
1.105276e-01,1.927278e-01,3.629933e-02,1.009024e-01,2.706317e-02,2.400891e-02,9.577567e-03,6.450179e-02,2.817772e-01,2.453831e-02,2.737471e-02,2.878057e-02,3.088495e-02,3.562155e-03,3.747346e-02
8.840255e-02,1.362905e-01,2.667422e-02,7.456698e-02,1.922658e-02,2.748699e-02,6.822816e-03,4.550657e-02,2.030960e-01,1.785441e-02,3.111137e-02,3.069636e-02,2.213196e-01,2.924082e-03,6.802101e-02
7.596435e-02,9.703300e-02,2.100641e-02,6.538380e-02,1.559245e-02,2.376740e-02,4.976755e-03,3.239761e-02,1.476763e-01,1.416952e-02,6.669438e-02,3.835973e-02,3.351786e-01,2.404262e-03,5.939542e-02
5.563737e-02,7.014357e-02,1.678347e-02,4.899468e-02,1.235422e-02,1.996102e-02,3.662769e-03,2.296355e-02,1.047236e-01,1.055774e-02,4.932563e-02,3.225174e-02,4.980396e-01,3.871988e-03,5.072908e-02
4.044329e-02,4.980044e-02,1.896773e-02,3.493703e-02,1.109499e-02,1.524704e-02,2.855870e-03,1.912970e-02,7.385710e-02,8.694356e-03,3.988493e-02,2.425853e-02,4.112011e-01,4.287991e-03,2.453399e-01
3.284165e-02,3.853479e-02,9.815741e-02,3.909735e-02,1.427685e-02,2.066436e-02,2.171092e-03,1.994518e-02,5.240403e-02,7.243135e-03,3.589255e-02,2.270527e-02,3.400677e-01,4.055945e-03,2.719428e-01
2.462195e-02,2.827617e-02,9.884189e-02,3.754886e-02,1.110299e-02,2.009320e-02,1.573561e-03,1.515273e-02,3.701985e-02,5.647631e-03,2.549005e-02,1.599107e-02,2.390359e-01,3.160213e-03,4.364439e-01
1.951410e-02,2.087005e-02,8.193555e-02,2.835280e-02,8.625302e-03,2.288546e-02,1.179005e-03,1.084526e-02,2.616701e-02,4.752719e-03,1.823485e-02,1.132039e-02,1.681639e-01,2.636523e-03,5.745171e-01
1.838477e-02,1.601177e-02,6.496178e-02,2.186758e-02,7.862205e-03,1.790329e-02,9.285780e-04,7.868722e-03,1.982367e-02,5.932842e-03,1.301640e-02,8.013634e-03,1.185012e-01,2.384251e-03,6.765393e-01
1.666491e-02,1.238467e-02,9.587954e-02,4.182195e-02,8.368531e-03,1.375387e-02,9.083224e-04,6.839222e-03,1.615345e-02,8.366879e-03,1.056723e-02,6.288793e-03,8.447751e-02,1.973128e-03,6.755520e-01
1.670579e-02,1.142003e-02,1.160760e-01,1.421687e-01,6.937355e-03,1.511416e-02,7.209264e-04,4.924090e-03,1.583500e-02,3.097474e-02,6.747901e-02,7.884263e-03,6.742962e-02,1.699884e-03,4.946304e-01
2.675479e-02,1.650442e-02,1.047268e-01,2.089897e-01,6.554352e-03,1.394475e-02,7.230315e-04,3.988310e-03,2.722120e-02,3.020694e-02,1.042400e-01,1.445748e-02,7.440080e-02,2.558071e-03,3.647294e-01
3.134691e-02,1.421160e-02,8.135849e-02,1.874160e-01,7.525778e-03,1.472113e-02,7.613536e-04,3.375683e-03,2.345877e-02,2.308466e-02,1.860691e-01,1.920571e-02,1.101199e-01,3.843801e-03,2.935011e-01
2.741995e-02,1.072349e-02,5.879499e-02,1.354193e-01,6.404113e-03,1.195821e-02,8.170033e-04,2.846667e-03,2.183206e-02,2.505605e-02,1.935408e-01,2.902553e-02,1.955397e-01,2.351234e-02,2.571098e-01
4.095219e-02,9.065042e-03,5.803056e-02,1.006441e-01,1.880771e-02,9.567348e-03,1.163509e-03,7.663939e-03,2.831949e-02,3.301692e-02,2.112792e-01,2.602253e-02,1.879610e-01,6.143185e-02,2.060746e-01
4.122951e-02,8.076744e-03,4.445316e-02,7.284709e-02,1.686324e-02,7.373359e-03,1.130798e-03,6.269115e-03,5.883826e-02,3.784474e-02,1.599365e-01,2.253619e-02,1.457150e-01,1.998683e-01,1.770180e-01
3.823639e-02,9.081615e-03,4.210094e-02,5.519813e-02,1.617247e-02,6.760248e-03,1.338030e-03,4.824869e-03,7.428262e-02,3.748462e-02,1.221197e-01,2.277863e-02,1.172568e-01,2.973233e-01,1.550415e-01
3.975151e-02,1.146586e-02,4.753586e-02,4.262191e-02,4.407740e-02,6.091224e-03,2.498815e-03,6.357710e-03,1.008928e-01,3.266840e-02,1.037434e-01,2.378154e-02,1.223054e-01,2.761123e-01,1.400958e-01
4.012677e-02,1.047506e-02,3.491855e-02,3.070167e-02,3.559794e-02,6.983969e-03,2.087018e-03,5.261411e-03,1.598176e-01,2.801796e-02,8.031765e-02,3.287803e-02,1.001715e-01,2.938064e-01,1.388384e-01
3.342470e-02,1.244043e-02,2.831919e-02,2.383925e-02,2.761852e-02,7.137403e-03,2.148115e-03,6.698283e-03,2.161727e-01,2.716242e-02,6.642888e-02,3.424964e-02,9.442638e-02,2.650796e-01,1.548545e-01
2.578853e-02,1.273961e-02,2.312785e-02,1.750069e-02,2.018627e-02,5.616009e-03,1.690055e-03,5.202993e-03,2.572419e-01,2.899901e-02,5.123055e-02,2.562118e-02,7.123297e-02,3.201801e-01,1.336423e-01
3.541800e-02,3.303370e-02,1.899664e-02,2.128558e-02,1.560978e-02,5.256192e-03,1.436958e-03,3.981071e-03,3.290027e-01,2.515288e-02,4.117604e-02,1.985560e-02,5.294723e-02,2.761494e-01,1.206983e-01
7.127451e-02,2.957201e-02,1.523037e-02,1.685159e-02,1.553086e-02,5.496874e-03,1.481602e-03,4.131033e-03,2.847717e-01,2.813686e-02,4.028406e-02,1.647722e-02,4.910647e-02,3.077890e-01,1.138659e-01
9.923926e-02,2.434252e-02,1.338748e-02,1.316024e-02,1.609737e-02,4.904255e-03,1.289625e-03,3.464697e-03,3.061499e-01,2.749825e-02,4.189853e-02,1.410667e-02,4.458548e-02,2.793683e-01,1.105073e-01
1.202694e-01,2.623801e-02,1.027382e-02,1.235112e-02,2.667966e-02,2.080287e-02,1.644981e-03,4.005026e-03,2.785763e-01,2.131628e-02,3.427979e-02,3.204078e-02,1.086950e-01,2.025612e-01,1.002658e-01
1.513428e-01,2.657835e-02,7.581394e-03,1.213303e-02,2.512698e-02,2.303480e-02,1.660792e-03,4.750151e-03,2.337895e-01,1.603630e-02,2.683794e-02,3.915534e-02,1.770670e-01,1.526641e-01,1.022415e-01
2.287759e-01,3.980331e-02,6.062292e-03,2.409095e-02,2.208195e-02,2.331911e-02,1.492132e-03,5.223302e-03,2.249659e-01,1.256866e-02,2.585291e-02,3.116606e-02,1.514167e-01,1.110923e-01,9.208853e-02
2.470235e-01,4.068632e-02,5.908094e-03,1.991466e-02,3.320147e-02,3.230406e-02,1.898413e-03,1.339952e-02,1.887447e-01,9.828614e-03,2.824762e-02,3.238918e-02,1.876320e-01,8.290011e-02,7.592172e-02
1.912950e-01,3.414941e-02,5.116011e-03,1.488704e-02,3.716233e-02,3.511814e-02,1.719493e-03,1.289169e-02,1.562509e-01,7.156276e-03,2.570142e-02,2.816661e-02,3.327040e-01,5.969810e-02,5.798361e-02
1.553387e-01,2.766946e-02,5.359988e-03,1.204416e-02,4.223382e-02,4.396312e-02,2.032920e-03,2.995025e-02,1.595258e-01,5.583520e-03,2.332832e-02,2.676888e-02,3.759192e-01,4.448545e-02,4.579638e-02
1.380168e-01,2.495987e-02,2.681517e-02,2.274614e-02,4.992857e-02,4.357200e-02,3.136460e-03,1.119626e-01,1.615043e-01,4.854962e-03,2.304707e-02,2.184515e-02,2.986120e-01,3.340129e-02,3.559763e-02
1.409234e-01,2.034989e-02,2.988572e-02,2.308108e-02,4.410891e-02,4.765262e-02,5.352807e-03,2.293911e-01,1.419187e-01,3.716237e-03,1.824470e-02,1.709109e-02,2.276151e-01,2.430211e-02,2.636653e-02
1.410301e-01,1.873284e-02,3.320197e-02,1.853759e-02,1.276305e-01,4.915937e-02,5.812870e-03,2.022033e-01,1.321357e-01,2.885535e-03,1.501554e-02,1.744173e-02,1.960437e-01,1.887546e-02,2.129393e-02
1.429354e-01,1.826396e-02,3.350233e-02,1.515787e-02,1.747871e-01,6.134729e-02,6.414625e-03,1.921902e-01,1.084090e-01,2.514558e-03,1.527065e-02,2.247833e-02,1.644733e-01,2.522692e-02,1.702845e-02
1.531411e-01,1.549174e-02,3.064742e-02,1.490621e-02,1.458055e-01,9.495743e-02,2.153049e-02,2.089277e-01,1.065436e-01,3.226123e-03,1.271505e-02,1.828595e-02,1.410371e-01,1.861709e-02,1.416769e-02
1.711244e-01,1.628130e-02,2.593608e-02,1.291942e-02,1.536300e-01,1.042608e-01,2.265155e-02,1.815514e-01,1.331243e-01,3.628809e-03,1.014680e-02,1.505717e-02,1.243061e-01,1.372671e-02,1.165501e-02
1.658280e-01,1.667882e-02,2.023266e-02,1.016815e-02,1.571525e-01,9.137286e-02,1.955234e-02,1.385824e-01,1.523215e-01,3.861632e-03,8.307514e-03,1.616564e-02,1.792728e-01,1.034125e-02,1.016187e-02
1.673104e-01,1.792157e-02,1.549091e-02,8.582489e-03,1.614624e-01,7.641460e-02,1.612143e-02,1.033582e-01,1.381331e-01,3.506610e-03,7.588644e-03,3.399128e-02,2.311843e-01,8.736558e-03,1.019758e-02
2.100078e-01,2.125835e-02,2.243279e-02,1.767892e-02,1.367880e-01,6.489637e-02,1.484550e-02,1.088238e-01,1.095546e-01,4.628435e-03,9.348771e-03,5.987278e-02,1.998085e-01,8.503040e-03,1.155240e-02
2.214745e-01,2.109453e-02,3.410713e-02,2.704053e-02,1.205245e-01,6.061434e-02,1.292560e-02,1.598480e-01,9.264472e-02,5.468136e-03,1.295206e-02,6.364031e-02,1.480555e-01,7.537162e-03,1.207301e-02
2.975992e-01,2.345317e-02,3.582355e-02,2.750556e-02,1.122260e-01,4.877223e-02,1.125680e-02,1.377351e-01,8.272329e-02,6.125120e-03,1.359091e-02,6.278393e-02,1.151251e-01,9.703328e-03,1.557675e-02
3.855781e-01,2.351315e-02,3.744916e-02,3.248915e-02,9.433176e-02,3.832277e-02,9.747375e-03,1.209647e-01,6.696460e-02,6.418590e-03,1.399516e-02,5.293430e-02,8.677147e-02,1.007731e-02,2.044240e-02
4.759890e-01,2.145514e-02,3.585590e-02,2.987266e-02,8.505891e-02,2.988480e-02,8.233735e-03,9.670593e-02,5.780671e-02,6.082682e-03,1.244738e-02,4.322840e-02,6.450813e-02,1.209946e-02,2.077117e-02
4.949557e-01,1.782328e-02,4.433256e-02,4.725389e-02,7.923318e-02,2.515405e-02,7.071540e-03,9.731600e-02,4.524304e-02,5.915025e-03,1.385716e-02,4.414747e-02,4.817308e-02,1.123423e-02,1.828977e-02
1.000000e+00,0.000000e+00,0.000000e+00,0.000000e+00,0.000000e+00,0.000000e+00,0.000000e+00,0.000000e+00,0.000000e+00,0.000000e+00,0.000000e+00,0.000000e+00,0.000000e+00,0.000000e+00,0.000000e+00
1.000000e+00,0.000000e+00,0.000000e+00,0.000000e+00,0.000000e+00,0.000000e+00,0.000000e+00,0.000000e+00,0.000000e+00,0.000000e+00,0.000000e+00,0.000000e+00,0.000000e+00,0.000000e+00,0.000000e+00
1.000000e+00,0.000000e+00,0.000000e+00,0.000000e+00,0.000000e+00,0.000000e+00,0.000000e+00,0.000000e+00,0.000000e+00,0.000000e+00,0.000000e+00,0.000000e+00,0.000000e+00,0.000000e+00,0.000000e+00
1.000000e+00,0.000000e+00,0.000000e+00,0.000000e+00,0.000000e+00,0.000000e+00,0.000000e+00,0.000000e+00,0.000000e+00,0.000000e+00,0.000000e+00,0.000000e+00,0.000000e+00,0.000000e+00,0.000000e+00
1.000000e+00,0.000000e+00,0.000000e+00,0.000000e+00,0.000000e+00,0.000000e+00,0.000000e+00,0.000000e+00,0.000000e+00,0.000000e+00,0.000000e+00,0.000000e+00,0.000000e+00,0.000000e+00,0.000000e+00
1.000000e+00,0.000000e+00,0.000000e+00,0.000000e+00,0.000000e+00,0.000000e+00,0.000000e+00,0.000000e+00,0.000000e+00,0.000000e+00,0.000000e+00,0.000000e+00,0.000000e+00,0.000000e+00,0.000000e+00
3.796191e-01,7.369110e-03,1.349170e-02,5.523733e-02,2.257575e-02,2.637186e-02,4.979899e-03,1.466740e-01,2.354844e-02,7.542626e-03,2.659852e-02,6.149168e-02,2.108969e-01,2.902442e-03,1.070062e-02
2.658285e-01,5.202521e-03,9.585563e-03,4.173624e-02,1.605559e-02,1.975059e-02,3.525186e-03,1.027389e-01,1.666540e-02,5.970071e-03,2.541743e-02,5.394229e-02,4.236541e-01,2.068974e-03,7.858654e-03
1.861195e-01,3.649411e-03,6.717800e-03,2.929757e-02,1.141545e-02,1.426662e-02,2.480476e-03,7.198796e-02,1.195544e-02,4.241397e-03,1.889622e-02,4.375717e-02,5.881667e-01,1.467636e-03,5.580646e-03
1.308358e-01,3.249382e-03,5.542137e-03,2.059598e-02,8.990102e-03,1.012808e-02,2.120916e-03,5.055197e-02,9.690307e-03,4.105729e-03,1.622600e-02,4.578123e-02,6.854690e-01,1.445056e-03,5.268333e-03
9.223991e-02,2.714032e-03,4.664883e-03,1.445140e-02,6.423468e-03,7.164053e-03,2.054066e-03,3.548179e-02,9.153568e-03,6.269107e-03,1.302735e-02,5.553573e-02,7.416891e-01,4.717811e-03,4.413713e-03
6.557639e-02,2.264204e-03,4.055099e-03,1.024054e-02,4.732504e-03,5.191375e-03,1.654731e-03,2.524338e-02,1.067326e-02,8.038100e-03,1.504842e-02,1.013716e-01,7.343804e-01,7.932331e-03,3.597657e-03
4.616025e-02,1.844707e-03,2.901737e-03,7.207179e-03,3.360448e-03,3.668719e-03,1.221598e-03,1.781496e-02,2.909457e-02,9.724596e-03,1.387049e-02,1.891092e-01,6.631548e-01,7.760222e-03,3.106448e-03
3.254955e-02,7.839037e-03,2.345257e-03,5.505265e-03,6.872595e-03,2.712503e-03,9.204454e-04,1.261994e-02,1.346939e-01,3.092256e-02,1.373826e-02,2.320247e-01,5.073363e-01,6.938516e-03,2.981182e-03
2.529927e-02,5.888252e-03,1.767114e-03,4.993078e-03,7.674927e-03,2.697381e-03,1.760867e-03,9.455512e-03,1.404629e-01,6.011103e-02,4.431990e-02,3.042479e-01,3.800808e-01,7.244026e-03,3.997091e-03
1.893195e-02,6.902669e-03,3.262841e-03,5.757789e-03,2.163895e-02,2.121322e-03,1.365060e-03,8.709817e-03,1.448319e-01,1.135323e-01,5.393947e-02,3.285473e-01,2.724241e-01,1.479912e-02,3.235335e-03
1.435471e-02,5.167020e-03,2.576155e-03,6.119410e-03,2.236317e-02,1.812060e-03,1.109945e-03,1.120172e-02,1.286326e-01,1.500366e-01,6.867901e-02,3.747889e-01,1.979219e-01,1.257542e-02,2.661472e-03
1.311413e-02,3.966316e-03,3.964865e-03,1.023165e-02,2.168652e-02,3.107230e-02,4.170169e-03,3.670213e-02,1.005416e-01,1.731011e-01,8.316988e-02,3.617295e-01,1.437093e-01,1.054705e-02,2.293514e-03
1.002187e-02,2.887056e-03,3.036027e-03,8.412585e-03,3.685709e-02,2.279870e-02,3.322852e-03,2.793462e-02,8.195446e-02,1.291313e-01,1.041926e-01,4.569064e-01,1.026810e-01,8.115110e-03,1.748450e-03
8.188562e-03,5.863781e-03,4.041377e-03,8.748038e-03,2.406108e-01,1.785152e-02,3.632066e-03,2.162681e-02,6.597764e-02,9.192328e-02,9.678295e-02,3.544589e-01,7.245654e-02,6.179240e-03,1.658509e-03
6.557790e-03,4.639295e-03,4.852499e-03,1.169430e-02,3.732016e-01,1.506828e-02,2.934447e-03,2.109303e-02,8.390905e-02,6.666147e-02,9.171876e-02,2.580023e-01,5.220075e-02,5.449962e-03,2.016482e-03
7.732382e-03,3.615219e-03,5.073823e-03,9.812191e-03,4.974013e-01,1.253019e-02,3.728655e-03,3.005144e-02,7.049122e-02,4.720733e-02,8.133128e-02,1.845771e-01,3.957353e-02,5.019575e-03,1.854842e-03
2.854377e-02,4.689399e-03,1.856392e-02,1.412578e-02,4.757029e-01,1.150571e-02,5.205260e-03,5.822299e-02,8.315959e-02,3.672336e-02,8.207181e-02,1.365499e-01,3.557643e-02,6.328601e-03,3.030591e-03
4.243540e-02,7.552270e-03,2.919983e-02,1.808080e-02,4.691677e-01,1.371763e-02,5.619458e-03,5.201063e-02,1.037401e-01,3.013786e-02,8.767277e-02,9.954097e-02,3.034525e-02,7.044864e-03,3.734515e-03
6.616089e-02,1.651520e-02,2.995363e-02,1.893152e-02,4.333609e-01,2.240561e-02,6.403192e-03,5.161680e-02,1.308742e-01,2.536456e-02,7.815775e-02,7.422245e-02,2.470200e-02,1.006912e-02,1.126217e-02
7.937071e-02,2.018180e-02,2.978187e-02,1.952034e-02,4.022776e-01,1.996076e-02,5.578700e-03,4.934305e-02,1.376496e-01,3.627849e-02,7.552740e-02,5.401868e-02,1.864452e-02,4.246714e-02,9.399395e-03
1.064236e-01,2.128002e-02,3.232259e-02,3.621628e-02,3.830411e-01,1.710748e-02,5.058824e-03,5.097006e-02,1.404626e-01,3.336362e-02,6.762154e-02,4.316707e-02,1.390928e-02,3.932562e-02,9.730347e-03
9.466243e-02,1.746143e-02,2.923583e-02,3.887285e-02,3.490885e-01,1.368441e-02,4.361348e-03,1.755149e-01,1.195716e-01,2.693657e-02,5.131920e-02,3.234116e-02,1.015711e-02,2.955920e-02,7.233391e-03
7.461055e-02,1.378918e-02,2.387911e-02,3.313417e-02,2.869265e-01,1.061777e-02,3.305675e-03,3.361151e-01,9.936224e-02,2.127225e-02,3.872414e-02,2.372430e-02,7.289168e-03,2.208658e-02,5.163177e-03
8.913399e-02,1.398351e-02,2.179819e-02,3.269130e-02,3.366290e-01,1.266215e-02,5.409737e-03,2.665052e-01,1.219730e-01,1.783817e-02,3.032770e-02,2.092221e-02,8.770524e-03,1.706504e-02,4.290295e-03
1.731213e-01,1.437749e-02,1.863429e-02,4.348247e-02,2.850080e-01,1.470610e-02,5.468929e-03,2.188013e-01,1.027505e-01,1.744344e-02,3.346847e-02,2.436956e-02,2.632442e-02,1.325286e-02,8.790808e-03
2.060956e-01,1.416947e-02,1.384822e-02,4.238437e-02,2.266170e-01,1.386857e-02,5.480409e-03,1.620343e-01,8.649535e-02,1.707531e-02,3.626033e-02,3.618962e-02,1.161884e-01,1.054527e-02,1.274776e-02
1.606342e-01,1.047558e-02,1.084630e-02,3.113229e-02,1.658657e-01,1.059581e-02,4.213894e-03,1.160959e-01,6.659831e-02,1.362732e-02,4.687737e-02,3.072125e-02,3.127161e-01,7.894797e-03,1.170528e-02
1.569749e-01,8.202427e-03,8.260594e-03,2.366477e-02,1.198217e-01,9.903284e-03,3.565886e-03,8.287969e-02,5.847385e-02,1.155165e-02,5.488320e-02,3.417504e-02,4.094282e-01,8.197227e-03,1.001753e-02
2.509879e-01,9.332618e-03,8.312959e-03,1.862684e-02,8.719344e-02,2.133476e-02,3.839144e-03,6.442849e-02,5.111888e-02,1.064516e-02,4.834666e-02,6.349108e-02,3.467965e-01,7.221251e-03,8.324229e-03
2.209769e-01,7.429122e-03,6.188348e-03,1.371274e-02,6.238988e-02,1.997202e-02,3.169003e-03,4.566115e-02,4.252998e-02,1.029932e-02,5.922816e-02,2.232821e-01,2.691684e-01,9.325801e-03,6.667038e-03
1.613795e-01,6.860827e-03,4.766871e-03,1.002529e-02,4.556863e-02,1.503546e-02,2.591220e-03,3.235118e-02,3.199718e-02,9.508695e-03,7.574023e-02,3.699605e-01,2.142788e-01,1.467362e-02,5.262059e-03
1.144243e-01,1.201064e-02,3.331925e-02,8.438477e-03,4.815606e-02,1.070577e-02,1.929571e-03,2.516969e-02,3.397381e-02,9.090843e-03,7.569921e-02,4.363046e-01,1.678493e-01,1.875944e-02,4.168992e-03
8.752269e-02,1.095783e-02,2.719115e-02,7.863560e-03,3.580464e-02,7.706451e-03,1.528419e-03,2.334219e-02,3.147232e-02,1.609834e-02,8.327864e-02,4.732627e-01,1.285455e-01,6.212056e-02,3.305023e-03
1.588033e-01,9.846497e-03,2.502282e-02,1.296313e-02,2.977357e-02,2.119710e-02,1.990370e-03,3.813091e-02,2.746878e-02,2.387968e-02,1.127949e-01,3.832670e-01,9.233747e-02,5.940282e-02,3.121690e-03
1.381839e-01,9.275086e-03,2.274679e-02,2.251860e-02,2.419571e-02,1.790548e-02,1.723417e-03,3.540877e-02,5.509967e-02,2.373838e-02,1.381256e-01,3.738818e-01,6.729731e-02,6.667814e-02,3.221287e-03
1.249788e-01,1.411701e-02,5.764636e-02,2.324723e-02,1.942237e-02,1.470493e-02,1.556160e-03,5.278906e-02,6.452464e-02,2.228734e-02,1.536441e-01,3.329572e-01,4.967266e-02,6.554795e-02,2.904109e-03
1.371705e-01,1.502942e-02,5.097017e-02,1.931881e-02,1.656985e-02,1.460537e-02,1.442514e-03,5.369021e-02,7.758601e-02,1.794197e-02,1.651632e-01,2.485084e-01,3.637728e-02,1.427783e-01,2.848028e-03
1.163332e-01,2.141158e-02,4.466435e-02,1.649506e-02,1.878165e-02,1.293443e-02,1.136065e-03,4.178224e-02,1.286051e-01,1.546006e-02,1.691217e-01,1.864161e-01,2.700581e-02,1.967580e-01,3.094709e-03
9.466874e-02,2.771728e-02,4.565150e-02,1.974875e-02,2.568948e-02,1.099711e-02,1.103594e-03,4.595451e-02,1.567129e-01,1.374287e-02,1.562402e-01,1.412762e-01,2.105337e-02,2.364191e-01,3.024321e-03
7.347008e-02,2.509882e-02,3.537656e-02,1.609663e-02,1.916981e-02,9.350397e-03,8.138677e-04,3.541606e-02,1.680233e-01,1.389165e-02,1.525789e-01,1.108304e-01,1.679563e-02,3.193905e-01,3.697509e-03
7.091773e-02,4.849929e-02,3.155125e-02,1.305251e-02,1.458137e-02,1.072882e-02,7.962020e-04,3.839659e-02,1.711054e-01,1.322633e-02,1.358563e-01,8.147528e-02,1.297583e-02,3.530195e-01,3.817612e-03
6.012774e-02,3.607776e-02,1.284714e-01,4.938719e-02,1.850608e-02,8.613829e-03,1.360794e-03,1.084389e-01,1.375623e-01,1.085148e-02,1.089499e-01,5.749061e-02,9.930717e-03,2.614355e-01,2.795734e-03
7.234883e-02,4.002867e-02,1.203604e-01,5.881281e-02,4.615968e-02,1.170771e-02,1.439675e-03,9.964927e-02,1.464776e-01,2.297369e-02,9.682280e-02,4.183033e-02,8.917542e-03,2.288119e-01,3.659149e-03
7.688260e-02,3.593269e-02,2.141094e-01,6.332215e-02,4.370103e-02,1.089483e-02,1.573261e-03,9.264058e-02,1.244423e-01,3.453241e-02,9.010857e-02,3.113912e-02,7.149934e-03,1.700938e-01,3.477268e-03
7.096707e-02,2.957336e-02,3.494306e-01,6.256907e-02,3.491910e-02,1.006689e-02,1.574762e-03,7.677336e-02,9.833509e-02,4.347038e-02,6.884463e-02,2.305959e-02,5.441428e-03,1.218673e-01,3.107438e-03
8.982497e-02,2.993049e-02,3.863213e-01,5.049562e-02,2.881731e-02,9.286670e-03,1.553081e-03,5.548786e-02,7.989351e-02,8.410547e-02,6.584074e-02,1.760466e-02,4.256917e-03,8.786757e-02,8.713771e-03
8.773525e-02,2.528906e-02,3.307237e-01,1.329674e-01,6.431101e-02,1.518840e-02,1.992967e-03,7.198002e-02,7.052678e-02,6.154337e-02,5.023164e-02,1.375952e-02,3.636613e-03,6.297717e-02,7.137099e-03
1.018388e-01,3.441920e-02,2.772281e-01,1.642306e-01,6.887712e-02,1.649059e-02,2.229222e-03,7.365303e-02,9.143329e-02,5.371135e-02,4.455157e-02,1.357739e-02,3.934145e-03,4.647168e-02,7.353961e-03
1.146628e-01,3.886402e-02,2.286949e-01,1.742376e-01,1.114673e-01,1.900931e-02,2.310853e-03,7.011849e-02,9.023902e-02,5.012024e-02,4.314629e-02,1.119247e-02,3.397176e-03,3.628447e-02,6.254975e-03
1.498738e-01,5.045180e-02,2.030128e-01,1.897864e-01,9.783319e-02,1.992391e-02,2.821986e-03,6.179339e-02,8.253423e-02,3.862567e-02,4.407135e-02,1.327783e-02,4.118680e-03,3.091017e-02,1.096483e-02
2.127053e-01,6.328760e-02,1.696729e-01,1.648718e-01,9.788392e-02,2.236992e-02,3.954397e-03,6.162890e-02,6.971501e-02,3.037166e-02,4.050773e-02,1.723877e-02,5.968096e-03,2.602170e-02,1.380237e-02
2.540388e-01,6.393597e-02,1.555217e-01,1.523152e-01,9.157220e-02,2.883105e-02,4.148187e-03,5.259824e-02,6.650555e-02,2.421882e-02,5.084228e-02,1.446256e-02,5.399575e-03,2.456954e-02,1.104032e-02
3.105507e-01,5.584421e-02,1.221017e-01,1.587153e-01,8.677652e-02,3.066490e-02,5.024934e-03,5.276633e-02,6.084440e-02,2.518349e-02,4.118844e-02,1.431179e-02,6.185696e-03,1.914472e-02,1.069687e-02
4.215553e-01,4.882187e-02,9.926348e-02,1.302540e-01,7.069382e-02,2.469768e-02,4.172868e-03,4.252712e-02,5.745719e-02,1.984192e-02,3.330547e-02,1.358770e-02,5.621244e-03,1.560893e-02,1.259133e-02
4.612615e-01,6.409957e-02,8.370501e-02,1.190363e-01,5.859429e-02,2.299902e-02,3.815825e-03,3.247034e-02,5.482924e-02,1.504766e-02,2.697456e-02,1.625851e-02,8.766804e-03,1.368054e-02,1.846075e-02
4.394528e-01,6.590356e-02,8.438256e-02,1.508484e-01,5.985131e-02,2.052666e-02,4.370876e-03,2.889441e-02,5.059033e-02,1.208177e-02,2.198616e-02,1.739562e-02,1.070497e-02,1.137673e-02,2.163377e-02
4.776669e-01,6.042957e-02,8.325763e-02,1.252781e-01,6.819885e-02,1.895031e-02,5.731587e-03,2.636232e-02,5.111333e-02,9.377060e-03,1.708046e-02,1.654312e-02,1.079959e-02,9.254371e-03,1.995672e-02
1.000000e+00,0.000000e+00,0.000000e+00,0.000000e+00,0.000000e+00,0.000000e+00,0.000000e+00,0.000000e+00,0.000000e+00,0.000000e+00,0.000000e+00,0.000000e+00,0.000000e+00,0.000000e+00,0.000000e+00
1.000000e+00,0.000000e+00,0.000000e+00,0.000000e+00,0.000000e+00,0.000000e+00,0.000000e+00,0.000000e+00,0.000000e+00,0.000000e+00,0.000000e+00,0.000000e+00,0.000000e+00,0.000000e+00,0.000000e+00
1.000000e+00,0.000000e+00,0.000000e+00,0.000000e+00,0.000000e+00,0.000000e+00,0.000000e+00,0.000000e+00,0.000000e+00,0.000000e+00,0.000000e+00,0.000000e+00,0.000000e+00,0.000000e+00,0.000000e+00
1.000000e+00,0.000000e+00,0.000000e+00,0.000000e+00,0.000000e+00,0.000000e+00,0.000000e+00,0.000000e+00,0.000000e+00,0.000000e+00,0.000000e+00,0.000000e+00,0.000000e+00,0.000000e+00,0.000000e+00
1.000000e+00,0.000000e+00,0.000000e+00,0.000000e+00,0.000000e+00,0.000000e+00,0.000000e+00,0.000000e+00,0.000000e+00,0.000000e+00,0.000000e+00,0.000000e+00,0.000000e+00,0.000000e+00,0.000000e+00
1.000000e+00,0.000000e+00,0.000000e+00,0.000000e+00,0.000000e+00,0.000000e+00,0.000000e+00,0.000000e+00,0.000000e+00,0.000000e+00,0.000000e+00,0.000000e+00,0.000000e+00,0.000000e+00,0.000000e+00
1.000000e+00,0.000000e+00,0.000000e+00,0.000000e+00,0.000000e+00,0.000000e+00,0.000000e+00,0.000000e+00,0.000000e+00,0.000000e+00,0.000000e+00,0.000000e+00,0.000000e+00,0.000000e+00,0.000000e+00
4.229067e-01,5.294995e-02,2.218884e-02,8.736670e-02,2.731533e-02,1.741686e-02,2.740829e-03,7.074425e-03,1.570560e-02,5.327350e-03,2.424469e-01,6.074031e-02,1.334345e-02,5.946551e-03,1.653021e-02
3.262818e-01,5.048050e-02,1.680933e-02,1.610588e-01,2.066685e-02,1.651438e-02,2.203690e-03,6.301276e-03,2.093068e-02,5.103528e-03,2.329897e-01,1.038112e-01,1.262449e-02,7.985127e-03,1.623867e-02
2.605954e-01,3.970658e-02,1.244702e-02,1.360434e-01,2.841264e-02,1.349183e-02,1.633340e-03,5.177734e-03,2.289999e-02,4.722798e-03,3.192245e-01,1.151500e-01,1.167436e-02,1.594071e-02,1.287966e-02
1.898277e-01,2.816338e-02,8.940324e-03,1.027334e-01,3.050658e-02,1.101427e-02,1.233415e-03,3.889653e-03,1.938574e-02,5.219848e-03,3.891616e-01,1.694527e-01,9.761675e-03,2.115661e-02,9.553076e-03
1.439980e-01,2.058646e-02,6.761666e-03,8.849239e-02,4.196575e-02,1.379425e-02,2.593639e-03,3.094112e-03,1.909131e-02,5.105491e-03,4.628096e-01,1.561742e-01,9.092186e-03,1.824999e-02,8.190850e-03
1.103237e-01,1.876283e-02,9.819745e-03,6.411167e-02,1.015965e-01,2.886472e-02,4.248439e-03,2.733179e-02,2.826779e-02,7.292335e-03,4.398008e-01,1.252703e-01,7.867654e-03,1.830609e-02,8.135595e-03
1.127081e-01,1.476605e-02,9.465891e-03,4.827841e-02,1.150130e-01,1.353357e-01,4.374478e-03,3.953701e-02,2.360732e-02,7.910945e-03,3.583879e-01,1.013073e-01,6.756975e-03,1.588415e-02,6.666787e-03
1.201271e-01,1.318973e-02,1.807384e-02,3.683816e-02,1.016062e-01,1.480605e-01,4.266106e-03,5.352518e-02,2.056688e-02,1.517356e-02,3.222252e-01,1.124448e-01,7.672025e-03,1.892305e-02,7.307696e-03
1.225811e-01,1.219212e-02,2.260630e-02,2.826616e-02,9.555230e-02,1.389478e-01,4.400412e-03,4.850959e-02,2.493567e-02,3.031173e-02,2.950466e-01,1.376576e-01,8.229789e-03,2.381859e-02,6.944241e-03
1.175212e-01,1.110451e-02,3.394675e-02,2.459659e-02,1.102944e-01,1.142348e-01,4.157947e-03,6.665408e-02,3.727271e-02,2.574006e-02,2.590459e-01,1.514757e-01,1.145925e-02,2.640873e-02,6.087381e-03
1.464013e-01,1.883974e-02,3.482489e-02,1.990700e-02,1.221550e-01,9.884501e-02,1.057445e-02,6.820164e-02,5.354137e-02,4.746239e-02,2.097109e-01,1.196718e-01,1.114365e-02,3.311299e-02,5.607869e-03
1.969274e-01,2.063184e-02,3.665709e-02,1.633170e-02,1.333037e-01,8.802293e-02,1.255130e-02,6.475532e-02,5.403928e-02,6.121974e-02,1.683430e-01,1.004188e-01,1.076703e-02,3.069442e-02,5.336553e-03
2.144873e-01,3.171467e-02,3.515008e-02,5.397542e-02,1.103217e-01,7.902464e-02,1.018097e-02,5.458513e-02,5.523874e-02,4.861943e-02,1.251533e-01,1.304549e-01,1.280052e-02,2.260376e-02,1.568944e-02
2.525310e-01,2.530107e-02,2.595707e-02,4.745128e-02,8.456415e-02,7.753612e-02,7.914699e-03,4.189075e-02,5.062610e-02,3.749625e-02,1.034867e-01,1.973289e-01,1.330461e-02,1.811355e-02,1.649767e-02
3.008551e-01,2.053901e-02,1.915308e-02,3.985591e-02,6.426045e-02,7.430169e-02,6.502354e-03,3.095034e-02,4.338288e-02,2.954924e-02,1.002072e-01,2.252299e-01,1.534638e-02,1.437830e-02,1.548804e-02
2.469958e-01,3.089823e-02,1.616634e-02,2.984123e-02,6.950271e-02,6.842095e-02,4.906332e-03,2.707235e-02,1.585630e-01,2.870974e-02,9.419977e-02,1.784632e-01,1.525168e-02,1.854318e-02,1.246537e-02
2.043913e-01,2.967513e-02,1.437353e-02,2.310988e-02,7.849330e-02,5.514801e-02,4.086094e-03,3.908683e-02,2.070223e-01,2.485196e-02,1.095745e-01,1.442404e-01,1.405375e-02,4.194599e-02,9.947011e-03
1.654800e-01,2.950471e-02,3.130117e-02,1.093868e-01,8.694988e-02,4.193632e-02,3.661753e-03,7.989434e-02,1.857719e-01,1.827377e-02,8.401935e-02,1.147097e-01,1.130538e-02,3.041143e-02,7.393499e-03
2.091583e-01,2.756594e-02,3.121995e-02,1.223945e-01,8.732440e-02,3.470845e-02,3.879436e-03,7.002743e-02,1.814179e-01,1.498059e-02,7.006015e-02,1.057643e-01,9.272723e-03,2.502836e-02,7.197457e-03
2.054902e-01,2.606399e-02,1.064214e-01,1.451806e-01,7.964624e-02,3.128959e-02,3.272657e-03,7.388166e-02,1.446512e-01,1.332683e-02,5.767122e-02,8.055405e-02,7.297152e-03,1.941473e-02,5.838479e-03
1.956360e-01,3.041996e-02,1.717077e-01,1.228869e-01,6.823500e-02,2.696263e-02,2.780412e-03,9.892090e-02,1.227341e-01,1.510278e-02,5.890584e-02,5.858795e-02,5.445509e-03,1.659275e-02,5.081502e-03
1.705090e-01,3.999797e-02,2.520478e-01,1.028425e-01,5.873283e-02,2.993557e-02,2.372275e-03,9.652084e-02,1.152235e-01,1.340489e-02,5.256102e-02,4.359584e-02,4.239883e-03,1.347825e-02,4.537800e-03
1.573630e-01,7.177676e-02,2.502919e-01,9.285229e-02,6.069848e-02,2.429345e-02,2.193277e-03,7.177275e-02,1.231145e-01,1.340955e-02,7.484853e-02,3.302161e-02,3.663481e-03,1.568723e-02,5.013276e-03
1.232261e-01,5.393460e-02,2.907423e-01,1.667933e-01,4.576805e-02,2.480019e-02,1.598101e-03,5.322191e-02,9.013355e-02,2.037155e-02,7.476596e-02,2.800085e-02,5.209940e-03,1.139326e-02,1.004028e-02
8.902712e-02,3.897021e-02,2.621651e-01,1.841254e-01,3.312849e-02,2.030414e-02,1.151335e-03,3.842343e-02,6.721848e-02,4.585043e-02,1.339643e-01,4.223889e-02,2.221750e-02,8.741573e-03,1.247358e-02
6.434111e-02,2.775174e-02,1.940796e-01,1.379677e-01,2.616569e-02,1.550622e-02,8.559434e-04,3.106269e-02,4.927568e-02,8.518688e-02,1.755736e-01,6.671210e-02,1.063007e-01,8.020769e-03,1.119948e-02
4.774521e-02,2.008542e-02,1.478630e-01,1.268281e-01,2.092468e-02,1.209299e-02,7.625421e-04,2.308029e-02,3.704634e-02,1.772487e-01,1.720444e-01,6.797466e-02,1.262666e-01,7.798310e-03,1.223874e-02
3.762614e-02,2.098499e-02,1.131546e-01,9.933276e-02,2.289807e-02,1.500129e-02,7.964415e-04,2.118157e-02,4.286927e-02,3.146825e-01,1.427661e-01,5.102000e-02,1.000911e-01,7.282152e-03,1.031300e-02
4.063200e-02,3.474553e-02,8.890907e-02,7.738182e-02,2.701964e-02,1.320004e-02,1.249250e-03,2.160124e-02,6.757758e-02,3.949674e-01,1.080630e-01,3.626684e-02,7.291035e-02,6.341393e-03,9.134842e-03
3.362697e-02,2.934275e-02,7.793806e-02,2.871310e-01,3.588789e-02,1.084586e-02,1.704887e-03,2.063337e-02,5.906507e-02,2.781753e-01,7.684351e-02,2.571231e-02,5.164367e-02,4.575060e-03,6.874323e-03
7.175759e-02,6.199176e-02,6.683539e-02,2.272173e-01,4.457642e-02,1.312470e-02,2.901053e-03,1.975955e-02,1.473664e-01,2.086495e-01,6.126921e-02,1.970875e-02,4.115120e-02,4.631869e-03,9.059293e-03
6.982724e-02,6.555925e-02,6.583722e-02,3.402193e-01,4.305448e-02,1.085560e-02,2.514015e-03,1.593240e-02,1.320206e-01,1.500067e-01,4.651374e-02,1.489777e-02,3.134515e-02,3.446060e-03,7.970426e-03
1.449370e-01,5.064011e-02,6.887096e-02,3.443080e-01,3.580478e-02,1.062307e-02,2.278171e-03,2.125552e-02,1.122347e-01,1.105551e-01,4.335917e-02,1.457976e-02,2.713912e-02,3.086472e-03,1.032804e-02
2.287696e-01,4.268980e-02,5.863885e-02,2.841091e-01,3.322124e-02,1.056786e-02,2.150458e-03,2.293730e-02,1.074228e-01,8.475839e-02,4.207620e-02,1.885654e-02,2.955461e-02,3.283168e-03,3.096418e-02
2.139365e-01,5.496112e-02,6.585682e-02,3.173470e-01,2.655711e-02,1.181691e-02,2.328545e-03,3.014399e-02,9.009322e-02,6.324596e-02,3.863207e-02,2.287769e-02,2.657356e-02,3.554034e-03,3.207548e-02
3.515245e-01,4.433629e-02,5.475957e-02,2.478836e-01,2.095864e-02,1.633885e-02,2.248741e-03,3.051390e-02,6.939209e-02,4.557491e-02,3.307540e-02,2.800043e-02,2.366234e-02,4.272698e-03,2.745805e-02
4.614514e-01,3.817554e-02,4.158635e-02,1.926641e-01,1.791415e-02,1.573086e-02,2.016346e-03,2.817392e-02,5.945018e-02,3.310488e-02,3.149750e-02,2.748057e-02,2.025149e-02,5.041459e-03,2.546128e-02
1.000000e+00,0.000000e+00,0.000000e+00,0.000000e+00,0.000000e+00,0.000000e+00,0.000000e+00,0.000000e+00,0.000000e+00,0.000000e+00,0.000000e+00,0.000000e+00,0.000000e+00,0.000000e+00,0.000000e+00
1.000000e+00,0.000000e+00,0.000000e+00,0.000000e+00,0.000000e+00,0.000000e+00,0.000000e+00,0.000000e+00,0.000000e+00,0.000000e+00,0.000000e+00,0.000000e+00,0.000000e+00,0.000000e+00,0.000000e+00
1.000000e+00,0.000000e+00,0.000000e+00,0.000000e+00,0.000000e+00,0.000000e+00,0.000000e+00,0.000000e+00,0.000000e+00,0.000000e+00,0.000000e+00,0.000000e+00,0.000000e+00,0.000000e+00,0.000000e+00
1.000000e+00,0.000000e+00,0.000000e+00,0.000000e+00,0.000000e+00,0.000000e+00,0.000000e+00,0.000000e+00,0.000000e+00,0.000000e+00,0.000000e+00,0.000000e+00,0.000000e+00,0.000000e+00,0.000000e+00
1.000000e+00,0.000000e+00,0.000000e+00,0.000000e+00,0.000000e+00,0.000000e+00,0.000000e+00,0.000000e+00,0.000000e+00,0.000000e+00,0.000000e+00,0.000000e+00,0.000000e+00,0.000000e+00,0.000000e+00
1.000000e+00,0.000000e+00,0.000000e+00,0.000000e+00,0.000000e+00,0.000000e+00,0.000000e+00,0.000000e+00,0.000000e+00,0.000000e+00,0.000000e+00,0.000000e+00,0.000000e+00,0.000000e+00,0.000000e+00
1.000000e+00,0.000000e+00,0.000000e+00,0.000000e+00,0.000000e+00,0.000000e+00,0.000000e+00,0.000000e+00,0.000000e+00,0.000000e+00,0.000000e+00,0.000000e+00,0.000000e+00,0.000000e+00,0.000000e+00
1.000000e+00,0.000000e+00,0.000000e+00,0.000000e+00,0.000000e+00,0.000000e+00,0.000000e+00,0.000000e+00,0.000000e+00,0.000000e+00,0.000000e+00,0.000000e+00,0.000000e+00,0.000000e+00,0.000000e+00
1.000000e+00,0.000000e+00,0.000000e+00,0.000000e+00,0.000000e+00,0.000000e+00,0.000000e+00,0.000000e+00,0.000000e+00,0.000000e+00,0.000000e+00,0.000000e+00,0.000000e+00,0.000000e+00,0.000000e+00
1.000000e+00,0.000000e+00,0.000000e+00,0.000000e+00,0.000000e+00,0.000000e+00,0.000000e+00,0.000000e+00,0.000000e+00,0.000000e+00,0.000000e+00,0.000000e+00,0.000000e+00,0.000000e+00,0.000000e+00
4.404514e-01,3.695428e-02,2.785712e-02,1.106593e-01,9.076115e-03,2.042138e-02,3.839153e-03,1.771230e-02,3.395011e-02,3.493042e-02,3.633972e-02,7.262316e-02,9.759144e-02,9.563851e-03,4.803030e-02
3.851793e-01,3.477095e-02,2.205851e-02,9.059482e-02,7.084207e-03,1.793452e-02,3.745170e-03,2.066847e-02,6.015630e-02,4.270770e-02,4.165589e-02,7.701620e-02,1.310157e-01,1.036097e-02,5.505130e-02
3.280029e-01,3.033817e-02,1.861770e-02,1.195645e-01,5.540349e-03,1.491598e-02,2.870752e-03,1.850921e-02,1.610067e-01,3.429583e-02,3.660830e-02,6.659497e-02,1.098542e-01,9.177116e-03,4.410340e-02
3.378462e-01,2.844414e-02,1.444215e-02,9.782530e-02,9.883818e-03,1.374864e-02,5.179022e-03,1.608610e-02,1.341884e-01,2.548601e-02,4.500613e-02,5.152203e-02,1.701789e-01,8.359531e-03,4.180382e-02
4.281219e-01,2.658908e-02,1.140412e-02,8.977255e-02,1.044257e-02,1.644860e-02,4.807384e-03,1.505846e-02,1.022827e-01,1.997693e-02,4.139706e-02,4.198075e-02,1.444816e-01,9.689473e-03,3.754690e-02
4.184966e-01,2.128150e-02,9.619016e-03,7.342672e-02,1.137105e-02,1.674120e-02,4.267088e-03,1.581930e-02,7.936167e-02,1.858289e-02,4.169150e-02,3.839268e-02,1.751477e-01,1.428147e-02,6.151960e-02
3.893005e-01,1.765307e-02,1.250625e-02,6.664483e-02,1.469713e-02,1.741806e-02,4.687510e-03,2.109523e-02,7.628361e-02,1.879553e-02,5.268689e-02,3.706983e-02,1.888746e-01,1.510978e-02,6.717721e-02
2.957789e-01,1.436194e-02,1.493292e-02,5.126524e-02,1.491161e-02,1.576521e-02,4.228687e-03,1.752790e-02,6.255459e-02,1.858394e-02,4.438295e-02,3.679620e-02,1.920284e-01,1.834431e-02,1.985372e-01
2.133021e-01,1.074152e-02,1.719029e-02,3.695356e-02,2.173010e-02,1.245965e-02,3.015523e-02,2.244902e-02,4.682016e-02,1.519044e-02,3.652665e-02,2.785162e-02,1.515079e-01,1.362807e-02,3.434936e-01
1.593378e-01,8.441642e-03,2.940910e-02,2.763793e-02,2.689080e-02,9.678205e-03,6.874584e-02,8.142069e-02,3.817190e-02,1.455261e-02,3.233957e-02,2.202482e-02,1.284179e-01,1.029106e-02,3.426401e-01
1.287436e-01,1.934384e-02,1.245836e-01,1.121789e-01,4.575246e-02,1.001373e-02,5.009977e-02,6.885853e-02,3.484019e-02,1.110467e-02,2.582758e-02,2.116643e-02,9.602875e-02,7.535489e-03,2.439225e-01
1.140235e-01,1.539587e-02,1.079793e-01,2.330131e-01,6.257068e-02,9.050230e-03,3.686819e-02,5.359045e-02,4.690072e-02,9.127769e-03,2.486389e-02,1.888153e-02,8.103499e-02,5.609795e-03,1.810900e-01
1.880995e-01,1.593749e-02,1.148176e-01,1.969647e-01,7.103736e-02,1.141521e-02,2.743489e-02,4.760004e-02,5.322910e-02,8.679885e-03,2.230120e-02,1.822740e-02,7.243872e-02,4.781080e-03,1.470359e-01
1.981805e-01,1.634599e-02,9.017265e-02,1.501056e-01,1.489070e-01,1.545988e-02,2.522181e-02,4.966168e-02,4.416279e-02,1.104243e-02,1.944616e-02,1.505719e-02,8.231159e-02,4.349366e-03,1.295754e-01
1.737056e-01,1.953098e-02,7.049072e-02,1.566647e-01,2.275471e-01,1.453966e-02,2.342868e-02,8.090136e-02,3.560913e-02,8.830629e-03,1.583718e-02,1.483618e-02,6.065674e-02,3.478182e-03,9.394322e-02
1.697674e-01,2.045724e-02,6.695984e-02,1.917990e-01,2.067812e-01,1.435990e-02,1.835887e-02,1.106597e-01,3.141363e-02,8.174311e-03,1.688483e-02,1.660694e-02,5.350872e-02,3.205926e-03,7.106239e-02
1.925385e-01,1.994930e-02,5.763903e-02,1.802600e-01,2.030956e-01,1.387885e-02,1.512239e-02,1.308774e-01,2.731705e-02,7.093896e-03,2.090894e-02,1.494012e-02,5.826135e-02,3.385311e-03,5.473212e-02
1.899944e-01,2.171110e-02,4.579751e-02,2.602900e-01,1.660581e-01,1.156482e-02,1.187911e-02,1.261999e-01,2.835222e-02,6.328449e-03,2.276696e-02,1.908090e-02,4.529470e-02,2.693368e-03,4.198842e-02
2.236907e-01,2.265915e-02,5.529759e-02,2.202598e-01,1.920342e-01,1.250096e-02,1.177565e-02,1.115132e-01,2.939426e-02,7.749660e-03,1.864493e-02,1.736415e-02,4.170949e-02,2.315861e-03,3.309027e-02
2.302943e-01,2.525268e-02,4.778026e-02,2.399791e-01,1.915774e-01,1.171362e-02,1.016928e-02,1.095216e-01,2.683605e-02,6.864022e-03,1.685462e-02,2.050534e-02,3.471139e-02,2.057122e-03,2.588319e-02
2.128993e-01,3.420039e-02,3.788716e-02,3.566779e-01,1.417326e-01,1.021807e-02,8.001430e-03,7.992490e-02,2.495476e-02,7.256170e-03,1.412327e-02,1.988823e-02,2.797019e-02,1.698689e-03,2.256700e-02
3.450619e-01,2.895723e-02,2.928949e-02,2.817168e-01,1.222020e-01,1.174329e-02,6.624960e-03,5.863621e-02,2.990325e-02,5.755399e-03,1.341104e-02,2.238716e-02,2.281625e-02,1.858813e-03,1.963618e-02
4.174976e-01,2.547546e-02,2.469242e-02,2.203995e-01,1.357659e-01,1.257893e-02,5.023514e-03,4.256861e-02,4.205341e-02,4.639044e-03,1.180283e-02,2.055773e-02,1.800804e-02,2.269164e-03,1.666786e-02
4.989085e-01,2.530054e-02,2.058866e-02,1.759837e-01,1.069126e-01,1.682011e-02,4.256782e-03,3.381870e-02,3.550253e-02,4.695160e-03,1.172369e-02,2.664279e-02,1.794363e-02,3.527893e-03,1.737472e-02
1.000000e+00,0.000000e+00,0.000000e+00,0.000000e+00,0.000000e+00,0.000000e+00,0.000000e+00,0.000000e+00,0.000000e+00,0.000000e+00,0.000000e+00,0.000000e+00,0.000000e+00,0.000000e+00,0.000000e+00
4.858682e-01,3.116255e-02,1.814927e-02,1.460903e-01,6.176916e-02,2.034609e-02,3.277473e-03,2.195255e-02,4.183038e-02,1.040419e-02,1.398779e-02,3.671078e-02,3.377605e-02,6.606867e-03,6.806832e-02
4.991744e-01,2.992371e-02,1.462576e-02,1.356694e-01,4.614344e-02,2.665949e-02,3.246770e-03,1.784424e-02,3.516348e-02,9.153894e-03,1.698121e-02,3.624013e-02,6.532358e-02,5.954489e-03,5.789590e-02
4.742082e-01,2.821982e-02,2.697328e-02,1.283129e-01,3.848975e-02,3.179644e-02,4.829420e-03,2.083710e-02,3.508260e-02,7.952110e-03,1.998953e-02,3.990353e-02,8.822630e-02,5.397086e-03,4.978182e-02
3.417968e-01,2.242999e-02,2.112019e-02,1.209101e-01,2.987880e-02,4.392273e-02,4.217766e-03,1.677164e-02,4.025977e-02,6.499317e-03,1.834136e-02,5.747911e-02,2.248507e-01,5.113319e-03,4.640830e-02
2.407946e-01,1.765159e-02,1.651064e-02,1.028224e-01,2.294972e-02,5.231888e-02,3.503382e-03,1.241429e-02,4.008662e-02,6.000916e-03,1.582524e-02,7.631220e-02,3.484342e-01,4.163256e-03,4.021201e-02
2.205055e-01,1.749017e-02,1.463677e-02,8.491779e-02,2.096356e-02,5.362836e-02,4.278291e-03,1.071179e-02,5.019822e-02,5.253457e-03,1.317604e-02,7.048544e-02,3.971020e-01,3.676412e-03,3.297621e-02
2.110990e-01,1.353085e-02,1.108737e-02,6.385305e-02,1.643596e-02,4.387939e-02,3.405032e-03,8.094230e-03,4.172539e-02,3.873688e-03,1.050956e-02,6.521324e-02,4.791572e-01,2.913787e-03,2.522225e-02
2.991523e-01,1.180572e-02,8.929566e-03,4.644594e-02,2.241124e-02,3.575221e-02,3.138294e-03,7.656476e-03,3.613330e-02,2.830375e-03,8.660566e-03,5.532268e-02,4.400362e-01,2.731008e-03,1.899407e-02
3.131168e-01,2.028105e-02,1.312864e-02,4.352646e-02,1.972742e-02,3.932709e-02,3.107969e-03,9.852273e-03,3.260439e-02,2.691258e-03,7.516199e-03,6.204835e-02,4.142510e-01,2.903225e-03,1.591786e-02
3.540909e-01,1.930264e-02,2.637994e-02,5.594921e-02,1.931503e-02,4.334811e-02,2.964445e-03,1.008304e-02,4.031207e-02,4.564944e-03,7.470702e-03,6.304868e-02,3.346219e-01,2.694725e-03,1.585365e-02
2.930816e-01,3.313226e-02,3.040823e-02,4.979961e-02,1.707937e-02,4.349861e-02,2.729058e-03,1.034447e-02,8.468545e-02,1.779448e-02,1.012079e-02,5.168606e-02,3.185665e-01,3.752116e-03,3.332134e-02
3.152104e-01,2.924743e-02,2.678556e-02,3.909942e-02,1.913159e-02,4.537252e-02,3.463885e-03,1.319533e-02,7.866907e-02,1.925417e-02,1.075892e-02,4.134090e-02,3.196785e-01,4.846550e-03,3.394571e-02
2.520452e-01,3.416028e-02,7.509519e-02,3.846449e-02,1.513522e-02,3.426512e-02,2.736161e-03,1.266250e-02,1.222745e-01,3.461789e-02,1.205253e-02,3.283274e-02,2.425760e-01,6.634335e-03,8.444790e-02
2.604602e-01,3.842526e-02,6.378271e-02,4.584616e-02,1.618992e-02,2.797924e-02,2.865875e-03,1.410990e-02,1.502849e-01,3.385761e-02,1.798043e-02,2.693332e-02,2.002587e-01,8.437376e-03,9.258841e-02
3.139886e-01,3.946631e-02,6.609942e-02,5.383506e-02,1.660197e-02,2.426537e-02,2.963887e-03,1.673966e-02,1.351349e-01,3.256099e-02,2.097820e-02,2.697252e-02,1.596851e-01,9.811884e-03,8.089606e-02
3.028621e-01,3.971246e-02,1.083618e-01,1.040488e-01,1.651734e-02,2.044762e-02,2.487117e-03,1.418551e-02,1.131216e-01,2.540064e-02,2.383084e-02,3.286389e-02,1.187617e-01,8.289922e-03,6.910869e-02
2.864161e-01,3.822609e-02,1.104050e-01,1.141928e-01,1.419318e-02,1.938858e-02,2.213314e-03,1.148502e-02,1.028908e-01,2.828390e-02,2.306376e-02,3.212726e-02,9.566743e-02,7.001667e-03,1.144451e-01
3.710793e-01,3.860315e-02,9.210971e-02,9.221236e-02,1.528516e-02,1.836595e-02,2.496948e-03,1.011416e-02,8.922541e-02,2.407810e-02,2.307402e-02,3.061274e-02,7.742459e-02,7.799660e-03,1.075187e-01
3.283224e-01,5.203411e-02,8.362138e-02,1.048977e-01,1.796564e-02,1.819837e-02,3.045178e-03,8.446281e-03,1.325876e-01,2.564525e-02,1.969245e-02,2.543368e-02,5.856828e-02,6.753922e-03,1.147878e-01
3.369897e-01,4.924396e-02,6.573688e-02,9.172213e-02,2.572992e-02,2.046263e-02,4.197717e-03,8.384059e-03,1.676979e-01,2.375153e-02,1.767052e-02,2.154997e-02,4.448589e-02,5.792462e-03,1.165848e-01
4.238781e-01,4.984446e-02,4.812053e-02,7.655889e-02,2.583233e-02,2.123437e-02,3.538501e-03,6.369677e-03,1.506756e-01,1.976034e-02,1.326108e-02,1.647421e-02,3.237813e-02,4.506639e-03,1.075672e-01
4.783219e-01,4.544062e-02,3.631027e-02,5.876352e-02,2.170445e-02,1.759802e-02,2.703491e-03,4.805860e-03,1.209022e-01,2.140322e-02,1.007007e-02,1.235483e-02,2.350434e-02,4.283430e-03,1.418338e-01
4.496186e-01,5.161725e-02,3.175170e-02,9.440576e-02,4.522625e-02,3.998473e-02,6.836442e-03,9.595068e-03,1.017984e-01,1.699423e-02,9.290829e-03,9.463706e-03,1.834596e-02,4.176321e-03,1.108948e-01
3.627768e-01,4.843185e-02,5.590485e-02,1.977085e-01,3.377017e-02,3.049611e-02,5.165552e-03,7.648451e-03,8.511059e-02,1.898125e-02,9.622694e-03,8.405912e-03,1.423241e-02,3.376669e-03,1.183682e-01
3.523144e-01,4.729611e-02,6.270092e-02,1.758166e-01,2.904034e-02,2.600782e-02,4.151729e-03,6.500555e-03,9.728232e-02,2.549738e-02,1.093153e-02,7.477261e-03,1.352571e-02,4.478162e-03,1.369793e-01
2.649269e-01,4.102015e-02,5.882476e-02,1.778812e-01,2.295388e-02,2.032397e-02,3.230810e-03,5.687436e-03,1.796782e-01,2.853034e-02,2.016379e-02,6.629687e-03,1.835258e-02,5.539688e-03,1.462568e-01
2.294943e-01,3.980906e-02,5.432570e-02,1.753535e-01,2.108564e-02,2.263104e-02,3.094611e-03,6.103124e-03,1.917100e-01,2.584602e-02,3.738042e-02,5.974800e-03,4.220583e-02,6.899768e-03,1.380863e-01
2.658101e-01,3.944373e-02,4.651543e-02,1.379965e-01,2.222926e-02,1.881350e-02,3.532713e-03,6.440351e-03,1.486491e-01,2.517147e-02,5.632998e-02,8.729199e-03,6.949759e-02,1.632141e-02,1.345196e-01
2.084754e-01,3.614137e-02,4.671961e-02,1.186164e-01,1.817827e-02,1.576164e-02,2.944296e-03,5.969688e-03,1.447951e-01,3.192523e-02,6.064482e-02,1.227073e-02,1.426135e-01,2.109525e-02,1.338488e-01
1.515429e-01,3.100552e-02,6.318249e-02,1.614461e-01,1.362118e-02,1.147345e-02,2.140990e-03,4.532548e-03,2.224250e-01,2.688825e-02,5.971409e-02,1.009481e-02,1.108589e-01,1.637875e-02,1.146951e-01
1.372066e-01,2.367449e-02,5.272079e-02,1.337774e-01,1.058568e-02,1.127371e-02,1.767126e-03,4.035521e-03,1.614018e-01,2.802493e-02,1.066531e-01,2.253650e-02,2.033305e-01,1.470396e-02,8.830795e-02
1.121632e-01,1.742108e-02,3.805856e-02,9.624515e-02,8.320542e-03,8.835859e-03,1.468852e-03,3.580504e-03,1.209692e-01,2.848327e-02,1.617195e-01,2.427143e-02,3.008146e-01,1.165636e-02,6.599195e-02
1.081346e-01,1.312044e-02,3.077148e-02,7.935326e-02,1.509738e-02,8.168781e-03,3.713246e-03,4.191249e-02,1.005478e-01,2.372486e-02,1.564003e-01,2.898895e-02,3.263477e-01,1.087472e-02,5.284402e-02
1.170696e-01,1.188843e-02,3.283818e-02,6.098250e-02,3.409813e-02,9.550941e-03,6.567130e-03,6.053098e-02,9.816641e-02,2.353690e-02,1.536524e-01,3.374739e-02,2.927433e-01,1.328454e-02,5.134317e-02
9.810288e-02,1.071794e-02,2.630507e-02,4.733982e-02,2.971238e-02,1.002431e-02,5.701364e-03,6.898655e-02,9.259263e-02,2.175140e-02,2.055280e-01,3.929337e-02,2.782089e-01,1.186800e-02,5.386737e-02
7.147045e-02,1.480823e-02,2.189065e-02,3.480278e-02,2.510981e-02,9.824968e-03,4.438347e-03,6.923391e-02,1.336911e-01,1.860662e-02,2.273707e-01,4.407031e-02,2.730415e-01,9.291317e-03,4.234937e-02
5.074418e-02,1.645584e-02,1.883641e-02,2.541809e-02,1.990884e-02,8.168681e-03,3.266593e-03,5.622569e-02,1.398908e-01,1.533695e-02,2.505600e-01,5.445807e-02,2.951277e-01,7.694733e-03,3.790729e-02
3.664354e-02,1.745297e-02,1.590311e-02,1.821689e-02,1.616324e-02,6.043791e-03,2.333317e-03,4.183435e-02,1.188798e-01,2.185863e-02,2.708040e-01,7.614625e-02,3.096912e-01,6.836317e-03,4.119256e-02
2.881265e-02,2.885384e-02,1.595618e-02,1.430473e-02,1.424146e-02,5.361846e-03,1.711499e-03,3.425783e-02,1.805444e-01,3.620553e-02,2.265988e-01,7.500079e-02,2.624505e-01,5.756503e-03,6.994355e-02
2.199047e-02,4.614791e-02,1.236818e-02,1.033325e-02,1.257448e-02,4.407757e-03,1.226558e-03,2.562472e-02,3.517619e-01,2.781830e-02,1.677764e-01,5.870388e-02,1.940681e-01,4.343928e-03,6.085413e-02
2.217229e-02,5.894124e-02,1.191158e-02,8.275032e-03,1.277321e-02,6.090650e-03,9.395760e-04,2.562943e-02,4.530399e-01,3.168624e-02,1.267897e-01,4.810072e-02,1.416099e-01,3.596517e-03,4.844406e-02
2.732341e-02,6.112921e-02,1.454960e-02,7.468351e-03,2.033882e-02,6.542378e-03,7.609786e-04,3.382462e-02,5.192810e-01,3.481867e-02,9.337731e-02,3.823611e-02,1.036550e-01,3.175118e-03,3.551944e-02
4.748054e-02,1.029539e-01,1.699380e-02,8.383827e-03,3.107353e-02,5.967970e-03,6.138938e-04,3.233463e-02,5.044204e-01,4.240956e-02,7.230715e-02,2.915099e-02,7.586694e-02,3.548735e-03,2.649418e-02
4.357003e-02,8.816314e-02,1.744938e-02,7.218412e-03,4.500817e-02,6.474838e-03,7.474117e-04,4.331411e-02,5.602401e-01,3.265094e-02,5.528785e-02,2.203987e-02,5.493100e-02,3.435858e-03,1.946892e-02
3.885352e-02,7.100026e-02,1.613959e-02,5.927684e-03,5.480629e-02,7.716924e-03,1.080214e-03,5.332234e-02,6.120853e-01,2.430253e-02,4.144622e-02,1.641710e-02,3.941889e-02,3.269404e-03,1.421367e-02
3.061785e-02,6.403056e-02,1.238652e-02,4.435250e-03,7.136570e-02,8.014997e-03,9.600841e-04,5.783127e-02,6.503323e-01,1.728714e-02,3.047350e-02,1.172524e-02,2.770358e-02,2.691512e-03,1.014447e-02
2.401832e-02,7.781269e-02,9.872213e-03,3.255871e-03,6.998014e-02,9.826602e-03,9.084920e-04,5.736768e-02,6.728665e-01,1.290319e-02,2.327573e-02,8.458197e-03,1.954833e-02,2.663342e-03,7.242715e-03
2.042490e-02,8.431771e-02,1.088355e-02,1.127348e-02,6.897368e-02,8.075691e-03,1.003429e-03,7.865338e-02,6.582874e-01,1.103348e-02,1.675362e-02,6.267777e-03,1.386156e-02,2.006564e-03,8.183753e-03
3.668264e-02,9.122229e-02,9.107056e-03,1.836201e-02,9.125075e-02,8.959278e-03,1.035077e-03,7.676220e-02,5.984442e-01,1.012007e-02,1.563688e-02,1.292126e-02,1.490030e-02,1.898427e-03,1.269754e-02
3.742227e-02,7.588960e-02,9.446546e-03,8.433758e-02,1.085037e-01,7.987756e-03,1.093712e-03,6.296292e-02,4.542436e-01,9.554138e-03,3.767721e-02,4.458655e-02,3.317726e-02,2.958937e-03,3.015817e-02
3.533329e-02,5.407219e-02,9.397801e-03,9.925910e-02,9.026617e-02,7.739583e-03,1.004332e-03,4.741304e-02,3.239597e-01,3.855884e-02,9.321574e-02,1.030576e-01,7.041838e-02,2.558062e-03,2.374616e-02
2.855518e-02,3.805412e-02,7.205992e-03,7.415546e-02,6.843343e-02,6.958601e-03,8.118068e-04,4.150318e-02,2.333408e-01,3.050714e-02,1.435478e-01,1.802060e-01,1.262889e-01,2.858100e-03,1.757338e-02
2.572079e-02,2.703090e-02,6.682440e-03,6.026885e-02,5.585726e-02,6.614915e-03,8.390459e-04,4.018395e-02,1.782655e-01,2.428981e-02,1.356930e-01,1.604630e-01,2.548502e-01,9.198865e-03,1.404158e-02
2.975655e-02,1.943075e-02,4.968864e-03,5.082275e-02,4.302996e-02,7.893572e-03,1.277589e-03,3.051684e-02,1.315183e-01,1.853608e-02,1.109392e-01,1.775327e-01,3.508766e-01,1.139062e-02,1.150968e-02
4.203096e-02,1.553476e-02,6.383087e-03,4.432368e-02,3.419347e-02,9.032149e-03,1.624812e-03,2.478147e-02,1.019317e-01,2.009972e-02,9.471244e-02,1.774171e-01,3.998489e-01,1.686545e-02,1.122022e-02
4.012902e-02,1.252458e-02,7.584069e-03,3.464055e-02,2.794678e-02,8.643261e-03,1.673377e-03,1.961370e-02,8.577695e-02,2.840224e-02,8.234567e-02,1.787384e-01,4.460303e-01,1.591770e-02,1.003337e-02
3.364576e-02,1.703754e-02,2.286604e-02,2.611990e-02,5.262857e-02,7.672979e-03,2.839308e-03,1.744667e-02,1.930476e-01,2.315054e-02,6.837618e-02,1.365620e-01,3.789462e-01,1.155895e-02,8.101794e-03
4.216090e-02,1.959435e-02,3.524137e-02,3.457934e-02,7.673843e-02,7.188370e-03,3.914739e-03,3.919448e-02,2.095253e-01,2.619237e-02,5.247953e-02,1.022233e-01,3.221918e-01,1.019366e-02,1.858207e-02
5.119974e-02,2.496010e-02,4.340193e-02,3.313518e-02,6.552581e-02,1.184384e-02,3.159088e-03,3.630907e-02,2.826959e-01,3.266972e-02,4.243097e-02,8.136683e-02,2.502249e-01,1.398003e-02,2.709688e-02
7.214093e-02,2.954185e-02,4.173468e-02,3.646563e-02,6.935686e-02,1.174897e-02,2.625634e-03,2.883257e-02,3.269545e-01,3.534048e-02,4.095764e-02,6.415818e-02,1.878768e-01,1.794598e-02,3.431924e-02
6.743784e-02,2.790435e-02,4.323879e-02,2.948944e-02,7.693016e-02,1.154832e-02,2.173334e-03,2.077902e-02,2.920769e-01,2.634568e-02,8.459245e-02,4.931057e-02,1.379843e-01,9.705696e-02,3.313204e-02
5.264862e-02,2.122968e-02,3.371659e-02,2.096239e-02,7.641603e-02,8.671494e-03,1.599756e-03,1.471785e-02,2.393852e-01,2.019706e-02,1.480474e-01,4.045297e-02,1.087761e-01,1.843791e-01,2.879969e-02
3.846774e-02,1.524101e-02,2.383717e-02,1.493450e-02,5.467342e-02,6.453447e-03,1.143269e-03,1.037249e-02,1.863556e-01,1.801385e-02,1.588470e-01,3.107746e-02,8.449557e-02,3.275244e-01,2.856318e-02
6.010780e-02,1.710751e-02,3.006844e-02,1.239243e-02,5.123993e-02,7.470626e-03,1.083764e-03,9.184152e-03,2.301882e-01,1.591582e-02,1.502529e-01,2.332620e-02,7.303455e-02,2.940360e-01,2.459169e-02
1.690638e-01,1.933617e-02,6.426580e-02,1.298814e-02,3.965729e-02,9.351601e-03,1.324050e-03,7.915342e-03,2.066789e-01,1.350467e-02,1.289443e-01,1.712439e-02,5.352494e-02,2.358201e-01,2.050056e-02
1.264469e-01,1.910583e-02,5.259781e-02,1.328988e-02,2.980900e-02,7.650202e-03,9.754983e-04,5.728560e-03,3.420055e-01,1.310969e-02,1.036260e-01,1.296604e-02,3.837639e-02,2.138411e-01,2.047161e-02
9.587370e-02,1.523055e-02,3.964660e-02,1.064735e-02,2.323636e-02,6.313219e-03,7.161177e-04,4.158037e-03,3.257305e-01,1.441116e-02,1.409307e-01,1.124020e-02,2.951477e-02,2.648379e-01,1.751290e-02
1.052799e-01,1.404718e-02,4.206870e-02,1.707435e-02,2.095193e-02,5.061631e-03,8.314488e-04,4.579869e-03,2.773391e-01,2.433658e-02,2.416576e-01,1.083081e-02,2.500127e-02,1.969808e-01,1.395885e-02
1.220790e-01,2.498775e-02,5.618393e-02,2.459023e-02,3.449104e-02,5.742093e-03,9.074581e-04,4.826800e-03,3.012835e-01,2.402962e-02,1.970451e-01,8.804344e-03,2.032964e-02,1.623630e-01,1.233658e-02
1.234644e-01,3.862430e-02,6.724089e-02,1.264428e-01,6.496844e-02,7.618705e-03,9.646121e-04,4.015103e-03,2.373139e-01,1.959468e-02,1.560577e-01,6.938396e-03,1.552342e-02,1.206229e-01,1.060977e-02
1.853677e-01,3.851926e-02,1.472222e-01,1.115667e-01,5.356969e-02,1.090802e-02,8.093277e-04,3.720214e-03,1.781136e-01,1.495533e-02,1.309902e-01,5.342356e-03,1.149601e-02,9.780102e-02,9.618292e-03
2.389444e-01,3.191014e-02,1.813786e-01,8.098587e-02,4.632441e-02,1.376160e-02,6.621573e-04,3.453328e-03,1.372465e-01,1.386988e-02,1.364590e-01,4.445883e-03,9.103263e-03,8.690497e-02,1.454994e-02
2.002693e-01,4.602683e-02,1.986837e-01,1.150569e-01,9.507851e-02,2.495273e-02,1.294007e-03,3.914778e-03,1.043138e-01,1.139717e-02,1.001617e-01,3.907614e-03,6.918320e-03,7.319433e-02,1.483039e-02
1.851576e-01,5.095195e-02,1.778864e-01,1.003206e-01,1.241502e-01,3.745330e-02,1.226057e-03,6.572026e-03,1.181467e-01,1.007368e-02,7.388704e-02,3.782625e-03,5.237177e-03,8.191033e-02,2.324429e-02
1.728439e-01,4.373791e-02,1.476253e-01,7.558195e-02,1.356397e-01,4.132138e-02,1.099119e-03,1.043965e-02,1.941586e-01,9.353374e-03,5.665747e-02,3.219318e-03,3.948980e-03,8.304433e-02,2.132910e-02
1.501588e-01,3.793799e-02,1.142575e-01,6.423321e-02,1.187753e-01,3.358807e-02,9.959807e-04,9.976339e-03,3.264053e-01,7.103911e-03,4.305981e-02,3.310699e-03,3.256910e-03,6.967863e-02,1.726156e-02
1.374816e-01,2.963861e-02,8.749493e-02,4.782675e-02,1.004711e-01,2.779626e-02,7.768812e-04,8.210234e-03,4.341287e-01,5.701580e-03,3.353447e-02,2.785507e-03,2.641756e-03,6.847799e-02,1.303364e-02
1.307994e-01,3.292386e-02,7.420592e-02,5.119927e-02,1.082708e-01,2.660420e-02,8.992559e-04,1.104421e-02,4.217917e-01,4.511635e-03,2.802816e-02,3.043084e-03,2.602445e-03,9.332432e-02,1.075173e-02
1.499989e-01,2.611592e-02,7.474222e-02,4.953500e-02,1.061625e-01,2.252113e-02,9.970426e-04,1.507500e-02,4.036294e-01,3.846196e-03,2.238354e-02,3.049304e-03,2.034688e-03,1.109226e-01,8.986661e-03
1.568920e-01,2.539195e-02,8.877490e-02,4.751623e-02,1.012892e-01,2.096241e-02,8.943933e-04,1.186681e-02,4.067307e-01,4.985210e-03,1.752586e-02,3.042527e-03,1.609650e-03,1.004528e-01,1.206549e-02
1.994611e-01,2.378021e-02,8.603194e-02,4.085188e-02,1.014869e-01,1.821214e-02,1.105169e-03,9.122262e-03,3.836728e-01,4.190632e-03,1.609743e-02,3.507549e-03,1.563589e-03,1.006688e-01,1.024759e-02
2.776871e-01,2.383826e-02,7.031569e-02,3.281057e-02,9.072663e-02,1.671780e-02,1.343375e-03,7.526105e-03,3.503293e-01,3.955923e-03,1.436726e-02,4.462840e-03,1.743215e-03,9.404392e-02,1.013195e-02
3.888041e-01,2.984002e-02,5.946777e-02,2.576435e-02,8.321615e-02,1.644139e-02,1.465776e-03,6.635038e-03,2.757159e-01,3.932303e-03,1.115542e-02,4.141296e-03,1.880313e-03,7.945451e-02,1.208560e-02
4.809074e-01,3.117330e-02,4.779182e-02,3.732818e-02,7.388064e-02,1.577773e-02,1.985912e-03,7.096071e-03,2.057944e-01,3.878217e-03,9.548751e-03,7.054246e-03,3.144271e-03,6.028111e-02,1.435792e-02
1.000000e+00,0.000000e+00,0.000000e+00,0.000000e+00,0.000000e+00,0.000000e+00,0.000000e+00,0.000000e+00,0.000000e+00,0.000000e+00,0.000000e+00,0.000000e+00,0.000000e+00,0.000000e+00,0.000000e+00
1.000000e+00,0.000000e+00,0.000000e+00,0.000000e+00,0.000000e+00,0.000000e+00,0.000000e+00,0.000000e+00,0.000000e+00,0.000000e+00,0.000000e+00,0.000000e+00,0.000000e+00,0.000000e+00,0.000000e+00
1.000000e+00,0.000000e+00,0.000000e+00,0.000000e+00,0.000000e+00,0.000000e+00,0.000000e+00,0.000000e+00,0.000000e+00,0.000000e+00,0.000000e+00,0.000000e+00,0.000000e+00,0.000000e+00,0.000000e+00
1.000000e+00,0.000000e+00,0.000000e+00,0.000000e+00,0.000000e+00,0.000000e+00,0.000000e+00,0.000000e+00,0.000000e+00,0.000000e+00,0.000000e+00,0.000000e+00,0.000000e+00,0.000000e+00,0.000000e+00
1.000000e+00,0.000000e+00,0.000000e+00,0.000000e+00,0.000000e+00,0.000000e+00,0.000000e+00,0.000000e+00,0.000000e+00,0.000000e+00,0.000000e+00,0.000000e+00,0.000000e+00,0.000000e+00,0.000000e+00
1.000000e+00,0.000000e+00,0.000000e+00,0.000000e+00,0.000000e+00,0.000000e+00,0.000000e+00,0.000000e+00,0.000000e+00,0.000000e+00,0.000000e+00,0.000000e+00,0.000000e+00,0.000000e+00,0.000000e+00
1.000000e+00,0.000000e+00,0.000000e+00,0.000000e+00,0.000000e+00,0.000000e+00,0.000000e+00,0.000000e+00,0.000000e+00,0.000000e+00,0.000000e+00,0.000000e+00,0.000000e+00,0.000000e+00,0.000000e+00
1.000000e+00,0.000000e+00,0.000000e+00,0.000000e+00,0.000000e+00,0.000000e+00,0.000000e+00,0.000000e+00,0.000000e+00,0.000000e+00,0.000000e+00,0.000000e+00,0.000000e+00,0.000000e+00,0.000000e+00
1.000000e+00,0.000000e+00,0.000000e+00,0.000000e+00,0.000000e+00,0.000000e+00,0.000000e+00,0.000000e+00,0.000000e+00,0.000000e+00,0.000000e+00,0.000000e+00,0.000000e+00,0.000000e+00,0.000000e+00
1.000000e+00,0.000000e+00,0.000000e+00,0.000000e+00,0.000000e+00,0.000000e+00,0.000000e+00,0.000000e+00,0.000000e+00,0.000000e+00,0.000000e+00,0.000000e+00,0.000000e+00,0.000000e+00,0.000000e+00
1.000000e+00,0.000000e+00,0.000000e+00,0.000000e+00,0.000000e+00,0.000000e+00,0.000000e+00,0.000000e+00,0.000000e+00,0.000000e+00,0.000000e+00,0.000000e+00,0.000000e+00,0.000000e+00,0.000000e+00
1.000000e+00,0.000000e+00,0.000000e+00,0.000000e+00,0.000000e+00,0.000000e+00,0.000000e+00,0.000000e+00,0.000000e+00,0.000000e+00,0.000000e+00,0.000000e+00,0.000000e+00,0.000000e+00,0.000000e+00
1.000000e+00,0.000000e+00,0.000000e+00,0.000000e+00,0.000000e+00,0.000000e+00,0.000000e+00,0.000000e+00,0.000000e+00,0.000000e+00,0.000000e+00,0.000000e+00,0.000000e+00,0.000000e+00,0.000000e+00
1.000000e+00,0.000000e+00,0.000000e+00,0.000000e+00,0.000000e+00,0.000000e+00,0.000000e+00,0.000000e+00,0.000000e+00,0.000000e+00,0.000000e+00,0.000000e+00,0.000000e+00,0.000000e+00,0.000000e+00
1.000000e+00,0.000000e+00,0.000000e+00,0.000000e+00,0.000000e+00,0.000000e+00,0.000000e+00,0.000000e+00,0.000000e+00,0.000000e+00,0.000000e+00,0.000000e+00,0.000000e+00,0.000000e+00,0.000000e+00
1.000000e+00,0.000000e+00,0.000000e+00,0.000000e+00,0.000000e+00,0.000000e+00,0.000000e+00,0.000000e+00,0.000000e+00,0.000000e+00,0.000000e+00,0.000000e+00,0.000000e+00,0.000000e+00,0.000000e+00
1.000000e+00,0.000000e+00,0.000000e+00,0.000000e+00,0.000000e+00,0.000000e+00,0.000000e+00,0.000000e+00,0.000000e+00,0.000000e+00,0.000000e+00,0.000000e+00,0.000000e+00,0.000000e+00,0.000000e+00
1.000000e+00,0.000000e+00,0.000000e+00,0.000000e+00,0.000000e+00,0.000000e+00,0.000000e+00,0.000000e+00,0.000000e+00,0.000000e+00,0.000000e+00,0.000000e+00,0.000000e+00,0.000000e+00,0.000000e+00
1.000000e+00,0.000000e+00,0.000000e+00,0.000000e+00,0.000000e+00,0.000000e+00,0.000000e+00,0.000000e+00,0.000000e+00,0.000000e+00,0.000000e+00,0.000000e+00,0.000000e+00,0.000000e+00,0.000000e+00
1.000000e+00,0.000000e+00,0.000000e+00,0.000000e+00,0.000000e+00,0.000000e+00,0.000000e+00,0.000000e+00,0.000000e+00,0.000000e+00,0.000000e+00,0.000000e+00,0.000000e+00,0.000000e+00,0.000000e+00
1.000000e+00,0.000000e+00,0.000000e+00,0.000000e+00,0.000000e+00,0.000000e+00,0.000000e+00,0.000000e+00,0.000000e+00,0.000000e+00,0.000000e+00,0.000000e+00,0.000000e+00,0.000000e+00,0.000000e+00
1.000000e+00,0.000000e+00,0.000000e+00,0.000000e+00,0.000000e+00,0.000000e+00,0.000000e+00,0.000000e+00,0.000000e+00,0.000000e+00,0.000000e+00,0.000000e+00,0.000000e+00,0.000000e+00,0.000000e+00
1.000000e+00,0.000000e+00,0.000000e+00,0.000000e+00,0.000000e+00,0.000000e+00,0.000000e+00,0.000000e+00,0.000000e+00,0.000000e+00,0.000000e+00,0.000000e+00,0.000000e+00,0.000000e+00,0.000000e+00
1.000000e+00,0.000000e+00,0.000000e+00,0.000000e+00,0.000000e+00,0.000000e+00,0.000000e+00,0.000000e+00,0.000000e+00,0.000000e+00,0.000000e+00,0.000000e+00,0.000000e+00,0.000000e+00,0.000000e+00
1.000000e+00,0.000000e+00,0.000000e+00,0.000000e+00,0.000000e+00,0.000000e+00,0.000000e+00,0.000000e+00,0.000000e+00,0.000000e+00,0.000000e+00,0.000000e+00,0.000000e+00,0.000000e+00,0.000000e+00
1.000000e+00,0.000000e+00,0.000000e+00,0.000000e+00,0.000000e+00,0.000000e+00,0.000000e+00,0.000000e+00,0.000000e+00,0.000000e+00,0.000000e+00,0.000000e+00,0.000000e+00,0.000000e+00,0.000000e+00
1.000000e+00,0.000000e+00,0.000000e+00,0.000000e+00,0.000000e+00,0.000000e+00,0.000000e+00,0.000000e+00,0.000000e+00,0.000000e+00,0.000000e+00,0.000000e+00,0.000000e+00,0.000000e+00,0.000000e+00
1.000000e+00,0.000000e+00,0.000000e+00,0.000000e+00,0.000000e+00,0.000000e+00,0.000000e+00,0.000000e+00,0.000000e+00,0.000000e+00,0.000000e+00,0.000000e+00,0.000000e+00,0.000000e+00,0.000000e+00
1.000000e+00,0.000000e+00,0.000000e+00,0.000000e+00,0.000000e+00,0.000000e+00,0.000000e+00,0.000000e+00,0.000000e+00,0.000000e+00,0.000000e+00,0.000000e+00,0.000000e+00,0.000000e+00,0.000000e+00
1.000000e+00,0.000000e+00,0.000000e+00,0.000000e+00,0.000000e+00,0.000000e+00,0.000000e+00,0.000000e+00,0.000000e+00,0.000000e+00,0.000000e+00,0.000000e+00,0.000000e+00,0.000000e+00,0.000000e+00
1.000000e+00,0.000000e+00,0.000000e+00,0.000000e+00,0.000000e+00,0.000000e+00,0.000000e+00,0.000000e+00,0.000000e+00,0.000000e+00,0.000000e+00,0.000000e+00,0.000000e+00,0.000000e+00,0.000000e+00
1.000000e+00,0.000000e+00,0.000000e+00,0.000000e+00,0.000000e+00,0.000000e+00,0.000000e+00,0.000000e+00,0.000000e+00,0.000000e+00,0.000000e+00,0.000000e+00,0.000000e+00,0.000000e+00,0.000000e+00
1.000000e+00,0.000000e+00,0.000000e+00,0.000000e+00,0.000000e+00,0.000000e+00,0.000000e+00,0.000000e+00,0.000000e+00,0.000000e+00,0.000000e+00,0.000000e+00,0.000000e+00,0.000000e+00,0.000000e+00
1.000000e+00,0.000000e+00,0.000000e+00,0.000000e+00,0.000000e+00,0.000000e+00,0.000000e+00,0.000000e+00,0.000000e+00,0.000000e+00,0.000000e+00,0.000000e+00,0.000000e+00,0.000000e+00,0.000000e+00
1.000000e+00,0.000000e+00,0.000000e+00,0.000000e+00,0.000000e+00,0.000000e+00,0.000000e+00,0.000000e+00,0.000000e+00,0.000000e+00,0.000000e+00,0.000000e+00,0.000000e+00,0.000000e+00,0.000000e+00
1.000000e+00,0.000000e+00,0.000000e+00,0.000000e+00,0.000000e+00,0.000000e+00,0.000000e+00,0.000000e+00,0.000000e+00,0.000000e+00,0.000000e+00,0.000000e+00,0.000000e+00,0.000000e+00,0.000000e+00
1.000000e+00,0.000000e+00,0.000000e+00,0.000000e+00,0.000000e+00,0.000000e+00,0.000000e+00,0.000000e+00,0.000000e+00,0.000000e+00,0.000000e+00,0.000000e+00,0.000000e+00,0.000000e+00,0.000000e+00
1.000000e+00,0.000000e+00,0.000000e+00,0.000000e+00,0.000000e+00,0.000000e+00,0.000000e+00,0.000000e+00,0.000000e+00,0.000000e+00,0.000000e+00,0.000000e+00,0.000000e+00,0.000000e+00,0.000000e+00
1.000000e+00,0.000000e+00,0.000000e+00,0.000000e+00,0.000000e+00,0.000000e+00,0.000000e+00,0.000000e+00,0.000000e+00,0.000000e+00,0.000000e+00,0.000000e+00,0.000000e+00,0.000000e+00,0.000000e+00
1.000000e+00,0.000000e+00,0.000000e+00,0.000000e+00,0.000000e+00,0.000000e+00,0.000000e+00,0.000000e+00,0.000000e+00,0.000000e+00,0.000000e+00,0.000000e+00,0.000000e+00,0.000000e+00,0.000000e+00
1.000000e+00,0.000000e+00,0.000000e+00,0.000000e+00,0.000000e+00,0.000000e+00,0.000000e+00,0.000000e+00,0.000000e+00,0.000000e+00,0.000000e+00,0.000000e+00,0.000000e+00,0.000000e+00,0.000000e+00
1.000000e+00,0.000000e+00,0.000000e+00,0.000000e+00,0.000000e+00,0.000000e+00,0.000000e+00,0.000000e+00,0.000000e+00,0.000000e+00,0.000000e+00,0.000000e+00,0.000000e+00,0.000000e+00,0.000000e+00
1.000000e+00,0.000000e+00,0.000000e+00,0.000000e+00,0.000000e+00,0.000000e+00,0.000000e+00,0.000000e+00,0.000000e+00,0.000000e+00,0.000000e+00,0.000000e+00,0.000000e+00,0.000000e+00,0.000000e+00
1.000000e+00,0.000000e+00,0.000000e+00,0.000000e+00,0.000000e+00,0.000000e+00,0.000000e+00,0.000000e+00,0.000000e+00,0.000000e+00,0.000000e+00,0.000000e+00,0.000000e+00,0.000000e+00,0.000000e+00
1.000000e+00,0.000000e+00,0.000000e+00,0.000000e+00,0.000000e+00,0.000000e+00,0.000000e+00,0.000000e+00,0.000000e+00,0.000000e+00,0.000000e+00,0.000000e+00,0.000000e+00,0.000000e+00,0.000000e+00
1.000000e+00,0.000000e+00,0.000000e+00,0.000000e+00,0.000000e+00,0.000000e+00,0.000000e+00,0.000000e+00,0.000000e+00,0.000000e+00,0.000000e+00,0.000000e+00,0.000000e+00,0.000000e+00,0.000000e+00
1.000000e+00,0.000000e+00,0.000000e+00,0.000000e+00,0.000000e+00,0.000000e+00,0.000000e+00,0.000000e+00,0.000000e+00,0.000000e+00,0.000000e+00,0.000000e+00,0.000000e+00,0.000000e+00,0.000000e+00
1.000000e+00,0.000000e+00,0.000000e+00,0.000000e+00,0.000000e+00,0.000000e+00,0.000000e+00,0.000000e+00,0.000000e+00,0.000000e+00,0.000000e+00,0.000000e+00,0.000000e+00,0.000000e+00,0.000000e+00
1.000000e+00,0.000000e+00,0.000000e+00,0.000000e+00,0.000000e+00,0.000000e+00,0.000000e+00,0.000000e+00,0.000000e+00,0.000000e+00,0.000000e+00,0.000000e+00,0.000000e+00,0.000000e+00,0.000000e+00
1.000000e+00,0.000000e+00,0.000000e+00,0.000000e+00,0.000000e+00,0.000000e+00,0.000000e+00,0.000000e+00,0.000000e+00,0.000000e+00,0.000000e+00,0.000000e+00,0.000000e+00,0.000000e+00,0.000000e+00
1.000000e+00,0.000000e+00,0.000000e+00,0.000000e+00,0.000000e+00,0.000000e+00,0.000000e+00,0.000000e+00,0.000000e+00,0.000000e+00,0.000000e+00,0.000000e+00,0.000000e+00,0.000000e+00,0.000000e+00
1.000000e+00,0.000000e+00,0.000000e+00,0.000000e+00,0.000000e+00,0.000000e+00,0.000000e+00,0.000000e+00,0.000000e+00,0.000000e+00,0.000000e+00,0.000000e+00,0.000000e+00,0.000000e+00,0.000000e+00
1.000000e+00,0.000000e+00,0.000000e+00,0.000000e+00,0.000000e+00,0.000000e+00,0.000000e+00,0.000000e+00,0.000000e+00,0.000000e+00,0.000000e+00,0.000000e+00,0.000000e+00,0.000000e+00,0.000000e+00
1.000000e+00,0.000000e+00,0.000000e+00,0.000000e+00,0.000000e+00,0.000000e+00,0.000000e+00,0.000000e+00,0.000000e+00,0.000000e+00,0.000000e+00,0.000000e+00,0.000000e+00,0.000000e+00,0.000000e+00
1.000000e+00,0.000000e+00,0.000000e+00,0.000000e+00,0.000000e+00,0.000000e+00,0.000000e+00,0.000000e+00,0.000000e+00,0.000000e+00,0.000000e+00,0.000000e+00,0.000000e+00,0.000000e+00,0.000000e+00
1.000000e+00,0.000000e+00,0.000000e+00,0.000000e+00,0.000000e+00,0.000000e+00,0.000000e+00,0.000000e+00,0.000000e+00,0.000000e+00,0.000000e+00,0.000000e+00,0.000000e+00,0.000000e+00,0.000000e+00
1.000000e+00,0.000000e+00,0.000000e+00,0.000000e+00,0.000000e+00,0.000000e+00,0.000000e+00,0.000000e+00,0.000000e+00,0.000000e+00,0.000000e+00,0.000000e+00,0.000000e+00,0.000000e+00,0.000000e+00
1.000000e+00,0.000000e+00,0.000000e+00,0.000000e+00,0.000000e+00,0.000000e+00,0.000000e+00,0.000000e+00,0.000000e+00,0.000000e+00,0.000000e+00,0.000000e+00,0.000000e+00,0.000000e+00,0.000000e+00
1.000000e+00,0.000000e+00,0.000000e+00,0.000000e+00,0.000000e+00,0.000000e+00,0.000000e+00,0.000000e+00,0.000000e+00,0.000000e+00,0.000000e+00,0.000000e+00,0.000000e+00,0.000000e+00,0.000000e+00
1.000000e+00,0.000000e+00,0.000000e+00,0.000000e+00,0.000000e+00,0.000000e+00,0.000000e+00,0.000000e+00,0.000000e+00,0.000000e+00,0.000000e+00,0.000000e+00,0.000000e+00,0.000000e+00,0.000000e+00
1.000000e+00,0.000000e+00,0.000000e+00,0.000000e+00,0.000000e+00,0.000000e+00,0.000000e+00,0.000000e+00,0.000000e+00,0.000000e+00,0.000000e+00,0.000000e+00,0.000000e+00,0.000000e+00,0.000000e+00
1.000000e+00,0.000000e+00,0.000000e+00,0.000000e+00,0.000000e+00,0.000000e+00,0.000000e+00,0.000000e+00,0.000000e+00,0.000000e+00,0.000000e+00,0.000000e+00,0.000000e+00,0.000000e+00,0.000000e+00
1.000000e+00,0.000000e+00,0.000000e+00,0.000000e+00,0.000000e+00,0.000000e+00,0.000000e+00,0.000000e+00,0.000000e+00,0.000000e+00,0.000000e+00,0.000000e+00,0.000000e+00,0.000000e+00,0.000000e+00
1.000000e+00,0.000000e+00,0.000000e+00,0.000000e+00,0.000000e+00,0.000000e+00,0.000000e+00,0.000000e+00,0.000000e+00,0.000000e+00,0.000000e+00,0.000000e+00,0.000000e+00,0.000000e+00,0.000000e+00
1.000000e+00,0.000000e+00,0.000000e+00,0.000000e+00,0.000000e+00,0.000000e+00,0.000000e+00,0.000000e+00,0.000000e+00,0.000000e+00,0.000000e+00,0.000000e+00,0.000000e+00,0.000000e+00,0.000000e+00
1.000000e+00,0.000000e+00,0.000000e+00,0.000000e+00,0.000000e+00,0.000000e+00,0.000000e+00,0.000000e+00,0.000000e+00,0.000000e+00,0.000000e+00,0.000000e+00,0.000000e+00,0.000000e+00,0.000000e+00
