1.000000e+00,0.000000e+00,0.000000e+00,0.000000e+00,0.000000e+00,0.000000e+00,0.000000e+00,0.000000e+00,0.000000e+00,0.000000e+00,0.000000e+00,0.000000e+00,0.000000e+00,0.000000e+00,0.000000e+00
1.000000e+00,0.000000e+00,0.000000e+00,0.000000e+00,0.000000e+00,0.000000e+00,0.000000e+00,0.000000e+00,0.000000e+00,0.000000e+00,0.000000e+00,0.000000e+00,0.000000e+00,0.000000e+00,0.000000e+00
1.000000e+00,0.000000e+00,0.000000e+00,0.000000e+00,0.000000e+00,0.000000e+00,0.000000e+00,0.000000e+00,0.000000e+00,0.000000e+00,0.000000e+00,0.000000e+00,0.000000e+00,0.000000e+00,0.000000e+00
1.000000e+00,0.000000e+00,0.000000e+00,0.000000e+00,0.000000e+00,0.000000e+00,0.000000e+00,0.000000e+00,0.000000e+00,0.000000e+00,0.000000e+00,0.000000e+00,0.000000e+00,0.000000e+00,0.000000e+00
1.000000e+00,0.000000e+00,0.000000e+00,0.000000e+00,0.000000e+00,0.000000e+00,0.000000e+00,0.000000e+00,0.000000e+00,0.000000e+00,0.000000e+00,0.000000e+00,0.000000e+00,0.000000e+00,0.000000e+00
1.000000e+00,0.000000e+00,0.000000e+00,0.000000e+00,0.000000e+00,0.000000e+00,0.000000e+00,0.000000e+00,0.000000e+00,0.000000e+00,0.000000e+00,0.000000e+00,0.000000e+00,0.000000e+00,0.000000e+00
1.000000e+00,0.000000e+00,0.000000e+00,0.000000e+00,0.000000e+00,0.000000e+00,0.000000e+00,0.000000e+00,0.000000e+00,0.000000e+00,0.000000e+00,0.000000e+00,0.000000e+00,0.000000e+00,0.000000e+00
1.000000e+00,0.000000e+00,0.000000e+00,0.000000e+00,0.000000e+00,0.000000e+00,0.000000e+00,0.000000e+00,0.000000e+00,0.000000e+00,0.000000e+00,0.000000e+00,0.000000e+00,0.000000e+00,0.000000e+00
1.000000e+00,0.000000e+00,0.000000e+00,0.000000e+00,0.000000e+00,0.000000e+00,0.000000e+00,0.000000e+00,0.000000e+00,0.000000e+00,0.000000e+00,0.000000e+00,0.000000e+00,0.000000e+00,0.000000e+00
1.000000e+00,0.000000e+00,0.000000e+00,0.000000e+00,0.000000e+00,0.000000e+00,0.000000e+00,0.000000e+00,0.000000e+00,0.000000e+00,0.000000e+00,0.000000e+00,0.000000e+00,0.000000e+00,0.000000e+00
1.000000e+00,0.000000e+00,0.000000e+00,0.000000e+00,0.000000e+00,0.000000e+00,0.000000e+00,0.000000e+00,0.000000e+00,0.000000e+00,0.000000e+00,0.000000e+00,0.000000e+00,0.000000e+00,0.000000e+00
1.000000e+00,0.000000e+00,0.000000e+00,0.000000e+00,0.000000e+00,0.000000e+00,0.000000e+00,0.000000e+00,0.000000e+00,0.000000e+00,0.000000e+00,0.000000e+00,0.000000e+00,0.000000e+00,0.000000e+00
1.000000e+00,0.000000e+00,0.000000e+00,0.000000e+00,0.000000e+00,0.000000e+00,0.000000e+00,0.000000e+00,0.000000e+00,0.000000e+00,0.000000e+00,0.000000e+00,0.000000e+00,0.000000e+00,0.000000e+00
1.000000e+00,0.000000e+00,0.000000e+00,0.000000e+00,0.000000e+00,0.000000e+00,0.000000e+00,0.000000e+00,0.000000e+00,0.000000e+00,0.000000e+00,0.000000e+00,0.000000e+00,0.000000e+00,0.000000e+00
1.000000e+00,0.000000e+00,0.000000e+00,0.000000e+00,0.000000e+00,0.000000e+00,0.000000e+00,0.000000e+00,0.000000e+00,0.000000e+00,0.000000e+00,0.000000e+00,0.000000e+00,0.000000e+00,0.000000e+00
1.000000e+00,0.000000e+00,0.000000e+00,0.000000e+00,0.000000e+00,0.000000e+00,0.000000e+00,0.000000e+00,0.000000e+00,0.000000e+00,0.000000e+00,0.000000e+00,0.000000e+00,0.000000e+00,0.000000e+00
1.000000e+00,0.000000e+00,0.000000e+00,0.000000e+00,0.000000e+00,0.000000e+00,0.000000e+00,0.000000e+00,0.000000e+00,0.000000e+00,0.000000e+00,0.000000e+00,0.000000e+00,0.000000e+00,0.000000e+00
1.000000e+00,0.000000e+00,0.000000e+00,0.000000e+00,0.000000e+00,0.000000e+00,0.000000e+00,0.000000e+00,0.000000e+00,0.000000e+00,0.000000e+00,0.000000e+00,0.000000e+00,0.000000e+00,0.000000e+00
1.000000e+00,0.000000e+00,0.000000e+00,0.000000e+00,0.000000e+00,0.000000e+00,0.000000e+00,0.000000e+00,0.000000e+00,0.000000e+00,0.000000e+00,0.000000e+00,0.000000e+00,0.000000e+00,0.000000e+00
1.000000e+00,0.000000e+00,0.000000e+00,0.000000e+00,0.000000e+00,0.000000e+00,0.000000e+00,0.000000e+00,0.000000e+00,0.000000e+00,0.000000e+00,0.000000e+00,0.000000e+00,0.000000e+00,0.000000e+00
1.000000e+00,0.000000e+00,0.000000e+00,0.000000e+00,0.000000e+00,0.000000e+00,0.000000e+00,0.000000e+00,0.000000e+00,0.000000e+00,0.000000e+00,0.000000e+00,0.000000e+00,0.000000e+00,0.000000e+00
1.000000e+00,0.000000e+00,0.000000e+00,0.000000e+00,0.000000e+00,0.000000e+00,0.000000e+00,0.000000e+00,0.000000e+00,0.000000e+00,0.000000e+00,0.000000e+00,0.000000e+00,0.000000e+00,0.000000e+00
1.000000e+00,0.000000e+00,0.000000e+00,0.000000e+00,0.000000e+00,0.000000e+00,0.000000e+00,0.000000e+00,0.000000e+00,0.000000e+00,0.000000e+00,0.000000e+00,0.000000e+00,0.000000e+00,0.000000e+00
1.000000e+00,0.000000e+00,0.000000e+00,0.000000e+00,0.000000e+00,0.000000e+00,0.000000e+00,0.000000e+00,0.000000e+00,0.000000e+00,0.000000e+00,0.000000e+00,0.000000e+00,0.000000e+00,0.000000e+00
1.000000e+00,0.000000e+00,0.000000e+00,0.000000e+00,0.000000e+00,0.000000e+00,0.000000e+00,0.000000e+00,0.000000e+00,0.000000e+00,0.000000e+00,0.000000e+00,0.000000e+00,0.000000e+00,0.000000e+00
1.000000e+00,0.000000e+00,0.000000e+00,0.000000e+00,0.000000e+00,0.000000e+00,0.000000e+00,0.000000e+00,0.000000e+00,0.000000e+00,0.000000e+00,0.000000e+00,0.000000e+00,0.000000e+00,0.000000e+00
1.000000e+00,0.000000e+00,0.000000e+00,0.000000e+00,0.000000e+00,0.000000e+00,0.000000e+00,0.000000e+00,0.000000e+00,0.000000e+00,0.000000e+00,0.000000e+00,0.000000e+00,0.000000e+00,0.000000e+00
1.000000e+00,0.000000e+00,0.000000e+00,0.000000e+00,0.000000e+00,0.000000e+00,0.000000e+00,0.000000e+00,0.000000e+00,0.000000e+00,0.000000e+00,0.000000e+00,0.000000e+00,0.000000e+00,0.000000e+00
1.000000e+00,0.000000e+00,0.000000e+00,0.000000e+00,0.000000e+00,0.000000e+00,0.000000e+00,0.000000e+00,0.000000e+00,0.000000e+00,0.000000e+00,0.000000e+00,0.000000e+00,0.000000e+00,0.000000e+00
1.000000e+00,0.000000e+00,0.000000e+00,0.000000e+00,0.000000e+00,0.000000e+00,0.000000e+00,0.000000e+00,0.000000e+00,0.000000e+00,0.000000e+00,0.000000e+00,0.000000e+00,0.000000e+00,0.000000e+00
1.000000e+00,0.000000e+00,0.000000e+00,0.000000e+00,0.000000e+00,0.000000e+00,0.000000e+00,0.000000e+00,0.000000e+00,0.000000e+00,0.000000e+00,0.000000e+00,0.000000e+00,0.000000e+00,0.000000e+00
1.000000e+00,0.000000e+00,0.000000e+00,0.000000e+00,0.000000e+00,0.000000e+00,0.000000e+00,0.000000e+00,0.000000e+00,0.000000e+00,0.000000e+00,0.000000e+00,0.000000e+00,0.000000e+00,0.000000e+00
1.000000e+00,0.000000e+00,0.000000e+00,0.000000e+00,0.000000e+00,0.000000e+00,0.000000e+00,0.000000e+00,0.000000e+00,0.000000e+00,0.000000e+00,0.000000e+00,0.000000e+00,0.000000e+00,0.000000e+00
1.000000e+00,0.000000e+00,0.000000e+00,0.000000e+00,0.000000e+00,0.000000e+00,0.000000e+00,0.000000e+00,0.000000e+00,0.000000e+00,0.000000e+00,0.000000e+00,0.000000e+00,0.000000e+00,0.000000e+00
1.000000e+00,0.000000e+00,0.000000e+00,0.000000e+00,0.000000e+00,0.000000e+00,0.000000e+00,0.000000e+00,0.000000e+00,0.000000e+00,0.000000e+00,0.000000e+00,0.000000e+00,0.000000e+00,0.000000e+00
1.000000e+00,0.000000e+00,0.000000e+00,0.000000e+00,0.000000e+00,0.000000e+00,0.000000e+00,0.000000e+00,0.000000e+00,0.000000e+00,0.000000e+00,0.000000e+00,0.000000e+00,0.000000e+00,0.000000e+00
1.000000e+00,0.000000e+00,0.000000e+00,0.000000e+00,0.000000e+00,0.000000e+00,0.000000e+00,0.000000e+00,0.000000e+00,0.000000e+00,0.000000e+00,0.000000e+00,0.000000e+00,0.000000e+00,0.000000e+00
1.000000e+00,0.000000e+00,0.000000e+00,0.000000e+00,0.000000e+00,0.000000e+00,0.000000e+00,0.000000e+00,0.000000e+00,0.000000e+00,0.000000e+00,0.000000e+00,0.000000e+00,0.000000e+00,0.000000e+00
1.000000e+00,0.000000e+00,0.000000e+00,0.000000e+00,0.000000e+00,0.000000e+00,0.000000e+00,0.000000e+00,0.000000e+00,0.000000e+00,0.000000e+00,0.000000e+00,0.000000e+00,0.000000e+00,0.000000e+00
1.000000e+00,0.000000e+00,0.000000e+00,0.000000e+00,0.000000e+00,0.000000e+00,0.000000e+00,0.000000e+00,0.000000e+00,0.000000e+00,0.000000e+00,0.000000e+00,0.000000e+00,0.000000e+00,0.000000e+00
1.000000e+00,0.000000e+00,0.000000e+00,0.000000e+00,0.000000e+00,0.000000e+00,0.000000e+00,0.000000e+00,0.000000e+00,0.000000e+00,0.000000e+00,0.000000e+00,0.000000e+00,0.000000e+00,0.000000e+00
1.000000e+00,0.000000e+00,0.000000e+00,0.000000e+00,0.000000e+00,0.000000e+00,0.000000e+00,0.000000e+00,0.000000e+00,0.000000e+00,0.000000e+00,0.000000e+00,0.000000e+00,0.000000e+00,0.000000e+00
1.000000e+00,0.000000e+00,0.000000e+00,0.000000e+00,0.000000e+00,0.000000e+00,0.000000e+00,0.000000e+00,0.000000e+00,0.000000e+00,0.000000e+00,0.000000e+00,0.000000e+00,0.000000e+00,0.000000e+00
1.000000e+00,0.000000e+00,0.000000e+00,0.000000e+00,0.000000e+00,0.000000e+00,0.000000e+00,0.000000e+00,0.000000e+00,0.000000e+00,0.000000e+00,0.000000e+00,0.000000e+00,0.000000e+00,0.000000e+00
1.000000e+00,0.000000e+00,0.000000e+00,0.000000e+00,0.000000e+00,0.000000e+00,0.000000e+00,0.000000e+00,0.000000e+00,0.000000e+00,0.000000e+00,0.000000e+00,0.000000e+00,0.000000e+00,0.000000e+00
1.000000e+00,0.000000e+00,0.000000e+00,0.000000e+00,0.000000e+00,0.000000e+00,0.000000e+00,0.000000e+00,0.000000e+00,0.000000e+00,0.000000e+00,0.000000e+00,0.000000e+00,0.000000e+00,0.000000e+00
1.000000e+00,0.000000e+00,0.000000e+00,0.000000e+00,0.000000e+00,0.000000e+00,0.000000e+00,0.000000e+00,0.000000e+00,0.000000e+00,0.000000e+00,0.000000e+00,0.000000e+00,0.000000e+00,0.000000e+00
1.000000e+00,0.000000e+00,0.000000e+00,0.000000e+00,0.000000e+00,0.000000e+00,0.000000e+00,0.000000e+00,0.000000e+00,0.000000e+00,0.000000e+00,0.000000e+00,0.000000e+00,0.000000e+00,0.000000e+00
1.000000e+00,0.000000e+00,0.000000e+00,0.000000e+00,0.000000e+00,0.000000e+00,0.000000e+00,0.000000e+00,0.000000e+00,0.000000e+00,0.000000e+00,0.000000e+00,0.000000e+00,0.000000e+00,0.000000e+00
1.000000e+00,0.000000e+00,0.000000e+00,0.000000e+00,0.000000e+00,0.000000e+00,0.000000e+00,0.000000e+00,0.000000e+00,0.000000e+00,0.000000e+00,0.000000e+00,0.000000e+00,0.000000e+00,0.000000e+00
1.000000e+00,0.000000e+00,0.000000e+00,0.000000e+00,0.000000e+00,0.000000e+00,0.000000e+00,0.000000e+00,0.000000e+00,0.000000e+00,0.000000e+00,0.000000e+00,0.000000e+00,0.000000e+00,0.000000e+00
1.000000e+00,0.000000e+00,0.000000e+00,0.000000e+00,0.000000e+00,0.000000e+00,0.000000e+00,0.000000e+00,0.000000e+00,0.000000e+00,0.000000e+00,0.000000e+00,0.000000e+00,0.000000e+00,0.000000e+00
1.000000e+00,0.000000e+00,0.000000e+00,0.000000e+00,0.000000e+00,0.000000e+00,0.000000e+00,0.000000e+00,0.000000e+00,0.000000e+00,0.000000e+00,0.000000e+00,0.000000e+00,0.000000e+00,0.000000e+00
1.000000e+00,0.000000e+00,0.000000e+00,0.000000e+00,0.000000e+00,0.000000e+00,0.000000e+00,0.000000e+00,0.000000e+00,0.000000e+00,0.000000e+00,0.000000e+00,0.000000e+00,0.000000e+00,0.000000e+00
1.000000e+00,0.000000e+00,0.000000e+00,0.000000e+00,0.000000e+00,0.000000e+00,0.000000e+00,0.000000e+00,0.000000e+00,0.000000e+00,0.000000e+00,0.000000e+00,0.000000e+00,0.000000e+00,0.000000e+00
1.000000e+00,0.000000e+00,0.000000e+00,0.000000e+00,0.000000e+00,0.000000e+00,0.000000e+00,0.000000e+00,0.000000e+00,0.000000e+00,0.000000e+00,0.000000e+00,0.000000e+00,0.000000e+00,0.000000e+00
1.000000e+00,0.000000e+00,0.000000e+00,0.000000e+00,0.000000e+00,0.000000e+00,0.000000e+00,0.000000e+00,0.000000e+00,0.000000e+00,0.000000e+00,0.000000e+00,0.000000e+00,0.000000e+00,0.000000e+00
1.000000e+00,0.000000e+00,0.000000e+00,0.000000e+00,0.000000e+00,0.000000e+00,0.000000e+00,0.000000e+00,0.000000e+00,0.000000e+00,0.000000e+00,0.000000e+00,0.000000e+00,0.000000e+00,0.000000e+00
1.000000e+00,0.000000e+00,0.000000e+00,0.000000e+00,0.000000e+00,0.000000e+00,0.000000e+00,0.000000e+00,0.000000e+00,0.000000e+00,0.000000e+00,0.000000e+00,0.000000e+00,0.000000e+00,0.000000e+00
1.000000e+00,0.000000e+00,0.000000e+00,0.000000e+00,0.000000e+00,0.000000e+00,0.000000e+00,0.000000e+00,0.000000e+00,0.000000e+00,0.000000e+00,0.000000e+00,0.000000e+00,0.000000e+00,0.000000e+00
1.000000e+00,0.000000e+00,0.000000e+00,0.000000e+00,0.000000e+00,0.000000e+00,0.000000e+00,0.000000e+00,0.000000e+00,0.000000e+00,0.000000e+00,0.000000e+00,0.000000e+00,0.000000e+00,0.000000e+00
1.000000e+00,0.000000e+00,0.000000e+00,0.000000e+00,0.000000e+00,0.000000e+00,0.000000e+00,0.000000e+00,0.000000e+00,0.000000e+00,0.000000e+00,0.000000e+00,0.000000e+00,0.000000e+00,0.000000e+00
1.000000e+00,0.000000e+00,0.000000e+00,0.000000e+00,0.000000e+00,0.000000e+00,0.000000e+00,0.000000e+00,0.000000e+00,0.000000e+00,0.000000e+00,0.000000e+00,0.000000e+00,0.000000e+00,0.000000e+00
1.000000e+00,0.000000e+00,0.000000e+00,0.000000e+00,0.000000e+00,0.000000e+00,0.000000e+00,0.000000e+00,0.000000e+00,0.000000e+00,0.000000e+00,0.000000e+00,0.000000e+00,0.000000e+00,0.000000e+00
1.000000e+00,0.000000e+00,0.000000e+00,0.000000e+00,0.000000e+00,0.000000e+00,0.000000e+00,0.000000e+00,0.000000e+00,0.000000e+00,0.000000e+00,0.000000e+00,0.000000e+00,0.000000e+00,0.000000e+00
4.336812e-01,2.720753e-02,1.384951e-02,2.490697e-01,3.069025e-02,7.629787e-02,4.018948e-03,1.142365e-02,7.879676e-03,1.237603e-02,8.611207e-02,1.324000e-02,1.790139e-02,1.659466e-03,1.459264e-02
3.039936e-01,2.034357e-02,1.007854e-02,3.009586e-01,2.582451e-02,7.092200e-02,3.087060e-03,8.108051e-03,8.768145e-03,1.005263e-02,2.010813e-01,1.013820e-02,1.458659e-02,1.521722e-03,1.053549e-02
2.128997e-01,1.436776e-02,7.221388e-03,2.809717e-01,1.880122e-02,5.005642e-02,2.190178e-03,5.727616e-03,7.325920e-03,8.868643e-03,3.347507e-01,1.347455e-02,1.431386e-02,2.141709e-02,7.613259e-03
1.499772e-01,1.031150e-02,5.374192e-03,2.653922e-01,1.558314e-02,3.612462e-02,1.611313e-03,4.261601e-03,1.201573e-02,7.040523e-03,3.389580e-01,1.256622e-02,1.066761e-02,1.242495e-01,5.866628e-03
1.062765e-01,7.356032e-03,4.042299e-03,2.046742e-01,2.186284e-02,2.804688e-02,1.264915e-03,3.411904e-03,9.685375e-03,5.473274e-03,4.336305e-01,3.024050e-02,7.965380e-03,1.316099e-01,4.459475e-03
7.534952e-02,5.337090e-03,3.064601e-03,1.476423e-01,2.086044e-02,2.122837e-02,9.148416e-04,2.591086e-03,7.186485e-03,4.299406e-03,4.913919e-01,3.370489e-02,6.017770e-03,1.770615e-01,3.349747e-03
5.365779e-02,4.954717e-03,2.474631e-03,1.060279e-01,2.657006e-02,1.709947e-02,6.566707e-04,1.922869e-03,6.402187e-03,3.749163e-03,4.237186e-01,3.200276e-02,4.711559e-03,3.132111e-01,2.840584e-03
3.798248e-02,4.486762e-03,1.955611e-03,7.685100e-02,3.069349e-02,1.548064e-02,4.821087e-04,1.891768e-03,5.765624e-03,3.302628e-03,4.763459e-01,2.821051e-02,3.991087e-03,3.100582e-01,2.502117e-03
2.672214e-02,3.194668e-03,1.396857e-03,5.470569e-02,3.224104e-02,1.171080e-02,3.439367e-04,1.421959e-03,4.208541e-03,2.504219e-03,5.253543e-01,2.561429e-02,3.072622e-03,3.055148e-01,1.994171e-03
1.877901e-02,2.276487e-03,1.000216e-03,3.849420e-02,2.414162e-02,8.972781e-03,2.443640e-04,1.033010e-03,3.029833e-03,1.873831e-03,5.490887e-01,2.098685e-02,2.268573e-03,3.262427e-01,1.567829e-03
1.319925e-02,2.147361e-03,8.384609e-04,2.724363e-02,3.052312e-02,6.686854e-03,1.840233e-04,7.761583e-04,5.457469e-03,1.818942e-03,5.815507e-01,1.817179e-02,1.791192e-03,3.080095e-01,1.601504e-03
9.293906e-03,2.741749e-03,1.598219e-03,1.950325e-02,3.659193e-02,5.260990e-03,1.592998e-04,5.993237e-04,9.232400e-03,2.735527e-03,5.855837e-01,1.580436e-02,1.455982e-03,3.076499e-01,1.789458e-03
6.683655e-03,2.347649e-03,5.206766e-03,1.436545e-02,3.875508e-02,4.638448e-03,1.851077e-04,5.025543e-03,1.429393e-02,4.144508e-03,5.640510e-01,1.227097e-02,1.655654e-03,3.246827e-01,1.693581e-03
5.246844e-03,1.945274e-03,5.785467e-03,1.026715e-02,3.291958e-02,5.459725e-03,2.300072e-04,4.332643e-03,1.484861e-02,6.379473e-03,5.880459e-01,1.013454e-02,2.108919e-03,3.103570e-01,1.938903e-03
4.206941e-03,1.795967e-03,6.042843e-03,8.266099e-03,2.387985e-02,5.780058e-03,2.750207e-04,3.464649e-03,2.890735e-02,1.182610e-02,6.209449e-01,9.257970e-03,2.720278e-03,2.707528e-01,1.879254e-03
3.888364e-03,1.602774e-03,5.487408e-03,6.441697e-03,1.850465e-02,5.386661e-03,3.194618e-04,2.571962e-03,2.528707e-02,2.358292e-02,6.849437e-01,1.078516e-02,4.673194e-03,2.041415e-01,2.383569e-03
4.197871e-03,3.291718e-03,7.022121e-03,5.594021e-03,1.694687e-02,5.214816e-03,4.974874e-04,2.024020e-03,2.284085e-02,4.289776e-02,6.922238e-01,1.432792e-02,5.843098e-03,1.728207e-01,4.257037e-03
3.864123e-03,3.263952e-03,9.774162e-03,4.437661e-03,4.276659e-02,6.967780e-03,1.158450e-03,7.670192e-03,2.261313e-02,5.109718e-02,6.199402e-01,1.959104e-02,5.488866e-03,1.979547e-01,3.412028e-03
4.218049e-03,7.739861e-03,1.628189e-02,3.503042e-03,5.176612e-02,7.313489e-03,1.721390e-03,1.304231e-02,5.443101e-02,6.956981e-02,5.316601e-01,1.983289e-02,5.509926e-03,2.095625e-01,3.847681e-03
8.148652e-03,6.309564e-03,4.293112e-02,3.042215e-03,5.805898e-02,6.598342e-03,3.414448e-03,1.046245e-01,4.773010e-02,6.524260e-02,4.622814e-01,2.211911e-02,8.708874e-03,1.574212e-01,3.369088e-03
2.397395e-02,7.247746e-03,1.470591e-01,1.401624e-02,5.798328e-02,1.436964e-02,3.485217e-03,1.388322e-01,5.651580e-02,5.747287e-02,3.399773e-01,1.730276e-02,7.082592e-03,1.110414e-01,3.640064e-03
3.783709e-02,1.510855e-02,2.148994e-01,2.577485e-02,7.424914e-02,1.561121e-02,5.025841e-03,1.194437e-01,8.291855e-02,5.873497e-02,2.466122e-01,1.260301e-02,5.567738e-03,8.011229e-02,5.501493e-03
3.273507e-02,1.163696e-02,2.898838e-01,1.417439e-01,5.765885e-02,1.257125e-02,3.953908e-03,9.457129e-02,6.116232e-02,4.476115e-02,1.745682e-01,9.160469e-03,4.355569e-03,5.631272e-02,4.924537e-03
4.547600e-02,1.236629e-02,3.940964e-01,1.383448e-01,5.037808e-02,9.975632e-03,3.299277e-03,6.916946e-02,5.237124e-02,3.578028e-02,1.303676e-01,6.901156e-03,3.926885e-03,4.203193e-02,5.515066e-03
4.393878e-02,1.096816e-02,4.867363e-01,1.176347e-01,4.238709e-02,7.384427e-03,2.408325e-03,7.902665e-02,4.224778e-02,2.729835e-02,9.493750e-02,5.731924e-03,3.469300e-03,3.095835e-02,4.872481e-03
4.103827e-02,8.473096e-03,4.992931e-01,9.856074e-02,3.203827e-02,5.676624e-03,1.837881e-03,1.596816e-01,3.072138e-02,2.082296e-02,6.881990e-02,4.348948e-03,2.718721e-03,2.233272e-02,3.635824e-03
3.549764e-02,6.671565e-03,4.794508e-01,8.333930e-02,2.516643e-02,4.877045e-03,1.578369e-03,2.510766e-01,2.198520e-02,1.592462e-02,5.025029e-02,3.263196e-03,2.149621e-03,1.597375e-02,2.795663e-03
2.790465e-02,4.913305e-03,3.982936e-01,7.576093e-02,1.902361e-02,3.937037e-03,1.255281e-03,3.884486e-01,1.558175e-02,1.136940e-02,3.614941e-02,2.373672e-03,1.660949e-03,1.127246e-02,2.055377e-03
2.512460e-02,4.273776e-03,3.229371e-01,6.069461e-02,2.102688e-02,3.659392e-03,1.019720e-03,5.027110e-01,1.117927e-02,8.216999e-03,2.643097e-02,1.789193e-03,1.358427e-03,8.009438e-03,1.568591e-03
2.390643e-02,4.756912e-03,2.350063e-01,4.519045e-02,2.015205e-02,4.168069e-03,1.110561e-03,6.224716e-01,8.313443e-03,6.032221e-03,1.896181e-02,1.480493e-03,1.109600e-03,5.639032e-03,1.701108e-03
3.080228e-02,7.430865e-03,1.865850e-01,3.564038e-02,2.050481e-02,5.059295e-03,1.661153e-03,6.725133e-01,9.351352e-03,5.327980e-03,1.409244e-02,1.514140e-03,1.283465e-03,4.117367e-03,4.116183e-03
4.248238e-02,8.184615e-03,1.444010e-01,2.878133e-02,1.841344e-02,6.578364e-03,2.097064e-03,7.107068e-01,1.117877e-02,4.546623e-03,1.061135e-02,1.749738e-03,1.401582e-03,3.305554e-03,5.561396e-03
9.365886e-02,1.144674e-02,1.593956e-01,2.846904e-02,1.642617e-02,2.088924e-02,2.396974e-03,6.090659e-01,1.557691e-02,9.292165e-03,1.151060e-02,6.512865e-03,2.955381e-03,2.882981e-03,9.520514e-03
1.260253e-01,1.429860e-02,1.425210e-01,3.051666e-02,1.504813e-02,4.217252e-02,3.586949e-03,5.137441e-01,1.778705e-02,2.990713e-02,1.940808e-02,1.491663e-02,1.124287e-02,2.854914e-03,1.597006e-02
1.121596e-01,1.307757e-02,1.046087e-01,3.704896e-02,1.133258e-02,4.852158e-02,3.007201e-03,3.938224e-01,1.657330e-02,3.900423e-02,7.542702e-02,3.670780e-02,7.459233e-02,3.515261e-03,3.060146e-02
1.051026e-01,1.333082e-02,7.638719e-02,3.598940e-02,9.058820e-03,3.829096e-02,2.697568e-03,2.813235e-01,2.114169e-02,6.724785e-02,1.317669e-01,4.042630e-02,1.344881e-01,4.712823e-03,3.803543e-02
8.405371e-02,1.060853e-02,5.553607e-02,3.305387e-02,7.574020e-03,2.981157e-02,2.494382e-03,2.016519e-01,2.543239e-02,7.655201e-02,1.876009e-01,4.571517e-02,1.901406e-01,6.268403e-03,4.350649e-02
6.070582e-02,1.184224e-02,4.261230e-02,8.482115e-02,8.660834e-03,2.242815e-02,2.014950e-03,1.473405e-01,9.939317e-02,6.996977e-02,1.641114e-01,4.207327e-02,2.014769e-01,6.129239e-03,3.642030e-02
4.653123e-02,1.017853e-02,3.236033e-02,8.031993e-02,1.236961e-02,1.740451e-02,1.834137e-03,1.073105e-01,1.025722e-01,9.399822e-02,1.624347e-01,4.042531e-02,2.123439e-01,9.076869e-03,7.084003e-02
3.415474e-02,2.336222e-02,2.908070e-02,6.137271e-02,1.102733e-02,1.257311e-02,1.330581e-03,7.844038e-02,1.684206e-01,7.811312e-02,1.538353e-01,4.050090e-02,2.079573e-01,1.206039e-02,8.777063e-02
2.662552e-02,3.410712e-02,3.661602e-02,5.847170e-02,9.837050e-03,9.379398e-03,1.018144e-03,8.203688e-02,2.673367e-01,6.208809e-02,1.258608e-01,3.495397e-02,1.618867e-01,1.220130e-02,7.758063e-02
2.057699e-02,6.561211e-02,4.108531e-02,4.795234e-02,8.749587e-03,6.963595e-03,7.527811e-04,7.205278e-02,3.772693e-01,4.701770e-02,9.481616e-02,2.692289e-02,1.158577e-01,1.054674e-02,6.382401e-02
1.811382e-02,1.155455e-01,3.789794e-02,8.826044e-02,7.994155e-03,6.218224e-03,5.646413e-04,5.636259e-02,3.800540e-01,4.504062e-02,7.024123e-02,2.033611e-02,8.243430e-02,9.048843e-03,6.188760e-02
2.013046e-02,1.390751e-01,3.399980e-02,7.443216e-02,1.081889e-02,5.899625e-03,6.237622e-04,4.613295e-02,4.466646e-01,3.439332e-02,5.192639e-02,1.494478e-02,5.863528e-02,7.984263e-03,5.433856e-02
2.246086e-02,1.280746e-01,4.385286e-02,1.251683e-01,3.148564e-02,7.279957e-03,1.876074e-03,1.040172e-01,3.681816e-01,2.553328e-02,3.788227e-02,1.063177e-02,4.190097e-02,6.062170e-03,4.559229e-02
3.322980e-02,1.164923e-01,3.727172e-02,1.937462e-01,3.085130e-02,6.711196e-03,1.660042e-03,8.631575e-02,3.443878e-01,3.086477e-02,2.987362e-02,8.146126e-03,3.024916e-02,5.365251e-03,4.483496e-02
2.934503e-02,8.639794e-02,4.897179e-02,2.934948e-01,2.508860e-02,5.660736e-03,1.262960e-03,6.492867e-02,2.660773e-01,6.836101e-02,2.397642e-02,6.288541e-03,2.178252e-02,4.273202e-03,5.409042e-02
4.492423e-02,7.458449e-02,6.029288e-02,2.417543e-01,2.035255e-02,4.788927e-03,9.684309e-04,4.742975e-02,2.546363e-01,1.319163e-01,2.019317e-02,4.927404e-03,1.615600e-02,3.710687e-03,7.336459e-02
5.844319e-02,6.678998e-02,5.809331e-02,1.793695e-01,2.230988e-02,4.747812e-03,8.968308e-04,3.635150e-02,2.245541e-01,2.109730e-01,1.893175e-02,4.016611e-03,1.279394e-02,4.541412e-03,9.718711e-02
8.737929e-02,5.451991e-02,5.900374e-02,1.330724e-01,1.755459e-02,5.282572e-03,8.869750e-04,2.699351e-02,1.996587e-01,2.075804e-01,1.806601e-02,3.489605e-03,1.096852e-02,6.134564e-03,1.694092e-01
7.863569e-02,4.309426e-02,5.043774e-02,1.032574e-01,1.340178e-02,4.815094e-03,7.536672e-04,2.054021e-02,1.751710e-01,1.662753e-01,1.595137e-02,3.195406e-03,1.016159e-02,9.923404e-03,3.043861e-01
5.596653e-02,3.255712e-02,3.798377e-02,7.855447e-02,9.643952e-03,3.734553e-03,5.543676e-04,1.466858e-02,1.866953e-01,1.286967e-01,2.717637e-02,5.423088e-03,3.027203e-02,7.383045e-03,3.806901e-01
3.942584e-02,2.397679e-02,3.643252e-02,6.303515e-02,7.402736e-03,2.835866e-03,4.769705e-04,1.057929e-02,3.682311e-01,1.041851e-01,2.247822e-02,7.397968e-03,2.713810e-02,5.731990e-03,2.806723e-01
3.180467e-02,2.160827e-02,3.625791e-02,5.483947e-02,6.844485e-03,3.021063e-03,5.130574e-04,8.171784e-03,2.815919e-01,9.287637e-02,1.316614e-01,1.752304e-02,9.499016e-02,8.799506e-03,2.094969e-01
2.269464e-02,1.577251e-02,2.638111e-02,3.929551e-02,6.635979e-03,2.408742e-03,5.830212e-04,6.061475e-03,2.085536e-01,1.705804e-01,1.846970e-01,4.899187e-02,9.483515e-02,1.384076e-02,1.586682e-01
1.626987e-02,1.304345e-02,1.990930e-02,2.897692e-02,6.163283e-03,2.288211e-03,4.884538e-04,4.313812e-03,1.540076e-01,2.683610e-01,1.420147e-01,6.394598e-02,1.177392e-01,2.225911e-02,1.402192e-01
1.174771e-02,1.060926e-02,1.449391e-02,2.284145e-02,6.391252e-03,2.371592e-03,4.784741e-04,3.110197e-03,1.329026e-01,3.676341e-01,1.226623e-01,5.504376e-02,9.557679e-02,3.396607e-02,1.201706e-01
1.043385e-02,8.760592e-03,1.167738e-02,3.812166e-02,9.489559e-03,2.645442e-03,9.451015e-04,3.617116e-03,1.396051e-01,3.506173e-01,1.188486e-01,5.692825e-02,9.925754e-02,3.499266e-02,1.140599e-01
7.574394e-03,6.608761e-03,9.273892e-03,4.087694e-02,1.272383e-02,2.274401e-03,1.334464e-03,2.641816e-03,1.187096e-01,3.376036e-01,1.159178e-01,7.783032e-02,9.013131e-02,4.478879e-02,1.317101e-01
5.683035e-03,6.590547e-03,1.135079e-02,3.566417e-02,2.461449e-02,2.351695e-03,1.781210e-03,3.509054e-03,1.149230e-01,3.252944e-01,1.222937e-01,7.601106e-02,8.863541e-02,4.722392e-02,1.340735e-01
4.889671e-03,6.157763e-03,1.358887e-02,3.219448e-02,4.909892e-02,2.429435e-03,1.917446e-03,1.190355e-02,1.271055e-01,2.675401e-01,1.291864e-01,6.517851e-02,8.915513e-02,3.988418e-02,1.597701e-01
4.169052e-03,5.852107e-03,1.383596e-02,2.412240e-02,1.206456e-01,1.882236e-03,2.590925e-03,1.144152e-02,1.655146e-01,2.100253e-01,1.190530e-01,4.898175e-02,8.662109e-02,3.207828e-02,1.531862e-01
5.970800e-03,6.655591e-03,1.594860e-02,1.970940e-02,1.957080e-01,2.387524e-03,5.533992e-03,1.670330e-02,1.618973e-01,1.608989e-01,9.109304e-02,3.746964e-02,1.059968e-01,2.418017e-02,1.498470e-01
5.579689e-03,5.980719e-03,2.119526e-02,1.435201e-02,3.061643e-01,2.029095e-03,7.842000e-03,1.810833e-02,1.311542e-01,1.273781e-01,7.110927e-02,2.809313e-02,1.124879e-01,1.868312e-02,1.298429e-01
1.513931e-02,6.644006e-03,3.297667e-02,1.320818e-02,2.932052e-01,2.404950e-03,7.937785e-03,6.978641e-02,1.152750e-01,1.015994e-01,6.511451e-02,2.733626e-02,1.319082e-01,1.517652e-02,1.022876e-01
2.166222e-02,5.645601e-03,3.443667e-02,1.025779e-02,4.329012e-01,2.837121e-03,8.376963e-03,5.856261e-02,9.668672e-02,7.395019e-02,5.045444e-02,2.111019e-02,9.885319e-02,1.119699e-02,7.306809e-02
2.958065e-02,5.580403e-03,6.863645e-02,7.783081e-03,4.555904e-01,2.489286e-03,1.020565e-02,7.983500e-02,8.978313e-02,5.304241e-02,4.084107e-02,1.870377e-02,7.750324e-02,8.499710e-03,5.192576e-02
5.834933e-02,9.511642e-03,6.154300e-02,8.960839e-03,4.450837e-01,3.023416e-03,1.007175e-02,6.151679e-02,1.300532e-01,3.939890e-02,3.493086e-02,2.592336e-02,6.597682e-02,7.304590e-03,3.835180e-02
6.877897e-02,1.151221e-02,9.730425e-02,2.371922e-02,3.915205e-01,3.436422e-03,9.463781e-03,6.221548e-02,1.458315e-01,2.892031e-02,3.202509e-02,2.672733e-02,6.479233e-02,5.541982e-03,2.821061e-02
1.064314e-01,1.138612e-02,1.903501e-01,2.413493e-02,3.336046e-01,4.221282e-03,7.987871e-03,5.367347e-02,1.202847e-01,2.210905e-02,2.630534e-02,2.279913e-02,5.068308e-02,4.419054e-03,2.160982e-02
1.040230e-01,1.632784e-02,2.591422e-01,2.276019e-02,3.379042e-01,4.978658e-03,7.563286e-03,3.856149e-02,9.487627e-02,1.609896e-02,2.214954e-02,1.864735e-02,3.698332e-02,3.747479e-03,1.623619e-02
9.223768e-02,2.906380e-02,2.446576e-01,1.011057e-01,3.260919e-01,5.732353e-03,7.116909e-03,3.349701e-02,7.301878e-02,1.148758e-02,1.836603e-02,1.592232e-02,2.678106e-02,2.920716e-03,1.200032e-02
7.902560e-02,2.556812e-02,1.896096e-01,8.806081e-02,3.989599e-01,2.323856e-02,3.402115e-02,3.322276e-02,5.854937e-02,8.638581e-03,1.692074e-02,1.235836e-02,2.046868e-02,2.559859e-03,8.797777e-03
8.901234e-02,3.231856e-02,1.807240e-01,8.229645e-02,3.827318e-01,4.463924e-02,4.911516e-02,3.690800e-02,4.518999e-02,7.066932e-03,1.471425e-02,1.009249e-02,1.521032e-02,2.593669e-03,7.386675e-03
1.363169e-01,4.544218e-02,1.328216e-01,6.252919e-02,4.352323e-01,3.627275e-02,3.559314e-02,3.532433e-02,3.463333e-02,5.733985e-03,1.184599e-02,7.858473e-03,1.126771e-02,2.192658e-03,6.935389e-03
1.809066e-01,1.056926e-01,1.039950e-01,5.176719e-02,3.847722e-01,3.265206e-02,2.791062e-02,3.223838e-02,3.396032e-02,7.080483e-03,1.092756e-02,7.096265e-03,9.926170e-03,2.774380e-03,8.300157e-03
2.255836e-01,1.244639e-01,9.683920e-02,4.381415e-02,3.609668e-01,2.634693e-02,2.109740e-02,3.325122e-02,2.918680e-02,6.109927e-03,8.727442e-03,5.950546e-03,8.171236e-03,2.538003e-03,6.952864e-03
3.313646e-01,1.540131e-01,7.760477e-02,3.594518e-02,2.626412e-01,2.651756e-02,1.632089e-02,2.818488e-02,2.674874e-02,6.055557e-03,7.956926e-03,7.004522e-03,8.727560e-03,3.389117e-03,7.525283e-03
3.700018e-01,2.111649e-01,6.562089e-02,3.358872e-02,1.883891e-01,2.446265e-02,1.239684e-02,2.234966e-02,2.568514e-02,8.901255e-03,7.611271e-03,7.279804e-03,8.892806e-03,5.141257e-03,8.513885e-03
4.339284e-01,1.822469e-01,6.059616e-02,3.317185e-02,1.506111e-01,2.385430e-02,9.411022e-03,1.909844e-02,2.447418e-02,7.361206e-03,1.072910e-02,1.135258e-02,9.247027e-03,7.999878e-03,1.591791e-02
4.921614e-01,1.432766e-01,5.394340e-02,3.025294e-02,1.225056e-01,3.036292e-02,8.384304e-03,1.731228e-02,2.195633e-02,7.010889e-03,1.100178e-02,1.481738e-02,1.178871e-02,1.046689e-02,2.475852e-02
3.708656e-01,2.138181e-01,8.532137e-02,9.849343e-02,8.881973e-02,2.335246e-02,6.205335e-03,1.298346e-02,1.682690e-02,6.420727e-03,1.443526e-02,1.928192e-02,9.517945e-03,8.860390e-03,2.479742e-02
2.613661e-01,2.074697e-01,9.577571e-02,1.282466e-01,6.304445e-02,1.736327e-02,4.462821e-03,9.211989e-03,2.611998e-02,2.809057e-02,3.318295e-02,2.646577e-02,1.227280e-02,1.312519e-02,7.380206e-02
1.834759e-01,1.629708e-01,8.642671e-02,1.291075e-01,4.456103e-02,1.300077e-02,3.215653e-03,6.521939e-03,4.635172e-02,5.879755e-02,4.557404e-02,2.524639e-02,1.408634e-02,1.752120e-02,1.631425e-01
1.287666e-01,1.232067e-01,1.372107e-01,1.626454e-01,3.147130e-02,9.530899e-03,2.271636e-03,4.603651e-03,6.475398e-02,5.416776e-02,4.486487e-02,1.869985e-02,1.231855e-02,1.371553e-02,1.917726e-01
9.318423e-02,1.062709e-01,1.231086e-01,1.687701e-01,2.359789e-02,8.202667e-03,1.781409e-03,3.968782e-03,1.391256e-01,4.502361e-02,5.971485e-02,1.641645e-02,2.665902e-02,1.533004e-02,1.688458e-01
7.513320e-02,9.990650e-02,9.744324e-02,1.407950e-01,1.894310e-02,8.531317e-03,1.590146e-03,3.411805e-03,1.503195e-01,3.489555e-02,7.651586e-02,2.231739e-02,9.201591e-02,2.209340e-02,1.560881e-01
7.530718e-02,7.325339e-02,7.014254e-02,1.054322e-01,2.539710e-02,1.184675e-02,2.651247e-03,4.705965e-03,1.379337e-01,2.604295e-02,6.834139e-02,4.273681e-02,1.967346e-01,2.164559e-02,1.378286e-01
6.576564e-02,5.548919e-02,5.111290e-02,8.174381e-02,2.488635e-02,1.107767e-02,2.518206e-03,6.469881e-03,1.307984e-01,1.965519e-02,5.518338e-02,5.070625e-02,3.057422e-01,2.353111e-02,1.153198e-01
4.858171e-02,4.172752e-02,3.972376e-02,7.008900e-02,2.586769e-02,9.900313e-03,2.080744e-03,9.335466e-03,1.872993e-01,1.479628e-02,4.135805e-02,5.423698e-02,3.437549e-01,1.881629e-02,9.243198e-02
3.559128e-02,3.088665e-02,2.886524e-02,5.053145e-02,2.005472e-02,7.689712e-03,1.670119e-03,9.336274e-03,1.434901e-01,1.046065e-02,2.996022e-02,5.528269e-02,4.887834e-01,1.450050e-02,7.289699e-02
2.631839e-02,2.254730e-02,2.060718e-02,3.593203e-02,1.566727e-02,5.982184e-03,1.272076e-03,7.205150e-03,1.020810e-01,7.455409e-03,2.148439e-02,4.957424e-02,6.178019e-01,1.091792e-02,5.515353e-02
2.561688e-02,1.786528e-02,1.615125e-02,2.573710e-02,2.799377e-02,9.497330e-03,1.668012e-03,6.558107e-03,8.680331e-02,5.678114e-03,1.632771e-02,3.724980e-02,6.663091e-01,8.283153e-03,4.826104e-02
2.213217e-02,1.507755e-02,1.392603e-02,1.893913e-02,3.371841e-02,1.028403e-02,1.884850e-03,7.683895e-03,7.045079e-02,4.163943e-03,1.198986e-02,2.983736e-02,7.128122e-01,6.352221e-03,4.074759e-02
2.856763e-02,1.649041e-02,1.935596e-02,1.772820e-02,2.642395e-02,1.183621e-02,1.601046e-03,7.385095e-03,5.770146e-02,4.178267e-03,9.633842e-03,2.375983e-02,7.333780e-01,4.933146e-03,3.702697e-02
2.535992e-02,1.314382e-02,1.692220e-02,1.274008e-02,2.136309e-02,1.131804e-02,1.317152e-03,1.340415e-02,4.530775e-02,3.028976e-03,7.374364e-03,2.009225e-02,7.779768e-01,3.681149e-03,2.697032e-02
2.882450e-02,1.090316e-02,3.011743e-02,1.015977e-02,4.569142e-02,1.830722e-02,4.780751e-03,1.498129e-02,3.888754e-02,2.182379e-03,5.685712e-03,1.657048e-02,7.481164e-01,2.980244e-03,2.181176e-02
3.802908e-02,9.458793e-03,3.667983e-02,2.583753e-02,7.764120e-02,4.337524e-02,9.747637e-03,4.307334e-02,3.346417e-02,2.221335e-03,5.368073e-03,1.473038e-02,6.413424e-01,2.235297e-03,1.679571e-02
4.107830e-02,9.270538e-03,3.214449e-02,1.984243e-02,6.183397e-02,6.490832e-02,1.708470e-02,5.079562e-02,2.675052e-02,1.854015e-03,4.432414e-03,1.282490e-02,6.425711e-01,1.598517e-03,1.301021e-02
6.183912e-02,1.511354e-02,3.141306e-02,1.631550e-02,5.935729e-02,5.372176e-02,3.858798e-02,1.609667e-01,3.007607e-02,1.817363e-03,3.629691e-03,1.013663e-02,5.051320e-01,1.255338e-03,1.063799e-02
9.744009e-02,2.204743e-02,2.817904e-02,1.455804e-02,5.457712e-02,5.970200e-02,5.223393e-02,1.466127e-01,4.153281e-02,2.921153e-03,3.482669e-03,1.076972e-02,4.533733e-01,1.214620e-03,1.135536e-02
1.246969e-01,3.307068e-02,2.978469e-02,1.415545e-02,5.895803e-02,7.075107e-02,6.263149e-02,1.346820e-01,5.319949e-02,3.700320e-03,3.324443e-03,1.119503e-02,3.873042e-01,1.375034e-03,1.117112e-02
2.004127e-01,4.316933e-02,2.522479e-02,1.306844e-02,5.052732e-02,6.661757e-02,5.417012e-02,1.165704e-01,8.395785e-02,5.817251e-03,3.218247e-03,1.183283e-02,3.091547e-01,1.556845e-03,1.470157e-02
2.730552e-01,4.543369e-02,2.255280e-02,1.137868e-02,4.329141e-02,5.998339e-02,4.850758e-02,1.027504e-01,9.942576e-02,6.882702e-03,2.982071e-03,1.014666e-02,2.529740e-01,1.619217e-03,1.901637e-02
3.168120e-01,4.638487e-02,2.039395e-02,1.149663e-02,3.998555e-02,4.849276e-02,5.082247e-02,1.017601e-01,1.068065e-01,9.614906e-03,3.525303e-03,9.562343e-03,2.101183e-01,1.705778e-03,2.251858e-02
3.556981e-01,5.275621e-02,2.646910e-02,1.138576e-02,4.879744e-02,3.896120e-02,5.139466e-02,9.254041e-02,1.141270e-01,9.282849e-03,3.590645e-03,9.078718e-03,1.581453e-01,2.169804e-03,2.560280e-02
4.161095e-01,5.347825e-02,2.525054e-02,1.103299e-02,5.269583e-02,3.197368e-02,5.330454e-02,8.530647e-02,1.032853e-01,8.834436e-03,3.687482e-03,9.432962e-03,1.184098e-01,2.746997e-03,2.445121e-02
4.855324e-01,4.710212e-02,2.149101e-02,1.414706e-02,4.216498e-02,3.368410e-02,5.762164e-02,6.331625e-02,7.580493e-02,1.038815e-02,1.004193e-02,1.678802e-02,8.685839e-02,3.154122e-03,3.190488e-02
4.923716e-01,4.249626e-02,2.100433e-02,2.535382e-02,3.720005e-02,3.432136e-02,5.567300e-02,4.900502e-02,6.217136e-02,1.987064e-02,1.932988e-02,2.854454e-02,6.747586e-02,3.622225e-03,4.156005e-02
4.935811e-01,3.384707e-02,2.262180e-02,3.381583e-02,2.879188e-02,3.391183e-02,4.360247e-02,3.624276e-02,5.160211e-02,3.334389e-02,2.235444e-02,3.619800e-02,7.932629e-02,5.309926e-03,4.545058e-02
1.000000e+00,0.000000e+00,0.000000e+00,0.000000e+00,0.000000e+00,0.000000e+00,0.000000e+00,0.000000e+00,0.000000e+00,0.000000e+00,0.000000e+00,0.000000e+00,0.000000e+00,0.000000e+00,0.000000e+00
1.000000e+00,0.000000e+00,0.000000e+00,0.000000e+00,0.000000e+00,0.000000e+00,0.000000e+00,0.000000e+00,0.000000e+00,0.000000e+00,0.000000e+00,0.000000e+00,0.000000e+00,0.000000e+00,0.000000e+00
4.579358e-01,2.358507e-02,1.804067e-02,5.178043e-02,1.637356e-02,2.631262e-02,1.939436e-02,1.606228e-02,1.417322e-01,2.187096e-02,5.323455e-02,3.334660e-02,5.152890e-02,1.453848e-02,5.426340e-02
3.999342e-01,2.378951e-02,1.449776e-02,5.834851e-02,1.454536e-02,2.602869e-02,1.504769e-02,1.543020e-02,1.814088e-01,1.976355e-02,6.328824e-02,3.937633e-02,4.883203e-02,1.472537e-02,6.498376e-02
3.288070e-01,2.087186e-02,1.110072e-02,4.726628e-02,2.207602e-02,2.099429e-02,1.356075e-02,1.391958e-02,3.149186e-01,1.436213e-02,5.369354e-02,3.462042e-02,3.710870e-02,1.237782e-02,5.432228e-02
3.126979e-01,2.251961e-02,8.929851e-03,6.236949e-02,2.056857e-02,2.977981e-02,1.092044e-02,1.095873e-02,3.278819e-01,1.412423e-02,5.334285e-02,3.309428e-02,3.203760e-02,1.253704e-02,4.823762e-02
2.600393e-01,2.890042e-02,6.838376e-03,6.248306e-02,2.035517e-02,3.173338e-02,8.548572e-03,8.087060e-03,4.025026e-01,1.153173e-02,4.221643e-02,3.192449e-02,2.830350e-02,9.577957e-03,4.695793e-02
1.935517e-01,9.526592e-02,5.394846e-03,1.207944e-01,1.522901e-02,2.636774e-02,6.030330e-03,5.816719e-03,3.853175e-01,1.060968e-02,3.452210e-02,2.480686e-02,2.468755e-02,7.084625e-03,4.452102e-02
1.477312e-01,1.590655e-01,5.418996e-03,9.342683e-02,1.380352e-02,2.057120e-02,4.359463e-03,4.214216e-03,3.847314e-01,1.191861e-02,4.631104e-02,2.286932e-02,3.123490e-02,6.085550e-03,4.825820e-02
1.939433e-01,1.552947e-01,4.578534e-03,7.468545e-02,1.238410e-02,1.867801e-02,3.262561e-03,3.324898e-03,3.449355e-01,1.165832e-02,3.653907e-02,2.239000e-02,2.937945e-02,6.908538e-03,8.203746e-02
1.427234e-01,1.856737e-01,4.484951e-03,5.970066e-02,1.015433e-02,1.419082e-02,2.498580e-03,3.884688e-03,3.812994e-01,1.086185e-02,3.047828e-02,1.817635e-02,3.893979e-02,6.238967e-03,9.069423e-02
1.103256e-01,1.601731e-01,5.445564e-03,4.641099e-02,1.739292e-02,1.256593e-02,2.603199e-03,1.006944e-02,3.553826e-01,1.209840e-02,2.771408e-02,1.407222e-02,4.187512e-02,6.830741e-03,1.770401e-01
9.634866e-02,1.567890e-01,8.024504e-03,3.685804e-02,1.606038e-02,1.116814e-02,3.206649e-03,1.872681e-02,3.450379e-01,9.873133e-03,2.148294e-02,1.110122e-02,5.377039e-02,6.656982e-03,2.048952e-01
7.831162e-02,1.263971e-01,9.386288e-03,2.683899e-02,2.330592e-02,1.957142e-02,8.583562e-03,2.326976e-02,3.905316e-01,7.202378e-03,1.579637e-02,9.086976e-03,7.683112e-02,5.724229e-03,1.791627e-01
6.648658e-02,9.987463e-02,9.961698e-03,2.315374e-02,2.875732e-02,2.052215e-02,1.584196e-02,6.144784e-02,3.690208e-01,5.872616e-03,1.304210e-02,7.256932e-03,1.091105e-01,5.598499e-03,1.640527e-01
5.438204e-02,9.570042e-02,1.016369e-02,1.707841e-02,2.657372e-02,1.713454e-02,1.936180e-02,5.533569e-02,3.389993e-01,5.054489e-03,1.027519e-02,5.919875e-03,1.534596e-01,4.154875e-03,1.864063e-01
5.245264e-02,1.001854e-01,1.232945e-02,1.304038e-02,4.504532e-02,1.850193e-02,2.272505e-02,5.946863e-02,3.454419e-01,4.609562e-03,7.649227e-03,4.483836e-03,1.521745e-01,3.206788e-03,1.586854e-01
6.312685e-02,1.136595e-01,1.282698e-02,1.147375e-02,5.424879e-02,1.673931e-02,1.943731e-02,8.195016e-02,3.459434e-01,3.954190e-03,6.406517e-03,3.876146e-03,1.182037e-01,2.470009e-03,1.456834e-01
8.636704e-02,1.041313e-01,1.320824e-02,1.070017e-02,5.349258e-02,1.933730e-02,1.602329e-02,1.415800e-01,3.378820e-01,3.298752e-03,5.363820e-03,3.806047e-03,9.502618e-02,2.056753e-03,1.077266e-01
1.076705e-01,9.176025e-02,1.603544e-02,1.065272e-02,4.395734e-02,1.769779e-02,1.346145e-02,2.267552e-01,2.910616e-01,2.961821e-03,4.859506e-03,3.745238e-03,7.980502e-02,1.858765e-03,8.771740e-02
1.390776e-01,7.273697e-02,2.631055e-02,2.006911e-02,3.541922e-02,1.603313e-02,1.229060e-02,2.874239e-01,2.170347e-01,2.694880e-03,4.272269e-03,4.962671e-03,6.379493e-02,1.831508e-03,9.604800e-02
1.659432e-01,5.854493e-02,2.268419e-02,1.686370e-02,2.667307e-02,1.428412e-02,1.007096e-02,3.561443e-01,1.683612e-01,2.428074e-03,4.522027e-03,6.021581e-03,6.273566e-02,2.973613e-03,8.174940e-02
2.038929e-01,4.802391e-02,1.813757e-02,1.490166e-02,2.050436e-02,2.618321e-02,8.232476e-03,3.701207e-01,1.262555e-01,3.246231e-03,8.044090e-03,1.728161e-02,6.579886e-02,3.192739e-03,6.618425e-02
2.012355e-01,3.926680e-02,1.587374e-02,2.893938e-02,1.717760e-02,2.542086e-02,6.191619e-03,3.755195e-01,9.639671e-02,9.732412e-03,1.990337e-02,2.790551e-02,6.501917e-02,4.992877e-03,6.642495e-02
1.537861e-01,3.027513e-02,1.193620e-02,3.164924e-02,1.240501e-02,2.350726e-02,4.533343e-03,2.904522e-01,7.161517e-02,1.299435e-02,1.691012e-01,5.292635e-02,7.244880e-02,8.282992e-03,5.408666e-02
1.238689e-01,2.248595e-02,1.009260e-02,3.519265e-02,1.176242e-02,1.934879e-02,3.949513e-03,2.096375e-01,5.894179e-02,1.120774e-02,3.026924e-01,4.935699e-02,8.621752e-02,1.430788e-02,4.093735e-02
8.894030e-02,1.611784e-02,7.766346e-03,2.975987e-02,1.291251e-02,1.403855e-02,2.866487e-03,1.475378e-01,4.631440e-02,1.021932e-02,4.219463e-01,4.780054e-02,8.972278e-02,2.939438e-02,3.466261e-02
6.341137e-02,1.159289e-02,7.376205e-03,2.509240e-02,1.153809e-02,1.011788e-02,2.057966e-03,1.060841e-01,4.846517e-02,9.111183e-03,4.877083e-01,3.883055e-02,7.692142e-02,7.239193e-02,2.930055e-02
4.591648e-02,8.448569e-03,6.006358e-03,2.122281e-02,9.192394e-03,7.818065e-03,1.510491e-03,7.625619e-02,4.609063e-02,8.100014e-03,5.651461e-01,3.533441e-02,5.910031e-02,8.759576e-02,2.226141e-02
3.513347e-02,8.094774e-03,3.408495e-02,5.673045e-02,1.462020e-02,6.795679e-03,1.269630e-03,5.959411e-02,8.126859e-02,1.372544e-02,5.030437e-01,3.332431e-02,4.997041e-02,8.249050e-02,1.985376e-02
2.697385e-02,7.497464e-03,2.484207e-02,4.504247e-02,1.288353e-02,6.598334e-03,9.487115e-04,4.191986e-02,7.817956e-02,1.179711e-02,5.127472e-01,3.167942e-02,4.009829e-02,1.434234e-01,1.536876e-02
2.420927e-02,7.175319e-03,2.218349e-02,1.443271e-01,1.218122e-02,5.365322e-03,7.282748e-04,2.987754e-02,1.138296e-01,1.178603e-02,4.417212e-01,2.405221e-02,3.279134e-02,1.156307e-01,1.414144e-02
2.066404e-02,8.163926e-03,1.815954e-02,1.126745e-01,1.435866e-02,4.240079e-03,6.303314e-04,2.122412e-02,9.717032e-02,9.547927e-03,5.035162e-01,1.799811e-02,2.478280e-02,1.336890e-01,1.318042e-02
2.124791e-02,7.649693e-03,1.683552e-02,9.443723e-02,4.962405e-02,3.712502e-03,9.905271e-04,1.609773e-02,8.217951e-02,9.150609e-03,4.714157e-01,1.461817e-02,2.102939e-02,1.769615e-01,1.405005e-02
3.449953e-02,1.970570e-02,2.454049e-02,8.826926e-02,6.530171e-02,4.336174e-03,1.267494e-03,1.336234e-02,9.368862e-02,9.015420e-03,4.160198e-01,1.147265e-02,1.669985e-02,1.802084e-01,2.161257e-02
4.768502e-02,1.864364e-02,4.477336e-02,1.244123e-01,6.104386e-02,5.369519e-03,1.868117e-03,3.120179e-02,1.180203e-01,9.456675e-03,3.251260e-01,9.970440e-03,1.630125e-02,1.653070e-01,2.082080e-02
6.483599e-02,1.996062e-02,5.286884e-02,1.195865e-01,5.030927e-02,8.715589e-03,2.341769e-03,2.695131e-02,1.504709e-01,9.150924e-03,2.592565e-01,1.046634e-02,2.760618e-02,1.770293e-01,2.044995e-02
1.028016e-01,2.052497e-02,5.389651e-02,1.042201e-01,4.081424e-02,1.282557e-02,3.056249e-03,2.276115e-02,1.296408e-01,1.019890e-02,2.323698e-01,2.046615e-02,4.108719e-02,1.760585e-01,2.927820e-02
9.721991e-02,2.562555e-02,9.311762e-02,9.755021e-02,3.524795e-02,1.308003e-02,2.921508e-03,2.207811e-02,1.337194e-01,1.491375e-02,1.935289e-01,1.966192e-02,4.428767e-02,1.767418e-01,3.030557e-02
1.474437e-01,2.271948e-02,1.002242e-01,1.635094e-01,2.949625e-02,1.327088e-02,3.447718e-03,2.222645e-02,1.201907e-01,1.261849e-02,1.464731e-01,2.036208e-02,3.733887e-02,1.268546e-01,3.382396e-02
1.683018e-01,2.829501e-02,1.161602e-01,1.721489e-01,4.023368e-02,1.481385e-02,3.145573e-03,2.278964e-02,1.092465e-01,1.780686e-02,1.184041e-01,2.333029e-02,3.169758e-02,1.017369e-01,3.188916e-02
2.209754e-01,2.909691e-02,9.796745e-02,1.545879e-01,5.359037e-02,1.785429e-02,3.207358e-03,2.105405e-02,9.744888e-02,1.925131e-02,9.499753e-02,3.034038e-02,2.953757e-02,9.787623e-02,3.221435e-02
2.433388e-01,3.741475e-02,7.767563e-02,1.469454e-01,8.917692e-02,1.694856e-02,4.442727e-03,1.885888e-02,1.042715e-01,1.755645e-02,7.497763e-02,3.157172e-02,2.576186e-02,7.506307e-02,3.599608e-02
1.962253e-01,5.247381e-02,8.471965e-02,1.215249e-01,1.389806e-01,1.471947e-02,6.051040e-03,6.577094e-02,1.084518e-01,1.742195e-02,5.646833e-02,2.385200e-02,2.009595e-02,6.173999e-02,3.150421e-02
1.675005e-01,7.036820e-02,9.700657e-02,1.018558e-01,1.878469e-01,1.484567e-02,7.285504e-03,6.449047e-02,1.146525e-01,1.738936e-02,4.434246e-02,1.935175e-02,1.696054e-02,4.804741e-02,2.805627e-02
1.402590e-01,1.010481e-01,1.244674e-01,1.008832e-01,1.889975e-01,1.583209e-02,1.124339e-02,5.376989e-02,1.257506e-01,1.474277e-02,3.337336e-02,1.487509e-02,1.451006e-02,3.475977e-02,2.548771e-02
1.100497e-01,1.058468e-01,1.229416e-01,1.211389e-01,1.828829e-01,1.458237e-02,1.026017e-02,3.907203e-02,1.648192e-01,1.485585e-02,2.756971e-02,1.736014e-02,1.308087e-02,2.457868e-02,3.096100e-02
9.054268e-02,8.029727e-02,1.117349e-01,1.144598e-01,1.614172e-01,1.587548e-02,8.291836e-03,2.771467e-02,1.306588e-01,1.450206e-02,6.226250e-02,3.438364e-02,1.033627e-01,1.755139e-02,2.694513e-02
9.011278e-02,5.899751e-02,8.695088e-02,9.076669e-02,1.364662e-01,1.745882e-02,6.744417e-03,1.972808e-02,9.817993e-02,1.331127e-02,7.089184e-02,8.017584e-02,1.949958e-01,1.285310e-02,2.236682e-02
6.988899e-02,4.179602e-02,6.183287e-02,6.761379e-02,1.013610e-01,1.633137e-02,4.998483e-03,1.409279e-02,7.270525e-02,1.386868e-02,7.914340e-02,1.089355e-01,3.079976e-01,1.333767e-02,2.609654e-02
5.741582e-02,2.991693e-02,4.375572e-02,4.799437e-02,7.371362e-02,1.221741e-02,3.996400e-03,1.014215e-02,6.872013e-02,1.250574e-02,1.084264e-01,1.267722e-01,3.536880e-01,1.491617e-02,3.581894e-02
4.480592e-02,2.316904e-02,3.148868e-02,3.418510e-02,5.579863e-02,9.062346e-03,3.025531e-03,7.750439e-03,6.698222e-02,1.167343e-02,1.086023e-01,1.513691e-01,4.036412e-01,1.550148e-02,3.294457e-02
3.443286e-02,1.913102e-02,2.585814e-02,2.829357e-02,4.818388e-02,6.790708e-03,2.236163e-03,9.440599e-03,9.939890e-02,1.138220e-02,1.097593e-01,1.912641e-01,3.746300e-01,1.499158e-02,2.420695e-02
2.523874e-02,2.642253e-02,2.001744e-02,2.066675e-02,4.216586e-02,5.135552e-03,1.624239e-03,7.398217e-03,1.163007e-01,1.083212e-02,1.702543e-01,2.051578e-01,3.100427e-01,2.015883e-02,1.858420e-02
1.984691e-02,2.945800e-02,1.499221e-02,1.524489e-02,3.470085e-02,4.400192e-03,1.237557e-03,6.117195e-03,1.261809e-01,9.385741e-03,1.860611e-01,2.351985e-01,2.596248e-01,4.005429e-02,1.749692e-02
1.508642e-02,2.395141e-02,1.182268e-02,1.274785e-02,3.203039e-02,4.201493e-03,1.100936e-03,7.160973e-03,1.940889e-01,7.993761e-03,2.348709e-01,1.922556e-01,2.018192e-01,4.296743e-02,1.790204e-02
1.089165e-02,1.838318e-02,8.702671e-03,9.314066e-03,4.373382e-02,3.075843e-03,8.939860e-04,5.245614e-03,2.855108e-01,6.836934e-03,2.555022e-01,1.453135e-01,1.484983e-01,4.392710e-02,1.417022e-02
8.345414e-03,1.363033e-02,6.392675e-03,6.826670e-03,4.985536e-02,2.400664e-03,7.095478e-04,3.739146e-03,2.748872e-01,6.307051e-03,3.588232e-01,1.027281e-01,1.046689e-01,4.853738e-02,1.214838e-02
7.373945e-03,1.032695e-02,4.829688e-03,5.244463e-03,4.086192e-02,2.629697e-03,5.567875e-04,3.111015e-03,3.014991e-01,6.114586e-03,4.094580e-01,7.420985e-02,7.513952e-02,4.926881e-02,9.375592e-03
9.008950e-03,7.743802e-03,4.608718e-03,7.777573e-03,3.585111e-02,7.062227e-03,6.017981e-04,7.071652e-03,3.989589e-01,5.381557e-03,3.425601e-01,5.507300e-02,5.655624e-02,5.381738e-02,7.927065e-03
8.048818e-03,6.057931e-03,3.916991e-03,9.908959e-03,2.652987e-02,9.074986e-03,4.961599e-04,8.605998e-03,4.637545e-01,5.493508e-03,2.803419e-01,5.929591e-02,6.279950e-02,4.641107e-02,9.263915e-03
6.518550e-03,4.474092e-03,3.592904e-03,1.840672e-02,1.975935e-02,7.257872e-03,4.257731e-04,1.364847e-02,5.532262e-01,4.298392e-03,2.212552e-01,4.607729e-02,5.921027e-02,3.414282e-02,7.706065e-03
9.692035e-03,3.982446e-03,4.083409e-03,1.669753e-02,1.557108e-02,1.264348e-02,6.005182e-04,1.717081e-02,4.397903e-01,4.228181e-03,2.877221e-01,4.361656e-02,1.098641e-01,2.772594e-02,6.611457e-03
1.218868e-02,3.383536e-03,6.160281e-03,2.212119e-02,1.464972e-02,1.788870e-02,9.095733e-04,4.135566e-02,3.381788e-01,4.521318e-03,3.309568e-01,4.698465e-02,1.301388e-01,2.490733e-02,5.654929e-03
2.981191e-02,6.100568e-03,3.159001e-02,4.489853e-02,5.843471e-02,1.555721e-02,1.641376e-03,3.787906e-02,3.563368e-01,4.025696e-03,2.492404e-01,3.550529e-02,9.646669e-02,2.604973e-02,6.462018e-03
2.740901e-02,6.899453e-03,7.400277e-02,2.090280e-01,5.407112e-02,1.192969e-02,1.391145e-03,2.932650e-02,2.863827e-01,3.833986e-03,1.779003e-01,2.502381e-02,6.808432e-02,1.922143e-02,5.495645e-03
5.713791e-02,1.115596e-02,9.921247e-02,2.044938e-01,9.969532e-02,1.601729e-02,2.007635e-03,2.280159e-02,2.455667e-01,3.579225e-03,1.466921e-01,1.775121e-02,4.852308e-02,1.660374e-02,8.761910e-03
4.406666e-02,9.648387e-03,1.091653e-01,3.297147e-01,9.044099e-02,1.234645e-02,1.791849e-03,1.927909e-02,2.080380e-01,2.819720e-03,1.066554e-01,1.256275e-02,3.428938e-02,1.233452e-02,6.846718e-03
3.761957e-02,1.082020e-02,1.015903e-01,2.446229e-01,1.354830e-01,9.416479e-03,2.076457e-03,1.514527e-01,1.789964e-01,1.996973e-03,7.744798e-02,9.132078e-03,2.558537e-02,8.861085e-03,4.898366e-03
3.029213e-02,7.925040e-03,7.155315e-02,1.722153e-01,1.215415e-01,6.771396e-03,1.631436e-03,3.686573e-01,1.287191e-01,1.400870e-03,5.490109e-02,6.442752e-03,1.827203e-02,6.220074e-03,3.456690e-03
2.288326e-02,5.688008e-03,5.037905e-02,1.210721e-01,8.935023e-02,6.270295e-03,1.194970e-03,5.485086e-01,9.044636e-02,9.995272e-04,3.888563e-02,4.550921e-03,1.291022e-02,4.379182e-03,2.481626e-03
2.400326e-02,4.769646e-03,3.600108e-02,8.776118e-02,7.228034e-02,1.152303e-02,9.724727e-04,6.407390e-01,6.445891e-02,8.108588e-04,3.538975e-02,4.306738e-03,1.186194e-02,3.151504e-03,1.970334e-03
2.359937e-02,3.899662e-03,2.622099e-02,6.683482e-02,5.175253e-02,1.511229e-02,7.270853e-04,5.164985e-01,4.937230e-02,1.200608e-03,9.649982e-02,2.783242e-02,1.138577e-01,2.460823e-03,4.131096e-03
1.881022e-02,3.019625e-03,1.878504e-02,4.923804e-02,3.766865e-02,1.448808e-02,5.453447e-04,3.788280e-01,3.836974e-02,1.663582e-03,1.617157e-01,5.598936e-02,2.141429e-01,1.853707e-03,4.881999e-03
1.496514e-02,2.457655e-03,1.387179e-02,3.711304e-02,2.758319e-02,1.348650e-02,4.057091e-04,2.785561e-01,2.915651e-02,1.840094e-03,2.368489e-01,5.904526e-02,2.792920e-01,1.449155e-03,3.928904e-03
1.586449e-02,2.017148e-03,1.064330e-02,2.749173e-02,2.360164e-02,1.219459e-02,5.921235e-04,2.094667e-01,2.411273e-02,2.575282e-03,2.994772e-01,5.225817e-02,3.146226e-01,1.204833e-03,3.877509e-03
1.447630e-02,1.544353e-03,1.036957e-02,2.091027e-02,2.245794e-02,1.262205e-02,1.170311e-03,1.756817e-01,2.125489e-02,3.721558e-03,3.127932e-01,4.409876e-02,3.538010e-01,1.019114e-03,4.079103e-03
2.809133e-02,5.478009e-03,2.411316e-02,1.460272e-01,4.280970e-02,1.193412e-02,1.147749e-03,1.495762e-01,3.405731e-02,2.857314e-03,2.352428e-01,3.381762e-02,2.805219e-01,9.383271e-04,3.387349e-03
4.300453e-02,7.806488e-03,4.160142e-02,1.983656e-01,5.662387e-02,1.468372e-02,1.151977e-03,1.250407e-01,3.582294e-02,2.327697e-03,2.181302e-01,2.938491e-02,2.216800e-01,1.504960e-03,2.870955e-03
1.038627e-01,1.028998e-02,4.528219e-02,1.516039e-01,7.439367e-02,1.767705e-02,1.968894e-03,9.750961e-02,3.270882e-02,9.631427e-03,2.173979e-01,4.122514e-02,1.887858e-01,3.501121e-03,4.161859e-03
1.058735e-01,8.132674e-03,3.450311e-02,1.084886e-01,7.069480e-02,2.177273e-02,2.175063e-03,7.509434e-02,3.366981e-02,1.094533e-02,3.105269e-01,4.538148e-02,1.656245e-01,3.335637e-03,3.781429e-03
8.451862e-02,6.100404e-03,2.681673e-02,7.682274e-02,5.586838e-02,1.790096e-02,3.759314e-03,6.377286e-02,2.744791e-02,1.339491e-02,3.908584e-01,5.813484e-02,1.677825e-01,3.678760e-03,3.142672e-03
1.085541e-01,1.441276e-02,3.127928e-02,5.948984e-02,9.089652e-02,3.160870e-02,7.433422e-03,5.258420e-02,5.098129e-02,1.428901e-02,3.601588e-01,4.352460e-02,1.265210e-01,3.963904e-03,4.302637e-03
1.099522e-01,2.490157e-02,3.617983e-02,4.884310e-02,1.232905e-01,4.046951e-02,1.253336e-02,4.548544e-02,6.571603e-02,2.071024e-02,3.220163e-01,3.277788e-02,9.987295e-02,6.093293e-03,1.115779e-02
1.228272e-01,3.103197e-02,4.959057e-02,5.999189e-02,1.424749e-01,4.473238e-02,1.529425e-02,5.089588e-02,7.007491e-02,3.707390e-02,2.556665e-01,2.679315e-02,7.747179e-02,5.716075e-03,1.036459e-02
1.267686e-01,3.308550e-02,1.260256e-01,8.519205e-02,1.223195e-01,3.849934e-02,1.230177e-02,7.705572e-02,5.428735e-02,3.934123e-02,1.917605e-01,2.094604e-02,5.839847e-02,5.510074e-03,8.508142e-03
1.442545e-01,3.542112e-02,1.382896e-01,1.070789e-01,1.034731e-01,3.230536e-02,1.090625e-02,5.773123e-02,4.127339e-02,1.077768e-01,1.435800e-01,1.639640e-02,4.641492e-02,5.647091e-03,9.451261e-03
2.174558e-01,3.176152e-02,1.393342e-01,9.330207e-02,7.850306e-02,2.894880e-02,8.043726e-03,4.197034e-02,3.083330e-02,1.442932e-01,1.180656e-01,1.552192e-02,3.594498e-02,6.831035e-03,9.190540e-03
2.680129e-01,3.390681e-02,1.165295e-01,1.295288e-01,7.647651e-02,2.695349e-02,6.981950e-03,3.377067e-02,2.526908e-02,1.181256e-01,1.003180e-01,1.941093e-02,2.960718e-02,6.758066e-03,8.350607e-03
2.338036e-01,2.534603e-02,8.423518e-02,2.957903e-01,5.758215e-02,2.091961e-02,5.116557e-03,2.740574e-02,1.955636e-02,8.417270e-02,9.434241e-02,1.619248e-02,2.367684e-02,5.162019e-03,6.697988e-03
3.378489e-01,2.098344e-02,7.194597e-02,2.506800e-01,5.325997e-02,1.647043e-02,3.923233e-03,2.158490e-02,1.611466e-02,6.139756e-02,9.980489e-02,1.368338e-02,1.848249e-02,5.184076e-03,8.636069e-03
4.190341e-01,1.766820e-02,6.089282e-02,2.098778e-01,4.133927e-02,1.395953e-02,3.115627e-03,1.780313e-02,1.430273e-02,4.465963e-02,9.783334e-02,2.310381e-02,1.846924e-02,6.560463e-03,1.138029e-02
4.238119e-01,2.321243e-02,4.941193e-02,2.105299e-01,3.514373e-02,1.195354e-02,3.557653e-03,2.161175e-02,1.825927e-02,3.490285e-02,9.859312e-02,2.790769e-02,2.070712e-02,7.542250e-03,1.285491e-02
4.754939e-01,1.981069e-02,3.719323e-02,1.752177e-01,2.651772e-02,1.045772e-02,3.353308e-03,2.025379e-02,2.221630e-02,2.707347e-02,1.070688e-01,2.679780e-02,2.525929e-02,8.740146e-03,1.454613e-02
1.000000e+00,0.000000e+00,0.000000e+00,0.000000e+00,0.000000e+00,0.000000e+00,0.000000e+00,0.000000e+00,0.000000e+00,0.000000e+00,0.000000e+00,0.000000e+00,0.000000e+00,0.000000e+00,0.000000e+00
1.000000e+00,0.000000e+00,0.000000e+00,0.000000e+00,0.000000e+00,0.000000e+00,0.000000e+00,0.000000e+00,0.000000e+00,0.000000e+00,0.000000e+00,0.000000e+00,0.000000e+00,0.000000e+00,0.000000e+00
1.000000e+00,0.000000e+00,0.000000e+00,0.000000e+00,0.000000e+00,0.000000e+00,0.000000e+00,0.000000e+00,0.000000e+00,0.000000e+00,0.000000e+00,0.000000e+00,0.000000e+00,0.000000e+00,0.000000e+00
1.000000e+00,0.000000e+00,0.000000e+00,0.000000e+00,0.000000e+00,0.000000e+00,0.000000e+00,0.000000e+00,0.000000e+00,0.000000e+00,0.000000e+00,0.000000e+00,0.000000e+00,0.000000e+00,0.000000e+00
1.000000e+00,0.000000e+00,0.000000e+00,0.000000e+00,0.000000e+00,0.000000e+00,0.000000e+00,0.000000e+00,0.000000e+00,0.000000e+00,0.000000e+00,0.000000e+00,0.000000e+00,0.000000e+00,0.000000e+00
1.000000e+00,0.000000e+00,0.000000e+00,0.000000e+00,0.000000e+00,0.000000e+00,0.000000e+00,0.000000e+00,0.000000e+00,0.000000e+00,0.000000e+00,0.000000e+00,0.000000e+00,0.000000e+00,0.000000e+00
1.000000e+00,0.000000e+00,0.000000e+00,0.000000e+00,0.000000e+00,0.000000e+00,0.000000e+00,0.000000e+00,0.000000e+00,0.000000e+00,0.000000e+00,0.000000e+00,0.000000e+00,0.000000e+00,0.000000e+00
1.000000e+00,0.000000e+00,0.000000e+00,0.000000e+00,0.000000e+00,0.000000e+00,0.000000e+00,0.000000e+00,0.000000e+00,0.000000e+00,0.000000e+00,0.000000e+00,0.000000e+00,0.000000e+00,0.000000e+00
4.988530e-01,3.149283e-02,4.814073e-02,5.313319e-02,1.646968e-02,1.030186e-01,2.913188e-03,1.509142e-02,2.434623e-02,3.995503e-03,1.066546e-01,2.552713e-02,1.273427e-02,4.744681e-02,1.018276e-02
4.755094e-01,3.331345e-02,3.828656e-02,4.286897e-02,1.481130e-02,1.009778e-01,2.252411e-03,1.195955e-02,3.269521e-02,3.993510e-03,9.648824e-02,2.442167e-02,1.192677e-02,1.009992e-01,9.495972e-03
4.445174e-01,3.142878e-02,3.250040e-02,4.322496e-02,1.710406e-02,1.082267e-01,2.634022e-03,1.396868e-02,5.264536e-02,3.285580e-03,8.679215e-02,2.820307e-02,1.258679e-02,1.113621e-01,1.151994e-02
4.284244e-01,2.602451e-02,3.078032e-02,3.521047e-02,2.017556e-02,1.009020e-01,2.236960e-03,1.457359e-02,8.173813e-02,5.043717e-03,7.932544e-02,2.567580e-02,1.119244e-02,1.259878e-01,1.270888e-02
3.898345e-01,2.107657e-02,4.344573e-02,4.200498e-02,2.596572e-02,8.085583e-02,2.194099e-03,2.319781e-02,1.371675e-01,5.610894e-03,6.531398e-02,2.217810e-02,9.340465e-03,1.189423e-01,1.287149e-02
4.066548e-01,2.417319e-02,4.230753e-02,4.985605e-02,2.937778e-02,6.252604e-02,2.063178e-03,1.874786e-02,1.321993e-01,6.366264e-03,6.726401e-02,2.212488e-02,8.890927e-03,1.098517e-01,1.759649e-02
3.753888e-01,2.512097e-02,3.700131e-02,6.530648e-02,3.158346e-02,5.273176e-02,2.332601e-03,1.964594e-02,1.404579e-01,5.857524e-03,8.012541e-02,2.067577e-02,8.126837e-03,1.193473e-01,1.629799e-02
3.365595e-01,2.408830e-02,1.017898e-01,1.356019e-01,2.898825e-02,4.525553e-02,2.162166e-03,1.578426e-02,1.089512e-01,5.648511e-03,6.804875e-02,1.659104e-02,6.886191e-03,8.744301e-02,1.620152e-02
3.623648e-01,2.662427e-02,1.598255e-01,1.122132e-01,2.802573e-02,3.660478e-02,1.734697e-03,1.281181e-02,9.412010e-02,4.814432e-03,5.822938e-02,1.326321e-02,5.923405e-03,6.729960e-02,1.614509e-02
3.703799e-01,3.658896e-02,1.773613e-01,8.849572e-02,3.122419e-02,3.162054e-02,1.395575e-03,1.010415e-02,9.890139e-02,3.985634e-03,5.358252e-02,1.092475e-02,5.636833e-03,6.394947e-02,1.584911e-02
3.379941e-01,6.132814e-02,1.465711e-01,1.581609e-01,4.321366e-02,2.716577e-02,1.667241e-03,1.063177e-02,8.548023e-02,3.182747e-03,4.283553e-02,1.057706e-02,5.554048e-03,4.753862e-02,1.809902e-02
3.338555e-01,5.706521e-02,1.432876e-01,1.714524e-01,4.111645e-02,2.379394e-02,2.031028e-03,1.196957e-02,9.734316e-02,3.097487e-03,3.934415e-02,1.136140e-02,6.269332e-03,3.787718e-02,2.013558e-02
3.786010e-01,4.870965e-02,1.540766e-01,1.431991e-01,3.849312e-02,2.411724e-02,1.738523e-03,1.088557e-02,9.393457e-02,2.966636e-03,3.434889e-02,1.103584e-02,5.509126e-03,3.318597e-02,1.919811e-02
4.005287e-01,3.922291e-02,1.772728e-01,1.186640e-01,3.963207e-02,2.247214e-02,1.349674e-03,8.640601e-03,1.056478e-01,2.652756e-03,2.664128e-02,9.324029e-03,4.933478e-03,2.719420e-02,1.582357e-02
4.311213e-01,3.306252e-02,1.891692e-01,1.051927e-01,3.568382e-02,1.955796e-02,1.281272e-03,8.146808e-03,9.805391e-02,2.930894e-03,2.099033e-02,9.931937e-03,5.259235e-03,2.439981e-02,1.521839e-02
4.955247e-01,2.834916e-02,1.599312e-01,1.047543e-01,3.105299e-02,1.893849e-02,1.317948e-03,7.002478e-03,8.525815e-02,3.378930e-03,1.613771e-02,9.312015e-03,4.715823e-03,2.038831e-02,1.393781e-02
1.000000e+00,0.000000e+00,0.000000e+00,0.000000e+00,0.000000e+00,0.000000e+00,0.000000e+00,0.000000e+00,0.000000e+00,0.000000e+00,0.000000e+00,0.000000e+00,0.000000e+00,0.000000e+00,0.000000e+00
1.000000e+00,0.000000e+00,0.000000e+00,0.000000e+00,0.000000e+00,0.000000e+00,0.000000e+00,0.000000e+00,0.000000e+00,0.000000e+00,0.000000e+00,0.000000e+00,0.000000e+00,0.000000e+00,0.000000e+00
1.000000e+00,0.000000e+00,0.000000e+00,0.000000e+00,0.000000e+00,0.000000e+00,0.000000e+00,0.000000e+00,0.000000e+00,0.000000e+00,0.000000e+00,0.000000e+00,0.000000e+00,0.000000e+00,0.000000e+00
1.000000e+00,0.000000e+00,0.000000e+00,0.000000e+00,0.000000e+00,0.000000e+00,0.000000e+00,0.000000e+00,0.000000e+00,0.000000e+00,0.000000e+00,0.000000e+00,0.000000e+00,0.000000e+00,0.000000e+00
1.000000e+00,0.000000e+00,0.000000e+00,0.000000e+00,0.000000e+00,0.000000e+00,0.000000e+00,0.000000e+00,0.000000e+00,0.000000e+00,0.000000e+00,0.000000e+00,0.000000e+00,0.000000e+00,0.000000e+00
1.000000e+00,0.000000e+00,0.000000e+00,0.000000e+00,0.000000e+00,0.000000e+00,0.000000e+00,0.000000e+00,0.000000e+00,0.000000e+00,0.000000e+00,0.000000e+00,0.000000e+00,0.000000e+00,0.000000e+00
1.000000e+00,0.000000e+00,0.000000e+00,0.000000e+00,0.000000e+00,0.000000e+00,0.000000e+00,0.000000e+00,0.000000e+00,0.000000e+00,0.000000e+00,0.000000e+00,0.000000e+00,0.000000e+00,0.000000e+00
1.000000e+00,0.000000e+00,0.000000e+00,0.000000e+00,0.000000e+00,0.000000e+00,0.000000e+00,0.000000e+00,0.000000e+00,0.000000e+00,0.000000e+00,0.000000e+00,0.000000e+00,0.000000e+00,0.000000e+00
1.000000e+00,0.000000e+00,0.000000e+00,0.000000e+00,0.000000e+00,0.000000e+00,0.000000e+00,0.000000e+00,0.000000e+00,0.000000e+00,0.000000e+00,0.000000e+00,0.000000e+00,0.000000e+00,0.000000e+00
1.000000e+00,0.000000e+00,0.000000e+00,0.000000e+00,0.000000e+00,0.000000e+00,0.000000e+00,0.000000e+00,0.000000e+00,0.000000e+00,0.000000e+00,0.000000e+00,0.000000e+00,0.000000e+00,0.000000e+00
1.000000e+00,0.000000e+00,0.000000e+00,0.000000e+00,0.000000e+00,0.000000e+00,0.000000e+00,0.000000e+00,0.000000e+00,0.000000e+00,0.000000e+00,0.000000e+00,0.000000e+00,0.000000e+00,0.000000e+00
1.000000e+00,0.000000e+00,0.000000e+00,0.000000e+00,0.000000e+00,0.000000e+00,0.000000e+00,0.000000e+00,0.000000e+00,0.000000e+00,0.000000e+00,0.000000e+00,0.000000e+00,0.000000e+00,0.000000e+00
1.000000e+00,0.000000e+00,0.000000e+00,0.000000e+00,0.000000e+00,0.000000e+00,0.000000e+00,0.000000e+00,0.000000e+00,0.000000e+00,0.000000e+00,0.000000e+00,0.000000e+00,0.000000e+00,0.000000e+00
1.000000e+00,0.000000e+00,0.000000e+00,0.000000e+00,0.000000e+00,0.000000e+00,0.000000e+00,0.000000e+00,0.000000e+00,0.000000e+00,0.000000e+00,0.000000e+00,0.000000e+00,0.000000e+00,0.000000e+00
1.000000e+00,0.000000e+00,0.000000e+00,0.000000e+00,0.000000e+00,0.000000e+00,0.000000e+00,0.000000e+00,0.000000e+00,0.000000e+00,0.000000e+00,0.000000e+00,0.000000e+00,0.000000e+00,0.000000e+00
1.000000e+00,0.000000e+00,0.000000e+00,0.000000e+00,0.000000e+00,0.000000e+00,0.000000e+00,0.000000e+00,0.000000e+00,0.000000e+00,0.000000e+00,0.000000e+00,0.000000e+00,0.000000e+00,0.000000e+00
1.000000e+00,0.000000e+00,0.000000e+00,0.000000e+00,0.000000e+00,0.000000e+00,0.000000e+00,0.000000e+00,0.000000e+00,0.000000e+00,0.000000e+00,0.000000e+00,0.000000e+00,0.000000e+00,0.000000e+00
1.000000e+00,0.000000e+00,0.000000e+00,0.000000e+00,0.000000e+00,0.000000e+00,0.000000e+00,0.000000e+00,0.000000e+00,0.000000e+00,0.000000e+00,0.000000e+00,0.000000e+00,0.000000e+00,0.000000e+00
1.000000e+00,0.000000e+00,0.000000e+00,0.000000e+00,0.000000e+00,0.000000e+00,0.000000e+00,0.000000e+00,0.000000e+00,0.000000e+00,0.000000e+00,0.000000e+00,0.000000e+00,0.000000e+00,0.000000e+00
1.000000e+00,0.000000e+00,0.000000e+00,0.000000e+00,0.000000e+00,0.000000e+00,0.000000e+00,0.000000e+00,0.000000e+00,0.000000e+00,0.000000e+00,0.000000e+00,0.000000e+00,0.000000e+00,0.000000e+00
1.000000e+00,0.000000e+00,0.000000e+00,0.000000e+00,0.000000e+00,0.000000e+00,0.000000e+00,0.000000e+00,0.000000e+00,0.000000e+00,0.000000e+00,0.000000e+00,0.000000e+00,0.000000e+00,0.000000e+00
1.000000e+00,0.000000e+00,0.000000e+00,0.000000e+00,0.000000e+00,0.000000e+00,0.000000e+00,0.000000e+00,0.000000e+00,0.000000e+00,0.000000e+00,0.000000e+00,0.000000e+00,0.000000e+00,0.000000e+00
1.000000e+00,0.000000e+00,0.000000e+00,0.000000e+00,0.000000e+00,0.000000e+00,0.000000e+00,0.000000e+00,0.000000e+00,0.000000e+00,0.000000e+00,0.000000e+00,0.000000e+00,0.000000e+00,0.000000e+00
1.000000e+00,0.000000e+00,0.000000e+00,0.000000e+00,0.000000e+00,0.000000e+00,0.000000e+00,0.000000e+00,0.000000e+00,0.000000e+00,0.000000e+00,0.000000e+00,0.000000e+00,0.000000e+00,0.000000e+00
1.000000e+00,0.000000e+00,0.000000e+00,0.000000e+00,0.000000e+00,0.000000e+00,0.000000e+00,0.000000e+00,0.000000e+00,0.000000e+00,0.000000e+00,0.000000e+00,0.000000e+00,0.000000e+00,0.000000e+00
1.000000e+00,0.000000e+00,0.000000e+00,0.000000e+00,0.000000e+00,0.000000e+00,0.000000e+00,0.000000e+00,0.000000e+00,0.000000e+00,0.000000e+00,0.000000e+00,0.000000e+00,0.000000e+00,0.000000e+00
1.000000e+00,0.000000e+00,0.000000e+00,0.000000e+00,0.000000e+00,0.000000e+00,0.000000e+00,0.000000e+00,0.000000e+00,0.000000e+00,0.000000e+00,0.000000e+00,0.000000e+00,0.000000e+00,0.000000e+00
1.000000e+00,0.000000e+00,0.000000e+00,0.000000e+00,0.000000e+00,0.000000e+00,0.000000e+00,0.000000e+00,0.000000e+00,0.000000e+00,0.000000e+00,0.000000e+00,0.000000e+00,0.000000e+00,0.000000e+00
1.000000e+00,0.000000e+00,0.000000e+00,0.000000e+00,0.000000e+00,0.000000e+00,0.000000e+00,0.000000e+00,0.000000e+00,0.000000e+00,0.000000e+00,0.000000e+00,0.000000e+00,0.000000e+00,0.000000e+00
1.000000e+00,0.000000e+00,0.000000e+00,0.000000e+00,0.000000e+00,0.000000e+00,0.000000e+00,0.000000e+00,0.000000e+00,0.000000e+00,0.000000e+00,0.000000e+00,0.000000e+00,0.000000e+00,0.000000e+00
1.000000e+00,0.000000e+00,0.000000e+00,0.000000e+00,0.000000e+00,0.000000e+00,0.000000e+00,0.000000e+00,0.000000e+00,0.000000e+00,0.000000e+00,0.000000e+00,0.000000e+00,0.000000e+00,0.000000e+00
1.000000e+00,0.000000e+00,0.000000e+00,0.000000e+00,0.000000e+00,0.000000e+00,0.000000e+00,0.000000e+00,0.000000e+00,0.000000e+00,0.000000e+00,0.000000e+00,0.000000e+00,0.000000e+00,0.000000e+00
1.000000e+00,0.000000e+00,0.000000e+00,0.000000e+00,0.000000e+00,0.000000e+00,0.000000e+00,0.000000e+00,0.000000e+00,0.000000e+00,0.000000e+00,0.000000e+00,0.000000e+00,0.000000e+00,0.000000e+00
1.000000e+00,0.000000e+00,0.000000e+00,0.000000e+00,0.000000e+00,0.000000e+00,0.000000e+00,0.000000e+00,0.000000e+00,0.000000e+00,0.000000e+00,0.000000e+00,0.000000e+00,0.000000e+00,0.000000e+00
1.000000e+00,0.000000e+00,0.000000e+00,0.000000e+00,0.000000e+00,0.000000e+00,0.000000e+00,0.000000e+00,0.000000e+00,0.000000e+00,0.000000e+00,0.000000e+00,0.000000e+00,0.000000e+00,0.000000e+00
1.000000e+00,0.000000e+00,0.000000e+00,0.000000e+00,0.000000e+00,0.000000e+00,0.000000e+00,0.000000e+00,0.000000e+00,0.000000e+00,0.000000e+00,0.000000e+00,0.000000e+00,0.000000e+00,0.000000e+00
1.000000e+00,0.000000e+00,0.000000e+00,0.000000e+00,0.000000e+00,0.000000e+00,0.000000e+00,0.000000e+00,0.000000e+00,0.000000e+00,0.000000e+00,0.000000e+00,0.000000e+00,0.000000e+00,0.000000e+00
1.000000e+00,0.000000e+00,0.000000e+00,0.000000e+00,0.000000e+00,0.000000e+00,0.000000e+00,0.000000e+00,0.000000e+00,0.000000e+00,0.000000e+00,0.000000e+00,0.000000e+00,0.000000e+00,0.000000e+00
1.000000e+00,0.000000e+00,0.000000e+00,0.000000e+00,0.000000e+00,0.000000e+00,0.000000e+00,0.000000e+00,0.000000e+00,0.000000e+00,0.000000e+00,0.000000e+00,0.000000e+00,0.000000e+00,0.000000e+00
1.000000e+00,0.000000e+00,0.000000e+00,0.000000e+00,0.000000e+00,0.000000e+00,0.000000e+00,0.000000e+00,0.000000e+00,0.000000e+00,0.000000e+00,0.000000e+00,0.000000e+00,0.000000e+00,0.000000e+00
1.000000e+00,0.000000e+00,0.000000e+00,0.000000e+00,0.000000e+00,0.000000e+00,0.000000e+00,0.000000e+00,0.000000e+00,0.000000e+00,0.000000e+00,0.000000e+00,0.000000e+00,0.000000e+00,0.000000e+00
1.000000e+00,0.000000e+00,0.000000e+00,0.000000e+00,0.000000e+00,0.000000e+00,0.000000e+00,0.000000e+00,0.000000e+00,0.000000e+00,0.000000e+00,0.000000e+00,0.000000e+00,0.000000e+00,0.000000e+00
1.000000e+00,0.000000e+00,0.000000e+00,0.000000e+00,0.000000e+00,0.000000e+00,0.000000e+00,0.000000e+00,0.000000e+00,0.000000e+00,0.000000e+00,0.000000e+00,0.000000e+00,0.000000e+00,0.000000e+00
1.000000e+00,0.000000e+00,0.000000e+00,0.000000e+00,0.000000e+00,0.000000e+00,0.000000e+00,0.000000e+00,0.000000e+00,0.000000e+00,0.000000e+00,0.000000e+00,0.000000e+00,0.000000e+00,0.000000e+00
1.000000e+00,0.000000e+00,0.000000e+00,0.000000e+00,0.000000e+00,0.000000e+00,0.000000e+00,0.000000e+00,0.000000e+00,0.000000e+00,0.000000e+00,0.000000e+00,0.000000e+00,0.000000e+00,0.000000e+00
1.000000e+00,0.000000e+00,0.000000e+00,0.000000e+00,0.000000e+00,0.000000e+00,0.000000e+00,0.000000e+00,0.000000e+00,0.000000e+00,0.000000e+00,0.000000e+00,0.000000e+00,0.000000e+00,0.000000e+00
1.000000e+00,0.000000e+00,0.000000e+00,0.000000e+00,0.000000e+00,0.000000e+00,0.000000e+00,0.000000e+00,0.000000e+00,0.000000e+00,0.000000e+00,0.000000e+00,0.000000e+00,0.000000e+00,0.000000e+00
1.000000e+00,0.000000e+00,0.000000e+00,0.000000e+00,0.000000e+00,0.000000e+00,0.000000e+00,0.000000e+00,0.000000e+00,0.000000e+00,0.000000e+00,0.000000e+00,0.000000e+00,0.000000e+00,0.000000e+00
1.000000e+00,0.000000e+00,0.000000e+00,0.000000e+00,0.000000e+00,0.000000e+00,0.000000e+00,0.000000e+00,0.000000e+00,0.000000e+00,0.000000e+00,0.000000e+00,0.000000e+00,0.000000e+00,0.000000e+00
1.000000e+00,0.000000e+00,0.000000e+00,0.000000e+00,0.000000e+00,0.000000e+00,0.000000e+00,0.000000e+00,0.000000e+00,0.000000e+00,0.000000e+00,0.000000e+00,0.000000e+00,0.000000e+00,0.000000e+00
1.000000e+00,0.000000e+00,0.000000e+00,0.000000e+00,0.000000e+00,0.000000e+00,0.000000e+00,0.000000e+00,0.000000e+00,0.000000e+00,0.000000e+00,0.000000e+00,0.000000e+00,0.000000e+00,0.000000e+00
1.000000e+00,0.000000e+00,0.000000e+00,0.000000e+00,0.000000e+00,0.000000e+00,0.000000e+00,0.000000e+00,0.000000e+00,0.000000e+00,0.000000e+00,0.000000e+00,0.000000e+00,0.000000e+00,0.000000e+00
1.000000e+00,0.000000e+00,0.000000e+00,0.000000e+00,0.000000e+00,0.000000e+00,0.000000e+00,0.000000e+00,0.000000e+00,0.000000e+00,0.000000e+00,0.000000e+00,0.000000e+00,0.000000e+00,0.000000e+00
1.000000e+00,0.000000e+00,0.000000e+00,0.000000e+00,0.000000e+00,0.000000e+00,0.000000e+00,0.000000e+00,0.000000e+00,0.000000e+00,0.000000e+00,0.000000e+00,0.000000e+00,0.000000e+00,0.000000e+00
1.000000e+00,0.000000e+00,0.000000e+00,0.000000e+00,0.000000e+00,0.000000e+00,0.000000e+00,0.000000e+00,0.000000e+00,0.000000e+00,0.000000e+00,0.000000e+00,0.000000e+00,0.000000e+00,0.000000e+00
1.000000e+00,0.000000e+00,0.000000e+00,0.000000e+00,0.000000e+00,0.000000e+00,0.000000e+00,0.000000e+00,0.000000e+00,0.000000e+00,0.000000e+00,0.000000e+00,0.000000e+00,0.000000e+00,0.000000e+00
1.000000e+00,0.000000e+00,0.000000e+00,0.000000e+00,0.000000e+00,0.000000e+00,0.000000e+00,0.000000e+00,0.000000e+00,0.000000e+00,0.000000e+00,0.000000e+00,0.000000e+00,0.000000e+00,0.000000e+00
1.000000e+00,0.000000e+00,0.000000e+00,0.000000e+00,0.000000e+00,0.000000e+00,0.000000e+00,0.000000e+00,0.000000e+00,0.000000e+00,0.000000e+00,0.000000e+00,0.000000e+00,0.000000e+00,0.000000e+00
1.000000e+00,0.000000e+00,0.000000e+00,0.000000e+00,0.000000e+00,0.000000e+00,0.000000e+00,0.000000e+00,0.000000e+00,0.000000e+00,0.000000e+00,0.000000e+00,0.000000e+00,0.000000e+00,0.000000e+00
1.000000e+00,0.000000e+00,0.000000e+00,0.000000e+00,0.000000e+00,0.000000e+00,0.000000e+00,0.000000e+00,0.000000e+00,0.000000e+00,0.000000e+00,0.000000e+00,0.000000e+00,0.000000e+00,0.000000e+00
1.000000e+00,0.000000e+00,0.000000e+00,0.000000e+00,0.000000e+00,0.000000e+00,0.000000e+00,0.000000e+00,0.000000e+00,0.000000e+00,0.000000e+00,0.000000e+00,0.000000e+00,0.000000e+00,0.000000e+00
1.000000e+00,0.000000e+00,0.000000e+00,0.000000e+00,0.000000e+00,0.000000e+00,0.000000e+00,0.000000e+00,0.000000e+00,0.000000e+00,0.000000e+00,0.000000e+00,0.000000e+00,0.000000e+00,0.000000e+00
1.000000e+00,0.000000e+00,0.000000e+00,0.000000e+00,0.000000e+00,0.000000e+00,0.000000e+00,0.000000e+00,0.000000e+00,0.000000e+00,0.000000e+00,0.000000e+00,0.000000e+00,0.000000e+00,0.000000e+00
1.000000e+00,0.000000e+00,0.000000e+00,0.000000e+00,0.000000e+00,0.000000e+00,0.000000e+00,0.000000e+00,0.000000e+00,0.000000e+00,0.000000e+00,0.000000e+00,0.000000e+00,0.000000e+00,0.000000e+00
1.000000e+00,0.000000e+00,0.000000e+00,0.000000e+00,0.000000e+00,0.000000e+00,0.000000e+00,0.000000e+00,0.000000e+00,0.000000e+00,0.000000e+00,0.000000e+00,0.000000e+00,0.000000e+00,0.000000e+00
1.000000e+00,0.000000e+00,0.000000e+00,0.000000e+00,0.000000e+00,0.000000e+00,0.000000e+00,0.000000e+00,0.000000e+00,0.000000e+00,0.000000e+00,0.000000e+00,0.000000e+00,0.000000e+00,0.000000e+00
1.000000e+00,0.000000e+00,0.000000e+00,0.000000e+00,0.000000e+00,0.000000e+00,0.000000e+00,0.000000e+00,0.000000e+00,0.000000e+00,0.000000e+00,0.000000e+00,0.000000e+00,0.000000e+00,0.000000e+00
1.000000e+00,0.000000e+00,0.000000e+00,0.000000e+00,0.000000e+00,0.000000e+00,0.000000e+00,0.000000e+00,0.000000e+00,0.000000e+00,0.000000e+00,0.000000e+00,0.000000e+00,0.000000e+00,0.000000e+00
1.000000e+00,0.000000e+00,0.000000e+00,0.000000e+00,0.000000e+00,0.000000e+00,0.000000e+00,0.000000e+00,0.000000e+00,0.000000e+00,0.000000e+00,0.000000e+00,0.000000e+00,0.000000e+00,0.000000e+00
1.000000e+00,0.000000e+00,0.000000e+00,0.000000e+00,0.000000e+00,0.000000e+00,0.000000e+00,0.000000e+00,0.000000e+00,0.000000e+00,0.000000e+00,0.000000e+00,0.000000e+00,0.000000e+00,0.000000e+00
1.000000e+00,0.000000e+00,0.000000e+00,0.000000e+00,0.000000e+00,0.000000e+00,0.000000e+00,0.000000e+00,0.000000e+00,0.000000e+00,0.000000e+00,0.000000e+00,0.000000e+00,0.000000e+00,0.000000e+00
1.000000e+00,0.000000e+00,0.000000e+00,0.000000e+00,0.000000e+00,0.000000e+00,0.000000e+00,0.000000e+00,0.000000e+00,0.000000e+00,0.000000e+00,0.000000e+00,0.000000e+00,0.000000e+00,0.000000e+00
