1.000000e+00,0.000000e+00,0.000000e+00,0.000000e+00,0.000000e+00,0.000000e+00,0.000000e+00,0.000000e+00,0.000000e+00,0.000000e+00,0.000000e+00,0.000000e+00,0.000000e+00,0.000000e+00,0.000000e+00
1.000000e+00,0.000000e+00,0.000000e+00,0.000000e+00,0.000000e+00,0.000000e+00,0.000000e+00,0.000000e+00,0.000000e+00,0.000000e+00,0.000000e+00,0.000000e+00,0.000000e+00,0.000000e+00,0.000000e+00
1.000000e+00,0.000000e+00,0.000000e+00,0.000000e+00,0.000000e+00,0.000000e+00,0.000000e+00,0.000000e+00,0.000000e+00,0.000000e+00,0.000000e+00,0.000000e+00,0.000000e+00,0.000000e+00,0.000000e+00
1.000000e+00,0.000000e+00,0.000000e+00,0.000000e+00,0.000000e+00,0.000000e+00,0.000000e+00,0.000000e+00,0.000000e+00,0.000000e+00,0.000000e+00,0.000000e+00,0.000000e+00,0.000000e+00,0.000000e+00
1.000000e+00,0.000000e+00,0.000000e+00,0.000000e+00,0.000000e+00,0.000000e+00,0.000000e+00,0.000000e+00,0.000000e+00,0.000000e+00,0.000000e+00,0.000000e+00,0.000000e+00,0.000000e+00,0.000000e+00
1.000000e+00,0.000000e+00,0.000000e+00,0.000000e+00,0.000000e+00,0.000000e+00,0.000000e+00,0.000000e+00,0.000000e+00,0.000000e+00,0.000000e+00,0.000000e+00,0.000000e+00,0.000000e+00,0.000000e+00
1.000000e+00,0.000000e+00,0.000000e+00,0.000000e+00,0.000000e+00,0.000000e+00,0.000000e+00,0.000000e+00,0.000000e+00,0.000000e+00,0.000000e+00,0.000000e+00,0.000000e+00,0.000000e+00,0.000000e+00
1.000000e+00,0.000000e+00,0.000000e+00,0.000000e+00,0.000000e+00,0.000000e+00,0.000000e+00,0.000000e+00,0.000000e+00,0.000000e+00,0.000000e+00,0.000000e+00,0.000000e+00,0.000000e+00,0.000000e+00
1.000000e+00,0.000000e+00,0.000000e+00,0.000000e+00,0.000000e+00,0.000000e+00,0.000000e+00,0.000000e+00,0.000000e+00,0.000000e+00,0.000000e+00,0.000000e+00,0.000000e+00,0.000000e+00,0.000000e+00
1.000000e+00,0.000000e+00,0.000000e+00,0.000000e+00,0.000000e+00,0.000000e+00,0.000000e+00,0.000000e+00,0.000000e+00,0.000000e+00,0.000000e+00,0.000000e+00,0.000000e+00,0.000000e+00,0.000000e+00
1.000000e+00,0.000000e+00,0.000000e+00,0.000000e+00,0.000000e+00,0.000000e+00,0.000000e+00,0.000000e+00,0.000000e+00,0.000000e+00,0.000000e+00,0.000000e+00,0.000000e+00,0.000000e+00,0.000000e+00
1.000000e+00,0.000000e+00,0.000000e+00,0.000000e+00,0.000000e+00,0.000000e+00,0.000000e+00,0.000000e+00,0.000000e+00,0.000000e+00,0.000000e+00,0.000000e+00,0.000000e+00,0.000000e+00,0.000000e+00
1.000000e+00,0.000000e+00,0.000000e+00,0.000000e+00,0.000000e+00,0.000000e+00,0.000000e+00,0.000000e+00,0.000000e+00,0.000000e+00,0.000000e+00,0.000000e+00,0.000000e+00,0.000000e+00,0.000000e+00
1.000000e+00,0.000000e+00,0.000000e+00,0.000000e+00,0.000000e+00,0.000000e+00,0.000000e+00,0.000000e+00,0.000000e+00,0.000000e+00,0.000000e+00,0.000000e+00,0.000000e+00,0.000000e+00,0.000000e+00
1.000000e+00,0.000000e+00,0.000000e+00,0.000000e+00,0.000000e+00,0.000000e+00,0.000000e+00,0.000000e+00,0.000000e+00,0.000000e+00,0.000000e+00,0.000000e+00,0.000000e+00,0.000000e+00,0.000000e+00
1.000000e+00,0.000000e+00,0.000000e+00,0.000000e+00,0.000000e+00,0.000000e+00,0.000000e+00,0.000000e+00,0.000000e+00,0.000000e+00,0.000000e+00,0.000000e+00,0.000000e+00,0.000000e+00,0.000000e+00
1.000000e+00,0.000000e+00,0.000000e+00,0.000000e+00,0.000000e+00,0.000000e+00,0.000000e+00,0.000000e+00,0.000000e+00,0.000000e+00,0.000000e+00,0.000000e+00,0.000000e+00,0.000000e+00,0.000000e+00
1.000000e+00,0.000000e+00,0.000000e+00,0.000000e+00,0.000000e+00,0.000000e+00,0.000000e+00,0.000000e+00,0.000000e+00,0.000000e+00,0.000000e+00,0.000000e+00,0.000000e+00,0.000000e+00,0.000000e+00
1.000000e+00,0.000000e+00,0.000000e+00,0.000000e+00,0.000000e+00,0.000000e+00,0.000000e+00,0.000000e+00,0.000000e+00,0.000000e+00,0.000000e+00,0.000000e+00,0.000000e+00,0.000000e+00,0.000000e+00
1.000000e+00,0.000000e+00,0.000000e+00,0.000000e+00,0.000000e+00,0.000000e+00,0.000000e+00,0.000000e+00,0.000000e+00,0.000000e+00,0.000000e+00,0.000000e+00,0.000000e+00,0.000000e+00,0.000000e+00
1.000000e+00,0.000000e+00,0.000000e+00,0.000000e+00,0.000000e+00,0.000000e+00,0.000000e+00,0.000000e+00,0.000000e+00,0.000000e+00,0.000000e+00,0.000000e+00,0.000000e+00,0.000000e+00,0.000000e+00
1.000000e+00,0.000000e+00,0.000000e+00,0.000000e+00,0.000000e+00,0.000000e+00,0.000000e+00,0.000000e+00,0.000000e+00,0.000000e+00,0.000000e+00,0.000000e+00,0.000000e+00,0.000000e+00,0.000000e+00
1.000000e+00,0.000000e+00,0.000000e+00,0.000000e+00,0.000000e+00,0.000000e+00,0.000000e+00,0.000000e+00,0.000000e+00,0.000000e+00,0.000000e+00,0.000000e+00,0.000000e+00,0.000000e+00,0.000000e+00
1.000000e+00,0.000000e+00,0.000000e+00,0.000000e+00,0.000000e+00,0.000000e+00,0.000000e+00,0.000000e+00,0.000000e+00,0.000000e+00,0.000000e+00,0.000000e+00,0.000000e+00,0.000000e+00,0.000000e+00
1.000000e+00,0.000000e+00,0.000000e+00,0.000000e+00,0.000000e+00,0.000000e+00,0.000000e+00,0.000000e+00,0.000000e+00,0.000000e+00,0.000000e+00,0.000000e+00,0.000000e+00,0.000000e+00,0.000000e+00
1.000000e+00,0.000000e+00,0.000000e+00,0.000000e+00,0.000000e+00,0.000000e+00,0.000000e+00,0.000000e+00,0.000000e+00,0.000000e+00,0.000000e+00,0.000000e+00,0.000000e+00,0.000000e+00,0.000000e+00
1.000000e+00,0.000000e+00,0.000000e+00,0.000000e+00,0.000000e+00,0.000000e+00,0.000000e+00,0.000000e+00,0.000000e+00,0.000000e+00,0.000000e+00,0.000000e+00,0.000000e+00,0.000000e+00,0.000000e+00
1.000000e+00,0.000000e+00,0.000000e+00,0.000000e+00,0.000000e+00,0.000000e+00,0.000000e+00,0.000000e+00,0.000000e+00,0.000000e+00,0.000000e+00,0.000000e+00,0.000000e+00,0.000000e+00,0.000000e+00
1.000000e+00,0.000000e+00,0.000000e+00,0.000000e+00,0.000000e+00,0.000000e+00,0.000000e+00,0.000000e+00,0.000000e+00,0.000000e+00,0.000000e+00,0.000000e+00,0.000000e+00,0.000000e+00,0.000000e+00
1.000000e+00,0.000000e+00,0.000000e+00,0.000000e+00,0.000000e+00,0.000000e+00,0.000000e+00,0.000000e+00,0.000000e+00,0.000000e+00,0.000000e+00,0.000000e+00,0.000000e+00,0.000000e+00,0.000000e+00
1.000000e+00,0.000000e+00,0.000000e+00,0.000000e+00,0.000000e+00,0.000000e+00,0.000000e+00,0.000000e+00,0.000000e+00,0.000000e+00,0.000000e+00,0.000000e+00,0.000000e+00,0.000000e+00,0.000000e+00
1.000000e+00,0.000000e+00,0.000000e+00,0.000000e+00,0.000000e+00,0.000000e+00,0.000000e+00,0.000000e+00,0.000000e+00,0.000000e+00,0.000000e+00,0.000000e+00,0.000000e+00,0.000000e+00,0.000000e+00
1.000000e+00,0.000000e+00,0.000000e+00,0.000000e+00,0.000000e+00,0.000000e+00,0.000000e+00,0.000000e+00,0.000000e+00,0.000000e+00,0.000000e+00,0.000000e+00,0.000000e+00,0.000000e+00,0.000000e+00
1.000000e+00,0.000000e+00,0.000000e+00,0.000000e+00,0.000000e+00,0.000000e+00,0.000000e+00,0.000000e+00,0.000000e+00,0.000000e+00,0.000000e+00,0.000000e+00,0.000000e+00,0.000000e+00,0.000000e+00
1.000000e+00,0.000000e+00,0.000000e+00,0.000000e+00,0.000000e+00,0.000000e+00,0.000000e+00,0.000000e+00,0.000000e+00,0.000000e+00,0.000000e+00,0.000000e+00,0.000000e+00,0.000000e+00,0.000000e+00
1.000000e+00,0.000000e+00,0.000000e+00,0.000000e+00,0.000000e+00,0.000000e+00,0.000000e+00,0.000000e+00,0.000000e+00,0.000000e+00,0.000000e+00,0.000000e+00,0.000000e+00,0.000000e+00,0.000000e+00
1.000000e+00,0.000000e+00,0.000000e+00,0.000000e+00,0.000000e+00,0.000000e+00,0.000000e+00,0.000000e+00,0.000000e+00,0.000000e+00,0.000000e+00,0.000000e+00,0.000000e+00,0.000000e+00,0.000000e+00
1.000000e+00,0.000000e+00,0.000000e+00,0.000000e+00,0.000000e+00,0.000000e+00,0.000000e+00,0.000000e+00,0.000000e+00,0.000000e+00,0.000000e+00,0.000000e+00,0.000000e+00,0.000000e+00,0.000000e+00
1.000000e+00,0.000000e+00,0.000000e+00,0.000000e+00,0.000000e+00,0.000000e+00,0.000000e+00,0.000000e+00,0.000000e+00,0.000000e+00,0.000000e+00,0.000000e+00,0.000000e+00,0.000000e+00,0.000000e+00
1.000000e+00,0.000000e+00,0.000000e+00,0.000000e+00,0.000000e+00,0.000000e+00,0.000000e+00,0.000000e+00,0.000000e+00,0.000000e+00,0.000000e+00,0.000000e+00,0.000000e+00,0.000000e+00,0.000000e+00
1.000000e+00,0.000000e+00,0.000000e+00,0.000000e+00,0.000000e+00,0.000000e+00,0.000000e+00,0.000000e+00,0.000000e+00,0.000000e+00,0.000000e+00,0.000000e+00,0.000000e+00,0.000000e+00,0.000000e+00
1.000000e+00,0.000000e+00,0.000000e+00,0.000000e+00,0.000000e+00,0.000000e+00,0.000000e+00,0.000000e+00,0.000000e+00,0.000000e+00,0.000000e+00,0.000000e+00,0.000000e+00,0.000000e+00,0.000000e+00
1.000000e+00,0.000000e+00,0.000000e+00,0.000000e+00,0.000000e+00,0.000000e+00,0.000000e+00,0.000000e+00,0.000000e+00,0.000000e+00,0.000000e+00,0.000000e+00,0.000000e+00,0.000000e+00,0.000000e+00
1.000000e+00,0.000000e+00,0.000000e+00,0.000000e+00,0.000000e+00,0.000000e+00,0.000000e+00,0.000000e+00,0.000000e+00,0.000000e+00,0.000000e+00,0.000000e+00,0.000000e+00,0.000000e+00,0.000000e+00
1.000000e+00,0.000000e+00,0.000000e+00,0.000000e+00,0.000000e+00,0.000000e+00,0.000000e+00,0.000000e+00,0.000000e+00,0.000000e+00,0.000000e+00,0.000000e+00,0.000000e+00,0.000000e+00,0.000000e+00
1.000000e+00,0.000000e+00,0.000000e+00,0.000000e+00,0.000000e+00,0.000000e+00,0.000000e+00,0.000000e+00,0.000000e+00,0.000000e+00,0.000000e+00,0.000000e+00,0.000000e+00,0.000000e+00,0.000000e+00
1.000000e+00,0.000000e+00,0.000000e+00,0.000000e+00,0.000000e+00,0.000000e+00,0.000000e+00,0.000000e+00,0.000000e+00,0.000000e+00,0.000000e+00,0.000000e+00,0.000000e+00,0.000000e+00,0.000000e+00
1.000000e+00,0.000000e+00,0.000000e+00,0.000000e+00,0.000000e+00,0.000000e+00,0.000000e+00,0.000000e+00,0.000000e+00,0.000000e+00,0.000000e+00,0.000000e+00,0.000000e+00,0.000000e+00,0.000000e+00
1.000000e+00,0.000000e+00,0.000000e+00,0.000000e+00,0.000000e+00,0.000000e+00,0.000000e+00,0.000000e+00,0.000000e+00,0.000000e+00,0.000000e+00,0.000000e+00,0.000000e+00,0.000000e+00,0.000000e+00
1.000000e+00,0.000000e+00,0.000000e+00,0.000000e+00,0.000000e+00,0.000000e+00,0.000000e+00,0.000000e+00,0.000000e+00,0.000000e+00,0.000000e+00,0.000000e+00,0.000000e+00,0.000000e+00,0.000000e+00
1.000000e+00,0.000000e+00,0.000000e+00,0.000000e+00,0.000000e+00,0.000000e+00,0.000000e+00,0.000000e+00,0.000000e+00,0.000000e+00,0.000000e+00,0.000000e+00,0.000000e+00,0.000000e+00,0.000000e+00
1.000000e+00,0.000000e+00,0.000000e+00,0.000000e+00,0.000000e+00,0.000000e+00,0.000000e+00,0.000000e+00,0.000000e+00,0.000000e+00,0.000000e+00,0.000000e+00,0.000000e+00,0.000000e+00,0.000000e+00
1.000000e+00,0.000000e+00,0.000000e+00,0.000000e+00,0.000000e+00,0.000000e+00,0.000000e+00,0.000000e+00,0.000000e+00,0.000000e+00,0.000000e+00,0.000000e+00,0.000000e+00,0.000000e+00,0.000000e+00
1.000000e+00,0.000000e+00,0.000000e+00,0.000000e+00,0.000000e+00,0.000000e+00,0.000000e+00,0.000000e+00,0.000000e+00,0.000000e+00,0.000000e+00,0.000000e+00,0.000000e+00,0.000000e+00,0.000000e+00
1.000000e+00,0.000000e+00,0.000000e+00,0.000000e+00,0.000000e+00,0.000000e+00,0.000000e+00,0.000000e+00,0.000000e+00,0.000000e+00,0.000000e+00,0.000000e+00,0.000000e+00,0.000000e+00,0.000000e+00
1.000000e+00,0.000000e+00,0.000000e+00,0.000000e+00,0.000000e+00,0.000000e+00,0.000000e+00,0.000000e+00,0.000000e+00,0.000000e+00,0.000000e+00,0.000000e+00,0.000000e+00,0.000000e+00,0.000000e+00
1.000000e+00,0.000000e+00,0.000000e+00,0.000000e+00,0.000000e+00,0.000000e+00,0.000000e+00,0.000000e+00,0.000000e+00,0.000000e+00,0.000000e+00,0.000000e+00,0.000000e+00,0.000000e+00,0.000000e+00
1.000000e+00,0.000000e+00,0.000000e+00,0.000000e+00,0.000000e+00,0.000000e+00,0.000000e+00,0.000000e+00,0.000000e+00,0.000000e+00,0.000000e+00,0.000000e+00,0.000000e+00,0.000000e+00,0.000000e+00
1.000000e+00,0.000000e+00,0.000000e+00,0.000000e+00,0.000000e+00,0.000000e+00,0.000000e+00,0.000000e+00,0.000000e+00,0.000000e+00,0.000000e+00,0.000000e+00,0.000000e+00,0.000000e+00,0.000000e+00
1.000000e+00,0.000000e+00,0.000000e+00,0.000000e+00,0.000000e+00,0.000000e+00,0.000000e+00,0.000000e+00,0.000000e+00,0.000000e+00,0.000000e+00,0.000000e+00,0.000000e+00,0.000000e+00,0.000000e+00
1.000000e+00,0.000000e+00,0.000000e+00,0.000000e+00,0.000000e+00,0.000000e+00,0.000000e+00,0.000000e+00,0.000000e+00,0.000000e+00,0.000000e+00,0.000000e+00,0.000000e+00,0.000000e+00,0.000000e+00
1.000000e+00,0.000000e+00,0.000000e+00,0.000000e+00,0.000000e+00,0.000000e+00,0.000000e+00,0.000000e+00,0.000000e+00,0.000000e+00,0.000000e+00,0.000000e+00,0.000000e+00,0.000000e+00,0.000000e+00
1.000000e+00,0.000000e+00,0.000000e+00,0.000000e+00,0.000000e+00,0.000000e+00,0.000000e+00,0.000000e+00,0.000000e+00,0.000000e+00,0.000000e+00,0.000000e+00,0.000000e+00,0.000000e+00,0.000000e+00
1.000000e+00,0.000000e+00,0.000000e+00,0.000000e+00,0.000000e+00,0.000000e+00,0.000000e+00,0.000000e+00,0.000000e+00,0.000000e+00,0.000000e+00,0.000000e+00,0.000000e+00,0.000000e+00,0.000000e+00
1.000000e+00,0.000000e+00,0.000000e+00,0.000000e+00,0.000000e+00,0.000000e+00,0.000000e+00,0.000000e+00,0.000000e+00,0.000000e+00,0.000000e+00,0.000000e+00,0.000000e+00,0.000000e+00,0.000000e+00
1.000000e+00,0.000000e+00,0.000000e+00,0.000000e+00,0.000000e+00,0.000000e+00,0.000000e+00,0.000000e+00,0.000000e+00,0.000000e+00,0.000000e+00,0.000000e+00,0.000000e+00,0.000000e+00,0.000000e+00
1.000000e+00,0.000000e+00,0.000000e+00,0.000000e+00,0.000000e+00,0.000000e+00,0.000000e+00,0.000000e+00,0.000000e+00,0.000000e+00,0.000000e+00,0.000000e+00,0.000000e+00,0.000000e+00,0.000000e+00
1.000000e+00,0.000000e+00,0.000000e+00,0.000000e+00,0.000000e+00,0.000000e+00,0.000000e+00,0.000000e+00,0.000000e+00,0.000000e+00,0.000000e+00,0.000000e+00,0.000000e+00,0.000000e+00,0.000000e+00
1.000000e+00,0.000000e+00,0.000000e+00,0.000000e+00,0.000000e+00,0.000000e+00,0.000000e+00,0.000000e+00,0.000000e+00,0.000000e+00,0.000000e+00,0.000000e+00,0.000000e+00,0.000000e+00,0.000000e+00
4.822040e-01,1.726747e-02,3.554856e-02,1.849909e-02,1.227342e-02,4.863762e-02,2.199678e-02,3.205763e-01,2.728793e-03,1.144623e-03,5.682672e-03,1.125746e-02,1.019236e-02,3.273800e-03,8.716960e-03
3.750112e-01,1.354856e-02,3.067214e-02,1.464041e-02,1.068057e-02,6.542131e-02,2.739128e-02,4.264603e-01,2.226972e-03,1.031652e-03,5.205545e-03,8.914653e-03,7.854449e-03,3.383855e-03,7.557084e-03
3.542553e-01,1.111591e-02,2.381825e-02,1.177211e-02,1.101841e-02,1.149872e-01,2.928706e-02,3.949943e-01,3.061787e-03,2.158566e-03,7.666185e-03,8.792030e-03,7.924673e-03,7.022322e-03,1.212585e-02
2.839121e-01,1.791708e-02,2.523732e-02,2.036881e-02,1.051104e-02,1.541422e-01,2.281464e-02,3.077608e-01,1.077216e-02,5.973745e-03,3.460552e-02,2.037920e-02,2.676116e-02,1.039069e-02,4.845360e-02
2.111688e-01,1.748602e-02,2.309210e-02,5.652510e-02,8.875581e-03,1.309136e-01,1.700224e-02,2.237678e-01,9.070848e-03,4.813471e-03,4.631689e-02,1.896361e-02,1.724236e-01,7.375638e-03,5.220471e-02
1.504100e-01,1.257992e-02,1.632141e-02,4.171146e-02,6.818853e-03,9.736861e-02,1.421101e-02,1.568613e-01,6.588815e-03,3.546424e-03,3.411860e-02,2.172416e-02,3.893432e-01,5.500107e-03,4.289603e-02
1.063865e-01,8.957181e-03,1.263367e-02,3.258274e-02,5.980144e-03,8.370335e-02,1.235372e-02,1.104733e-01,7.536485e-03,3.204539e-03,2.547379e-02,4.468709e-02,4.902112e-01,6.161476e-03,4.965482e-02
7.515761e-02,6.370783e-03,9.446696e-03,2.407724e-02,4.742337e-03,6.361720e-02,9.124749e-03,7.794963e-02,7.373546e-03,2.587286e-03,2.028508e-02,6.620879e-02,5.883258e-01,4.682254e-03,4.005098e-02
5.313532e-02,5.737436e-03,7.125429e-03,1.840935e-02,2.923969e-02,4.662641e-02,7.195675e-03,5.613390e-02,7.031664e-02,2.264656e-03,1.678574e-02,5.893144e-02,5.909526e-01,3.500001e-03,3.364571e-02
4.126652e-02,7.503440e-03,8.296361e-03,2.289184e-02,5.412471e-02,5.480376e-02,7.426494e-03,4.183760e-02,9.195224e-02,2.727394e-03,1.497170e-02,8.333588e-02,5.400903e-01,2.629014e-03,2.614278e-02
3.316780e-02,6.344935e-03,7.331335e-03,2.084040e-02,4.360604e-02,1.221495e-01,6.645032e-03,2.984777e-02,7.208639e-02,3.091515e-03,1.511728e-02,1.022349e-01,5.147015e-01,1.990787e-03,2.084488e-02
2.565404e-02,5.053728e-03,7.557711e-03,1.965249e-02,3.183323e-02,1.005417e-01,5.272609e-03,2.110583e-02,5.433188e-02,2.973323e-03,1.475822e-02,2.249655e-01,4.685886e-01,1.719015e-03,1.599223e-02
1.982897e-02,3.640435e-03,5.609884e-03,1.455431e-02,2.260514e-02,7.404900e-02,4.003219e-03,1.490362e-02,3.886793e-02,2.421609e-03,1.225930e-02,3.832592e-01,3.908473e-01,1.316802e-03,1.183327e-02
1.615947e-02,3.253610e-03,5.228395e-03,1.101545e-02,2.202916e-02,5.403513e-02,3.024680e-03,1.099946e-02,2.885962e-02,2.184592e-03,1.582600e-02,5.061635e-01,3.110783e-01,1.115054e-03,9.027595e-03
1.615035e-02,2.509375e-03,4.767818e-03,8.746745e-03,2.379697e-02,4.167684e-02,2.613707e-03,8.424486e-03,2.169375e-02,2.119899e-03,2.203829e-02,5.601999e-01,2.774081e-01,1.030601e-03,6.823094e-03
1.485339e-02,4.378740e-03,1.222372e-02,2.087590e-02,8.947297e-02,3.761435e-02,2.225126e-03,7.508081e-03,1.795431e-02,2.216541e-03,2.415295e-02,4.950381e-01,2.648338e-01,1.109867e-03,5.542140e-03
1.398611e-02,4.135306e-03,1.020466e-02,1.748911e-02,9.119301e-02,2.861742e-02,2.309538e-03,9.367714e-03,2.075399e-02,4.105407e-03,2.495560e-02,4.998350e-01,2.664846e-01,1.431384e-03,5.131060e-03
1.407140e-02,4.345155e-03,8.060724e-03,1.376979e-02,1.334783e-01,2.241878e-02,5.466918e-03,1.055893e-02,4.408712e-02,4.302262e-03,2.098264e-02,5.110453e-01,2.008255e-01,1.198954e-03,5.388283e-03
2.201315e-02,9.238923e-03,6.722051e-02,1.883103e-02,1.661620e-01,2.268611e-02,6.988107e-02,1.325540e-02,5.026975e-02,4.583486e-03,1.611343e-02,3.831044e-01,1.487691e-01,9.906014e-04,6.881054e-03
2.380789e-02,3.162830e-02,6.229809e-02,2.063338e-02,1.833516e-01,3.236144e-02,6.258395e-02,1.704684e-02,1.276847e-01,7.304525e-03,1.332498e-02,2.848002e-01,1.139382e-01,1.260062e-03,1.797585e-02
2.106787e-02,2.873665e-02,1.196016e-01,1.300402e-01,1.480601e-01,2.404236e-02,4.597148e-02,1.489729e-02,1.380430e-01,8.388246e-03,1.138300e-02,2.004853e-01,8.427441e-02,9.462095e-04,2.406229e-02
5.199979e-02,2.701551e-02,1.285627e-01,1.021169e-01,1.292865e-01,3.854483e-02,5.918875e-02,1.964210e-02,1.667783e-01,7.182439e-03,1.071347e-02,1.453007e-01,9.351283e-02,9.442181e-04,1.921094e-02
6.587121e-02,3.278065e-02,1.009136e-01,7.605137e-02,1.154552e-01,6.434986e-02,7.501172e-02,1.994364e-02,2.034000e-01,6.341483e-03,1.036546e-02,1.085257e-01,9.895434e-02,1.117738e-03,2.091803e-02
5.024703e-02,5.892030e-02,1.984213e-01,1.201365e-01,8.499768e-02,4.796392e-02,5.406274e-02,1.421244e-02,1.595324e-01,7.359338e-03,7.896465e-03,7.836836e-02,7.105997e-02,9.418631e-04,4.587964e-02
3.929302e-02,5.132213e-02,1.988094e-01,1.223399e-01,6.304158e-02,3.625883e-02,3.975501e-02,1.066734e-02,1.394549e-01,1.347928e-02,9.419048e-03,5.724404e-02,5.731037e-02,1.453538e-03,1.601517e-01
7.853498e-02,4.692448e-02,1.469346e-01,1.009746e-01,6.743815e-02,3.296708e-02,3.544642e-02,1.392257e-02,1.332404e-01,1.388421e-02,1.524146e-02,4.977075e-02,9.632537e-02,4.649756e-03,1.637452e-01
1.449294e-01,5.272106e-02,1.097851e-01,8.874892e-02,8.639976e-02,2.832643e-02,2.985525e-02,1.565223e-02,1.134380e-01,1.181605e-02,1.736836e-02,5.996561e-02,1.042302e-01,6.047048e-03,1.307166e-01
1.207152e-01,5.250827e-02,1.066011e-01,1.380751e-01,6.357482e-02,2.396457e-02,2.184712e-02,1.168596e-02,9.866469e-02,3.254332e-02,1.839269e-02,5.758416e-02,9.210513e-02,7.984392e-03,1.537534e-01
1.017197e-01,1.190837e-01,7.865765e-02,1.013817e-01,4.539908e-02,2.159313e-02,1.559454e-02,9.598816e-03,1.126076e-01,3.738229e-02,1.829718e-02,4.623647e-02,1.113998e-01,1.922541e-02,1.618230e-01
1.131574e-01,1.015894e-01,5.649696e-02,7.891418e-02,3.674775e-02,2.883479e-02,1.268357e-02,8.541164e-03,1.897651e-01,3.097489e-02,2.492871e-02,4.219160e-02,1.371933e-01,1.451555e-02,1.234657e-01
1.312885e-01,1.730682e-01,4.406234e-02,9.004879e-02,2.694509e-02,2.702300e-02,9.262606e-03,7.906630e-03,1.756507e-01,2.457241e-02,2.190057e-02,3.423011e-02,1.167631e-01,1.184850e-02,1.054295e-01
1.353776e-01,1.432734e-01,3.183266e-02,7.179728e-02,2.080846e-02,3.062128e-02,7.580400e-03,1.261847e-02,1.478734e-01,1.776277e-02,1.770982e-02,4.468871e-02,2.294642e-01,9.387867e-03,7.920375e-02
1.213945e-01,1.973629e-01,2.690892e-02,7.312370e-02,1.508812e-02,2.613107e-02,5.470861e-03,1.000348e-02,1.951856e-01,1.418501e-02,1.509450e-02,3.705991e-02,1.822031e-01,8.498267e-03,7.229005e-02
9.370601e-02,2.756926e-01,2.257668e-02,7.131121e-02,1.106552e-02,2.128314e-02,4.002831e-03,7.753181e-03,2.036300e-01,1.319472e-02,1.857011e-02,3.291429e-02,1.454787e-01,1.321678e-02,6.560421e-02
7.940155e-02,2.086826e-01,1.625381e-02,5.815636e-02,8.660813e-03,2.331848e-02,2.968456e-03,6.077665e-03,1.746864e-01,9.656128e-03,2.111074e-02,3.886294e-02,2.886264e-01,1.096348e-02,5.257412e-02
7.566353e-02,2.042526e-01,1.270744e-02,6.050278e-02,8.591092e-03,1.927073e-02,2.359312e-03,4.923769e-03,2.848429e-01,8.451307e-03,1.728624e-02,3.244047e-02,2.173024e-01,1.127951e-02,4.012591e-02
6.917897e-02,1.440654e-01,9.154160e-03,4.470564e-02,7.161377e-03,2.337655e-02,1.849512e-03,3.765623e-03,2.013831e-01,5.997370e-03,1.359984e-02,5.759023e-02,3.753818e-01,9.511014e-03,3.327934e-02
6.710295e-02,1.027328e-01,7.013790e-03,3.540469e-02,6.226441e-03,2.542881e-02,1.511354e-03,2.957768e-03,1.435728e-01,4.307856e-03,1.124058e-02,5.017386e-02,5.041774e-01,1.140039e-02,2.674850e-02
5.650481e-02,7.398591e-02,5.513671e-03,2.627864e-02,5.122093e-03,2.239049e-02,1.191878e-03,2.109027e-03,1.020016e-01,3.318994e-03,1.239002e-02,7.126419e-02,5.846272e-01,1.261961e-02,2.068187e-02
4.746682e-02,5.252893e-02,4.094679e-03,1.972204e-02,4.384382e-03,2.002255e-02,1.025787e-03,1.526615e-03,7.359573e-02,2.922019e-03,1.392519e-02,1.005286e-01,6.296950e-01,1.084600e-02,1.771560e-02
4.255636e-02,3.762440e-02,3.678646e-03,1.471654e-02,4.010567e-03,1.697312e-02,9.157102e-04,1.140650e-03,5.365253e-02,4.987943e-03,2.617187e-02,1.532193e-01,5.994955e-01,1.409346e-02,2.676334e-02
3.916509e-02,2.696341e-02,2.994539e-03,1.045099e-02,3.050529e-02,1.225834e-02,1.143316e-03,8.787901e-04,4.074463e-02,4.477621e-03,2.838221e-02,1.231118e-01,6.210235e-01,1.169457e-02,4.620584e-02
4.169567e-02,2.080421e-02,4.164776e-03,8.289502e-03,7.357353e-02,9.623774e-03,1.303577e-03,1.263768e-03,3.327001e-02,9.651339e-03,3.008245e-02,1.031798e-01,5.467186e-01,1.696296e-02,9.941609e-02
3.569043e-02,1.902614e-02,6.615454e-03,8.643705e-03,6.721112e-02,7.645873e-03,1.082777e-03,1.884935e-03,1.201513e-01,2.632106e-02,2.466447e-02,7.536456e-02,4.061309e-01,1.392935e-02,1.856380e-01
2.760184e-02,1.541862e-02,9.209304e-02,2.795744e-02,6.353336e-02,6.773580e-03,1.630521e-03,1.737174e-02,1.565279e-01,2.981370e-02,2.670783e-02,5.711391e-02,3.098074e-01,1.066220e-02,1.569870e-01
2.169378e-02,3.976228e-02,1.075528e-01,4.473700e-02,5.138981e-02,1.052040e-02,1.670633e-03,1.293063e-02,2.460667e-01,2.743326e-02,2.288138e-02,4.288613e-02,2.275966e-01,7.687481e-03,1.351911e-01
1.641372e-02,4.526098e-02,1.367915e-01,1.352027e-01,3.877779e-02,1.008669e-02,1.747903e-03,1.006387e-02,2.529519e-01,2.579312e-02,1.742894e-02,3.031560e-02,1.627572e-01,5.642756e-03,1.107652e-01
2.690243e-02,4.918093e-02,1.062487e-01,1.584005e-01,3.803461e-02,9.866909e-03,3.543923e-03,1.005604e-02,2.954747e-01,2.118871e-02,3.575066e-02,2.255871e-02,1.308153e-01,4.280795e-03,8.769706e-02
2.379160e-02,4.499823e-02,8.484245e-02,1.519241e-01,3.621732e-02,9.647327e-03,3.607572e-03,1.241281e-02,3.174308e-01,1.917278e-02,4.563312e-02,1.987567e-02,1.566316e-01,3.600267e-03,7.021427e-02
2.106960e-02,3.573586e-02,7.325733e-02,1.650039e-01,6.726504e-02,9.128636e-03,6.187500e-03,1.210092e-02,2.728426e-01,1.823086e-02,5.635511e-02,1.696571e-02,1.548449e-01,4.385456e-03,8.662661e-02
3.363849e-02,2.918480e-02,5.548796e-02,1.301500e-01,6.772481e-02,1.841042e-02,7.841716e-03,1.224427e-02,2.653710e-01,1.598433e-02,6.554680e-02,2.380937e-02,1.941599e-01,4.755910e-03,7.569024e-02
7.783204e-02,3.342059e-02,4.310430e-02,1.021060e-01,6.923977e-02,2.378341e-02,7.566602e-03,1.195064e-02,2.426816e-01,1.274562e-02,6.330538e-02,3.507065e-02,1.951107e-01,6.130755e-03,7.595192e-02
9.203848e-02,2.990428e-02,3.189577e-02,7.907536e-02,6.286233e-02,2.218013e-02,6.682799e-03,1.061646e-02,1.926110e-01,1.053938e-02,5.588216e-02,4.067376e-02,2.889032e-01,5.829304e-03,7.030561e-02
6.734879e-02,2.166615e-02,2.256467e-02,5.679405e-02,4.607217e-02,1.732824e-02,4.964226e-03,7.697760e-03,1.381372e-01,7.963217e-03,4.282529e-02,5.464876e-02,4.571366e-01,4.503232e-03,5.034963e-02
5.782613e-02,1.715109e-02,1.668010e-02,4.273301e-02,3.800956e-02,1.493508e-02,3.864243e-03,5.788465e-03,1.054816e-01,6.638827e-03,4.342762e-02,6.945257e-02,5.368897e-01,3.974624e-03,3.714744e-02
6.164034e-02,1.357270e-02,1.354348e-02,3.286884e-02,3.318930e-02,2.374668e-02,6.394944e-03,5.989119e-03,7.989267e-02,6.058244e-03,4.708531e-02,1.595374e-01,4.828945e-01,2.977451e-03,3.060897e-02
1.093968e-01,1.069318e-02,1.017506e-02,2.440426e-02,2.774128e-02,2.200498e-02,5.707290e-03,5.220083e-03,5.885596e-02,5.772528e-03,3.670442e-02,1.935508e-01,4.611864e-01,2.391322e-03,2.619564e-02
1.137963e-01,7.851556e-03,7.577882e-03,1.805323e-02,2.184635e-02,4.413628e-02,5.973766e-03,4.726062e-03,4.291978e-02,5.068519e-03,2.924671e-02,1.989472e-01,4.745038e-01,1.953921e-03,2.339868e-02
9.428568e-02,6.565257e-03,6.438866e-03,1.362572e-02,1.801733e-02,1.116075e-01,6.324523e-03,4.347369e-03,3.582783e-02,5.097562e-03,3.330970e-02,2.170083e-01,4.266554e-01,1.916160e-03,1.897296e-02
7.797420e-02,4.716938e-03,7.237321e-03,1.033447e-02,1.425133e-02,1.108955e-01,1.857796e-02,4.136469e-02,2.574562e-02,5.294284e-03,3.865535e-02,2.770886e-01,3.485879e-01,1.993434e-03,1.728247e-02
1.133926e-01,6.497595e-03,1.595067e-02,9.800720e-03,1.442136e-02,1.453775e-01,1.514907e-02,3.520928e-02,3.025579e-02,6.481303e-03,3.653855e-02,2.793763e-01,2.745707e-01,2.011765e-03,1.496681e-02
8.510683e-02,1.143431e-02,3.536463e-02,1.296137e-02,1.560523e-02,1.094426e-01,1.275709e-02,3.112819e-02,8.019612e-02,1.249841e-02,3.508712e-02,3.246458e-01,2.185427e-01,2.513330e-03,1.271636e-02
6.648123e-02,2.178605e-02,3.395149e-02,1.857845e-02,1.377885e-02,8.499772e-02,1.110494e-02,2.673291e-02,1.406707e-01,1.558902e-02,4.120954e-02,3.132226e-01,1.962858e-01,3.532278e-03,1.207838e-02
5.013485e-02,2.931083e-02,2.699735e-02,1.664428e-02,1.403478e-02,7.208493e-02,1.140751e-02,2.293386e-02,2.027777e-01,1.528901e-02,3.726768e-02,3.047509e-01,1.801997e-01,2.941666e-03,1.322489e-02
3.868411e-02,2.999449e-02,2.048344e-02,1.336287e-02,1.253806e-02,6.518465e-02,1.334404e-02,1.784434e-02,2.111851e-01,1.229179e-02,2.850805e-02,3.661543e-01,1.559781e-01,2.381333e-03,1.206534e-02
2.886938e-02,7.300145e-02,2.056130e-02,5.340227e-02,1.147265e-02,6.125515e-02,9.986099e-03,1.423127e-02,2.639790e-01,9.753895e-03,2.233568e-02,2.901542e-01,1.284491e-01,1.977054e-03,1.057138e-02
2.449680e-02,8.154359e-02,1.760065e-02,6.643435e-02,9.504418e-03,1.001149e-01,7.948911e-03,1.334279e-02,2.868530e-01,8.527437e-03,2.422643e-02,2.368995e-01,1.095803e-01,2.371820e-03,1.055507e-02
2.389385e-02,7.442346e-02,1.570572e-02,5.722326e-02,1.832458e-02,1.454071e-01,7.153863e-03,1.300840e-02,3.101428e-01,8.680185e-03,2.179246e-02,1.898027e-01,9.342233e-02,2.676314e-03,1.834308e-02
3.628508e-02,7.154943e-02,2.671644e-02,1.344117e-01,3.950336e-02,1.133350e-01,6.828702e-03,1.506185e-02,2.849243e-01,1.094066e-02,2.245542e-02,1.392453e-01,7.300991e-02,3.529541e-03,2.220335e-02
5.527373e-02,6.016809e-02,2.741917e-02,1.030814e-01,4.935856e-02,1.286459e-01,1.246220e-02,3.924804e-02,2.650113e-01,1.054540e-02,2.302248e-02,1.032664e-01,8.865553e-02,4.856180e-03,2.898559e-02
5.556222e-02,4.621214e-02,2.772428e-02,7.375963e-02,4.391547e-02,1.037619e-01,1.104926e-02,2.028429e-01,2.163901e-01,1.049033e-02,2.197257e-02,7.513683e-02,7.468398e-02,5.003334e-03,3.149508e-02
7.731484e-02,3.963456e-02,3.251329e-02,5.565828e-02,4.154684e-02,8.085033e-02,1.655919e-02,2.967085e-01,1.764081e-01,1.270343e-02,1.964799e-02,5.516197e-02,6.213536e-02,4.217793e-03,2.893954e-02
7.742404e-02,3.146560e-02,2.477084e-02,3.999554e-02,3.647687e-02,5.828362e-02,1.571190e-02,4.421470e-01,1.382011e-01,9.224257e-03,1.507823e-02,3.929129e-02,4.574058e-02,3.165452e-03,2.302372e-02
6.673709e-02,2.477469e-02,1.926755e-02,2.920461e-02,2.916936e-02,4.236457e-02,1.443983e-02,5.681354e-01,1.057165e-01,6.619401e-03,1.115533e-02,2.772779e-02,3.488441e-02,2.353895e-03,1.744966e-02
5.889726e-02,2.311866e-02,1.562222e-02,2.177198e-02,2.613763e-02,3.119002e-02,1.160985e-02,6.498109e-01,8.819279e-02,4.779691e-03,8.335839e-03,1.973843e-02,2.555681e-02,1.804637e-03,1.343331e-02
5.039849e-02,2.007398e-02,1.214916e-02,1.592467e-02,2.175462e-02,2.277915e-02,8.655068e-03,7.214528e-01,7.178108e-02,3.417866e-03,6.069186e-03,1.390687e-02,1.943324e-02,2.062009e-03,1.014186e-02
5.652211e-02,2.070909e-02,9.737300e-03,1.205984e-02,1.961930e-02,2.021293e-02,1.003714e-02,7.493021e-01,5.560724e-02,2.539177e-03,4.666692e-03,1.021117e-02,1.863188e-02,2.049514e-03,8.094507e-03
5.703557e-02,2.406797e-02,8.321405e-03,9.061878e-03,1.660134e-02,1.641800e-02,1.232197e-02,7.726206e-01,4.394629e-02,1.920669e-03,3.461798e-03,7.482203e-03,1.762684e-02,2.299403e-03,6.814118e-03
5.810492e-02,2.027578e-02,6.986235e-03,6.929798e-03,1.418032e-02,1.236863e-02,1.164923e-02,8.064873e-01,3.244599e-02,1.441370e-03,2.622403e-03,5.467495e-03,1.366033e-02,1.900788e-03,5.479416e-03
1.023688e-01,1.748651e-02,6.171655e-03,5.620564e-03,1.525628e-02,1.208608e-02,1.198532e-02,7.741303e-01,2.755106e-02,1.322332e-03,2.298863e-03,5.595681e-03,1.076353e-02,1.918470e-03,5.444600e-03
1.426375e-01,1.345655e-02,5.365556e-03,4.412698e-03,1.376361e-02,1.328318e-02,1.537984e-02,7.423415e-01,2.275441e-02,1.291995e-03,2.417739e-03,7.603860e-03,9.255375e-03,1.568195e-03,4.467922e-03
2.160424e-01,1.255795e-02,4.906312e-03,8.726876e-03,1.289192e-02,2.880191e-02,1.474730e-02,5.532880e-01,2.174567e-02,1.820398e-03,1.032699e-02,8.881251e-02,1.668912e-02,1.683727e-03,6.958917e-03
1.909672e-01,9.951244e-03,5.684750e-03,1.269346e-02,1.099939e-02,7.705100e-02,1.467428e-02,4.078859e-01,1.900818e-02,2.328182e-03,2.663460e-02,1.895636e-01,2.154384e-02,3.641705e-03,7.372791e-03
1.378382e-01,7.292613e-03,5.599818e-03,1.295566e-02,8.104758e-03,9.869148e-02,1.063381e-02,2.879358e-01,1.540132e-02,2.539320e-03,5.171853e-02,3.326986e-01,1.809597e-02,4.412334e-03,6.081789e-03
9.942578e-02,5.271141e-03,4.346202e-03,1.065388e-02,5.832235e-03,8.730284e-02,7.539315e-03,2.020814e-01,1.188405e-02,1.962139e-03,5.967654e-02,4.813582e-01,1.438299e-02,3.694894e-03,4.588382e-03
7.239249e-02,4.306015e-03,3.953630e-03,8.537143e-03,5.131837e-03,7.049365e-02,5.861471e-03,1.473180e-01,1.260405e-02,1.710654e-03,2.076277e-01,4.383675e-01,1.131840e-02,6.513897e-03,3.863526e-03
5.714215e-02,5.188414e-03,4.895031e-03,7.103113e-03,1.008251e-02,5.462465e-02,4.568363e-03,1.049033e-01,1.201157e-02,1.954626e-03,3.413652e-01,3.682158e-01,9.416040e-03,1.446938e-02,4.059881e-03
4.513748e-02,4.854843e-03,5.504005e-03,6.487202e-03,1.585160e-02,4.331918e-02,3.613837e-03,7.539872e-02,1.288199e-02,2.193099e-03,3.981456e-01,3.482747e-01,8.332263e-03,2.606312e-02,3.942463e-03
3.465578e-02,4.128639e-03,5.199793e-03,6.354773e-03,1.891805e-02,3.641338e-02,3.218993e-03,5.431807e-02,2.456935e-02,2.208117e-03,4.164109e-01,3.524593e-01,6.879663e-03,3.073134e-02,3.533921e-03
2.679493e-02,3.859656e-03,5.188757e-03,6.604719e-03,2.981629e-02,2.849133e-02,3.112222e-03,3.988701e-02,4.521557e-02,3.042484e-03,3.795149e-01,3.776296e-01,6.762099e-03,4.056035e-02,3.520112e-03
2.022717e-02,3.268880e-03,4.263449e-03,5.784909e-03,2.963413e-02,2.100409e-02,2.306783e-03,2.833408e-02,4.348295e-02,5.378952e-03,4.362000e-01,3.378536e-01,6.092235e-03,5.292162e-02,3.247238e-03
1.909492e-02,3.554252e-03,4.273748e-03,4.889638e-03,2.556840e-02,1.749508e-02,2.174892e-03,2.067262e-02,3.562031e-02,8.489777e-03,5.238292e-01,2.734008e-01,5.566392e-03,5.265072e-02,2.719316e-03
1.492882e-02,3.428817e-03,3.420425e-03,4.012155e-03,2.320177e-02,1.305357e-02,1.813470e-03,1.472408e-02,2.690027e-02,8.282248e-03,6.244469e-01,2.100984e-01,4.938956e-03,4.433739e-02,2.412748e-03
1.089679e-02,4.720579e-03,2.949353e-03,2.933924e-03,1.794064e-02,1.291223e-02,2.002476e-03,1.045914e-02,2.376165e-02,8.606075e-03,6.981103e-01,1.633827e-01,4.587329e-03,3.372655e-02,3.010208e-03
8.571494e-03,3.178265e-02,1.502029e-02,2.421087e-03,2.048133e-02,1.683873e-02,2.104025e-03,7.540024e-03,2.676247e-02,3.861938e-02,6.296352e-01,1.299083e-01,6.543733e-03,2.918948e-02,3.458183e-02
6.657284e-03,1.952097e-01,2.401705e-02,2.090997e-03,1.856038e-02,1.543004e-02,1.694284e-03,5.945269e-03,7.806204e-02,4.104187e-02,4.593139e-01,9.320312e-02,5.871219e-03,2.153893e-02,3.136393e-02
7.203880e-03,1.431913e-01,1.900537e-01,6.075217e-03,2.886372e-02,1.351771e-02,3.724057e-03,4.953149e-02,6.707544e-02,4.989951e-02,3.270208e-01,6.653383e-02,4.829179e-03,1.572097e-02,2.675924e-02
1.128363e-02,1.053510e-01,3.367403e-01,6.669194e-03,3.839266e-02,1.045867e-02,2.927779e-03,4.045853e-02,5.337931e-02,6.613245e-02,2.300797e-01,4.696234e-02,3.602676e-03,1.156415e-02,3.599766e-02
1.683098e-02,8.188744e-02,3.612155e-01,7.359802e-03,4.037194e-02,9.907807e-03,2.261345e-03,2.976979e-02,4.918265e-02,1.071429e-01,1.675905e-01,3.395955e-02,4.127952e-03,1.040644e-02,7.798541e-02
2.706857e-02,6.777612e-02,4.174120e-01,9.860180e-03,4.486131e-02,1.292890e-02,2.629277e-03,2.532864e-02,4.186277e-02,1.072826e-01,1.258189e-01,2.520775e-02,5.204690e-03,1.098182e-02,7.577649e-02
3.300790e-02,5.938940e-02,4.166562e-01,1.220900e-02,6.799737e-02,1.407655e-02,4.776313e-03,8.653331e-02,3.502434e-02,8.680934e-02,9.218071e-02,1.848977e-02,4.736140e-03,1.157053e-02,5.654319e-02
3.244081e-02,4.796240e-02,3.443915e-01,1.002651e-02,7.192914e-02,1.289253e-02,8.639995e-03,2.370241e-01,2.699238e-02,7.364856e-02,6.593004e-02,1.324641e-02,4.384369e-03,9.802639e-03,4.068857e-02
4.475491e-02,4.697496e-02,2.628258e-01,1.121804e-02,9.456995e-02,1.643788e-02,8.668870e-03,3.021784e-01,2.541953e-02,7.764369e-02,5.035748e-02,1.062553e-02,4.625097e-03,1.023750e-02,3.346232e-02
5.986681e-02,6.901434e-02,2.001399e-01,1.689534e-02,7.568315e-02,1.779141e-02,7.484288e-03,2.980303e-01,2.841833e-02,6.456025e-02,4.693951e-02,2.101363e-02,1.431822e-02,1.104818e-02,6.879633e-02
7.529359e-02,7.211201e-02,1.503322e-01,2.085493e-02,5.896888e-02,1.682269e-02,6.086702e-03,2.829135e-01,3.349919e-02,5.535299e-02,4.699229e-02,2.153965e-02,1.568731e-02,1.386932e-02,1.296747e-01
9.914428e-02,6.182325e-02,1.128914e-01,7.597913e-02,4.535697e-02,2.523114e-02,5.044512e-03,2.076264e-01,3.379556e-02,5.006305e-02,5.532955e-02,3.098425e-02,5.303923e-02,1.330887e-02,1.303824e-01
2.302779e-01,4.748033e-02,8.232071e-02,7.075095e-02,3.520343e-02,2.283469e-02,4.089361e-03,1.487027e-01,2.868908e-02,6.174693e-02,5.881065e-02,3.172550e-02,6.305271e-02,1.390277e-02,1.004122e-01
2.915234e-01,3.888663e-02,6.305567e-02,6.276752e-02,2.794793e-02,2.367017e-02,4.082198e-03,1.079014e-01,2.620554e-02,5.371085e-02,5.838608e-02,3.986395e-02,1.003796e-01,1.956622e-02,8.205277e-02
3.526552e-01,3.145786e-02,4.808206e-02,5.051917e-02,2.418229e-02,2.482911e-02,3.743424e-03,7.869650e-02,2.814790e-02,3.990280e-02,6.163982e-02,4.877340e-02,1.244115e-01,2.188861e-02,6.107030e-02
3.558257e-01,2.412344e-02,3.603580e-02,4.001946e-02,1.850008e-02,2.463571e-02,3.165667e-03,5.657569e-02,3.254002e-02,3.258331e-02,7.711450e-02,8.196089e-02,1.477670e-01,2.274464e-02,4.640806e-02
2.782207e-01,2.029777e-02,2.635599e-02,3.481188e-02,1.418761e-02,2.762470e-02,2.568067e-03,4.039005e-02,4.563171e-02,3.265738e-02,8.825152e-02,1.456012e-01,1.443311e-01,4.963141e-02,4.943890e-02
2.386205e-01,1.823701e-02,2.499134e-02,3.362603e-02,1.323702e-02,2.853414e-02,2.550879e-03,2.937272e-02,4.509755e-02,3.525619e-02,1.119881e-01,1.804544e-01,1.078048e-01,8.244047e-02,4.778894e-02
2.364481e-01,1.771617e-02,2.507745e-02,2.835216e-02,1.292428e-02,2.638766e-02,2.325930e-03,2.186278e-02,4.617826e-02,3.200672e-02,1.269531e-01,1.803062e-01,8.080176e-02,1.193606e-01,4.329899e-02
1.928958e-01,1.486401e-02,1.903018e-02,2.232393e-02,1.047842e-02,2.469702e-02,2.222009e-03,1.695163e-02,5.645982e-02,2.774591e-02,1.717072e-01,1.735639e-01,6.117798e-02,1.717651e-01,3.411719e-02
1.370311e-01,1.690530e-02,1.391113e-02,1.705148e-02,8.136913e-03,1.935196e-02,1.719011e-03,1.236429e-02,1.690978e-01,2.243099e-02,1.545731e-01,2.049991e-01,4.517756e-02,1.508003e-01,2.645000e-02
9.794962e-02,2.884549e-02,1.328720e-02,1.369368e-02,7.416104e-03,2.411164e-02,1.700210e-03,1.060454e-02,3.154151e-01,1.780569e-02,1.446156e-01,1.548997e-01,3.264068e-02,1.159523e-01,2.106241e-02
7.179413e-02,2.694035e-02,9.519347e-03,1.098341e-02,5.953987e-03,2.392684e-02,1.253803e-03,7.841809e-03,3.678852e-01,1.480574e-02,1.779977e-01,1.179455e-01,2.636943e-02,1.194664e-01,1.731639e-02
6.274738e-02,2.215483e-02,7.085475e-03,8.622849e-03,9.430785e-03,1.811081e-02,9.613452e-04,5.873723e-03,4.697102e-01,1.134264e-02,1.726509e-01,8.601207e-02,1.925230e-02,9.313588e-02,1.290887e-02
5.135457e-02,1.816392e-02,1.757932e-02,8.590473e-03,1.015682e-02,5.824853e-02,1.341405e-03,1.071858e-02,5.197527e-01,8.982648e-03,1.386648e-01,6.109129e-02,1.397135e-02,7.184735e-02,9.536196e-03
4.163316e-02,1.724512e-02,1.538527e-02,7.877145e-03,1.955875e-02,4.532205e-02,1.244883e-03,9.203995e-03,5.698279e-01,1.073649e-02,1.258626e-01,4.779991e-02,1.143398e-02,6.897896e-02,7.889864e-03
3.206895e-02,1.510771e-02,1.396454e-02,6.427185e-03,1.624770e-02,4.219488e-02,9.259937e-04,6.859662e-03,5.943293e-01,8.619633e-03,1.007611e-01,3.467403e-02,8.612677e-03,1.086744e-01,1.053221e-02
2.740479e-02,1.377150e-02,1.191222e-02,5.119605e-03,1.432658e-02,3.108845e-02,6.969327e-04,5.375196e-03,6.556087e-01,6.714606e-03,7.817257e-02,2.473949e-02,6.539655e-03,1.093121e-01,9.217649e-03
2.127610e-02,1.108904e-02,8.757100e-03,3.870281e-03,1.234398e-02,2.232800e-02,4.989159e-04,3.876184e-03,7.108537e-01,5.288345e-03,5.898241e-02,1.755759e-02,4.939255e-03,1.088855e-01,9.453621e-03
2.108494e-02,1.219384e-02,1.195102e-02,3.761775e-03,1.038406e-02,1.804169e-02,4.688137e-04,5.741477e-03,6.533279e-01,4.021465e-03,5.106129e-02,1.258984e-02,3.979618e-03,1.818676e-01,9.524740e-03
2.387179e-02,1.514591e-02,1.304754e-02,3.753181e-03,1.293413e-02,1.717514e-02,5.614446e-04,6.134928e-03,6.628789e-01,3.667062e-03,5.527778e-02,9.313283e-03,3.342350e-03,1.642429e-01,8.653700e-03
3.387507e-02,1.764159e-02,4.016887e-02,3.214636e-02,3.387265e-02,1.614055e-02,1.006765e-03,5.399683e-02,5.755639e-01,3.215834e-03,4.741258e-02,6.972166e-03,2.984285e-03,1.274594e-01,7.543122e-03
5.601029e-02,2.056498e-02,3.911749e-02,6.706256e-02,6.153927e-02,2.130475e-02,1.062384e-03,5.051377e-02,4.847759e-01,3.459201e-03,8.111119e-02,5.729229e-03,2.503463e-03,9.756058e-02,7.684909e-03
7.153699e-02,1.788563e-02,5.029043e-02,9.352598e-02,6.021819e-02,2.528255e-02,8.926669e-04,5.102315e-02,4.450203e-01,4.845604e-03,6.690034e-02,6.115343e-03,2.625226e-03,7.407164e-02,2.976606e-02
8.110750e-02,2.397691e-02,4.794116e-02,7.518210e-02,8.942602e-02,1.988359e-02,1.447543e-03,4.257483e-02,4.550843e-01,4.555751e-03,5.893380e-02,6.234700e-03,2.625956e-03,6.731195e-02,2.371394e-02
8.335318e-02,3.180669e-02,8.182859e-02,6.640871e-02,1.247017e-01,1.616003e-02,1.315149e-03,3.415912e-02,4.004775e-01,5.613229e-03,5.158463e-02,5.133279e-03,2.530017e-03,6.664385e-02,2.828432e-02
6.854355e-02,4.626079e-02,6.757636e-02,1.568189e-01,1.520418e-01,1.434961e-02,1.518874e-03,4.400385e-02,3.176174e-01,5.839818e-03,3.847978e-02,5.192801e-03,2.568538e-03,4.807800e-02,3.110996e-02
6.952395e-02,3.666074e-02,6.573069e-02,1.811344e-01,1.845931e-01,1.508971e-02,1.492160e-03,6.474999e-02,2.824325e-01,4.877109e-03,2.862831e-02,4.538190e-03,2.050273e-03,3.518866e-02,2.331009e-02
7.186910e-02,3.816040e-02,5.942532e-02,1.716113e-01,2.031997e-01,2.473685e-02,1.987757e-03,5.351364e-02,2.902927e-01,4.357317e-03,2.233717e-02,4.418818e-03,2.306237e-03,3.099932e-02,2.078429e-02
8.678761e-02,4.101048e-02,5.701026e-02,1.333907e-01,2.058156e-01,2.693197e-02,1.809838e-03,3.947486e-02,3.288229e-01,4.631853e-03,1.996802e-02,4.325817e-03,2.563099e-03,3.010467e-02,1.735228e-02
1.002641e-01,4.927648e-02,5.109914e-02,1.997552e-01,1.903842e-01,3.073639e-02,2.323257e-03,3.279980e-02,2.729567e-01,5.497457e-03,1.683067e-02,5.356782e-03,2.520766e-03,2.432144e-02,1.587773e-02
1.202667e-01,4.750701e-02,4.070946e-02,1.649594e-01,1.711610e-01,5.100515e-02,2.607376e-03,2.770820e-02,2.986691e-01,6.849406e-03,1.592685e-02,5.850214e-03,7.325556e-03,2.347203e-02,1.598259e-02
1.819399e-01,6.177482e-02,3.579316e-02,1.470203e-01,1.509161e-01,6.756897e-02,3.397936e-03,2.257642e-02,2.446408e-01,7.576115e-03,1.716063e-02,1.273384e-02,7.510833e-03,2.260144e-02,1.678878e-02
2.693267e-01,5.171140e-02,2.773663e-02,1.307075e-01,1.261288e-01,8.213003e-02,4.252807e-03,1.954710e-02,1.989319e-01,8.981070e-03,1.672797e-02,1.840807e-02,8.639034e-03,1.898912e-02,1.778186e-02
4.124177e-01,4.669728e-02,2.059072e-02,1.012808e-01,9.751131e-02,6.734001e-02,3.312786e-03,1.530921e-02,1.527341e-01,7.686820e-03,1.797872e-02,1.892382e-02,8.270078e-03,1.463496e-02,1.531181e-02
4.450607e-01,5.980641e-02,1.616101e-02,1.049253e-01,7.177737e-02,5.612794e-02,2.889582e-03,1.191486e-02,1.155386e-01,6.850929e-03,4.365425e-02,3.340417e-02,6.720328e-03,1.085742e-02,1.431121e-02
3.497927e-01,8.668900e-02,1.332657e-02,8.512962e-02,5.234786e-02,6.043177e-02,3.561671e-03,8.926863e-03,8.261772e-02,5.931387e-03,6.611129e-02,1.593799e-01,5.625356e-03,8.106994e-03,1.202139e-02
3.254047e-01,7.372631e-02,1.018132e-02,6.191123e-02,3.772188e-02,4.824285e-02,2.808447e-03,6.495228e-03,5.966247e-02,5.433402e-03,7.311779e-02,2.749634e-01,4.698925e-03,6.129000e-03,9.503058e-03
2.931720e-01,5.358390e-02,7.638078e-03,4.444958e-02,2.697638e-02,3.742978e-02,2.229667e-03,4.790696e-03,4.375063e-02,4.565733e-03,6.715833e-02,3.984040e-01,3.782590e-03,4.780604e-03,7.288073e-03
3.360225e-01,3.916026e-02,5.916679e-03,3.353749e-02,2.289653e-02,2.843293e-02,1.878390e-03,4.141615e-03,3.258899e-02,5.055482e-03,5.558982e-02,4.202993e-01,3.237769e-03,4.365884e-03,6.876343e-03
2.725789e-01,2.944654e-02,4.905156e-03,2.538934e-02,3.627369e-02,2.825723e-02,2.523507e-03,6.847713e-03,2.573103e-02,5.253184e-03,5.497410e-02,4.957691e-01,2.967096e-03,3.573184e-03,5.510164e-03
2.809314e-01,2.227114e-02,9.708303e-03,1.995585e-02,3.844098e-02,3.587982e-02,9.569449e-03,6.621427e-02,2.017714e-02,4.947691e-03,4.689030e-02,4.355240e-01,2.623738e-03,2.706529e-03,4.159465e-03
2.811069e-01,1.744474e-02,8.677179e-03,1.616538e-02,3.744217e-02,3.170145e-02,1.322061e-02,8.517810e-02,2.362191e-02,4.179267e-03,3.745184e-02,4.361254e-01,2.143657e-03,2.111046e-03,3.430423e-03
2.699206e-01,1.380857e-02,6.899871e-03,1.392976e-02,3.800603e-02,2.672416e-02,1.509573e-02,7.710936e-02,2.898366e-02,3.630424e-03,3.078846e-02,4.684546e-01,2.020068e-03,1.713872e-03,2.914919e-03
2.105100e-01,1.066994e-02,6.050604e-03,1.129946e-02,5.871270e-02,2.251420e-02,1.238268e-02,8.079258e-02,4.749167e-02,3.273485e-03,2.647230e-02,5.025539e-01,3.118433e-03,1.961914e-03,2.196158e-03
1.568303e-01,9.862423e-03,5.456923e-03,8.730482e-03,6.352369e-02,1.811900e-02,1.006599e-02,7.501552e-02,1.184593e-01,2.922331e-03,2.973518e-02,4.932677e-01,3.443122e-03,2.763117e-03,1.804970e-03
1.257091e-01,8.696175e-03,8.604970e-03,1.466709e-02,8.870756e-02,1.431787e-02,7.942086e-03,1.305517e-01,1.327641e-01,3.095134e-03,2.628900e-02,4.295124e-01,4.905511e-03,2.786083e-03,1.451164e-03
1.653383e-01,9.531127e-03,2.336546e-02,3.716798e-02,7.600216e-02,1.927554e-02,8.422980e-03,1.421834e-01,1.145415e-01,3.217933e-03,2.350226e-02,3.670475e-01,5.308863e-03,2.737565e-03,2.357373e-03
2.397875e-01,1.189524e-02,2.738287e-02,4.791796e-02,7.401691e-02,2.263260e-02,7.694839e-03,1.177882e-01,1.064131e-01,4.428968e-03,2.637896e-02,2.983803e-01,6.253888e-03,4.470885e-03,4.557875e-03
2.448090e-01,1.783350e-02,3.436980e-02,4.512119e-02,1.033152e-01,2.154519e-02,6.485855e-03,9.496582e-02,1.438659e-01,9.867043e-03,3.361888e-02,2.246020e-01,6.261583e-03,6.429676e-03,6.909325e-03
2.310021e-01,2.185326e-02,3.624251e-02,4.317648e-02,1.547432e-01,2.053114e-02,6.115145e-03,8.797202e-02,1.603380e-01,1.774050e-02,3.635960e-02,1.624823e-01,6.354491e-03,8.189949e-03,6.899282e-03
1.928639e-01,2.022495e-02,3.915403e-02,6.338763e-02,2.334067e-01,1.828041e-02,7.193896e-03,9.926352e-02,1.478479e-01,1.583049e-02,2.784617e-02,1.170084e-01,5.516709e-03,6.737287e-03,5.438046e-03
1.955559e-01,1.952156e-02,2.993380e-02,5.549684e-02,2.903240e-01,1.533753e-02,5.595353e-03,9.078886e-02,1.528139e-01,2.003800e-02,2.146184e-02,8.555261e-02,4.813118e-03,7.574005e-03,5.192638e-03
2.109233e-01,1.938312e-02,2.816444e-02,1.103511e-01,2.612108e-01,1.500765e-02,4.636674e-03,7.364654e-02,1.298039e-01,3.244995e-02,2.140312e-02,6.946151e-02,6.031966e-03,6.436105e-03,1.108985e-02
1.634957e-01,1.883747e-02,2.394822e-02,1.203589e-01,1.876943e-01,1.257876e-02,3.440373e-03,5.637597e-02,1.119854e-01,6.199053e-02,8.838880e-02,8.921892e-02,3.183636e-02,5.469699e-03,2.438054e-02
1.314350e-01,1.641784e-02,1.800614e-02,1.013929e-01,1.354047e-01,1.083664e-02,2.696589e-03,4.009077e-02,9.134706e-02,6.646387e-02,2.085029e-01,8.949494e-02,6.034145e-02,4.790844e-03,2.277841e-02
1.427945e-01,1.375942e-02,1.348897e-02,1.049525e-01,1.003909e-01,1.157911e-02,2.158169e-03,2.908431e-02,7.399640e-02,6.971988e-02,2.056276e-01,6.811095e-02,1.088430e-01,5.783591e-03,4.971075e-02
1.453387e-01,1.428042e-02,1.014417e-02,8.685005e-02,7.358894e-02,1.359059e-02,1.681565e-03,2.149753e-02,5.965244e-02,6.842208e-02,1.574554e-01,5.198472e-02,1.065586e-01,1.133567e-02,1.776192e-01
1.170369e-01,1.149370e-02,8.734191e-03,7.378581e-02,5.915419e-02,1.148786e-02,1.708037e-03,1.952931e-02,5.214782e-02,1.464807e-01,1.302224e-01,3.851947e-02,9.811249e-02,1.450370e-02,2.170833e-01
8.599360e-02,8.491505e-03,7.122495e-03,5.377364e-02,5.964318e-02,8.615072e-03,2.032311e-03,1.648485e-02,4.775197e-02,2.371302e-01,9.750836e-02,2.764924e-02,7.589652e-02,1.587285e-02,2.560342e-01
6.500271e-02,6.619001e-03,5.992532e-03,4.053725e-02,5.525681e-02,6.789820e-03,3.599804e-03,2.565674e-02,4.700620e-02,2.871962e-01,7.215840e-02,2.030407e-02,6.152142e-02,1.428650e-02,2.880726e-01
5.198692e-02,5.200149e-03,1.728274e-02,3.101992e-02,4.443884e-02,6.070101e-03,6.511263e-03,1.933254e-01,3.624650e-02,2.417662e-01,5.405073e-02,1.514539e-02,5.500147e-02,1.074407e-02,2.312103e-01
4.162250e-02,5.566292e-03,2.142153e-02,4.452378e-02,5.945326e-02,1.833795e-02,8.032497e-03,2.834240e-01,4.322730e-02,2.050749e-01,3.882456e-02,1.128942e-02,4.192020e-02,7.648019e-03,1.696339e-01
3.400794e-02,1.441498e-02,5.087556e-02,6.076956e-02,6.822835e-02,3.455430e-02,8.303832e-03,2.481707e-01,1.146201e-01,1.572859e-01,2.981990e-02,1.024675e-02,3.410272e-02,5.508870e-03,1.290906e-01
2.923144e-02,3.510198e-02,4.374351e-02,6.035744e-02,6.097301e-02,2.812899e-02,7.160417e-03,1.788125e-01,2.525297e-01,1.248590e-01,2.741528e-02,1.001244e-02,2.942748e-02,3.981482e-03,1.082653e-01
6.944505e-02,3.528279e-02,3.578817e-02,5.476816e-02,1.017586e-01,2.772739e-02,7.389735e-03,1.285958e-01,2.630487e-01,1.092094e-01,3.930741e-02,1.076482e-02,3.137793e-02,3.150612e-03,8.238537e-02
9.900196e-02,3.837608e-02,3.365731e-02,1.823863e-01,1.021541e-01,2.402704e-02,8.724710e-03,9.677194e-02,1.952358e-01,8.004863e-02,3.153699e-02,1.484226e-02,2.599774e-02,2.511608e-03,6.472748e-02
1.197103e-01,4.761102e-02,3.213736e-02,2.126045e-01,9.258437e-02,2.190367e-02,8.517864e-03,7.038809e-02,2.155106e-01,6.200423e-02,2.560849e-02,1.318339e-02,2.068225e-02,1.946484e-03,5.560738e-02
1.509801e-01,5.985808e-02,3.029443e-02,1.920138e-01,9.077779e-02,1.945975e-02,8.299939e-03,5.168583e-02,2.444227e-01,5.390612e-02,2.056025e-02,1.247387e-02,1.597155e-02,1.905717e-03,4.739011e-02
1.883371e-01,4.838035e-02,2.570472e-02,2.130571e-01,7.389231e-02,2.653155e-02,6.306881e-03,3.734030e-02,2.385494e-01,4.027026e-02,1.917320e-02,2.343190e-02,2.022110e-02,1.575195e-03,3.722865e-02
2.442623e-01,3.878750e-02,2.229743e-02,1.879240e-01,6.908595e-02,2.962664e-02,7.770398e-03,2.963276e-02,2.148086e-01,3.015655e-02,2.285225e-02,4.464317e-02,2.644588e-02,1.751297e-03,2.995534e-02
3.385550e-01,3.555843e-02,2.327331e-02,1.385108e-01,5.916599e-02,2.790714e-02,7.357852e-03,4.227850e-02,1.853311e-01,2.300121e-02,2.179154e-02,4.406995e-02,2.377670e-02,2.337148e-03,2.708541e-02
3.818825e-01,4.989126e-02,2.142176e-02,1.040118e-01,5.036684e-02,2.389105e-02,7.345848e-03,4.156944e-02,1.940092e-01,2.055811e-02,1.884906e-02,3.646572e-02,2.137326e-02,2.599878e-03,2.576426e-02
3.896728e-01,7.197446e-02,2.302415e-02,7.967905e-02,4.352424e-02,2.233889e-02,7.897753e-03,4.460320e-02,2.056655e-01,1.937384e-02,1.641301e-02,3.124673e-02,1.936793e-02,2.919381e-03,2.229901e-02
3.910339e-01,7.836972e-02,2.150802e-02,6.002374e-02,3.563821e-02,2.941857e-02,8.116283e-03,4.079824e-02,2.252361e-01,1.759390e-02,1.508121e-02,2.967818e-02,1.989692e-02,3.231636e-03,2.437541e-02
4.162760e-01,7.255092e-02,2.283538e-02,5.038838e-02,3.081877e-02,5.131218e-02,8.854333e-03,3.818688e-02,1.885661e-01,1.560135e-02,1.366044e-02,3.534488e-02,1.923656e-02,4.282448e-03,3.208547e-02
4.214335e-01,7.082374e-02,1.977463e-02,3.958940e-02,3.034229e-02,4.307742e-02,7.694870e-03,4.637793e-02,1.917957e-01,1.433225e-02,1.537615e-02,3.348817e-02,2.711961e-02,4.703989e-03,3.407037e-02
4.990890e-01,5.431158e-02,1.737075e-02,3.137673e-02,2.447598e-02,3.687995e-02,6.790633e-03,4.686987e-02,1.565318e-01,1.108283e-02,1.568580e-02,3.377428e-02,2.928750e-02,5.039849e-03,3.143347e-02
1.000000e+00,0.000000e+00,0.000000e+00,0.000000e+00,0.000000e+00,0.000000e+00,0.000000e+00,0.000000e+00,0.000000e+00,0.000000e+00,0.000000e+00,0.000000e+00,0.000000e+00,0.000000e+00,0.000000e+00
4.040348e-01,4.217840e-02,1.369343e-02,3.707968e-02,1.642806e-02,2.696726e-02,4.581016e-03,3.270191e-02,1.032093e-01,1.553069e-02,1.221270e-01,7.389138e-02,4.800480e-02,1.850795e-02,4.106444e-02
4.083223e-01,3.663069e-02,1.230567e-02,3.734521e-02,1.360059e-02,2.093316e-02,3.595505e-03,2.488186e-02,1.145065e-01,1.925022e-02,1.293461e-01,6.690460e-02,4.300133e-02,1.793285e-02,5.144345e-02
3.275127e-01,3.705622e-02,4.558528e-02,1.475325e-01,1.231322e-02,1.697561e-02,2.775552e-03,1.866432e-02,1.038959e-01,2.448344e-02,1.021608e-01,6.050568e-02,4.198610e-02,1.393464e-02,4.461807e-02
3.195682e-01,3.010123e-02,3.327270e-02,1.167375e-01,1.137577e-02,1.828585e-02,2.409514e-03,1.580782e-02,1.356828e-01,6.891381e-02,9.465533e-02,5.956130e-02,4.069421e-02,1.638054e-02,3.655344e-02
2.739846e-01,2.626704e-02,2.682251e-02,1.750456e-01,1.121641e-02,1.641672e-02,2.071807e-03,1.786761e-02,1.494037e-01,7.981378e-02,8.655740e-02,5.003173e-02,3.838090e-02,1.561743e-02,3.050279e-02
2.281672e-01,2.623378e-02,2.530269e-02,1.733575e-01,1.140503e-02,1.874653e-02,2.123459e-03,2.350921e-02,1.517656e-01,9.122536e-02,9.925504e-02,5.908148e-02,4.469458e-02,1.809909e-02,2.703345e-02
2.217148e-01,2.530367e-02,2.205002e-02,1.505643e-01,1.151809e-02,1.726348e-02,2.174943e-03,2.826218e-02,1.553759e-01,9.728982e-02,9.611671e-02,6.743420e-02,5.590947e-02,2.100051e-02,2.802191e-02
2.514006e-01,2.898369e-02,1.866341e-02,1.197010e-01,1.131093e-02,1.624945e-02,2.025530e-03,2.771341e-02,1.530185e-01,1.112364e-01,8.407426e-02,7.287511e-02,5.230206e-02,1.952235e-02,3.092323e-02
1.810628e-01,6.868769e-02,1.974423e-02,1.239793e-01,9.732098e-03,1.317870e-02,1.574704e-03,2.275498e-02,2.242129e-01,1.163078e-01,7.068595e-02,5.703641e-02,4.337602e-02,1.892809e-02,2.873835e-02
1.292639e-01,1.058773e-01,1.550154e-02,1.015171e-01,8.180847e-03,1.018890e-02,1.237472e-03,1.659692e-02,2.528056e-01,1.809547e-01,5.768017e-02,4.195697e-02,3.608583e-02,1.458211e-02,2.757061e-02
9.184384e-02,1.586410e-01,1.420731e-02,1.318451e-01,6.866020e-03,8.231645e-03,1.072567e-03,1.212660e-02,2.732372e-01,1.444183e-01,4.620234e-02,3.863405e-02,3.430646e-02,1.084177e-02,2.752585e-02
6.748486e-02,1.399052e-01,1.051298e-02,1.100179e-01,6.857501e-03,6.750532e-03,9.731048e-04,8.707845e-03,3.971708e-01,1.174112e-01,3.723740e-02,3.014209e-02,3.027309e-02,8.235783e-03,2.831973e-02
5.587541e-02,1.035713e-01,1.020583e-02,1.299770e-01,1.957436e-02,9.829260e-03,1.838126e-03,6.527049e-03,4.388096e-01,8.670273e-02,4.089711e-02,2.367627e-02,3.157012e-02,6.887794e-03,3.405813e-02
4.593402e-02,8.174098e-02,2.823287e-02,2.568268e-01,2.400508e-02,9.564364e-03,2.082538e-03,6.340922e-03,3.591358e-01,7.523505e-02,3.398370e-02,1.836121e-02,2.646143e-02,5.277263e-03,2.681804e-02
4.350953e-02,6.620523e-02,2.504049e-02,3.349252e-01,2.800496e-02,9.798823e-03,2.040521e-03,6.348146e-03,3.058835e-01,5.900716e-02,4.313079e-02,1.584324e-02,2.912951e-02,5.006105e-03,2.612687e-02
8.154213e-02,5.574931e-02,2.395635e-02,2.443133e-01,4.915939e-02,9.725474e-03,2.323871e-03,1.402547e-02,2.735996e-01,5.374520e-02,4.729805e-02,1.772981e-02,3.179510e-02,1.501721e-02,8.001978e-02
9.218571e-02,4.752424e-02,3.825732e-02,2.108697e-01,1.047993e-01,1.257015e-02,6.190821e-03,3.930378e-02,2.334239e-01,4.013916e-02,4.398324e-02,1.660755e-02,3.781809e-02,1.387490e-02,6.245206e-02
6.894553e-02,5.476897e-02,5.657708e-02,1.816821e-01,8.722252e-02,1.273211e-02,6.734334e-03,2.951546e-02,1.823655e-01,3.317871e-02,3.470418e-02,1.549817e-02,1.718465e-01,1.023066e-02,5.399808e-02
7.558753e-02,4.329011e-02,4.450947e-02,1.336334e-01,6.495712e-02,1.264215e-02,7.380700e-03,2.223164e-02,1.320734e-01,2.528568e-02,3.091649e-02,2.079612e-02,3.321217e-01,8.840479e-03,4.573409e-02
1.024266e-01,4.003080e-02,3.618599e-02,9.733200e-02,5.013862e-02,1.785608e-02,6.681905e-03,1.806711e-02,9.510847e-02,1.964598e-02,2.628783e-02,2.152452e-02,4.087260e-01,1.246067e-02,4.752745e-02
1.930951e-01,3.619309e-02,3.109711e-02,7.562489e-02,4.776840e-02,1.779112e-02,8.285190e-03,1.861480e-02,7.078058e-02,1.557829e-02,2.696362e-02,2.736019e-02,3.752902e-01,1.144672e-02,4.411073e-02
1.831670e-01,2.959529e-02,2.672331e-02,5.627509e-02,3.933828e-02,1.960959e-02,7.534435e-03,1.584856e-02,5.250461e-02,1.213510e-02,2.604789e-02,4.990267e-02,4.275012e-01,1.192398e-02,4.189297e-02
2.122767e-01,2.369091e-02,2.017733e-02,4.510109e-02,4.271607e-02,1.904388e-02,6.681827e-03,1.367459e-02,4.904352e-02,1.109993e-02,2.725038e-02,7.930717e-02,3.803739e-01,1.064229e-02,5.892038e-02
1.867590e-01,2.260442e-02,2.550823e-02,6.270907e-02,3.963696e-02,2.345801e-02,5.847554e-03,1.108118e-02,5.637337e-02,1.164456e-02,2.601908e-02,1.349011e-01,3.330163e-01,1.031129e-02,5.012988e-02
1.549681e-01,1.940947e-02,2.283931e-02,5.400999e-02,3.307088e-02,2.463856e-02,6.611216e-03,1.057663e-02,5.906707e-02,1.348455e-02,3.160328e-02,1.365760e-01,3.393230e-01,9.187116e-03,8.463481e-02
1.448784e-01,1.514114e-02,1.748025e-02,4.010961e-02,2.535919e-02,3.250546e-02,7.396575e-03,1.160116e-02,5.096314e-02,1.428169e-02,2.846949e-02,1.233491e-01,3.733188e-01,7.405336e-03,1.077407e-01
1.231265e-01,1.115003e-02,1.392808e-02,2.968519e-02,1.994817e-02,5.194855e-02,8.928685e-03,1.131945e-02,3.920132e-02,1.245592e-02,2.266761e-02,1.236844e-01,4.402027e-01,5.532273e-03,8.622109e-02
1.244522e-01,8.294993e-03,2.052474e-02,3.061855e-02,1.634804e-02,8.502286e-02,7.808368e-03,1.302788e-02,3.080624e-02,1.103298e-02,1.953724e-02,9.656996e-02,4.552187e-01,4.110849e-03,7.662634e-02
1.542935e-01,1.284781e-02,2.941540e-02,2.965806e-02,1.786276e-02,9.207740e-02,1.382807e-02,1.181544e-02,5.475486e-02,1.230131e-02,1.649037e-02,8.024585e-02,3.902402e-01,3.785861e-03,8.038313e-02
1.649586e-01,2.387899e-02,4.478373e-02,2.917066e-02,2.050833e-02,9.788672e-02,2.869279e-02,1.005057e-02,8.313680e-02,1.510306e-02,1.488843e-02,7.634050e-02,3.019976e-01,3.600115e-03,8.500315e-02
1.518415e-01,3.383101e-02,6.930845e-02,4.159281e-02,2.169212e-02,8.174151e-02,2.432755e-02,1.032680e-02,1.143431e-01,1.653107e-02,1.251917e-02,5.942257e-02,2.749861e-01,3.558164e-03,8.397806e-02
1.384625e-01,4.296311e-02,5.460412e-02,3.855692e-02,1.716351e-02,7.837050e-02,1.804865e-02,8.953303e-03,1.394054e-01,1.582807e-02,1.061704e-02,5.108435e-02,3.082253e-01,3.617619e-03,7.409959e-02
1.262873e-01,5.062389e-02,4.136164e-02,3.145874e-02,1.405199e-02,8.607533e-02,1.421038e-02,9.817734e-03,1.595235e-01,1.265880e-02,8.648626e-03,4.154203e-02,3.369519e-01,4.528790e-03,6.225924e-02
9.245656e-02,5.415155e-02,2.951587e-02,2.310658e-02,1.284087e-02,8.096089e-02,1.161163e-02,1.066630e-02,2.927988e-01,9.315293e-03,6.860139e-03,3.249732e-02,2.922122e-01,3.317343e-03,4.768859e-02
7.043890e-02,7.281166e-02,2.183077e-02,2.202424e-02,1.260101e-02,7.547013e-02,9.138492e-03,1.475491e-02,3.795394e-01,7.539892e-03,5.511145e-03,2.424737e-02,2.451689e-01,2.573487e-03,3.634962e-02
6.302442e-02,7.625239e-02,1.821670e-02,3.343743e-02,1.954206e-02,8.565213e-02,9.675078e-03,4.673833e-02,3.858155e-01,6.212076e-03,4.914981e-03,1.766986e-02,1.955837e-01,2.198585e-03,3.506682e-02
7.234731e-02,7.320891e-02,1.509130e-02,2.461845e-02,2.370009e-02,8.768169e-02,2.011682e-02,8.093567e-02,3.397148e-01,4.885142e-03,4.792380e-03,1.460136e-02,2.048352e-01,1.879252e-03,3.159165e-02
7.220231e-02,5.606400e-02,1.184272e-02,1.959376e-02,1.894027e-02,8.195251e-02,1.522874e-02,6.458030e-02,2.780816e-01,4.562627e-03,9.337530e-03,7.078680e-02,2.681427e-01,2.189001e-03,2.649514e-02
5.112733e-02,3.942966e-02,8.388044e-03,1.437268e-02,1.353759e-02,6.239606e-02,1.074729e-02,4.526890e-02,1.966661e-01,3.314639e-03,7.940882e-03,6.429277e-02,4.621251e-01,1.571177e-03,1.882182e-02
3.896920e-02,2.813895e-02,6.048491e-03,1.150175e-02,9.895504e-03,5.162922e-02,7.672242e-03,3.187424e-02,1.430549e-01,2.777372e-03,7.776856e-03,6.934639e-02,5.756265e-01,1.257383e-03,1.443104e-02
3.941669e-02,2.036747e-02,4.898346e-03,8.824295e-03,4.651755e-02,3.929709e-02,6.587765e-03,2.451364e-02,1.309395e-01,2.213890e-03,9.711334e-03,6.132303e-02,5.930564e-01,1.034325e-03,1.129872e-02
6.630361e-02,1.508192e-02,4.452095e-03,6.977190e-03,4.041225e-02,3.818408e-02,6.282683e-03,1.796998e-02,9.745923e-02,1.793384e-03,9.185801e-03,5.119184e-02,6.340500e-01,9.990889e-04,9.656879e-03
7.539743e-02,1.283685e-02,4.202427e-03,9.705710e-03,3.758968e-02,5.140987e-02,6.324227e-03,1.465053e-02,7.407283e-02,3.035633e-03,1.337020e-02,4.926232e-02,6.369657e-01,1.669461e-03,9.507127e-03
1.039628e-01,1.025475e-02,4.221051e-03,9.252804e-03,2.962535e-02,4.603838e-02,6.481532e-03,1.244594e-02,6.117219e-02,7.314525e-03,2.489049e-02,5.912758e-02,6.111558e-01,1.660486e-03,1.239627e-02
1.487916e-01,1.520199e-02,1.992484e-02,8.095810e-02,5.824459e-02,4.275308e-02,9.285614e-03,1.539801e-02,5.480386e-02,7.444326e-03,2.328050e-02,6.399606e-02,4.464366e-01,2.207233e-03,1.127361e-02
1.918877e-01,1.587232e-02,7.090288e-02,7.757159e-02,4.808231e-02,5.460048e-02,8.349456e-03,1.534176e-02,4.692426e-02,8.965594e-03,3.671610e-02,6.455462e-02,3.424566e-01,4.489002e-03,1.328534e-02
2.007956e-01,1.755583e-02,5.967762e-02,8.735041e-02,4.716931e-02,1.169064e-01,9.554326e-03,2.262053e-02,4.172699e-02,9.437425e-03,4.090924e-02,5.633299e-02,2.668549e-01,5.300962e-03,1.780740e-02
1.446959e-01,1.384073e-02,4.273433e-02,6.236002e-02,3.410921e-02,3.580309e-01,6.787143e-03,1.595312e-02,3.082020e-02,7.530779e-03,3.041913e-02,4.491671e-02,1.907037e-01,3.945260e-03,1.315281e-02
1.230871e-01,2.537619e-02,3.187533e-02,4.813831e-02,2.892788e-02,3.798933e-01,6.487720e-03,1.146422e-02,9.332998e-02,8.860637e-03,2.485242e-02,5.333675e-02,1.469857e-01,3.051751e-03,1.433267e-02
1.669584e-01,2.372077e-02,2.579901e-02,5.342948e-02,2.623030e-02,3.469634e-01,7.870905e-03,1.046509e-02,9.997235e-02,8.933845e-03,2.086752e-02,6.672744e-02,1.212998e-01,2.874679e-03,1.788696e-02
2.415834e-01,2.582182e-02,2.770649e-02,6.921834e-02,2.968176e-02,2.594187e-01,8.462676e-03,2.103822e-02,1.059691e-01,9.743275e-03,1.965474e-02,6.466418e-02,9.767226e-02,3.461398e-03,1.590368e-02
2.544507e-01,3.320126e-02,3.800164e-02,8.366594e-02,3.450322e-02,1.988842e-01,8.433986e-03,2.289406e-02,1.204126e-01,1.458164e-02,1.780750e-02,5.867678e-02,8.293591e-02,3.618894e-03,2.793165e-02
2.654609e-01,8.752437e-02,3.122875e-02,8.143654e-02,3.284579e-02,1.453001e-01,7.883365e-03,1.905112e-02,1.527108e-01,1.273060e-02,1.480311e-02,5.370059e-02,6.430470e-02,2.902085e-03,2.811721e-02
2.847315e-01,7.497329e-02,2.678635e-02,9.007315e-02,4.284177e-02,1.108340e-01,9.977101e-03,1.751027e-02,1.799972e-01,1.077844e-02,1.476644e-02,5.546626e-02,5.229655e-02,2.899454e-03,2.606832e-02
2.866134e-01,6.354740e-02,6.149341e-02,1.347212e-01,3.914294e-02,8.805601e-02,1.014316e-02,2.195211e-02,1.450247e-01,8.796988e-03,1.394578e-02,5.567761e-02,4.282449e-02,2.714945e-03,2.534595e-02
3.058969e-01,5.560208e-02,9.910186e-02,1.525738e-01,3.198836e-02,6.831534e-02,7.971020e-03,1.954591e-02,1.065194e-01,9.074215e-03,1.558749e-02,5.706211e-02,3.602751e-02,3.679601e-03,3.105439e-02
3.817510e-01,4.948163e-02,9.154198e-02,1.305648e-01,2.846092e-02,5.573912e-02,6.660854e-03,1.599872e-02,8.451305e-02,9.031605e-03,1.866639e-02,5.220192e-02,3.216110e-02,4.715958e-03,3.851093e-02
3.875327e-01,5.007787e-02,6.755625e-02,1.113293e-01,3.666022e-02,4.322297e-02,5.936307e-03,1.272174e-02,9.655819e-02,1.463486e-02,2.375392e-02,4.758820e-02,2.963396e-02,5.608633e-03,6.718490e-02
4.234782e-01,4.460313e-02,5.908229e-02,1.099384e-01,4.359280e-02,3.678224e-02,7.470292e-03,3.196436e-02,7.742383e-02,1.212549e-02,2.085594e-02,4.672055e-02,2.882385e-02,5.315006e-03,5.182371e-02
4.342647e-01,4.244162e-02,4.924705e-02,1.213124e-01,4.181288e-02,3.069794e-02,8.863241e-03,6.455763e-02,5.844146e-02,1.047960e-02,1.906413e-02,4.159598e-02,2.813544e-02,5.533674e-03,4.355233e-02
4.726265e-01,3.383525e-02,4.153198e-02,8.977192e-02,3.845119e-02,2.524699e-02,1.087164e-02,1.238081e-01,5.059417e-02,8.206778e-03,1.456295e-02,3.122062e-02,2.218822e-02,4.178330e-03,3.290539e-02
1.000000e+00,0.000000e+00,0.000000e+00,0.000000e+00,0.000000e+00,0.000000e+00,0.000000e+00,0.000000e+00,0.000000e+00,0.000000e+00,0.000000e+00,0.000000e+00,0.000000e+00,0.000000e+00,0.000000e+00
1.000000e+00,0.000000e+00,0.000000e+00,0.000000e+00,0.000000e+00,0.000000e+00,0.000000e+00,0.000000e+00,0.000000e+00,0.000000e+00,0.000000e+00,0.000000e+00,0.000000e+00,0.000000e+00,0.000000e+00
4.823076e-01,2.006120e-02,1.938073e-02,4.095684e-02,2.717212e-02,2.284208e-02,2.563878e-02,2.729495e-01,2.725818e-02,4.066377e-03,7.014276e-03,1.834237e-02,1.357963e-02,1.974160e-03,1.645625e-02
3.851768e-01,1.508275e-02,1.474182e-02,2.981044e-02,2.370244e-02,1.956112e-02,2.756869e-02,4.174035e-01,2.118507e-02,2.935783e-03,5.122537e-03,1.362224e-02,1.068156e-02,1.440411e-03,1.196494e-02
4.438479e-01,1.235554e-02,1.158957e-02,2.335796e-02,1.873294e-02,2.022524e-02,2.998172e-02,3.821599e-01,1.743622e-02,2.375372e-03,4.106859e-03,1.190428e-02,9.820171e-03,1.239886e-03,1.086644e-02
1.000000e+00,0.000000e+00,0.000000e+00,0.000000e+00,0.000000e+00,0.000000e+00,0.000000e+00,0.000000e+00,0.000000e+00,0.000000e+00,0.000000e+00,0.000000e+00,0.000000e+00,0.000000e+00,0.000000e+00
4.146413e-01,8.775936e-03,8.087422e-03,1.458070e-02,1.864527e-02,2.149493e-02,3.287272e-02,4.342136e-01,1.442938e-02,1.475826e-03,2.739667e-03,1.035626e-02,8.601407e-03,9.535174e-04,8.132056e-03
3.749602e-01,6.963482e-03,7.412089e-03,1.088147e-02,1.806490e-02,2.337011e-02,3.496435e-02,4.814521e-01,1.277635e-02,1.228870e-03,2.308290e-03,9.647768e-03,8.408827e-03,8.612312e-04,6.699969e-03
3.740858e-01,5.621251e-03,7.298109e-03,8.532265e-03,1.757910e-02,3.233173e-02,4.587936e-02,4.663280e-01,1.178110e-02,1.100662e-03,1.976595e-03,1.044911e-02,1.007903e-02,8.055310e-04,6.152374e-03
4.224600e-01,4.850113e-03,6.239205e-03,8.043732e-03,1.543729e-02,4.149272e-02,4.565519e-02,4.111312e-01,1.148054e-02,1.116748e-03,1.919353e-03,1.240180e-02,1.080719e-02,8.414589e-04,6.123412e-03
4.791088e-01,4.060877e-03,5.319532e-03,7.325831e-03,1.337321e-02,4.024043e-02,4.247366e-02,3.622651e-01,1.174281e-02,1.113534e-03,2.048545e-03,1.411581e-02,9.637341e-03,8.702015e-04,6.304312e-03
4.582202e-01,3.326368e-03,4.744165e-03,6.087870e-03,1.188451e-02,3.609097e-02,5.912024e-02,3.778886e-01,9.487361e-03,1.074990e-03,2.148096e-03,1.340044e-02,9.491316e-03,8.037639e-04,6.231182e-03
4.845349e-01,2.818682e-03,4.387541e-03,5.675728e-03,9.926462e-03,3.124823e-02,4.759664e-02,3.739634e-01,7.631381e-03,9.887875e-04,2.256806e-03,1.318845e-02,9.074129e-03,7.802551e-04,5.928554e-03
4.965342e-01,2.559036e-03,4.203178e-03,5.553518e-03,8.276168e-03,2.837507e-02,3.983735e-02,3.772743e-01,6.192541e-03,9.787802e-04,2.197290e-03,1.295797e-02,8.602352e-03,7.334880e-04,5.724784e-03
1.000000e+00,0.000000e+00,0.000000e+00,0.000000e+00,0.000000e+00,0.000000e+00,0.000000e+00,0.000000e+00,0.000000e+00,0.000000e+00,0.000000e+00,0.000000e+00,0.000000e+00,0.000000e+00,0.000000e+00
1.000000e+00,0.000000e+00,0.000000e+00,0.000000e+00,0.000000e+00,0.000000e+00,0.000000e+00,0.000000e+00,0.000000e+00,0.000000e+00,0.000000e+00,0.000000e+00,0.000000e+00,0.000000e+00,0.000000e+00
1.000000e+00,0.000000e+00,0.000000e+00,0.000000e+00,0.000000e+00,0.000000e+00,0.000000e+00,0.000000e+00,0.000000e+00,0.000000e+00,0.000000e+00,0.000000e+00,0.000000e+00,0.000000e+00,0.000000e+00
1.000000e+00,0.000000e+00,0.000000e+00,0.000000e+00,0.000000e+00,0.000000e+00,0.000000e+00,0.000000e+00,0.000000e+00,0.000000e+00,0.000000e+00,0.000000e+00,0.000000e+00,0.000000e+00,0.000000e+00
1.000000e+00,0.000000e+00,0.000000e+00,0.000000e+00,0.000000e+00,0.000000e+00,0.000000e+00,0.000000e+00,0.000000e+00,0.000000e+00,0.000000e+00,0.000000e+00,0.000000e+00,0.000000e+00,0.000000e+00
1.000000e+00,0.000000e+00,0.000000e+00,0.000000e+00,0.000000e+00,0.000000e+00,0.000000e+00,0.000000e+00,0.000000e+00,0.000000e+00,0.000000e+00,0.000000e+00,0.000000e+00,0.000000e+00,0.000000e+00
1.000000e+00,0.000000e+00,0.000000e+00,0.000000e+00,0.000000e+00,0.000000e+00,0.000000e+00,0.000000e+00,0.000000e+00,0.000000e+00,0.000000e+00,0.000000e+00,0.000000e+00,0.000000e+00,0.000000e+00
1.000000e+00,0.000000e+00,0.000000e+00,0.000000e+00,0.000000e+00,0.000000e+00,0.000000e+00,0.000000e+00,0.000000e+00,0.000000e+00,0.000000e+00,0.000000e+00,0.000000e+00,0.000000e+00,0.000000e+00
1.000000e+00,0.000000e+00,0.000000e+00,0.000000e+00,0.000000e+00,0.000000e+00,0.000000e+00,0.000000e+00,0.000000e+00,0.000000e+00,0.000000e+00,0.000000e+00,0.000000e+00,0.000000e+00,0.000000e+00
1.000000e+00,0.000000e+00,0.000000e+00,0.000000e+00,0.000000e+00,0.000000e+00,0.000000e+00,0.000000e+00,0.000000e+00,0.000000e+00,0.000000e+00,0.000000e+00,0.000000e+00,0.000000e+00,0.000000e+00
1.000000e+00,0.000000e+00,0.000000e+00,0.000000e+00,0.000000e+00,0.000000e+00,0.000000e+00,0.000000e+00,0.000000e+00,0.000000e+00,0.000000e+00,0.000000e+00,0.000000e+00,0.000000e+00,0.000000e+00
1.000000e+00,0.000000e+00,0.000000e+00,0.000000e+00,0.000000e+00,0.000000e+00,0.000000e+00,0.000000e+00,0.000000e+00,0.000000e+00,0.000000e+00,0.000000e+00,0.000000e+00,0.000000e+00,0.000000e+00
1.000000e+00,0.000000e+00,0.000000e+00,0.000000e+00,0.000000e+00,0.000000e+00,0.000000e+00,0.000000e+00,0.000000e+00,0.000000e+00,0.000000e+00,0.000000e+00,0.000000e+00,0.000000e+00,0.000000e+00
1.000000e+00,0.000000e+00,0.000000e+00,0.000000e+00,0.000000e+00,0.000000e+00,0.000000e+00,0.000000e+00,0.000000e+00,0.000000e+00,0.000000e+00,0.000000e+00,0.000000e+00,0.000000e+00,0.000000e+00
1.000000e+00,0.000000e+00,0.000000e+00,0.000000e+00,0.000000e+00,0.000000e+00,0.000000e+00,0.000000e+00,0.000000e+00,0.000000e+00,0.000000e+00,0.000000e+00,0.000000e+00,0.000000e+00,0.000000e+00
1.000000e+00,0.000000e+00,0.000000e+00,0.000000e+00,0.000000e+00,0.000000e+00,0.000000e+00,0.000000e+00,0.000000e+00,0.000000e+00,0.000000e+00,0.000000e+00,0.000000e+00,0.000000e+00,0.000000e+00
1.000000e+00,0.000000e+00,0.000000e+00,0.000000e+00,0.000000e+00,0.000000e+00,0.000000e+00,0.000000e+00,0.000000e+00,0.000000e+00,0.000000e+00,0.000000e+00,0.000000e+00,0.000000e+00,0.000000e+00
1.000000e+00,0.000000e+00,0.000000e+00,0.000000e+00,0.000000e+00,0.000000e+00,0.000000e+00,0.000000e+00,0.000000e+00,0.000000e+00,0.000000e+00,0.000000e+00,0.000000e+00,0.000000e+00,0.000000e+00
1.000000e+00,0.000000e+00,0.000000e+00,0.000000e+00,0.000000e+00,0.000000e+00,0.000000e+00,0.000000e+00,0.000000e+00,0.000000e+00,0.000000e+00,0.000000e+00,0.000000e+00,0.000000e+00,0.000000e+00
1.000000e+00,0.000000e+00,0.000000e+00,0.000000e+00,0.000000e+00,0.000000e+00,0.000000e+00,0.000000e+00,0.000000e+00,0.000000e+00,0.000000e+00,0.000000e+00,0.000000e+00,0.000000e+00,0.000000e+00
1.000000e+00,0.000000e+00,0.000000e+00,0.000000e+00,0.000000e+00,0.000000e+00,0.000000e+00,0.000000e+00,0.000000e+00,0.000000e+00,0.000000e+00,0.000000e+00,0.000000e+00,0.000000e+00,0.000000e+00
1.000000e+00,0.000000e+00,0.000000e+00,0.000000e+00,0.000000e+00,0.000000e+00,0.000000e+00,0.000000e+00,0.000000e+00,0.000000e+00,0.000000e+00,0.000000e+00,0.000000e+00,0.000000e+00,0.000000e+00
1.000000e+00,0.000000e+00,0.000000e+00,0.000000e+00,0.000000e+00,0.000000e+00,0.000000e+00,0.000000e+00,0.000000e+00,0.000000e+00,0.000000e+00,0.000000e+00,0.000000e+00,0.000000e+00,0.000000e+00
1.000000e+00,0.000000e+00,0.000000e+00,0.000000e+00,0.000000e+00,0.000000e+00,0.000000e+00,0.000000e+00,0.000000e+00,0.000000e+00,0.000000e+00,0.000000e+00,0.000000e+00,0.000000e+00,0.000000e+00
1.000000e+00,0.000000e+00,0.000000e+00,0.000000e+00,0.000000e+00,0.000000e+00,0.000000e+00,0.000000e+00,0.000000e+00,0.000000e+00,0.000000e+00,0.000000e+00,0.000000e+00,0.000000e+00,0.000000e+00
4.606568e-01,4.438142e-02,1.112516e-02,7.629773e-02,8.000515e-02,2.643453e-02,2.940441e-02,5.091121e-02,5.549168e-02,3.625060e-03,3.114763e-03,1.235203e-02,1.202363e-01,1.266210e-03,2.469762e-02
4.335662e-01,5.220930e-02,9.273587e-03,6.466801e-02,8.480344e-02,3.100576e-02,2.524566e-02,3.897565e-02,7.448803e-02,3.077048e-03,3.069197e-03,1.206423e-02,1.400950e-01,1.396976e-03,2.606186e-02
4.046710e-01,5.559012e-02,1.259578e-02,7.765710e-02,9.078161e-02,3.206749e-02,2.444819e-02,4.179283e-02,7.354699e-02,3.646368e-03,3.869851e-03,1.516525e-02,1.330727e-01,2.058932e-03,2.903576e-02
4.195930e-01,7.970298e-02,1.065763e-02,6.424212e-02,8.081782e-02,3.392288e-02,2.197720e-02,3.551557e-02,9.146536e-02,3.855989e-03,3.762865e-03,1.619296e-02,1.085400e-01,2.159244e-03,2.759438e-02
4.316348e-01,9.834525e-02,9.666629e-03,5.163034e-02,7.320430e-02,4.063363e-02,1.784593e-02,2.827964e-02,1.018018e-01,3.835531e-03,3.388044e-03,1.412069e-02,9.707882e-02,2.029087e-03,2.650548e-02
4.689077e-01,8.849686e-02,8.812995e-03,4.338240e-02,7.283918e-02,4.288774e-02,1.556763e-02,2.370154e-02,1.108442e-01,3.999039e-03,3.495000e-03,1.290214e-02,7.677159e-02,2.074988e-03,2.531699e-02
4.853825e-01,9.629519e-02,1.002885e-02,4.044948e-02,7.121289e-02,4.140436e-02,1.457753e-02,2.520354e-02,1.039735e-01,5.021628e-03,3.697280e-03,1.260127e-02,5.770236e-02,2.843898e-03,2.960566e-02
1.000000e+00,0.000000e+00,0.000000e+00,0.000000e+00,0.000000e+00,0.000000e+00,0.000000e+00,0.000000e+00,0.000000e+00,0.000000e+00,0.000000e+00,0.000000e+00,0.000000e+00,0.000000e+00,0.000000e+00
1.000000e+00,0.000000e+00,0.000000e+00,0.000000e+00,0.000000e+00,0.000000e+00,0.000000e+00,0.000000e+00,0.000000e+00,0.000000e+00,0.000000e+00,0.000000e+00,0.000000e+00,0.000000e+00,0.000000e+00
1.000000e+00,0.000000e+00,0.000000e+00,0.000000e+00,0.000000e+00,0.000000e+00,0.000000e+00,0.000000e+00,0.000000e+00,0.000000e+00,0.000000e+00,0.000000e+00,0.000000e+00,0.000000e+00,0.000000e+00
1.000000e+00,0.000000e+00,0.000000e+00,0.000000e+00,0.000000e+00,0.000000e+00,0.000000e+00,0.000000e+00,0.000000e+00,0.000000e+00,0.000000e+00,0.000000e+00,0.000000e+00,0.000000e+00,0.000000e+00
1.000000e+00,0.000000e+00,0.000000e+00,0.000000e+00,0.000000e+00,0.000000e+00,0.000000e+00,0.000000e+00,0.000000e+00,0.000000e+00,0.000000e+00,0.000000e+00,0.000000e+00,0.000000e+00,0.000000e+00
1.000000e+00,0.000000e+00,0.000000e+00,0.000000e+00,0.000000e+00,0.000000e+00,0.000000e+00,0.000000e+00,0.000000e+00,0.000000e+00,0.000000e+00,0.000000e+00,0.000000e+00,0.000000e+00,0.000000e+00
1.000000e+00,0.000000e+00,0.000000e+00,0.000000e+00,0.000000e+00,0.000000e+00,0.000000e+00,0.000000e+00,0.000000e+00,0.000000e+00,0.000000e+00,0.000000e+00,0.000000e+00,0.000000e+00,0.000000e+00
1.000000e+00,0.000000e+00,0.000000e+00,0.000000e+00,0.000000e+00,0.000000e+00,0.000000e+00,0.000000e+00,0.000000e+00,0.000000e+00,0.000000e+00,0.000000e+00,0.000000e+00,0.000000e+00,0.000000e+00
1.000000e+00,0.000000e+00,0.000000e+00,0.000000e+00,0.000000e+00,0.000000e+00,0.000000e+00,0.000000e+00,0.000000e+00,0.000000e+00,0.000000e+00,0.000000e+00,0.000000e+00,0.000000e+00,0.000000e+00
1.000000e+00,0.000000e+00,0.000000e+00,0.000000e+00,0.000000e+00,0.000000e+00,0.000000e+00,0.000000e+00,0.000000e+00,0.000000e+00,0.000000e+00,0.000000e+00,0.000000e+00,0.000000e+00,0.000000e+00
1.000000e+00,0.000000e+00,0.000000e+00,0.000000e+00,0.000000e+00,0.000000e+00,0.000000e+00,0.000000e+00,0.000000e+00,0.000000e+00,0.000000e+00,0.000000e+00,0.000000e+00,0.000000e+00,0.000000e+00
1.000000e+00,0.000000e+00,0.000000e+00,0.000000e+00,0.000000e+00,0.000000e+00,0.000000e+00,0.000000e+00,0.000000e+00,0.000000e+00,0.000000e+00,0.000000e+00,0.000000e+00,0.000000e+00,0.000000e+00
1.000000e+00,0.000000e+00,0.000000e+00,0.000000e+00,0.000000e+00,0.000000e+00,0.000000e+00,0.000000e+00,0.000000e+00,0.000000e+00,0.000000e+00,0.000000e+00,0.000000e+00,0.000000e+00,0.000000e+00
1.000000e+00,0.000000e+00,0.000000e+00,0.000000e+00,0.000000e+00,0.000000e+00,0.000000e+00,0.000000e+00,0.000000e+00,0.000000e+00,0.000000e+00,0.000000e+00,0.000000e+00,0.000000e+00,0.000000e+00
1.000000e+00,0.000000e+00,0.000000e+00,0.000000e+00,0.000000e+00,0.000000e+00,0.000000e+00,0.000000e+00,0.000000e+00,0.000000e+00,0.000000e+00,0.000000e+00,0.000000e+00,0.000000e+00,0.000000e+00
1.000000e+00,0.000000e+00,0.000000e+00,0.000000e+00,0.000000e+00,0.000000e+00,0.000000e+00,0.000000e+00,0.000000e+00,0.000000e+00,0.000000e+00,0.000000e+00,0.000000e+00,0.000000e+00,0.000000e+00
1.000000e+00,0.000000e+00,0.000000e+00,0.000000e+00,0.000000e+00,0.000000e+00,0.000000e+00,0.000000e+00,0.000000e+00,0.000000e+00,0.000000e+00,0.000000e+00,0.000000e+00,0.000000e+00,0.000000e+00
1.000000e+00,0.000000e+00,0.000000e+00,0.000000e+00,0.000000e+00,0.000000e+00,0.000000e+00,0.000000e+00,0.000000e+00,0.000000e+00,0.000000e+00,0.000000e+00,0.000000e+00,0.000000e+00,0.000000e+00
1.000000e+00,0.000000e+00,0.000000e+00,0.000000e+00,0.000000e+00,0.000000e+00,0.000000e+00,0.000000e+00,0.000000e+00,0.000000e+00,0.000000e+00,0.000000e+00,0.000000e+00,0.000000e+00,0.000000e+00
1.000000e+00,0.000000e+00,0.000000e+00,0.000000e+00,0.000000e+00,0.000000e+00,0.000000e+00,0.000000e+00,0.000000e+00,0.000000e+00,0.000000e+00,0.000000e+00,0.000000e+00,0.000000e+00,0.000000e+00
1.000000e+00,0.000000e+00,0.000000e+00,0.000000e+00,0.000000e+00,0.000000e+00,0.000000e+00,0.000000e+00,0.000000e+00,0.000000e+00,0.000000e+00,0.000000e+00,0.000000e+00,0.000000e+00,0.000000e+00
1.000000e+00,0.000000e+00,0.000000e+00,0.000000e+00,0.000000e+00,0.000000e+00,0.000000e+00,0.000000e+00,0.000000e+00,0.000000e+00,0.000000e+00,0.000000e+00,0.000000e+00,0.000000e+00,0.000000e+00
1.000000e+00,0.000000e+00,0.000000e+00,0.000000e+00,0.000000e+00,0.000000e+00,0.000000e+00,0.000000e+00,0.000000e+00,0.000000e+00,0.000000e+00,0.000000e+00,0.000000e+00,0.000000e+00,0.000000e+00
1.000000e+00,0.000000e+00,0.000000e+00,0.000000e+00,0.000000e+00,0.000000e+00,0.000000e+00,0.000000e+00,0.000000e+00,0.000000e+00,0.000000e+00,0.000000e+00,0.000000e+00,0.000000e+00,0.000000e+00
1.000000e+00,0.000000e+00,0.000000e+00,0.000000e+00,0.000000e+00,0.000000e+00,0.000000e+00,0.000000e+00,0.000000e+00,0.000000e+00,0.000000e+00,0.000000e+00,0.000000e+00,0.000000e+00,0.000000e+00
1.000000e+00,0.000000e+00,0.000000e+00,0.000000e+00,0.000000e+00,0.000000e+00,0.000000e+00,0.000000e+00,0.000000e+00,0.000000e+00,0.000000e+00,0.000000e+00,0.000000e+00,0.000000e+00,0.000000e+00
1.000000e+00,0.000000e+00,0.000000e+00,0.000000e+00,0.000000e+00,0.000000e+00,0.000000e+00,0.000000e+00,0.000000e+00,0.000000e+00,0.000000e+00,0.000000e+00,0.000000e+00,0.000000e+00,0.000000e+00
1.000000e+00,0.000000e+00,0.000000e+00,0.000000e+00,0.000000e+00,0.000000e+00,0.000000e+00,0.000000e+00,0.000000e+00,0.000000e+00,0.000000e+00,0.000000e+00,0.000000e+00,0.000000e+00,0.000000e+00
1.000000e+00,0.000000e+00,0.000000e+00,0.000000e+00,0.000000e+00,0.000000e+00,0.000000e+00,0.000000e+00,0.000000e+00,0.000000e+00,0.000000e+00,0.000000e+00,0.000000e+00,0.000000e+00,0.000000e+00
1.000000e+00,0.000000e+00,0.000000e+00,0.000000e+00,0.000000e+00,0.000000e+00,0.000000e+00,0.000000e+00,0.000000e+00,0.000000e+00,0.000000e+00,0.000000e+00,0.000000e+00,0.000000e+00,0.000000e+00
1.000000e+00,0.000000e+00,0.000000e+00,0.000000e+00,0.000000e+00,0.000000e+00,0.000000e+00,0.000000e+00,0.000000e+00,0.000000e+00,0.000000e+00,0.000000e+00,0.000000e+00,0.000000e+00,0.000000e+00
1.000000e+00,0.000000e+00,0.000000e+00,0.000000e+00,0.000000e+00,0.000000e+00,0.000000e+00,0.000000e+00,0.000000e+00,0.000000e+00,0.000000e+00,0.000000e+00,0.000000e+00,0.000000e+00,0.000000e+00
1.000000e+00,0.000000e+00,0.000000e+00,0.000000e+00,0.000000e+00,0.000000e+00,0.000000e+00,0.000000e+00,0.000000e+00,0.000000e+00,0.000000e+00,0.000000e+00,0.000000e+00,0.000000e+00,0.000000e+00
1.000000e+00,0.000000e+00,0.000000e+00,0.000000e+00,0.000000e+00,0.000000e+00,0.000000e+00,0.000000e+00,0.000000e+00,0.000000e+00,0.000000e+00,0.000000e+00,0.000000e+00,0.000000e+00,0.000000e+00
1.000000e+00,0.000000e+00,0.000000e+00,0.000000e+00,0.000000e+00,0.000000e+00,0.000000e+00,0.000000e+00,0.000000e+00,0.000000e+00,0.000000e+00,0.000000e+00,0.000000e+00,0.000000e+00,0.000000e+00
1.000000e+00,0.000000e+00,0.000000e+00,0.000000e+00,0.000000e+00,0.000000e+00,0.000000e+00,0.000000e+00,0.000000e+00,0.000000e+00,0.000000e+00,0.000000e+00,0.000000e+00,0.000000e+00,0.000000e+00
1.000000e+00,0.000000e+00,0.000000e+00,0.000000e+00,0.000000e+00,0.000000e+00,0.000000e+00,0.000000e+00,0.000000e+00,0.000000e+00,0.000000e+00,0.000000e+00,0.000000e+00,0.000000e+00,0.000000e+00
1.000000e+00,0.000000e+00,0.000000e+00,0.000000e+00,0.000000e+00,0.000000e+00,0.000000e+00,0.000000e+00,0.000000e+00,0.000000e+00,0.000000e+00,0.000000e+00,0.000000e+00,0.000000e+00,0.000000e+00
1.000000e+00,0.000000e+00,0.000000e+00,0.000000e+00,0.000000e+00,0.000000e+00,0.000000e+00,0.000000e+00,0.000000e+00,0.000000e+00,0.000000e+00,0.000000e+00,0.000000e+00,0.000000e+00,0.000000e+00
1.000000e+00,0.000000e+00,0.000000e+00,0.000000e+00,0.000000e+00,0.000000e+00,0.000000e+00,0.000000e+00,0.000000e+00,0.000000e+00,0.000000e+00,0.000000e+00,0.000000e+00,0.000000e+00,0.000000e+00
1.000000e+00,0.000000e+00,0.000000e+00,0.000000e+00,0.000000e+00,0.000000e+00,0.000000e+00,0.000000e+00,0.000000e+00,0.000000e+00,0.000000e+00,0.000000e+00,0.000000e+00,0.000000e+00,0.000000e+00
1.000000e+00,0.000000e+00,0.000000e+00,0.000000e+00,0.000000e+00,0.000000e+00,0.000000e+00,0.000000e+00,0.000000e+00,0.000000e+00,0.000000e+00,0.000000e+00,0.000000e+00,0.000000e+00,0.000000e+00
1.000000e+00,0.000000e+00,0.000000e+00,0.000000e+00,0.000000e+00,0.000000e+00,0.000000e+00,0.000000e+00,0.000000e+00,0.000000e+00,0.000000e+00,0.000000e+00,0.000000e+00,0.000000e+00,0.000000e+00
1.000000e+00,0.000000e+00,0.000000e+00,0.000000e+00,0.000000e+00,0.000000e+00,0.000000e+00,0.000000e+00,0.000000e+00,0.000000e+00,0.000000e+00,0.000000e+00,0.000000e+00,0.000000e+00,0.000000e+00
1.000000e+00,0.000000e+00,0.000000e+00,0.000000e+00,0.000000e+00,0.000000e+00,0.000000e+00,0.000000e+00,0.000000e+00,0.000000e+00,0.000000e+00,0.000000e+00,0.000000e+00,0.000000e+00,0.000000e+00
1.000000e+00,0.000000e+00,0.000000e+00,0.000000e+00,0.000000e+00,0.000000e+00,0.000000e+00,0.000000e+00,0.000000e+00,0.000000e+00,0.000000e+00,0.000000e+00,0.000000e+00,0.000000e+00,0.000000e+00
1.000000e+00,0.000000e+00,0.000000e+00,0.000000e+00,0.000000e+00,0.000000e+00,0.000000e+00,0.000000e+00,0.000000e+00,0.000000e+00,0.000000e+00,0.000000e+00,0.000000e+00,0.000000e+00,0.000000e+00
1.000000e+00,0.000000e+00,0.000000e+00,0.000000e+00,0.000000e+00,0.000000e+00,0.000000e+00,0.000000e+00,0.000000e+00,0.000000e+00,0.000000e+00,0.000000e+00,0.000000e+00,0.000000e+00,0.000000e+00
1.000000e+00,0.000000e+00,0.000000e+00,0.000000e+00,0.000000e+00,0.000000e+00,0.000000e+00,0.000000e+00,0.000000e+00,0.000000e+00,0.000000e+00,0.000000e+00,0.000000e+00,0.000000e+00,0.000000e+00
1.000000e+00,0.000000e+00,0.000000e+00,0.000000e+00,0.000000e+00,0.000000e+00,0.000000e+00,0.000000e+00,0.000000e+00,0.000000e+00,0.000000e+00,0.000000e+00,0.000000e+00,0.000000e+00,0.000000e+00
1.000000e+00,0.000000e+00,0.000000e+00,0.000000e+00,0.000000e+00,0.000000e+00,0.000000e+00,0.000000e+00,0.000000e+00,0.000000e+00,0.000000e+00,0.000000e+00,0.000000e+00,0.000000e+00,0.000000e+00
1.000000e+00,0.000000e+00,0.000000e+00,0.000000e+00,0.000000e+00,0.000000e+00,0.000000e+00,0.000000e+00,0.000000e+00,0.000000e+00,0.000000e+00,0.000000e+00,0.000000e+00,0.000000e+00,0.000000e+00
1.000000e+00,0.000000e+00,0.000000e+00,0.000000e+00,0.000000e+00,0.000000e+00,0.000000e+00,0.000000e+00,0.000000e+00,0.000000e+00,0.000000e+00,0.000000e+00,0.000000e+00,0.000000e+00,0.000000e+00
1.000000e+00,0.000000e+00,0.000000e+00,0.000000e+00,0.000000e+00,0.000000e+00,0.000000e+00,0.000000e+00,0.000000e+00,0.000000e+00,0.000000e+00,0.000000e+00,0.000000e+00,0.000000e+00,0.000000e+00
1.000000e+00,0.000000e+00,0.000000e+00,0.000000e+00,0.000000e+00,0.000000e+00,0.000000e+00,0.000000e+00,0.000000e+00,0.000000e+00,0.000000e+00,0.000000e+00,0.000000e+00,0.000000e+00,0.000000e+00
1.000000e+00,0.000000e+00,0.000000e+00,0.000000e+00,0.000000e+00,0.000000e+00,0.000000e+00,0.000000e+00,0.000000e+00,0.000000e+00,0.000000e+00,0.000000e+00,0.000000e+00,0.000000e+00,0.000000e+00
1.000000e+00,0.000000e+00,0.000000e+00,0.000000e+00,0.000000e+00,0.000000e+00,0.000000e+00,0.000000e+00,0.000000e+00,0.000000e+00,0.000000e+00,0.000000e+00,0.000000e+00,0.000000e+00,0.000000e+00
1.000000e+00,0.000000e+00,0.000000e+00,0.000000e+00,0.000000e+00,0.000000e+00,0.000000e+00,0.000000e+00,0.000000e+00,0.000000e+00,0.000000e+00,0.000000e+00,0.000000e+00,0.000000e+00,0.000000e+00
1.000000e+00,0.000000e+00,0.000000e+00,0.000000e+00,0.000000e+00,0.000000e+00,0.000000e+00,0.000000e+00,0.000000e+00,0.000000e+00,0.000000e+00,0.000000e+00,0.000000e+00,0.000000e+00,0.000000e+00
1.000000e+00,0.000000e+00,0.000000e+00,0.000000e+00,0.000000e+00,0.000000e+00,0.000000e+00,0.000000e+00,0.000000e+00,0.000000e+00,0.000000e+00,0.000000e+00,0.000000e+00,0.000000e+00,0.000000e+00
1.000000e+00,0.000000e+00,0.000000e+00,0.000000e+00,0.000000e+00,0.000000e+00,0.000000e+00,0.000000e+00,0.000000e+00,0.000000e+00,0.000000e+00,0.000000e+00,0.000000e+00,0.000000e+00,0.000000e+00
1.000000e+00,0.000000e+00,0.000000e+00,0.000000e+00,0.000000e+00,0.000000e+00,0.000000e+00,0.000000e+00,0.000000e+00,0.000000e+00,0.000000e+00,0.000000e+00,0.000000e+00,0.000000e+00,0.000000e+00
1.000000e+00,0.000000e+00,0.000000e+00,0.000000e+00,0.000000e+00,0.000000e+00,0.000000e+00,0.000000e+00,0.000000e+00,0.000000e+00,0.000000e+00,0.000000e+00,0.000000e+00,0.000000e+00,0.000000e+00
1.000000e+00,0.000000e+00,0.000000e+00,0.000000e+00,0.000000e+00,0.000000e+00,0.000000e+00,0.000000e+00,0.000000e+00,0.000000e+00,0.000000e+00,0.000000e+00,0.000000e+00,0.000000e+00,0.000000e+00
1.000000e+00,0.000000e+00,0.000000e+00,0.000000e+00,0.000000e+00,0.000000e+00,0.000000e+00,0.000000e+00,0.000000e+00,0.000000e+00,0.000000e+00,0.000000e+00,0.000000e+00,0.000000e+00,0.000000e+00
