1.000000e+00,0.000000e+00,0.000000e+00,0.000000e+00,0.000000e+00,0.000000e+00,0.000000e+00,0.000000e+00,0.000000e+00,0.000000e+00,0.000000e+00,0.000000e+00,0.000000e+00,0.000000e+00,0.000000e+00
1.000000e+00,0.000000e+00,0.000000e+00,0.000000e+00,0.000000e+00,0.000000e+00,0.000000e+00,0.000000e+00,0.000000e+00,0.000000e+00,0.000000e+00,0.000000e+00,0.000000e+00,0.000000e+00,0.000000e+00
1.000000e+00,0.000000e+00,0.000000e+00,0.000000e+00,0.000000e+00,0.000000e+00,0.000000e+00,0.000000e+00,0.000000e+00,0.000000e+00,0.000000e+00,0.000000e+00,0.000000e+00,0.000000e+00,0.000000e+00
1.000000e+00,0.000000e+00,0.000000e+00,0.000000e+00,0.000000e+00,0.000000e+00,0.000000e+00,0.000000e+00,0.000000e+00,0.000000e+00,0.000000e+00,0.000000e+00,0.000000e+00,0.000000e+00,0.000000e+00
1.000000e+00,0.000000e+00,0.000000e+00,0.000000e+00,0.000000e+00,0.000000e+00,0.000000e+00,0.000000e+00,0.000000e+00,0.000000e+00,0.000000e+00,0.000000e+00,0.000000e+00,0.000000e+00,0.000000e+00
1.000000e+00,0.000000e+00,0.000000e+00,0.000000e+00,0.000000e+00,0.000000e+00,0.000000e+00,0.000000e+00,0.000000e+00,0.000000e+00,0.000000e+00,0.000000e+00,0.000000e+00,0.000000e+00,0.000000e+00
1.000000e+00,0.000000e+00,0.000000e+00,0.000000e+00,0.000000e+00,0.000000e+00,0.000000e+00,0.000000e+00,0.000000e+00,0.000000e+00,0.000000e+00,0.000000e+00,0.000000e+00,0.000000e+00,0.000000e+00
1.000000e+00,0.000000e+00,0.000000e+00,0.000000e+00,0.000000e+00,0.000000e+00,0.000000e+00,0.000000e+00,0.000000e+00,0.000000e+00,0.000000e+00,0.000000e+00,0.000000e+00,0.000000e+00,0.000000e+00
1.000000e+00,0.000000e+00,0.000000e+00,0.000000e+00,0.000000e+00,0.000000e+00,0.000000e+00,0.000000e+00,0.000000e+00,0.000000e+00,0.000000e+00,0.000000e+00,0.000000e+00,0.000000e+00,0.000000e+00
1.000000e+00,0.000000e+00,0.000000e+00,0.000000e+00,0.000000e+00,0.000000e+00,0.000000e+00,0.000000e+00,0.000000e+00,0.000000e+00,0.000000e+00,0.000000e+00,0.000000e+00,0.000000e+00,0.000000e+00
1.000000e+00,0.000000e+00,0.000000e+00,0.000000e+00,0.000000e+00,0.000000e+00,0.000000e+00,0.000000e+00,0.000000e+00,0.000000e+00,0.000000e+00,0.000000e+00,0.000000e+00,0.000000e+00,0.000000e+00
1.000000e+00,0.000000e+00,0.000000e+00,0.000000e+00,0.000000e+00,0.000000e+00,0.000000e+00,0.000000e+00,0.000000e+00,0.000000e+00,0.000000e+00,0.000000e+00,0.000000e+00,0.000000e+00,0.000000e+00
1.000000e+00,0.000000e+00,0.000000e+00,0.000000e+00,0.000000e+00,0.000000e+00,0.000000e+00,0.000000e+00,0.000000e+00,0.000000e+00,0.000000e+00,0.000000e+00,0.000000e+00,0.000000e+00,0.000000e+00
1.000000e+00,0.000000e+00,0.000000e+00,0.000000e+00,0.000000e+00,0.000000e+00,0.000000e+00,0.000000e+00,0.000000e+00,0.000000e+00,0.000000e+00,0.000000e+00,0.000000e+00,0.000000e+00,0.000000e+00
1.000000e+00,0.000000e+00,0.000000e+00,0.000000e+00,0.000000e+00,0.000000e+00,0.000000e+00,0.000000e+00,0.000000e+00,0.000000e+00,0.000000e+00,0.000000e+00,0.000000e+00,0.000000e+00,0.000000e+00
1.000000e+00,0.000000e+00,0.000000e+00,0.000000e+00,0.000000e+00,0.000000e+00,0.000000e+00,0.000000e+00,0.000000e+00,0.000000e+00,0.000000e+00,0.000000e+00,0.000000e+00,0.000000e+00,0.000000e+00
1.000000e+00,0.000000e+00,0.000000e+00,0.000000e+00,0.000000e+00,0.000000e+00,0.000000e+00,0.000000e+00,0.000000e+00,0.000000e+00,0.000000e+00,0.000000e+00,0.000000e+00,0.000000e+00,0.000000e+00
1.000000e+00,0.000000e+00,0.000000e+00,0.000000e+00,0.000000e+00,0.000000e+00,0.000000e+00,0.000000e+00,0.000000e+00,0.000000e+00,0.000000e+00,0.000000e+00,0.000000e+00,0.000000e+00,0.000000e+00
1.000000e+00,0.000000e+00,0.000000e+00,0.000000e+00,0.000000e+00,0.000000e+00,0.000000e+00,0.000000e+00,0.000000e+00,0.000000e+00,0.000000e+00,0.000000e+00,0.000000e+00,0.000000e+00,0.000000e+00
1.000000e+00,0.000000e+00,0.000000e+00,0.000000e+00,0.000000e+00,0.000000e+00,0.000000e+00,0.000000e+00,0.000000e+00,0.000000e+00,0.000000e+00,0.000000e+00,0.000000e+00,0.000000e+00,0.000000e+00
1.000000e+00,0.000000e+00,0.000000e+00,0.000000e+00,0.000000e+00,0.000000e+00,0.000000e+00,0.000000e+00,0.000000e+00,0.000000e+00,0.000000e+00,0.000000e+00,0.000000e+00,0.000000e+00,0.000000e+00
1.000000e+00,0.000000e+00,0.000000e+00,0.000000e+00,0.000000e+00,0.000000e+00,0.000000e+00,0.000000e+00,0.000000e+00,0.000000e+00,0.000000e+00,0.000000e+00,0.000000e+00,0.000000e+00,0.000000e+00
1.000000e+00,0.000000e+00,0.000000e+00,0.000000e+00,0.000000e+00,0.000000e+00,0.000000e+00,0.000000e+00,0.000000e+00,0.000000e+00,0.000000e+00,0.000000e+00,0.000000e+00,0.000000e+00,0.000000e+00
1.000000e+00,0.000000e+00,0.000000e+00,0.000000e+00,0.000000e+00,0.000000e+00,0.000000e+00,0.000000e+00,0.000000e+00,0.000000e+00,0.000000e+00,0.000000e+00,0.000000e+00,0.000000e+00,0.000000e+00
1.000000e+00,0.000000e+00,0.000000e+00,0.000000e+00,0.000000e+00,0.000000e+00,0.000000e+00,0.000000e+00,0.000000e+00,0.000000e+00,0.000000e+00,0.000000e+00,0.000000e+00,0.000000e+00,0.000000e+00
1.000000e+00,0.000000e+00,0.000000e+00,0.000000e+00,0.000000e+00,0.000000e+00,0.000000e+00,0.000000e+00,0.000000e+00,0.000000e+00,0.000000e+00,0.000000e+00,0.000000e+00,0.000000e+00,0.000000e+00
1.000000e+00,0.000000e+00,0.000000e+00,0.000000e+00,0.000000e+00,0.000000e+00,0.000000e+00,0.000000e+00,0.000000e+00,0.000000e+00,0.000000e+00,0.000000e+00,0.000000e+00,0.000000e+00,0.000000e+00
1.000000e+00,0.000000e+00,0.000000e+00,0.000000e+00,0.000000e+00,0.000000e+00,0.000000e+00,0.000000e+00,0.000000e+00,0.000000e+00,0.000000e+00,0.000000e+00,0.000000e+00,0.000000e+00,0.000000e+00
1.000000e+00,0.000000e+00,0.000000e+00,0.000000e+00,0.000000e+00,0.000000e+00,0.000000e+00,0.000000e+00,0.000000e+00,0.000000e+00,0.000000e+00,0.000000e+00,0.000000e+00,0.000000e+00,0.000000e+00
1.000000e+00,0.000000e+00,0.000000e+00,0.000000e+00,0.000000e+00,0.000000e+00,0.000000e+00,0.000000e+00,0.000000e+00,0.000000e+00,0.000000e+00,0.000000e+00,0.000000e+00,0.000000e+00,0.000000e+00
1.000000e+00,0.000000e+00,0.000000e+00,0.000000e+00,0.000000e+00,0.000000e+00,0.000000e+00,0.000000e+00,0.000000e+00,0.000000e+00,0.000000e+00,0.000000e+00,0.000000e+00,0.000000e+00,0.000000e+00
1.000000e+00,0.000000e+00,0.000000e+00,0.000000e+00,0.000000e+00,0.000000e+00,0.000000e+00,0.000000e+00,0.000000e+00,0.000000e+00,0.000000e+00,0.000000e+00,0.000000e+00,0.000000e+00,0.000000e+00
1.000000e+00,0.000000e+00,0.000000e+00,0.000000e+00,0.000000e+00,0.000000e+00,0.000000e+00,0.000000e+00,0.000000e+00,0.000000e+00,0.000000e+00,0.000000e+00,0.000000e+00,0.000000e+00,0.000000e+00
1.000000e+00,0.000000e+00,0.000000e+00,0.000000e+00,0.000000e+00,0.000000e+00,0.000000e+00,0.000000e+00,0.000000e+00,0.000000e+00,0.000000e+00,0.000000e+00,0.000000e+00,0.000000e+00,0.000000e+00
1.000000e+00,0.000000e+00,0.000000e+00,0.000000e+00,0.000000e+00,0.000000e+00,0.000000e+00,0.000000e+00,0.000000e+00,0.000000e+00,0.000000e+00,0.000000e+00,0.000000e+00,0.000000e+00,0.000000e+00
1.000000e+00,0.000000e+00,0.000000e+00,0.000000e+00,0.000000e+00,0.000000e+00,0.000000e+00,0.000000e+00,0.000000e+00,0.000000e+00,0.000000e+00,0.000000e+00,0.000000e+00,0.000000e+00,0.000000e+00
1.000000e+00,0.000000e+00,0.000000e+00,0.000000e+00,0.000000e+00,0.000000e+00,0.000000e+00,0.000000e+00,0.000000e+00,0.000000e+00,0.000000e+00,0.000000e+00,0.000000e+00,0.000000e+00,0.000000e+00
1.000000e+00,0.000000e+00,0.000000e+00,0.000000e+00,0.000000e+00,0.000000e+00,0.000000e+00,0.000000e+00,0.000000e+00,0.000000e+00,0.000000e+00,0.000000e+00,0.000000e+00,0.000000e+00,0.000000e+00
1.000000e+00,0.000000e+00,0.000000e+00,0.000000e+00,0.000000e+00,0.000000e+00,0.000000e+00,0.000000e+00,0.000000e+00,0.000000e+00,0.000000e+00,0.000000e+00,0.000000e+00,0.000000e+00,0.000000e+00
1.000000e+00,0.000000e+00,0.000000e+00,0.000000e+00,0.000000e+00,0.000000e+00,0.000000e+00,0.000000e+00,0.000000e+00,0.000000e+00,0.000000e+00,0.000000e+00,0.000000e+00,0.000000e+00,0.000000e+00
1.000000e+00,0.000000e+00,0.000000e+00,0.000000e+00,0.000000e+00,0.000000e+00,0.000000e+00,0.000000e+00,0.000000e+00,0.000000e+00,0.000000e+00,0.000000e+00,0.000000e+00,0.000000e+00,0.000000e+00
1.000000e+00,0.000000e+00,0.000000e+00,0.000000e+00,0.000000e+00,0.000000e+00,0.000000e+00,0.000000e+00,0.000000e+00,0.000000e+00,0.000000e+00,0.000000e+00,0.000000e+00,0.000000e+00,0.000000e+00
1.000000e+00,0.000000e+00,0.000000e+00,0.000000e+00,0.000000e+00,0.000000e+00,0.000000e+00,0.000000e+00,0.000000e+00,0.000000e+00,0.000000e+00,0.000000e+00,0.000000e+00,0.000000e+00,0.000000e+00
1.000000e+00,0.000000e+00,0.000000e+00,0.000000e+00,0.000000e+00,0.000000e+00,0.000000e+00,0.000000e+00,0.000000e+00,0.000000e+00,0.000000e+00,0.000000e+00,0.000000e+00,0.000000e+00,0.000000e+00
1.000000e+00,0.000000e+00,0.000000e+00,0.000000e+00,0.000000e+00,0.000000e+00,0.000000e+00,0.000000e+00,0.000000e+00,0.000000e+00,0.000000e+00,0.000000e+00,0.000000e+00,0.000000e+00,0.000000e+00
1.000000e+00,0.000000e+00,0.000000e+00,0.000000e+00,0.000000e+00,0.000000e+00,0.000000e+00,0.000000e+00,0.000000e+00,0.000000e+00,0.000000e+00,0.000000e+00,0.000000e+00,0.000000e+00,0.000000e+00
1.000000e+00,0.000000e+00,0.000000e+00,0.000000e+00,0.000000e+00,0.000000e+00,0.000000e+00,0.000000e+00,0.000000e+00,0.000000e+00,0.000000e+00,0.000000e+00,0.000000e+00,0.000000e+00,0.000000e+00
1.000000e+00,0.000000e+00,0.000000e+00,0.000000e+00,0.000000e+00,0.000000e+00,0.000000e+00,0.000000e+00,0.000000e+00,0.000000e+00,0.000000e+00,0.000000e+00,0.000000e+00,0.000000e+00,0.000000e+00
1.000000e+00,0.000000e+00,0.000000e+00,0.000000e+00,0.000000e+00,0.000000e+00,0.000000e+00,0.000000e+00,0.000000e+00,0.000000e+00,0.000000e+00,0.000000e+00,0.000000e+00,0.000000e+00,0.000000e+00
1.000000e+00,0.000000e+00,0.000000e+00,0.000000e+00,0.000000e+00,0.000000e+00,0.000000e+00,0.000000e+00,0.000000e+00,0.000000e+00,0.000000e+00,0.000000e+00,0.000000e+00,0.000000e+00,0.000000e+00
1.000000e+00,0.000000e+00,0.000000e+00,0.000000e+00,0.000000e+00,0.000000e+00,0.000000e+00,0.000000e+00,0.000000e+00,0.000000e+00,0.000000e+00,0.000000e+00,0.000000e+00,0.000000e+00,0.000000e+00
1.000000e+00,0.000000e+00,0.000000e+00,0.000000e+00,0.000000e+00,0.000000e+00,0.000000e+00,0.000000e+00,0.000000e+00,0.000000e+00,0.000000e+00,0.000000e+00,0.000000e+00,0.000000e+00,0.000000e+00
1.000000e+00,0.000000e+00,0.000000e+00,0.000000e+00,0.000000e+00,0.000000e+00,0.000000e+00,0.000000e+00,0.000000e+00,0.000000e+00,0.000000e+00,0.000000e+00,0.000000e+00,0.000000e+00,0.000000e+00
1.000000e+00,0.000000e+00,0.000000e+00,0.000000e+00,0.000000e+00,0.000000e+00,0.000000e+00,0.000000e+00,0.000000e+00,0.000000e+00,0.000000e+00,0.000000e+00,0.000000e+00,0.000000e+00,0.000000e+00
1.000000e+00,0.000000e+00,0.000000e+00,0.000000e+00,0.000000e+00,0.000000e+00,0.000000e+00,0.000000e+00,0.000000e+00,0.000000e+00,0.000000e+00,0.000000e+00,0.000000e+00,0.000000e+00,0.000000e+00
1.000000e+00,0.000000e+00,0.000000e+00,0.000000e+00,0.000000e+00,0.000000e+00,0.000000e+00,0.000000e+00,0.000000e+00,0.000000e+00,0.000000e+00,0.000000e+00,0.000000e+00,0.000000e+00,0.000000e+00
1.000000e+00,0.000000e+00,0.000000e+00,0.000000e+00,0.000000e+00,0.000000e+00,0.000000e+00,0.000000e+00,0.000000e+00,0.000000e+00,0.000000e+00,0.000000e+00,0.000000e+00,0.000000e+00,0.000000e+00
1.000000e+00,0.000000e+00,0.000000e+00,0.000000e+00,0.000000e+00,0.000000e+00,0.000000e+00,0.000000e+00,0.000000e+00,0.000000e+00,0.000000e+00,0.000000e+00,0.000000e+00,0.000000e+00,0.000000e+00
1.000000e+00,0.000000e+00,0.000000e+00,0.000000e+00,0.000000e+00,0.000000e+00,0.000000e+00,0.000000e+00,0.000000e+00,0.000000e+00,0.000000e+00,0.000000e+00,0.000000e+00,0.000000e+00,0.000000e+00
1.000000e+00,0.000000e+00,0.000000e+00,0.000000e+00,0.000000e+00,0.000000e+00,0.000000e+00,0.000000e+00,0.000000e+00,0.000000e+00,0.000000e+00,0.000000e+00,0.000000e+00,0.000000e+00,0.000000e+00
1.000000e+00,0.000000e+00,0.000000e+00,0.000000e+00,0.000000e+00,0.000000e+00,0.000000e+00,0.000000e+00,0.000000e+00,0.000000e+00,0.000000e+00,0.000000e+00,0.000000e+00,0.000000e+00,0.000000e+00
1.000000e+00,0.000000e+00,0.000000e+00,0.000000e+00,0.000000e+00,0.000000e+00,0.000000e+00,0.000000e+00,0.000000e+00,0.000000e+00,0.000000e+00,0.000000e+00,0.000000e+00,0.000000e+00,0.000000e+00
1.000000e+00,0.000000e+00,0.000000e+00,0.000000e+00,0.000000e+00,0.000000e+00,0.000000e+00,0.000000e+00,0.000000e+00,0.000000e+00,0.000000e+00,0.000000e+00,0.000000e+00,0.000000e+00,0.000000e+00
1.000000e+00,0.000000e+00,0.000000e+00,0.000000e+00,0.000000e+00,0.000000e+00,0.000000e+00,0.000000e+00,0.000000e+00,0.000000e+00,0.000000e+00,0.000000e+00,0.000000e+00,0.000000e+00,0.000000e+00
1.000000e+00,0.000000e+00,0.000000e+00,0.000000e+00,0.000000e+00,0.000000e+00,0.000000e+00,0.000000e+00,0.000000e+00,0.000000e+00,0.000000e+00,0.000000e+00,0.000000e+00,0.000000e+00,0.000000e+00
1.000000e+00,0.000000e+00,0.000000e+00,0.000000e+00,0.000000e+00,0.000000e+00,0.000000e+00,0.000000e+00,0.000000e+00,0.000000e+00,0.000000e+00,0.000000e+00,0.000000e+00,0.000000e+00,0.000000e+00
1.000000e+00,0.000000e+00,0.000000e+00,0.000000e+00,0.000000e+00,0.000000e+00,0.000000e+00,0.000000e+00,0.000000e+00,0.000000e+00,0.000000e+00,0.000000e+00,0.000000e+00,0.000000e+00,0.000000e+00
1.000000e+00,0.000000e+00,0.000000e+00,0.000000e+00,0.000000e+00,0.000000e+00,0.000000e+00,0.000000e+00,0.000000e+00,0.000000e+00,0.000000e+00,0.000000e+00,0.000000e+00,0.000000e+00,0.000000e+00
1.000000e+00,0.000000e+00,0.000000e+00,0.000000e+00,0.000000e+00,0.000000e+00,0.000000e+00,0.000000e+00,0.000000e+00,0.000000e+00,0.000000e+00,0.000000e+00,0.000000e+00,0.000000e+00,0.000000e+00
1.000000e+00,0.000000e+00,0.000000e+00,0.000000e+00,0.000000e+00,0.000000e+00,0.000000e+00,0.000000e+00,0.000000e+00,0.000000e+00,0.000000e+00,0.000000e+00,0.000000e+00,0.000000e+00,0.000000e+00
4.361804e-01,4.398061e-02,3.427058e-02,1.470226e-01,3.470025e-03,9.027775e-03,1.769509e-03,5.289585e-03,9.873325e-03,1.011453e-02,1.099368e-02,3.150645e-02,1.614497e-02,4.133003e-03,2.362230e-01
3.306388e-01,3.645133e-02,1.732048e-01,1.192408e-01,3.161554e-03,7.397530e-03,1.405877e-03,4.718425e-03,8.996237e-03,1.534598e-02,1.042294e-02,2.290369e-02,1.424524e-02,4.893605e-03,2.469733e-01
2.404949e-01,3.040043e-02,1.929510e-01,2.187491e-01,2.933293e-03,5.981540e-03,1.063091e-03,3.892176e-03,1.473951e-02,1.469911e-02,1.151154e-02,1.699600e-02,1.140478e-02,4.772767e-03,2.294109e-01
1.969233e-01,2.650666e-02,2.480017e-01,2.166921e-01,3.247256e-03,5.894739e-03,9.344983e-04,3.992253e-03,2.107065e-02,1.403579e-02,1.802495e-02,1.341678e-02,1.105669e-02,1.519381e-02,2.050088e-01
2.538703e-01,2.667054e-02,2.005436e-01,1.677675e-01,5.500967e-03,6.124801e-03,8.758663e-04,5.402490e-03,3.805260e-02,1.836441e-02,2.388257e-02,1.264577e-02,1.562351e-02,3.797530e-02,1.866998e-01
1.924801e-01,2.232483e-02,1.479996e-01,1.185055e-01,4.321469e-03,5.002289e-03,6.555116e-04,3.929151e-03,5.267528e-02,3.885354e-02,1.833440e-02,9.281361e-03,1.202504e-02,1.405381e-01,2.330738e-01
1.454437e-01,2.551891e-02,1.073910e-01,8.592330e-02,3.403742e-03,3.997109e-03,5.265260e-04,2.864297e-03,1.541330e-01,7.292777e-02,1.376289e-02,6.854637e-03,9.695806e-03,1.166869e-01,2.508705e-01
1.462819e-01,2.418458e-02,9.001274e-02,6.701847e-02,1.190874e-02,9.005653e-03,6.898736e-04,2.121843e-03,1.341881e-01,6.585225e-02,1.548547e-02,5.198147e-03,1.008871e-02,1.820202e-01,2.359433e-01
1.045922e-01,1.856067e-02,6.598561e-02,4.740021e-02,8.950669e-03,7.013648e-03,5.288608e-04,1.500592e-03,1.246087e-01,6.767650e-02,1.102887e-02,3.711102e-03,1.032544e-02,1.862515e-01,3.418655e-01
7.851190e-02,1.526308e-02,4.660269e-02,3.378607e-02,6.811637e-03,5.925915e-03,4.767110e-04,1.189550e-03,9.709900e-02,5.893345e-02,8.672633e-03,3.417498e-03,1.388523e-02,1.672603e-01,4.621643e-01
6.672550e-02,1.439848e-02,1.126669e-01,4.419978e-02,6.813743e-03,6.062428e-03,6.440138e-04,1.565414e-03,1.042634e-01,5.304540e-02,1.334689e-02,3.900735e-03,2.005913e-02,1.300412e-01,4.222670e-01
5.222223e-02,1.340314e-02,1.177951e-01,3.884974e-02,5.145106e-03,5.155257e-03,5.253832e-04,1.237901e-03,1.018090e-01,6.216934e-02,1.005042e-02,2.992042e-03,1.650661e-02,1.031818e-01,4.689569e-01
5.817988e-02,1.790424e-02,1.309491e-01,3.013964e-02,3.819518e-03,4.759851e-03,4.439100e-04,1.038397e-03,8.412399e-02,5.291685e-02,8.347009e-03,2.680145e-03,1.453969e-02,9.341718e-02,4.967406e-01
6.869510e-02,1.910832e-02,1.199698e-01,2.224763e-02,3.023855e-03,5.567687e-03,5.014334e-04,9.432733e-04,6.849293e-02,5.444945e-02,6.940129e-03,2.190551e-03,1.211263e-02,1.441399e-01,4.716173e-01
8.439633e-02,2.279651e-02,1.083817e-01,1.707344e-02,2.767141e-03,5.427648e-03,5.588675e-04,1.198611e-03,5.592342e-02,8.377658e-02,8.408902e-03,2.164191e-03,1.249139e-02,2.148983e-01,3.797370e-01
8.523787e-02,1.943266e-02,9.436205e-02,1.386465e-02,2.713691e-03,4.811566e-03,5.025707e-04,9.468858e-04,5.012047e-02,7.129709e-02,7.283570e-03,2.070378e-03,1.009362e-02,2.637894e-01,3.734735e-01
7.463766e-02,1.620648e-02,7.135093e-02,1.037418e-02,2.489272e-03,3.967161e-03,4.099757e-04,7.555977e-04,4.211853e-02,7.007056e-02,6.344828e-03,1.739026e-03,7.450676e-03,3.896233e-01,3.024619e-01
5.575705e-02,1.185136e-02,5.047599e-02,7.328403e-03,1.943264e-03,2.931317e-03,3.074064e-04,5.432093e-04,3.262388e-02,6.317233e-02,4.891689e-03,1.294837e-03,5.312348e-03,4.864572e-01,2.751097e-01
4.247361e-02,8.912676e-03,3.600627e-02,5.218483e-03,1.510227e-03,2.317671e-03,2.390472e-04,4.077622e-04,2.673789e-02,5.719728e-02,3.938756e-03,9.784846e-04,3.833334e-03,5.355040e-01,2.747245e-01
3.738583e-02,7.725947e-03,5.044131e-02,5.388680e-03,2.263069e-03,2.101106e-03,2.315240e-04,3.631934e-04,2.938952e-02,6.057369e-02,4.072843e-03,8.671876e-04,2.861162e-03,5.484406e-01,2.478943e-01
2.820973e-02,6.212107e-03,4.318397e-02,4.649997e-03,1.899585e-03,1.886074e-03,2.018693e-04,2.998928e-04,2.706773e-02,7.027148e-02,3.359481e-03,6.626495e-04,2.085343e-03,5.981563e-01,2.118537e-01
2.719344e-02,8.672988e-03,4.860136e-02,8.567290e-03,3.825884e-03,2.071497e-03,2.241870e-04,4.721156e-04,3.929413e-02,7.261248e-02,3.403587e-03,6.872252e-04,1.715428e-03,5.296025e-01,2.530558e-01
5.310023e-02,8.666397e-03,5.826004e-02,1.288541e-02,4.181154e-03,3.199004e-03,2.070208e-04,2.063272e-03,9.866305e-02,5.958467e-02,3.283654e-03,7.530839e-04,1.500570e-03,4.833229e-01,2.103295e-01
1.182846e-01,9.138430e-03,4.929274e-02,1.451537e-02,5.076143e-03,5.586324e-03,2.360260e-04,4.547553e-03,1.325984e-01,4.851419e-02,3.500673e-03,1.677874e-03,2.435806e-03,4.067931e-01,1.978027e-01
1.049117e-01,2.428534e-02,4.915998e-02,3.859998e-02,4.916640e-03,5.024830e-03,2.609615e-04,3.502238e-03,1.156704e-01,4.489333e-02,3.156210e-03,1.609442e-03,2.114495e-03,2.952146e-01,3.066799e-01
2.517685e-01,2.648970e-02,5.471734e-02,4.751926e-02,7.562957e-03,6.036879e-03,1.436047e-03,4.785887e-03,1.032761e-01,3.289925e-02,5.712867e-03,3.698845e-03,2.710199e-03,2.143949e-01,2.369913e-01
3.264854e-01,2.858843e-02,6.182501e-02,4.285830e-02,8.279238e-03,7.278584e-03,1.799141e-03,6.577123e-03,1.031476e-01,2.673491e-02,5.941199e-03,3.980822e-03,3.108619e-03,1.624528e-01,2.109428e-01
2.364214e-01,2.234532e-02,4.784589e-02,3.458291e-02,5.989820e-03,5.988660e-03,1.271936e-03,4.780966e-03,8.202219e-02,5.260092e-02,8.883808e-03,7.940645e-03,3.152337e-02,1.142055e-01,3.435967e-01
1.776949e-01,1.736968e-02,3.640184e-02,2.524933e-02,4.502927e-03,4.716896e-03,9.023871e-04,3.537348e-03,6.032868e-02,2.597426e-01,1.188336e-02,6.971707e-03,5.442322e-02,8.062688e-02,2.556482e-01
1.780207e-01,1.633827e-02,2.735656e-02,2.716361e-02,4.693847e-03,6.376559e-03,7.667757e-04,3.339983e-03,5.885093e-02,2.901784e-01,1.858358e-02,6.488639e-03,1.027090e-01,5.752882e-02,2.016043e-01
2.727608e-01,1.890353e-02,2.257476e-02,4.024218e-02,7.061845e-03,1.158596e-02,1.251422e-03,3.526343e-03,5.477281e-02,2.565158e-01,1.751714e-02,8.806100e-03,8.229276e-02,4.187937e-02,1.603092e-01
3.089155e-01,2.604918e-02,1.904683e-02,4.356445e-02,8.074279e-03,1.409334e-02,1.242521e-03,3.543519e-03,5.600054e-02,2.346621e-01,1.941086e-02,1.399983e-02,7.703388e-02,3.220790e-02,1.421552e-01
3.343564e-01,3.508049e-02,1.737072e-02,3.831923e-02,8.572127e-03,1.547484e-02,1.431750e-03,3.749100e-03,5.095642e-02,1.973481e-01,2.255093e-02,1.702127e-02,6.715839e-02,2.877194e-02,1.618382e-01
3.490150e-01,6.090888e-02,1.605991e-02,5.171165e-02,8.410126e-03,1.740000e-02,2.162900e-03,4.133302e-03,5.437216e-02,1.507578e-01,2.079674e-02,1.721811e-02,6.336525e-02,2.351207e-02,1.601761e-01
4.158112e-01,5.587889e-02,1.311463e-02,4.346313e-02,7.351791e-03,1.710589e-02,1.989072e-03,5.204900e-03,5.045751e-02,1.135178e-01,1.701713e-02,1.504339e-02,5.183808e-02,2.466112e-02,1.675455e-01
4.984505e-01,4.380776e-02,1.023594e-02,3.699349e-02,7.383265e-03,1.917228e-02,2.317507e-03,5.395447e-03,4.214810e-02,8.135237e-02,1.621009e-02,1.807621e-02,5.597647e-02,2.227301e-02,1.402075e-01
1.000000e+00,0.000000e+00,0.000000e+00,0.000000e+00,0.000000e+00,0.000000e+00,0.000000e+00,0.000000e+00,0.000000e+00,0.000000e+00,0.000000e+00,0.000000e+00,0.000000e+00,0.000000e+00,0.000000e+00
4.741390e-01,4.699469e-02,9.233575e-03,5.639441e-02,6.807725e-03,2.192832e-02,2.801055e-03,5.672120e-03,7.922451e-02,4.192607e-02,1.397742e-02,3.704384e-02,6.617396e-02,2.445595e-02,1.132273e-01
1.000000e+00,0.000000e+00,0.000000e+00,0.000000e+00,0.000000e+00,0.000000e+00,0.000000e+00,0.000000e+00,0.000000e+00,0.000000e+00,0.000000e+00,0.000000e+00,0.000000e+00,0.000000e+00,0.000000e+00
1.000000e+00,0.000000e+00,0.000000e+00,0.000000e+00,0.000000e+00,0.000000e+00,0.000000e+00,0.000000e+00,0.000000e+00,0.000000e+00,0.000000e+00,0.000000e+00,0.000000e+00,0.000000e+00,0.000000e+00
4.562739e-01,2.522202e-02,6.864122e-03,2.890176e-02,6.957631e-03,1.905688e-02,2.933624e-03,5.598815e-03,5.180864e-02,1.678142e-02,1.537368e-02,4.804043e-02,2.452955e-01,1.290786e-02,5.798355e-02
3.497120e-01,2.117862e-02,7.329258e-03,2.086860e-02,8.021368e-03,2.004950e-02,2.648062e-03,5.483250e-03,4.595454e-02,1.201477e-02,1.183734e-02,4.127016e-02,4.012066e-01,9.363220e-03,4.306272e-02
2.642334e-01,1.782924e-02,7.619055e-03,1.541629e-02,6.813979e-03,2.279585e-02,2.285420e-03,5.014229e-03,3.701889e-02,9.050680e-03,8.685282e-03,3.278231e-02,5.296570e-01,7.169317e-03,3.362901e-02
2.195180e-01,1.616367e-02,3.413685e-02,2.047366e-02,9.508021e-03,4.720160e-02,2.233143e-03,6.467871e-03,3.602318e-02,1.051672e-02,6.766777e-03,2.521276e-02,5.296085e-01,5.432862e-03,3.073634e-02
1.750309e-01,2.460600e-02,3.314380e-02,1.597337e-02,8.874662e-03,4.681193e-02,1.900110e-03,5.887214e-03,4.032133e-02,8.533899e-03,5.990254e-03,1.999738e-02,5.775141e-01,4.525855e-03,3.088925e-02
1.322371e-01,2.392068e-02,3.482676e-02,1.157661e-02,8.537875e-03,4.324604e-02,1.992351e-03,6.274575e-03,3.814988e-02,6.260106e-03,4.832610e-03,1.583368e-02,6.449392e-01,3.669272e-03,2.370321e-02
1.057871e-01,3.868329e-02,3.796056e-02,9.035197e-03,8.308277e-03,4.874570e-02,1.661297e-03,6.690439e-03,4.256603e-02,4.999436e-03,4.105945e-03,1.276997e-02,6.543992e-01,3.255834e-03,2.103175e-02
9.000865e-02,1.141626e-01,3.765911e-02,9.644531e-03,1.262929e-02,4.360128e-02,1.615866e-03,9.726392e-03,7.071806e-02,4.035261e-03,3.779483e-03,1.181841e-02,5.694050e-01,2.505990e-03,1.869006e-02
8.290988e-02,1.536891e-01,7.859178e-02,3.504514e-02,1.571625e-02,5.073246e-02,1.806393e-03,9.762149e-03,1.018187e-01,8.300295e-03,3.431576e-03,9.857627e-03,4.239625e-01,1.967434e-03,2.240865e-02
7.786448e-02,1.400403e-01,6.348968e-02,3.115213e-02,1.495357e-02,4.892143e-02,2.614839e-03,1.024211e-02,9.920717e-02,1.185870e-02,4.427801e-03,1.199489e-02,4.510923e-01,1.928678e-03,3.021186e-02
7.978776e-02,1.247065e-01,4.765358e-02,2.326784e-02,1.349593e-02,4.683207e-02,2.356887e-03,1.052924e-02,8.888870e-02,8.668442e-03,4.578479e-03,2.735214e-02,4.936277e-01,2.003364e-03,2.625141e-02
9.994233e-02,1.644785e-01,5.600182e-02,3.043869e-02,1.317848e-02,4.673034e-02,2.335704e-03,1.312969e-02,9.787250e-02,1.024828e-02,4.451986e-03,2.415372e-02,4.063803e-01,2.646067e-03,2.801157e-02
1.395372e-01,1.423156e-01,4.532186e-02,2.232120e-02,1.352819e-02,5.305590e-02,2.764428e-03,2.879152e-02,1.103680e-01,7.558424e-03,5.559723e-03,2.558209e-02,3.742771e-01,3.642117e-03,2.537674e-02
1.564628e-01,1.273165e-01,3.397414e-02,1.663625e-02,1.731412e-02,6.552339e-02,2.839116e-03,2.450602e-02,9.670428e-02,5.500302e-03,6.620681e-03,5.475221e-02,3.671684e-01,4.039123e-03,2.064271e-02
1.896518e-01,1.226014e-01,2.498954e-02,1.378690e-02,2.306383e-02,7.811994e-02,4.065031e-03,2.791834e-02,1.138994e-01,4.260640e-03,6.651173e-03,4.849027e-02,3.202864e-01,4.226618e-03,1.798871e-02
1.953647e-01,1.281823e-01,1.904430e-02,1.034737e-02,2.821134e-02,1.038717e-01,7.643168e-03,3.063360e-02,1.201818e-01,3.519501e-03,6.594358e-03,6.206829e-02,2.662722e-01,3.793659e-03,1.427161e-02
2.382852e-01,1.296396e-01,1.400383e-02,9.053808e-03,2.648388e-02,1.106658e-01,7.902419e-03,2.667876e-02,1.156989e-01,3.093855e-03,5.776291e-03,7.096162e-02,2.232454e-01,3.545614e-03,1.496499e-02
2.370947e-01,1.219939e-01,1.926970e-02,1.240242e-02,4.865363e-02,1.016204e-01,1.378301e-02,2.903267e-02,1.394695e-01,2.497646e-03,5.152795e-03,7.275166e-02,1.813880e-01,2.855049e-03,1.203487e-02
2.800454e-01,1.292390e-01,1.668710e-02,1.197630e-02,4.794538e-02,9.099559e-02,1.246157e-02,2.277103e-02,1.489168e-01,2.031998e-03,4.396119e-03,5.694174e-02,1.608679e-01,2.863732e-03,1.186026e-02
3.337671e-01,1.022298e-01,1.801850e-02,1.560739e-02,4.449578e-02,7.841726e-02,1.150537e-02,1.887698e-02,1.371091e-01,1.772014e-03,4.400771e-03,4.768892e-02,1.721066e-01,3.177336e-03,1.082696e-02
3.605980e-01,8.211384e-02,1.312274e-02,1.287122e-02,3.570722e-02,7.226212e-02,9.130300e-03,1.454085e-02,1.151787e-01,1.550819e-03,3.958941e-03,4.233402e-02,2.235259e-01,3.105971e-03,9.999258e-03
3.797087e-01,6.733297e-02,1.139247e-02,1.821841e-02,3.129170e-02,7.334507e-02,8.205391e-03,1.384789e-02,9.732108e-02,1.990633e-03,5.142143e-03,4.556715e-02,2.317181e-01,3.368774e-03,1.154948e-02
3.490644e-01,6.688337e-02,1.472435e-02,3.654225e-02,2.699922e-02,8.084127e-02,7.009818e-03,1.368928e-02,8.438420e-02,7.458123e-03,6.575146e-03,4.186170e-02,2.214421e-01,3.771788e-03,3.875297e-02
3.148445e-01,7.042795e-02,2.610548e-02,1.448233e-01,2.392046e-02,6.323193e-02,6.297824e-03,1.215154e-02,6.906401e-02,1.010331e-02,7.164165e-03,3.469753e-02,1.657362e-01,2.959195e-03,4.847268e-02
2.455931e-01,5.695454e-02,1.758291e-01,1.900702e-01,1.828608e-02,4.518593e-02,4.855368e-03,9.318472e-03,5.099537e-02,9.338391e-03,5.966963e-03,2.559487e-02,1.177229e-01,2.168973e-03,4.211976e-02
1.901657e-01,4.249921e-02,3.495048e-01,1.780138e-01,1.342537e-02,3.203622e-02,3.498462e-03,6.924951e-03,3.639701e-02,7.552042e-03,4.888162e-03,1.862029e-02,8.280282e-02,1.620539e-03,3.205080e-02
1.888036e-01,3.320127e-02,4.532183e-01,1.437551e-01,1.015241e-02,2.319806e-02,2.651321e-03,5.829420e-03,2.676504e-02,6.844239e-03,4.763287e-03,1.394518e-02,5.867124e-02,1.520016e-03,2.668160e-02
3.715871e-01,2.692987e-02,3.475846e-01,1.080560e-01,8.723119e-03,1.815695e-02,2.077524e-03,6.464431e-03,2.026469e-02,6.140567e-03,4.958209e-03,1.203804e-02,4.258225e-02,2.152613e-03,2.228404e-02
1.000000e+00,0.000000e+00,0.000000e+00,0.000000e+00,0.000000e+00,0.000000e+00,0.000000e+00,0.000000e+00,0.000000e+00,0.000000e+00,0.000000e+00,0.000000e+00,0.000000e+00,0.000000e+00,0.000000e+00
1.000000e+00,0.000000e+00,0.000000e+00,0.000000e+00,0.000000e+00,0.000000e+00,0.000000e+00,0.000000e+00,0.000000e+00,0.000000e+00,0.000000e+00,0.000000e+00,0.000000e+00,0.000000e+00,0.000000e+00
1.000000e+00,0.000000e+00,0.000000e+00,0.000000e+00,0.000000e+00,0.000000e+00,0.000000e+00,0.000000e+00,0.000000e+00,0.000000e+00,0.000000e+00,0.000000e+00,0.000000e+00,0.000000e+00,0.000000e+00
1.000000e+00,0.000000e+00,0.000000e+00,0.000000e+00,0.000000e+00,0.000000e+00,0.000000e+00,0.000000e+00,0.000000e+00,0.000000e+00,0.000000e+00,0.000000e+00,0.000000e+00,0.000000e+00,0.000000e+00
4.123429e-01,4.277662e-02,1.223153e-01,2.173896e-01,4.985198e-03,9.577196e-03,1.522329e-03,6.691296e-03,3.756626e-02,8.955127e-03,5.928651e-03,9.634960e-03,1.731919e-02,2.744335e-03,1.002511e-01
4.816552e-01,3.616953e-02,9.110568e-02,1.711751e-01,4.517383e-03,9.279978e-03,1.467722e-03,6.616003e-03,4.184535e-02,8.424022e-03,6.279700e-03,9.154395e-03,1.805105e-02,3.033955e-03,1.112250e-01
3.885666e-01,5.792610e-02,8.271087e-02,2.020915e-01,3.729413e-03,9.304574e-03,1.563112e-03,7.117150e-03,6.556822e-02,7.646121e-03,6.432420e-03,9.428006e-03,1.497864e-02,3.185486e-03,1.397518e-01
4.719790e-01,4.565115e-02,6.292033e-02,1.482405e-01,3.062860e-03,9.779857e-03,1.881065e-03,7.034779e-03,7.498947e-02,6.381794e-03,5.744319e-03,7.700115e-03,1.420952e-02,5.248137e-03,1.351772e-01
1.000000e+00,0.000000e+00,0.000000e+00,0.000000e+00,0.000000e+00,0.000000e+00,0.000000e+00,0.000000e+00,0.000000e+00,0.000000e+00,0.000000e+00,0.000000e+00,0.000000e+00,0.000000e+00,0.000000e+00
1.000000e+00,0.000000e+00,0.000000e+00,0.000000e+00,0.000000e+00,0.000000e+00,0.000000e+00,0.000000e+00,0.000000e+00,0.000000e+00,0.000000e+00,0.000000e+00,0.000000e+00,0.000000e+00,0.000000e+00
1.000000e+00,0.000000e+00,0.000000e+00,0.000000e+00,0.000000e+00,0.000000e+00,0.000000e+00,0.000000e+00,0.000000e+00,0.000000e+00,0.000000e+00,0.000000e+00,0.000000e+00,0.000000e+00,0.000000e+00
1.000000e+00,0.000000e+00,0.000000e+00,0.000000e+00,0.000000e+00,0.000000e+00,0.000000e+00,0.000000e+00,0.000000e+00,0.000000e+00,0.000000e+00,0.000000e+00,0.000000e+00,0.000000e+00,0.000000e+00
1.000000e+00,0.000000e+00,0.000000e+00,0.000000e+00,0.000000e+00,0.000000e+00,0.000000e+00,0.000000e+00,0.000000e+00,0.000000e+00,0.000000e+00,0.000000e+00,0.000000e+00,0.000000e+00,0.000000e+00
1.000000e+00,0.000000e+00,0.000000e+00,0.000000e+00,0.000000e+00,0.000000e+00,0.000000e+00,0.000000e+00,0.000000e+00,0.000000e+00,0.000000e+00,0.000000e+00,0.000000e+00,0.000000e+00,0.000000e+00
1.000000e+00,0.000000e+00,0.000000e+00,0.000000e+00,0.000000e+00,0.000000e+00,0.000000e+00,0.000000e+00,0.000000e+00,0.000000e+00,0.000000e+00,0.000000e+00,0.000000e+00,0.000000e+00,0.000000e+00
1.000000e+00,0.000000e+00,0.000000e+00,0.000000e+00,0.000000e+00,0.000000e+00,0.000000e+00,0.000000e+00,0.000000e+00,0.000000e+00,0.000000e+00,0.000000e+00,0.000000e+00,0.000000e+00,0.000000e+00
1.000000e+00,0.000000e+00,0.000000e+00,0.000000e+00,0.000000e+00,0.000000e+00,0.000000e+00,0.000000e+00,0.000000e+00,0.000000e+00,0.000000e+00,0.000000e+00,0.000000e+00,0.000000e+00,0.000000e+00
1.000000e+00,0.000000e+00,0.000000e+00,0.000000e+00,0.000000e+00,0.000000e+00,0.000000e+00,0.000000e+00,0.000000e+00,0.000000e+00,0.000000e+00,0.000000e+00,0.000000e+00,0.000000e+00,0.000000e+00
1.000000e+00,0.000000e+00,0.000000e+00,0.000000e+00,0.000000e+00,0.000000e+00,0.000000e+00,0.000000e+00,0.000000e+00,0.000000e+00,0.000000e+00,0.000000e+00,0.000000e+00,0.000000e+00,0.000000e+00
1.000000e+00,0.000000e+00,0.000000e+00,0.000000e+00,0.000000e+00,0.000000e+00,0.000000e+00,0.000000e+00,0.000000e+00,0.000000e+00,0.000000e+00,0.000000e+00,0.000000e+00,0.000000e+00,0.000000e+00
1.000000e+00,0.000000e+00,0.000000e+00,0.000000e+00,0.000000e+00,0.000000e+00,0.000000e+00,0.000000e+00,0.000000e+00,0.000000e+00,0.000000e+00,0.000000e+00,0.000000e+00,0.000000e+00,0.000000e+00
1.000000e+00,0.000000e+00,0.000000e+00,0.000000e+00,0.000000e+00,0.000000e+00,0.000000e+00,0.000000e+00,0.000000e+00,0.000000e+00,0.000000e+00,0.000000e+00,0.000000e+00,0.000000e+00,0.000000e+00
1.000000e+00,0.000000e+00,0.000000e+00,0.000000e+00,0.000000e+00,0.000000e+00,0.000000e+00,0.000000e+00,0.000000e+00,0.000000e+00,0.000000e+00,0.000000e+00,0.000000e+00,0.000000e+00,0.000000e+00
1.000000e+00,0.000000e+00,0.000000e+00,0.000000e+00,0.000000e+00,0.000000e+00,0.000000e+00,0.000000e+00,0.000000e+00,0.000000e+00,0.000000e+00,0.000000e+00,0.000000e+00,0.000000e+00,0.000000e+00
1.000000e+00,0.000000e+00,0.000000e+00,0.000000e+00,0.000000e+00,0.000000e+00,0.000000e+00,0.000000e+00,0.000000e+00,0.000000e+00,0.000000e+00,0.000000e+00,0.000000e+00,0.000000e+00,0.000000e+00
1.000000e+00,0.000000e+00,0.000000e+00,0.000000e+00,0.000000e+00,0.000000e+00,0.000000e+00,0.000000e+00,0.000000e+00,0.000000e+00,0.000000e+00,0.000000e+00,0.000000e+00,0.000000e+00,0.000000e+00
4.371380e-01,1.700531e-02,2.776711e-02,3.265499e-01,9.260449e-03,1.778589e-02,3.010794e-03,1.556935e-02,4.215540e-02,3.124187e-03,1.882303e-02,4.896635e-02,1.590469e-02,1.871655e-03,1.506789e-02
3.392128e-01,1.787663e-02,1.129958e-01,3.585933e-01,1.080485e-02,1.435209e-02,2.305288e-03,1.369649e-02,3.688716e-02,5.309499e-03,2.058034e-02,3.652392e-02,1.257367e-02,2.382302e-03,1.590574e-02
2.573733e-01,1.940200e-02,1.566294e-01,3.866467e-01,8.795651e-03,1.139510e-02,1.815847e-03,1.106993e-02,3.259164e-02,2.595304e-02,2.144246e-02,2.685671e-02,1.064002e-02,2.180239e-03,2.720792e-02
2.879113e-01,2.022085e-02,1.827678e-01,3.332661e-01,8.240907e-03,1.412245e-02,1.863921e-03,1.394433e-02,3.037303e-02,2.153213e-02,2.140689e-02,2.403625e-02,1.108666e-02,2.924576e-03,2.630268e-02
3.522292e-01,2.336996e-02,1.588137e-01,2.656677e-01,8.132268e-03,1.349971e-02,2.294442e-03,1.592091e-02,3.807566e-02,2.469316e-02,2.060492e-02,2.011980e-02,1.111955e-02,3.899243e-03,4.155978e-02
3.889221e-01,2.351976e-02,1.257399e-01,2.491646e-01,8.381850e-03,1.194803e-02,2.059038e-03,1.697605e-02,5.927699e-02,2.472284e-02,1.842241e-02,1.674896e-02,1.093623e-02,4.128866e-03,3.905239e-02
1.000000e+00,0.000000e+00,0.000000e+00,0.000000e+00,0.000000e+00,0.000000e+00,0.000000e+00,0.000000e+00,0.000000e+00,0.000000e+00,0.000000e+00,0.000000e+00,0.000000e+00,0.000000e+00,0.000000e+00
1.000000e+00,0.000000e+00,0.000000e+00,0.000000e+00,0.000000e+00,0.000000e+00,0.000000e+00,0.000000e+00,0.000000e+00,0.000000e+00,0.000000e+00,0.000000e+00,0.000000e+00,0.000000e+00,0.000000e+00
1.000000e+00,0.000000e+00,0.000000e+00,0.000000e+00,0.000000e+00,0.000000e+00,0.000000e+00,0.000000e+00,0.000000e+00,0.000000e+00,0.000000e+00,0.000000e+00,0.000000e+00,0.000000e+00,0.000000e+00
1.000000e+00,0.000000e+00,0.000000e+00,0.000000e+00,0.000000e+00,0.000000e+00,0.000000e+00,0.000000e+00,0.000000e+00,0.000000e+00,0.000000e+00,0.000000e+00,0.000000e+00,0.000000e+00,0.000000e+00
4.053918e-01,1.253351e-01,3.602711e-02,1.569013e-01,8.055793e-02,3.342111e-02,4.806933e-03,1.737233e-02,7.307957e-02,7.798599e-03,1.468793e-02,9.774963e-03,9.366889e-03,5.309061e-03,2.016923e-02
3.643215e-01,1.203734e-01,8.517357e-02,1.800389e-01,7.178567e-02,2.596950e-02,3.993135e-03,1.715407e-02,6.997883e-02,6.921210e-03,1.254032e-02,8.901540e-03,9.361004e-03,4.321992e-03,1.916524e-02
2.937696e-01,9.475162e-02,1.896408e-01,2.031657e-01,6.476755e-02,1.916460e-02,3.515182e-03,1.683338e-02,6.431405e-02,6.487048e-03,1.123411e-02,7.127976e-03,7.275898e-03,3.229246e-03,1.472323e-02
2.507605e-01,7.177144e-02,2.841864e-01,2.129358e-01,5.035875e-02,1.468219e-02,2.675428e-03,1.353337e-02,4.970266e-02,8.341330e-03,1.254049e-02,6.840584e-03,6.902361e-03,2.479078e-03,1.228957e-02
2.839696e-01,5.381642e-02,3.004839e-01,1.932495e-01,4.183994e-02,1.152987e-02,2.244266e-03,1.431641e-02,4.313811e-02,8.471972e-03,1.751743e-02,7.749395e-03,7.889917e-03,2.309853e-03,1.147341e-02
4.256833e-01,4.115180e-02,2.366458e-01,1.467827e-01,3.456815e-02,9.722030e-03,1.937327e-03,2.127011e-02,3.271647e-02,7.858053e-03,1.566328e-02,8.068237e-03,6.883637e-03,2.092744e-03,8.956297e-03
1.000000e+00,0.000000e+00,0.000000e+00,0.000000e+00,0.000000e+00,0.000000e+00,0.000000e+00,0.000000e+00,0.000000e+00,0.000000e+00,0.000000e+00,0.000000e+00,0.000000e+00,0.000000e+00,0.000000e+00
1.000000e+00,0.000000e+00,0.000000e+00,0.000000e+00,0.000000e+00,0.000000e+00,0.000000e+00,0.000000e+00,0.000000e+00,0.000000e+00,0.000000e+00,0.000000e+00,0.000000e+00,0.000000e+00,0.000000e+00
4.999499e-01,5.106560e-02,1.179415e-01,1.816783e-01,3.507244e-02,2.220883e-02,2.309957e-03,1.581395e-02,1.957615e-02,5.988897e-03,1.140384e-02,9.871580e-03,9.749608e-03,3.955328e-03,1.341401e-02
4.813787e-01,6.526686e-02,9.923436e-02,1.703185e-01,3.779185e-02,2.096447e-02,2.157153e-03,1.319271e-02,2.886495e-02,1.263512e-02,1.183479e-02,9.284099e-03,9.300136e-03,1.211987e-02,2.565632e-02
4.458033e-01,7.480086e-02,8.608911e-02,1.408715e-01,3.245381e-02,2.067635e-02,2.230753e-03,1.195072e-02,3.698423e-02,3.442407e-02,1.583541e-02,1.223948e-02,1.592033e-02,1.286287e-02,5.685727e-02
3.275247e-01,8.597465e-02,1.333120e-01,2.146865e-01,2.392136e-02,1.540129e-02,1.748890e-03,8.889684e-03,3.518777e-02,3.599338e-02,1.322642e-02,1.064095e-02,1.385676e-02,9.476909e-03,7.015885e-02
2.995111e-01,7.719220e-02,1.068516e-01,1.711047e-01,1.935915e-02,1.392994e-02,1.574279e-03,7.272847e-03,3.962595e-02,3.479979e-02,1.339400e-02,1.165378e-02,1.559565e-02,1.002173e-02,1.781134e-01
2.379196e-01,1.019222e-01,1.494698e-01,2.267601e-01,1.440415e-02,1.125971e-02,1.337371e-03,5.898872e-03,3.205160e-02,2.581495e-02,1.191604e-02,9.739951e-03,1.321508e-02,7.719990e-03,1.505707e-01
3.848361e-01,7.996727e-02,1.142670e-01,1.788710e-01,1.143708e-02,1.212135e-02,1.678010e-03,7.166058e-03,2.500411e-02,1.872520e-02,1.103413e-02,1.130340e-02,1.636374e-02,7.248982e-03,1.199766e-01
1.000000e+00,0.000000e+00,0.000000e+00,0.000000e+00,0.000000e+00,0.000000e+00,0.000000e+00,0.000000e+00,0.000000e+00,0.000000e+00,0.000000e+00,0.000000e+00,0.000000e+00,0.000000e+00,0.000000e+00
1.000000e+00,0.000000e+00,0.000000e+00,0.000000e+00,0.000000e+00,0.000000e+00,0.000000e+00,0.000000e+00,0.000000e+00,0.000000e+00,0.000000e+00,0.000000e+00,0.000000e+00,0.000000e+00,0.000000e+00
1.000000e+00,0.000000e+00,0.000000e+00,0.000000e+00,0.000000e+00,0.000000e+00,0.000000e+00,0.000000e+00,0.000000e+00,0.000000e+00,0.000000e+00,0.000000e+00,0.000000e+00,0.000000e+00,0.000000e+00
1.000000e+00,0.000000e+00,0.000000e+00,0.000000e+00,0.000000e+00,0.000000e+00,0.000000e+00,0.000000e+00,0.000000e+00,0.000000e+00,0.000000e+00,0.000000e+00,0.000000e+00,0.000000e+00,0.000000e+00
1.000000e+00,0.000000e+00,0.000000e+00,0.000000e+00,0.000000e+00,0.000000e+00,0.000000e+00,0.000000e+00,0.000000e+00,0.000000e+00,0.000000e+00,0.000000e+00,0.000000e+00,0.000000e+00,0.000000e+00
1.000000e+00,0.000000e+00,0.000000e+00,0.000000e+00,0.000000e+00,0.000000e+00,0.000000e+00,0.000000e+00,0.000000e+00,0.000000e+00,0.000000e+00,0.000000e+00,0.000000e+00,0.000000e+00,0.000000e+00
1.000000e+00,0.000000e+00,0.000000e+00,0.000000e+00,0.000000e+00,0.000000e+00,0.000000e+00,0.000000e+00,0.000000e+00,0.000000e+00,0.000000e+00,0.000000e+00,0.000000e+00,0.000000e+00,0.000000e+00
1.000000e+00,0.000000e+00,0.000000e+00,0.000000e+00,0.000000e+00,0.000000e+00,0.000000e+00,0.000000e+00,0.000000e+00,0.000000e+00,0.000000e+00,0.000000e+00,0.000000e+00,0.000000e+00,0.000000e+00
1.000000e+00,0.000000e+00,0.000000e+00,0.000000e+00,0.000000e+00,0.000000e+00,0.000000e+00,0.000000e+00,0.000000e+00,0.000000e+00,0.000000e+00,0.000000e+00,0.000000e+00,0.000000e+00,0.000000e+00
1.000000e+00,0.000000e+00,0.000000e+00,0.000000e+00,0.000000e+00,0.000000e+00,0.000000e+00,0.000000e+00,0.000000e+00,0.000000e+00,0.000000e+00,0.000000e+00,0.000000e+00,0.000000e+00,0.000000e+00
1.000000e+00,0.000000e+00,0.000000e+00,0.000000e+00,0.000000e+00,0.000000e+00,0.000000e+00,0.000000e+00,0.000000e+00,0.000000e+00,0.000000e+00,0.000000e+00,0.000000e+00,0.000000e+00,0.000000e+00
1.000000e+00,0.000000e+00,0.000000e+00,0.000000e+00,0.000000e+00,0.000000e+00,0.000000e+00,0.000000e+00,0.000000e+00,0.000000e+00,0.000000e+00,0.000000e+00,0.000000e+00,0.000000e+00,0.000000e+00
1.000000e+00,0.000000e+00,0.000000e+00,0.000000e+00,0.000000e+00,0.000000e+00,0.000000e+00,0.000000e+00,0.000000e+00,0.000000e+00,0.000000e+00,0.000000e+00,0.000000e+00,0.000000e+00,0.000000e+00
1.000000e+00,0.000000e+00,0.000000e+00,0.000000e+00,0.000000e+00,0.000000e+00,0.000000e+00,0.000000e+00,0.000000e+00,0.000000e+00,0.000000e+00,0.000000e+00,0.000000e+00,0.000000e+00,0.000000e+00
1.000000e+00,0.000000e+00,0.000000e+00,0.000000e+00,0.000000e+00,0.000000e+00,0.000000e+00,0.000000e+00,0.000000e+00,0.000000e+00,0.000000e+00,0.000000e+00,0.000000e+00,0.000000e+00,0.000000e+00
1.000000e+00,0.000000e+00,0.000000e+00,0.000000e+00,0.000000e+00,0.000000e+00,0.000000e+00,0.000000e+00,0.000000e+00,0.000000e+00,0.000000e+00,0.000000e+00,0.000000e+00,0.000000e+00,0.000000e+00
1.000000e+00,0.000000e+00,0.000000e+00,0.000000e+00,0.000000e+00,0.000000e+00,0.000000e+00,0.000000e+00,0.000000e+00,0.000000e+00,0.000000e+00,0.000000e+00,0.000000e+00,0.000000e+00,0.000000e+00
1.000000e+00,0.000000e+00,0.000000e+00,0.000000e+00,0.000000e+00,0.000000e+00,0.000000e+00,0.000000e+00,0.000000e+00,0.000000e+00,0.000000e+00,0.000000e+00,0.000000e+00,0.000000e+00,0.000000e+00
1.000000e+00,0.000000e+00,0.000000e+00,0.000000e+00,0.000000e+00,0.000000e+00,0.000000e+00,0.000000e+00,0.000000e+00,0.000000e+00,0.000000e+00,0.000000e+00,0.000000e+00,0.000000e+00,0.000000e+00
1.000000e+00,0.000000e+00,0.000000e+00,0.000000e+00,0.000000e+00,0.000000e+00,0.000000e+00,0.000000e+00,0.000000e+00,0.000000e+00,0.000000e+00,0.000000e+00,0.000000e+00,0.000000e+00,0.000000e+00
1.000000e+00,0.000000e+00,0.000000e+00,0.000000e+00,0.000000e+00,0.000000e+00,0.000000e+00,0.000000e+00,0.000000e+00,0.000000e+00,0.000000e+00,0.000000e+00,0.000000e+00,0.000000e+00,0.000000e+00
1.000000e+00,0.000000e+00,0.000000e+00,0.000000e+00,0.000000e+00,0.000000e+00,0.000000e+00,0.000000e+00,0.000000e+00,0.000000e+00,0.000000e+00,0.000000e+00,0.000000e+00,0.000000e+00,0.000000e+00
1.000000e+00,0.000000e+00,0.000000e+00,0.000000e+00,0.000000e+00,0.000000e+00,0.000000e+00,0.000000e+00,0.000000e+00,0.000000e+00,0.000000e+00,0.000000e+00,0.000000e+00,0.000000e+00,0.000000e+00
1.000000e+00,0.000000e+00,0.000000e+00,0.000000e+00,0.000000e+00,0.000000e+00,0.000000e+00,0.000000e+00,0.000000e+00,0.000000e+00,0.000000e+00,0.000000e+00,0.000000e+00,0.000000e+00,0.000000e+00
1.000000e+00,0.000000e+00,0.000000e+00,0.000000e+00,0.000000e+00,0.000000e+00,0.000000e+00,0.000000e+00,0.000000e+00,0.000000e+00,0.000000e+00,0.000000e+00,0.000000e+00,0.000000e+00,0.000000e+00
1.000000e+00,0.000000e+00,0.000000e+00,0.000000e+00,0.000000e+00,0.000000e+00,0.000000e+00,0.000000e+00,0.000000e+00,0.000000e+00,0.000000e+00,0.000000e+00,0.000000e+00,0.000000e+00,0.000000e+00
1.000000e+00,0.000000e+00,0.000000e+00,0.000000e+00,0.000000e+00,0.000000e+00,0.000000e+00,0.000000e+00,0.000000e+00,0.000000e+00,0.000000e+00,0.000000e+00,0.000000e+00,0.000000e+00,0.000000e+00
1.000000e+00,0.000000e+00,0.000000e+00,0.000000e+00,0.000000e+00,0.000000e+00,0.000000e+00,0.000000e+00,0.000000e+00,0.000000e+00,0.000000e+00,0.000000e+00,0.000000e+00,0.000000e+00,0.000000e+00
1.000000e+00,0.000000e+00,0.000000e+00,0.000000e+00,0.000000e+00,0.000000e+00,0.000000e+00,0.000000e+00,0.000000e+00,0.000000e+00,0.000000e+00,0.000000e+00,0.000000e+00,0.000000e+00,0.000000e+00
1.000000e+00,0.000000e+00,0.000000e+00,0.000000e+00,0.000000e+00,0.000000e+00,0.000000e+00,0.000000e+00,0.000000e+00,0.000000e+00,0.000000e+00,0.000000e+00,0.000000e+00,0.000000e+00,0.000000e+00
1.000000e+00,0.000000e+00,0.000000e+00,0.000000e+00,0.000000e+00,0.000000e+00,0.000000e+00,0.000000e+00,0.000000e+00,0.000000e+00,0.000000e+00,0.000000e+00,0.000000e+00,0.000000e+00,0.000000e+00
1.000000e+00,0.000000e+00,0.000000e+00,0.000000e+00,0.000000e+00,0.000000e+00,0.000000e+00,0.000000e+00,0.000000e+00,0.000000e+00,0.000000e+00,0.000000e+00,0.000000e+00,0.000000e+00,0.000000e+00
1.000000e+00,0.000000e+00,0.000000e+00,0.000000e+00,0.000000e+00,0.000000e+00,0.000000e+00,0.000000e+00,0.000000e+00,0.000000e+00,0.000000e+00,0.000000e+00,0.000000e+00,0.000000e+00,0.000000e+00
4.767176e-01,2.935038e-02,2.414301e-02,7.974885e-02,1.455054e-02,2.012347e-02,3.948343e-03,1.232637e-02,1.819952e-01,1.238171e-02,3.486393e-02,1.694725e-02,1.146972e-02,2.751354e-02,5.392016e-02
1.000000e+00,0.000000e+00,0.000000e+00,0.000000e+00,0.000000e+00,0.000000e+00,0.000000e+00,0.000000e+00,0.000000e+00,0.000000e+00,0.000000e+00,0.000000e+00,0.000000e+00,0.000000e+00,0.000000e+00
1.000000e+00,0.000000e+00,0.000000e+00,0.000000e+00,0.000000e+00,0.000000e+00,0.000000e+00,0.000000e+00,0.000000e+00,0.000000e+00,0.000000e+00,0.000000e+00,0.000000e+00,0.000000e+00,0.000000e+00
1.000000e+00,0.000000e+00,0.000000e+00,0.000000e+00,0.000000e+00,0.000000e+00,0.000000e+00,0.000000e+00,0.000000e+00,0.000000e+00,0.000000e+00,0.000000e+00,0.000000e+00,0.000000e+00,0.000000e+00
1.000000e+00,0.000000e+00,0.000000e+00,0.000000e+00,0.000000e+00,0.000000e+00,0.000000e+00,0.000000e+00,0.000000e+00,0.000000e+00,0.000000e+00,0.000000e+00,0.000000e+00,0.000000e+00,0.000000e+00
4.638448e-01,3.504754e-02,4.673063e-02,1.864165e-01,2.175001e-02,1.478247e-02,2.468545e-03,9.445313e-03,1.007199e-01,1.071108e-02,1.560608e-02,1.760863e-02,1.003675e-02,1.922280e-02,4.560899e-02
4.592277e-01,4.251441e-02,4.782406e-02,1.601240e-01,2.396155e-02,1.372439e-02,2.038927e-03,8.278337e-03,9.663064e-02,1.502852e-02,1.470659e-02,1.487650e-02,9.487850e-03,1.548958e-02,7.608697e-02
4.308544e-01,6.144305e-02,7.689817e-02,1.887015e-01,2.023825e-02,1.178057e-02,1.932187e-03,6.674684e-03,7.917631e-02,1.181690e-02,1.240944e-02,1.185149e-02,8.303199e-03,1.193508e-02,6.598487e-02
1.000000e+00,0.000000e+00,0.000000e+00,0.000000e+00,0.000000e+00,0.000000e+00,0.000000e+00,0.000000e+00,0.000000e+00,0.000000e+00,0.000000e+00,0.000000e+00,0.000000e+00,0.000000e+00,0.000000e+00
1.000000e+00,0.000000e+00,0.000000e+00,0.000000e+00,0.000000e+00,0.000000e+00,0.000000e+00,0.000000e+00,0.000000e+00,0.000000e+00,0.000000e+00,0.000000e+00,0.000000e+00,0.000000e+00,0.000000e+00
1.000000e+00,0.000000e+00,0.000000e+00,0.000000e+00,0.000000e+00,0.000000e+00,0.000000e+00,0.000000e+00,0.000000e+00,0.000000e+00,0.000000e+00,0.000000e+00,0.000000e+00,0.000000e+00,0.000000e+00
1.000000e+00,0.000000e+00,0.000000e+00,0.000000e+00,0.000000e+00,0.000000e+00,0.000000e+00,0.000000e+00,0.000000e+00,0.000000e+00,0.000000e+00,0.000000e+00,0.000000e+00,0.000000e+00,0.000000e+00
1.000000e+00,0.000000e+00,0.000000e+00,0.000000e+00,0.000000e+00,0.000000e+00,0.000000e+00,0.000000e+00,0.000000e+00,0.000000e+00,0.000000e+00,0.000000e+00,0.000000e+00,0.000000e+00,0.000000e+00
1.000000e+00,0.000000e+00,0.000000e+00,0.000000e+00,0.000000e+00,0.000000e+00,0.000000e+00,0.000000e+00,0.000000e+00,0.000000e+00,0.000000e+00,0.000000e+00,0.000000e+00,0.000000e+00,0.000000e+00
1.000000e+00,0.000000e+00,0.000000e+00,0.000000e+00,0.000000e+00,0.000000e+00,0.000000e+00,0.000000e+00,0.000000e+00,0.000000e+00,0.000000e+00,0.000000e+00,0.000000e+00,0.000000e+00,0.000000e+00
1.000000e+00,0.000000e+00,0.000000e+00,0.000000e+00,0.000000e+00,0.000000e+00,0.000000e+00,0.000000e+00,0.000000e+00,0.000000e+00,0.000000e+00,0.000000e+00,0.000000e+00,0.000000e+00,0.000000e+00
1.000000e+00,0.000000e+00,0.000000e+00,0.000000e+00,0.000000e+00,0.000000e+00,0.000000e+00,0.000000e+00,0.000000e+00,0.000000e+00,0.000000e+00,0.000000e+00,0.000000e+00,0.000000e+00,0.000000e+00
1.000000e+00,0.000000e+00,0.000000e+00,0.000000e+00,0.000000e+00,0.000000e+00,0.000000e+00,0.000000e+00,0.000000e+00,0.000000e+00,0.000000e+00,0.000000e+00,0.000000e+00,0.000000e+00,0.000000e+00
1.000000e+00,0.000000e+00,0.000000e+00,0.000000e+00,0.000000e+00,0.000000e+00,0.000000e+00,0.000000e+00,0.000000e+00,0.000000e+00,0.000000e+00,0.000000e+00,0.000000e+00,0.000000e+00,0.000000e+00
1.000000e+00,0.000000e+00,0.000000e+00,0.000000e+00,0.000000e+00,0.000000e+00,0.000000e+00,0.000000e+00,0.000000e+00,0.000000e+00,0.000000e+00,0.000000e+00,0.000000e+00,0.000000e+00,0.000000e+00
1.000000e+00,0.000000e+00,0.000000e+00,0.000000e+00,0.000000e+00,0.000000e+00,0.000000e+00,0.000000e+00,0.000000e+00,0.000000e+00,0.000000e+00,0.000000e+00,0.000000e+00,0.000000e+00,0.000000e+00
1.000000e+00,0.000000e+00,0.000000e+00,0.000000e+00,0.000000e+00,0.000000e+00,0.000000e+00,0.000000e+00,0.000000e+00,0.000000e+00,0.000000e+00,0.000000e+00,0.000000e+00,0.000000e+00,0.000000e+00
1.000000e+00,0.000000e+00,0.000000e+00,0.000000e+00,0.000000e+00,0.000000e+00,0.000000e+00,0.000000e+00,0.000000e+00,0.000000e+00,0.000000e+00,0.000000e+00,0.000000e+00,0.000000e+00,0.000000e+00
1.000000e+00,0.000000e+00,0.000000e+00,0.000000e+00,0.000000e+00,0.000000e+00,0.000000e+00,0.000000e+00,0.000000e+00,0.000000e+00,0.000000e+00,0.000000e+00,0.000000e+00,0.000000e+00,0.000000e+00
1.000000e+00,0.000000e+00,0.000000e+00,0.000000e+00,0.000000e+00,0.000000e+00,0.000000e+00,0.000000e+00,0.000000e+00,0.000000e+00,0.000000e+00,0.000000e+00,0.000000e+00,0.000000e+00,0.000000e+00
1.000000e+00,0.000000e+00,0.000000e+00,0.000000e+00,0.000000e+00,0.000000e+00,0.000000e+00,0.000000e+00,0.000000e+00,0.000000e+00,0.000000e+00,0.000000e+00,0.000000e+00,0.000000e+00,0.000000e+00
1.000000e+00,0.000000e+00,0.000000e+00,0.000000e+00,0.000000e+00,0.000000e+00,0.000000e+00,0.000000e+00,0.000000e+00,0.000000e+00,0.000000e+00,0.000000e+00,0.000000e+00,0.000000e+00,0.000000e+00
1.000000e+00,0.000000e+00,0.000000e+00,0.000000e+00,0.000000e+00,0.000000e+00,0.000000e+00,0.000000e+00,0.000000e+00,0.000000e+00,0.000000e+00,0.000000e+00,0.000000e+00,0.000000e+00,0.000000e+00
3.867207e-01,2.443146e-02,9.963785e-03,8.167438e-02,5.095860e-03,2.305069e-02,1.516969e-02,8.633828e-03,1.349244e-01,6.478266e-02,1.869071e-02,6.458233e-02,3.567521e-02,4.413826e-03,1.221905e-01
2.828524e-01,2.114839e-02,9.123398e-03,7.429440e-02,4.397986e-03,1.861554e-02,1.087441e-02,6.424328e-03,1.742666e-01,6.577263e-02,2.301388e-02,7.040424e-02,6.099283e-02,1.163973e-02,1.661792e-01
2.068081e-01,1.660960e-02,7.013556e-03,5.769157e-02,4.725683e-03,1.337011e-02,7.780724e-03,4.687213e-03,3.657959e-01,4.695658e-02,2.170198e-02,6.017612e-02,5.933797e-02,8.426579e-03,1.189184e-01
1.578634e-01,2.166952e-02,5.335545e-03,4.919572e-02,5.076685e-03,9.815281e-03,5.621037e-03,3.591164e-03,5.058562e-01,3.348899e-02,1.800875e-02,4.579815e-02,4.733719e-02,6.017879e-03,8.532452e-02
1.255579e-01,1.798601e-02,5.062121e-03,1.472325e-01,8.415063e-03,1.056080e-02,4.042670e-03,4.335000e-03,5.018976e-01,2.408351e-02,1.422408e-02,3.378969e-02,3.430528e-02,4.549567e-03,6.395816e-02
2.130640e-01,1.646093e-02,4.585645e-03,1.181449e-01,3.737785e-02,8.291101e-03,3.024082e-03,7.754325e-03,4.428873e-01,1.740552e-02,1.846721e-02,3.058670e-02,2.924881e-02,6.622181e-03,4.607939e-02
1.653839e-01,1.722252e-02,4.725667e-03,2.643017e-01,4.353934e-02,7.392153e-03,2.211262e-03,1.050170e-02,3.512792e-01,1.289704e-02,2.660360e-02,2.403815e-02,2.998102e-02,5.460684e-03,3.446198e-02
1.454833e-01,2.411398e-02,6.232125e-03,2.296789e-01,5.186394e-02,6.805714e-03,1.751031e-03,2.350546e-02,3.374973e-01,1.006108e-02,6.380355e-02,2.286611e-02,4.215178e-02,5.349888e-03,2.883589e-02
1.528000e-01,2.278148e-02,6.631461e-03,1.852063e-01,5.806493e-02,7.989969e-03,2.729942e-03,2.280656e-02,3.298163e-01,8.387984e-03,1.116726e-01,2.553919e-02,3.787573e-02,4.707530e-03,2.299003e-02
1.591836e-01,3.124667e-02,1.165704e-02,2.183561e-01,6.799884e-02,1.259753e-02,6.710886e-03,4.259012e-02,2.649330e-01,7.086966e-03,9.618802e-02,2.230586e-02,3.097621e-02,5.648988e-03,2.252010e-02
1.604852e-01,3.814268e-02,1.526419e-02,2.387078e-01,6.919770e-02,1.298563e-02,6.479494e-03,3.805282e-02,2.583538e-01,1.135100e-02,7.309624e-02,1.959576e-02,2.497150e-02,5.445017e-03,2.787108e-02
1.841204e-01,4.101372e-02,1.581212e-02,2.760834e-01,8.767959e-02,1.535512e-02,1.195421e-02,3.192499e-02,2.072029e-01,9.121374e-03,5.466731e-02,1.854267e-02,1.985310e-02,4.245874e-03,2.242312e-02
2.202487e-01,4.701929e-02,1.566653e-02,2.236842e-01,1.123820e-01,1.694556e-02,2.391867e-02,2.750138e-02,2.080073e-01,8.194205e-03,4.053517e-02,1.761368e-02,1.630032e-02,3.410235e-03,1.857274e-02
2.674665e-01,4.373287e-02,1.499961e-02,1.691473e-01,1.166382e-01,2.001135e-02,8.042224e-02,2.625032e-02,1.670869e-01,8.142939e-03,3.036939e-02,1.846149e-02,1.655119e-02,2.918707e-03,1.780097e-02
3.474532e-01,3.937244e-02,1.542755e-02,1.239944e-01,1.169965e-01,2.270783e-02,9.478949e-02,2.304304e-02,1.260895e-01,8.678924e-03,2.370532e-02,2.113824e-02,1.678743e-02,3.193185e-03,1.662295e-02
4.573665e-01,3.403450e-02,1.349725e-02,9.163585e-02,9.005418e-02,2.466110e-02,7.493882e-02,1.813401e-02,9.513074e-02,1.018888e-02,1.951721e-02,3.026018e-02,1.707451e-02,3.002912e-03,2.050339e-02
4.984516e-01,2.800129e-02,1.144673e-02,6.772069e-02,8.732320e-02,2.198544e-02,8.570878e-02,1.606224e-02,8.677910e-02,1.270258e-02,1.554751e-02,3.091380e-02,1.674437e-02,2.448258e-03,1.816440e-02
1.000000e+00,0.000000e+00,0.000000e+00,0.000000e+00,0.000000e+00,0.000000e+00,0.000000e+00,0.000000e+00,0.000000e+00,0.000000e+00,0.000000e+00,0.000000e+00,0.000000e+00,0.000000e+00,0.000000e+00
1.000000e+00,0.000000e+00,0.000000e+00,0.000000e+00,0.000000e+00,0.000000e+00,0.000000e+00,0.000000e+00,0.000000e+00,0.000000e+00,0.000000e+00,0.000000e+00,0.000000e+00,0.000000e+00,0.000000e+00
1.000000e+00,0.000000e+00,0.000000e+00,0.000000e+00,0.000000e+00,0.000000e+00,0.000000e+00,0.000000e+00,0.000000e+00,0.000000e+00,0.000000e+00,0.000000e+00,0.000000e+00,0.000000e+00,0.000000e+00
1.000000e+00,0.000000e+00,0.000000e+00,0.000000e+00,0.000000e+00,0.000000e+00,0.000000e+00,0.000000e+00,0.000000e+00,0.000000e+00,0.000000e+00,0.000000e+00,0.000000e+00,0.000000e+00,0.000000e+00
4.263188e-01,5.471767e-02,7.961703e-03,6.356038e-02,2.729311e-02,2.238311e-02,4.718029e-02,4.958477e-03,1.416346e-01,2.234431e-02,2.133365e-02,4.686472e-02,1.974102e-02,2.962092e-03,9.074610e-02
3.204735e-01,5.762777e-02,7.115240e-03,1.071717e-01,1.978006e-02,1.918019e-02,3.331770e-02,3.737475e-03,2.373902e-01,2.063046e-02,2.043156e-02,4.007086e-02,1.731675e-02,2.556289e-03,9.320031e-02
2.404344e-01,5.733705e-02,6.222344e-03,1.278662e-01,1.465919e-02,1.494768e-02,2.372109e-02,2.813704e-03,3.419831e-01,1.757443e-02,1.754853e-02,3.149883e-02,1.464745e-02,2.044417e-03,8.670156e-02
2.138598e-01,4.488708e-02,9.610101e-03,1.283410e-01,1.618571e-02,1.703722e-02,1.775908e-02,5.874995e-03,4.076965e-01,1.421585e-02,1.647979e-02,2.564945e-02,1.409665e-02,1.908204e-03,6.639862e-02
1.548043e-01,4.289796e-02,1.878081e-02,2.831771e-01,1.205617e-02,1.311296e-02,1.245935e-02,4.868749e-03,3.411758e-01,1.188996e-02,1.435684e-02,1.859780e-02,1.069061e-02,1.775375e-03,5.935623e-02
1.116731e-01,3.308127e-02,3.948444e-02,3.986500e-01,9.464399e-03,1.032869e-02,8.790393e-03,6.865272e-03,2.693514e-01,1.532912e-02,1.707861e-02,1.383203e-02,8.942652e-03,1.981109e-03,5.514744e-02
1.118170e-01,3.176982e-02,7.977489e-02,3.709865e-01,9.833411e-03,9.655811e-03,6.301551e-03,8.244889e-03,2.508393e-01,2.353636e-02,2.323079e-02,1.093425e-02,7.682860e-03,4.544681e-03,5.084785e-02
1.459291e-01,3.497950e-02,1.046296e-01,2.702139e-01,1.155891e-02,8.489789e-03,4.553245e-03,9.105153e-03,2.228262e-01,3.037811e-02,3.104436e-02,8.365436e-03,7.402960e-03,1.554097e-02,9.498273e-02
1.138501e-01,4.326832e-02,9.665941e-02,3.561647e-01,4.628180e-02,7.900968e-03,3.628428e-03,1.147405e-02,1.741107e-01,2.386450e-02,2.494126e-02,6.658047e-03,7.210961e-03,1.173376e-02,7.225304e-02
9.921058e-02,3.605123e-02,1.175501e-01,3.531763e-01,4.609529e-02,1.033772e-02,2.825717e-03,1.203789e-02,1.892601e-01,2.029420e-02,2.580356e-02,5.679468e-03,6.663633e-03,1.172679e-02,6.328738e-02
8.649466e-02,4.572502e-02,8.976971e-02,2.655248e-01,4.460287e-02,9.350792e-03,2.271961e-03,8.765515e-03,3.051142e-01,1.786365e-02,3.572667e-02,4.300929e-03,5.777475e-03,1.000778e-02,6.870397e-02
7.984036e-02,4.934337e-02,8.523121e-02,2.353507e-01,3.660179e-02,8.446602e-03,2.015577e-03,7.876715e-03,3.740684e-01,1.661275e-02,2.972094e-02,3.577542e-03,5.068813e-03,7.979313e-03,5.826590e-02
1.534858e-01,5.997317e-02,7.664458e-02,1.964190e-01,4.934587e-02,2.067965e-02,3.759549e-03,1.006170e-02,2.882676e-01,1.387400e-02,2.797873e-02,7.323342e-03,8.107749e-03,9.697219e-03,7.438205e-02
1.520080e-01,6.509657e-02,7.143904e-02,2.234547e-01,5.447702e-02,2.268805e-02,3.428240e-03,1.017267e-02,2.645213e-01,1.248715e-02,2.353815e-02,7.649257e-03,8.993107e-03,8.204829e-03,7.184194e-02
2.230006e-01,5.229831e-02,6.085993e-02,2.081018e-01,4.819715e-02,2.247608e-02,2.919900e-03,2.136162e-02,2.227465e-01,1.199504e-02,2.574202e-02,1.222996e-02,1.060048e-02,1.062111e-02,6.684963e-02
2.285156e-01,4.253450e-02,5.896538e-02,2.149326e-01,4.219230e-02,2.206755e-02,2.500472e-03,3.682518e-02,2.217028e-01,1.137176e-02,3.265062e-02,1.109506e-02,1.024950e-02,9.859805e-03,5.453696e-02
3.646303e-01,4.116919e-02,4.833932e-02,1.626624e-01,4.642957e-02,1.816107e-02,2.593001e-03,4.313862e-02,1.658010e-01,9.009260e-03,2.673221e-02,1.099043e-02,9.586202e-03,8.740407e-03,4.201699e-02
1.000000e+00,0.000000e+00,0.000000e+00,0.000000e+00,0.000000e+00,0.000000e+00,0.000000e+00,0.000000e+00,0.000000e+00,0.000000e+00,0.000000e+00,0.000000e+00,0.000000e+00,0.000000e+00,0.000000e+00
1.000000e+00,0.000000e+00,0.000000e+00,0.000000e+00,0.000000e+00,0.000000e+00,0.000000e+00,0.000000e+00,0.000000e+00,0.000000e+00,0.000000e+00,0.000000e+00,0.000000e+00,0.000000e+00,0.000000e+00
1.000000e+00,0.000000e+00,0.000000e+00,0.000000e+00,0.000000e+00,0.000000e+00,0.000000e+00,0.000000e+00,0.000000e+00,0.000000e+00,0.000000e+00,0.000000e+00,0.000000e+00,0.000000e+00,0.000000e+00
1.000000e+00,0.000000e+00,0.000000e+00,0.000000e+00,0.000000e+00,0.000000e+00,0.000000e+00,0.000000e+00,0.000000e+00,0.000000e+00,0.000000e+00,0.000000e+00,0.000000e+00,0.000000e+00,0.000000e+00
1.000000e+00,0.000000e+00,0.000000e+00,0.000000e+00,0.000000e+00,0.000000e+00,0.000000e+00,0.000000e+00,0.000000e+00,0.000000e+00,0.000000e+00,0.000000e+00,0.000000e+00,0.000000e+00,0.000000e+00
1.000000e+00,0.000000e+00,0.000000e+00,0.000000e+00,0.000000e+00,0.000000e+00,0.000000e+00,0.000000e+00,0.000000e+00,0.000000e+00,0.000000e+00,0.000000e+00,0.000000e+00,0.000000e+00,0.000000e+00
1.000000e+00,0.000000e+00,0.000000e+00,0.000000e+00,0.000000e+00,0.000000e+00,0.000000e+00,0.000000e+00,0.000000e+00,0.000000e+00,0.000000e+00,0.000000e+00,0.000000e+00,0.000000e+00,0.000000e+00
1.000000e+00,0.000000e+00,0.000000e+00,0.000000e+00,0.000000e+00,0.000000e+00,0.000000e+00,0.000000e+00,0.000000e+00,0.000000e+00,0.000000e+00,0.000000e+00,0.000000e+00,0.000000e+00,0.000000e+00
1.000000e+00,0.000000e+00,0.000000e+00,0.000000e+00,0.000000e+00,0.000000e+00,0.000000e+00,0.000000e+00,0.000000e+00,0.000000e+00,0.000000e+00,0.000000e+00,0.000000e+00,0.000000e+00,0.000000e+00
4.516518e-01,1.930191e-02,2.759470e-02,2.054438e-01,1.057698e-02,8.396501e-03,1.440700e-03,1.430776e-02,3.714663e-02,5.964610e-03,1.176633e-01,3.032941e-02,3.373580e-02,1.340693e-02,2.303921e-02
3.811673e-01,2.452959e-02,2.756388e-02,2.454317e-01,1.167926e-02,7.391436e-03,1.256518e-03,1.220877e-02,5.575193e-02,6.000880e-03,1.299649e-01,2.320457e-02,2.569058e-02,2.139355e-02,2.676516e-02
3.005438e-01,2.402977e-02,3.909463e-02,2.288892e-01,1.238142e-02,6.759458e-03,1.323901e-03,1.689191e-02,5.492231e-02,7.924847e-03,1.717682e-01,1.756801e-02,2.326193e-02,3.491062e-02,5.972991e-02
2.459783e-01,2.209916e-02,4.146823e-02,1.893551e-01,2.492627e-02,6.466698e-03,1.421177e-03,1.652686e-02,6.855491e-02,1.031476e-02,1.734076e-01,1.376578e-02,2.172550e-02,5.139617e-02,1.125934e-01
1.794767e-01,2.398815e-02,6.066523e-02,1.889329e-01,3.669268e-02,5.797571e-03,1.460925e-03,1.736730e-02,7.416089e-02,1.261962e-02,1.623645e-01,1.099826e-02,2.342634e-02,5.925680e-02,1.427921e-01
1.436400e-01,2.174934e-02,7.818717e-02,1.559395e-01,3.524348e-02,4.569521e-03,1.491303e-03,3.688850e-02,6.454153e-02,1.217524e-02,1.378141e-01,8.377803e-03,2.001226e-02,8.456495e-02,1.948052e-01
1.110356e-01,2.096292e-02,8.915962e-02,1.235745e-01,2.862733e-02,3.873495e-03,1.304776e-03,5.845430e-02,5.622759e-02,1.737299e-02,1.048616e-01,6.382660e-03,1.736283e-02,1.258250e-01,2.349747e-01
9.159696e-02,2.486028e-02,1.179671e-01,9.141932e-02,2.486392e-02,3.021124e-03,1.504699e-03,1.575631e-01,5.036112e-02,1.704947e-02,8.436529e-02,4.934604e-03,1.460159e-02,1.168744e-01,1.990170e-01
7.028782e-02,2.775655e-02,2.456525e-01,1.117475e-01,2.215036e-02,2.367939e-03,1.255194e-03,1.431759e-01,5.331339e-02,1.253278e-02,6.074012e-02,3.526011e-03,1.092964e-02,8.561129e-02,1.489530e-01
7.094030e-02,3.977840e-02,2.606207e-01,1.182868e-01,2.396070e-02,2.078572e-03,1.158545e-03,1.461018e-01,7.739320e-02,1.059959e-02,4.548148e-02,2.639343e-03,8.437579e-03,6.370622e-02,1.288168e-01
8.189373e-02,4.765759e-02,2.182952e-01,1.637963e-01,6.704981e-02,4.563651e-03,2.194169e-03,1.277317e-01,7.961262e-02,9.191325e-03,3.424455e-02,2.046188e-03,6.755415e-03,4.705954e-02,1.079082e-01
8.105699e-02,7.614654e-02,1.859111e-01,1.571147e-01,8.366854e-02,4.635937e-03,2.294404e-03,1.221312e-01,1.032083e-01,8.576085e-03,2.588994e-02,1.846371e-03,5.556874e-03,3.423281e-02,1.077302e-01
9.457392e-02,7.438244e-02,2.022180e-01,1.674284e-01,7.427682e-02,8.883246e-03,2.135867e-03,1.022816e-01,8.500323e-02,1.090943e-02,3.058715e-02,5.335968e-03,1.187042e-02,2.586039e-02,1.042532e-01
1.304902e-01,6.204498e-02,1.661692e-01,2.274108e-01,5.826611e-02,9.386552e-03,2.197639e-03,8.202296e-02,6.907716e-02,1.190375e-02,5.812982e-02,7.229955e-03,1.310440e-02,1.998274e-02,8.258375e-02
1.713838e-01,6.714354e-02,1.309869e-01,2.154894e-01,4.782904e-02,1.134933e-02,1.971890e-03,5.916722e-02,6.160719e-02,1.979057e-02,7.109277e-02,1.434398e-02,1.675807e-02,1.542230e-02,9.566401e-02
2.857690e-01,5.925946e-02,1.024590e-01,1.581377e-01,5.310678e-02,1.700416e-02,2.429826e-03,5.438947e-02,6.049472e-02,2.472262e-02,6.098329e-02,1.456556e-02,1.876464e-02,1.436463e-02,7.354920e-02
3.373088e-01,6.807584e-02,7.698879e-02,1.289083e-01,5.082563e-02,2.366882e-02,2.641449e-03,4.786343e-02,7.912805e-02,2.397575e-02,5.321601e-02,1.635034e-02,1.789534e-02,1.185504e-02,6.129848e-02
2.838036e-01,7.725576e-02,5.865532e-02,2.678983e-01,4.379647e-02,2.106793e-02,2.427480e-03,3.603041e-02,6.394660e-02,1.884184e-02,4.241194e-02,1.372147e-02,1.486091e-02,8.901385e-03,4.638064e-02
3.834329e-01,6.545595e-02,4.564771e-02,2.044228e-01,4.698703e-02,2.054941e-02,3.018711e-03,2.917190e-02,6.482601e-02,1.720626e-02,4.063033e-02,1.820495e-02,1.260353e-02,8.548917e-03,3.929360e-02
4.710538e-01,5.467684e-02,3.489931e-02,1.625586e-01,3.665048e-02,2.039666e-02,2.717747e-03,2.180446e-02,5.467658e-02,1.492897e-02,3.936238e-02,2.649433e-02,1.233108e-02,7.834163e-03,3.961467e-02
1.000000e+00,0.000000e+00,0.000000e+00,0.000000e+00,0.000000e+00,0.000000e+00,0.000000e+00,0.000000e+00,0.000000e+00,0.000000e+00,0.000000e+00,0.000000e+00,0.000000e+00,0.000000e+00,0.000000e+00
1.000000e+00,0.000000e+00,0.000000e+00,0.000000e+00,0.000000e+00,0.000000e+00,0.000000e+00,0.000000e+00,0.000000e+00,0.000000e+00,0.000000e+00,0.000000e+00,0.000000e+00,0.000000e+00,0.000000e+00
1.000000e+00,0.000000e+00,0.000000e+00,0.000000e+00,0.000000e+00,0.000000e+00,0.000000e+00,0.000000e+00,0.000000e+00,0.000000e+00,0.000000e+00,0.000000e+00,0.000000e+00,0.000000e+00,0.000000e+00
1.000000e+00,0.000000e+00,0.000000e+00,0.000000e+00,0.000000e+00,0.000000e+00,0.000000e+00,0.000000e+00,0.000000e+00,0.000000e+00,0.000000e+00,0.000000e+00,0.000000e+00,0.000000e+00,0.000000e+00
1.000000e+00,0.000000e+00,0.000000e+00,0.000000e+00,0.000000e+00,0.000000e+00,0.000000e+00,0.000000e+00,0.000000e+00,0.000000e+00,0.000000e+00,0.000000e+00,0.000000e+00,0.000000e+00,0.000000e+00
1.000000e+00,0.000000e+00,0.000000e+00,0.000000e+00,0.000000e+00,0.000000e+00,0.000000e+00,0.000000e+00,0.000000e+00,0.000000e+00,0.000000e+00,0.000000e+00,0.000000e+00,0.000000e+00,0.000000e+00
1.000000e+00,0.000000e+00,0.000000e+00,0.000000e+00,0.000000e+00,0.000000e+00,0.000000e+00,0.000000e+00,0.000000e+00,0.000000e+00,0.000000e+00,0.000000e+00,0.000000e+00,0.000000e+00,0.000000e+00
1.000000e+00,0.000000e+00,0.000000e+00,0.000000e+00,0.000000e+00,0.000000e+00,0.000000e+00,0.000000e+00,0.000000e+00,0.000000e+00,0.000000e+00,0.000000e+00,0.000000e+00,0.000000e+00,0.000000e+00
1.000000e+00,0.000000e+00,0.000000e+00,0.000000e+00,0.000000e+00,0.000000e+00,0.000000e+00,0.000000e+00,0.000000e+00,0.000000e+00,0.000000e+00,0.000000e+00,0.000000e+00,0.000000e+00,0.000000e+00
1.000000e+00,0.000000e+00,0.000000e+00,0.000000e+00,0.000000e+00,0.000000e+00,0.000000e+00,0.000000e+00,0.000000e+00,0.000000e+00,0.000000e+00,0.000000e+00,0.000000e+00,0.000000e+00,0.000000e+00
1.000000e+00,0.000000e+00,0.000000e+00,0.000000e+00,0.000000e+00,0.000000e+00,0.000000e+00,0.000000e+00,0.000000e+00,0.000000e+00,0.000000e+00,0.000000e+00,0.000000e+00,0.000000e+00,0.000000e+00
1.000000e+00,0.000000e+00,0.000000e+00,0.000000e+00,0.000000e+00,0.000000e+00,0.000000e+00,0.000000e+00,0.000000e+00,0.000000e+00,0.000000e+00,0.000000e+00,0.000000e+00,0.000000e+00,0.000000e+00
1.000000e+00,0.000000e+00,0.000000e+00,0.000000e+00,0.000000e+00,0.000000e+00,0.000000e+00,0.000000e+00,0.000000e+00,0.000000e+00,0.000000e+00,0.000000e+00,0.000000e+00,0.000000e+00,0.000000e+00
1.000000e+00,0.000000e+00,0.000000e+00,0.000000e+00,0.000000e+00,0.000000e+00,0.000000e+00,0.000000e+00,0.000000e+00,0.000000e+00,0.000000e+00,0.000000e+00,0.000000e+00,0.000000e+00,0.000000e+00
1.000000e+00,0.000000e+00,0.000000e+00,0.000000e+00,0.000000e+00,0.000000e+00,0.000000e+00,0.000000e+00,0.000000e+00,0.000000e+00,0.000000e+00,0.000000e+00,0.000000e+00,0.000000e+00,0.000000e+00
1.000000e+00,0.000000e+00,0.000000e+00,0.000000e+00,0.000000e+00,0.000000e+00,0.000000e+00,0.000000e+00,0.000000e+00,0.000000e+00,0.000000e+00,0.000000e+00,0.000000e+00,0.000000e+00,0.000000e+00
1.000000e+00,0.000000e+00,0.000000e+00,0.000000e+00,0.000000e+00,0.000000e+00,0.000000e+00,0.000000e+00,0.000000e+00,0.000000e+00,0.000000e+00,0.000000e+00,0.000000e+00,0.000000e+00,0.000000e+00
1.000000e+00,0.000000e+00,0.000000e+00,0.000000e+00,0.000000e+00,0.000000e+00,0.000000e+00,0.000000e+00,0.000000e+00,0.000000e+00,0.000000e+00,0.000000e+00,0.000000e+00,0.000000e+00,0.000000e+00
1.000000e+00,0.000000e+00,0.000000e+00,0.000000e+00,0.000000e+00,0.000000e+00,0.000000e+00,0.000000e+00,0.000000e+00,0.000000e+00,0.000000e+00,0.000000e+00,0.000000e+00,0.000000e+00,0.000000e+00
1.000000e+00,0.000000e+00,0.000000e+00,0.000000e+00,0.000000e+00,0.000000e+00,0.000000e+00,0.000000e+00,0.000000e+00,0.000000e+00,0.000000e+00,0.000000e+00,0.000000e+00,0.000000e+00,0.000000e+00
1.000000e+00,0.000000e+00,0.000000e+00,0.000000e+00,0.000000e+00,0.000000e+00,0.000000e+00,0.000000e+00,0.000000e+00,0.000000e+00,0.000000e+00,0.000000e+00,0.000000e+00,0.000000e+00,0.000000e+00
1.000000e+00,0.000000e+00,0.000000e+00,0.000000e+00,0.000000e+00,0.000000e+00,0.000000e+00,0.000000e+00,0.000000e+00,0.000000e+00,0.000000e+00,0.000000e+00,0.000000e+00,0.000000e+00,0.000000e+00
1.000000e+00,0.000000e+00,0.000000e+00,0.000000e+00,0.000000e+00,0.000000e+00,0.000000e+00,0.000000e+00,0.000000e+00,0.000000e+00,0.000000e+00,0.000000e+00,0.000000e+00,0.000000e+00,0.000000e+00
1.000000e+00,0.000000e+00,0.000000e+00,0.000000e+00,0.000000e+00,0.000000e+00,0.000000e+00,0.000000e+00,0.000000e+00,0.000000e+00,0.000000e+00,0.000000e+00,0.000000e+00,0.000000e+00,0.000000e+00
1.000000e+00,0.000000e+00,0.000000e+00,0.000000e+00,0.000000e+00,0.000000e+00,0.000000e+00,0.000000e+00,0.000000e+00,0.000000e+00,0.000000e+00,0.000000e+00,0.000000e+00,0.000000e+00,0.000000e+00
1.000000e+00,0.000000e+00,0.000000e+00,0.000000e+00,0.000000e+00,0.000000e+00,0.000000e+00,0.000000e+00,0.000000e+00,0.000000e+00,0.000000e+00,0.000000e+00,0.000000e+00,0.000000e+00,0.000000e+00
1.000000e+00,0.000000e+00,0.000000e+00,0.000000e+00,0.000000e+00,0.000000e+00,0.000000e+00,0.000000e+00,0.000000e+00,0.000000e+00,0.000000e+00,0.000000e+00,0.000000e+00,0.000000e+00,0.000000e+00
1.000000e+00,0.000000e+00,0.000000e+00,0.000000e+00,0.000000e+00,0.000000e+00,0.000000e+00,0.000000e+00,0.000000e+00,0.000000e+00,0.000000e+00,0.000000e+00,0.000000e+00,0.000000e+00,0.000000e+00
1.000000e+00,0.000000e+00,0.000000e+00,0.000000e+00,0.000000e+00,0.000000e+00,0.000000e+00,0.000000e+00,0.000000e+00,0.000000e+00,0.000000e+00,0.000000e+00,0.000000e+00,0.000000e+00,0.000000e+00
1.000000e+00,0.000000e+00,0.000000e+00,0.000000e+00,0.000000e+00,0.000000e+00,0.000000e+00,0.000000e+00,0.000000e+00,0.000000e+00,0.000000e+00,0.000000e+00,0.000000e+00,0.000000e+00,0.000000e+00
1.000000e+00,0.000000e+00,0.000000e+00,0.000000e+00,0.000000e+00,0.000000e+00,0.000000e+00,0.000000e+00,0.000000e+00,0.000000e+00,0.000000e+00,0.000000e+00,0.000000e+00,0.000000e+00,0.000000e+00
1.000000e+00,0.000000e+00,0.000000e+00,0.000000e+00,0.000000e+00,0.000000e+00,0.000000e+00,0.000000e+00,0.000000e+00,0.000000e+00,0.000000e+00,0.000000e+00,0.000000e+00,0.000000e+00,0.000000e+00
1.000000e+00,0.000000e+00,0.000000e+00,0.000000e+00,0.000000e+00,0.000000e+00,0.000000e+00,0.000000e+00,0.000000e+00,0.000000e+00,0.000000e+00,0.000000e+00,0.000000e+00,0.000000e+00,0.000000e+00
1.000000e+00,0.000000e+00,0.000000e+00,0.000000e+00,0.000000e+00,0.000000e+00,0.000000e+00,0.000000e+00,0.000000e+00,0.000000e+00,0.000000e+00,0.000000e+00,0.000000e+00,0.000000e+00,0.000000e+00
4.199880e-01,1.827638e-02,1.199028e-02,1.949579e-01,8.225789e-03,1.773678e-02,3.138592e-03,1.180143e-02,1.796474e-02,7.821081e-03,1.595840e-01,5.212330e-02,4.971257e-02,8.103241e-03,1.857586e-02
3.132839e-01,1.471192e-02,2.541913e-02,2.996973e-01,8.422998e-03,1.320527e-02,2.544518e-03,1.014606e-02,2.457761e-02,7.501770e-03,1.676801e-01,4.286635e-02,4.806448e-02,6.938953e-03,1.493971e-02
2.361275e-01,1.212732e-02,2.413322e-02,4.074663e-01,7.575369e-03,1.018892e-02,1.925445e-03,7.502710e-03,3.487923e-02,9.132037e-03,1.537844e-01,3.394722e-02,3.813405e-02,6.510303e-03,1.656610e-02
2.971365e-01,1.320933e-02,1.876068e-02,3.175659e-01,7.814057e-03,8.826506e-03,1.573786e-03,5.714950e-03,4.267883e-02,8.097935e-03,1.892359e-01,2.631966e-02,3.108270e-02,8.749921e-03,2.323339e-02
2.522941e-01,1.527533e-02,2.353789e-02,3.287838e-01,8.266873e-03,7.899164e-03,1.331966e-03,4.777944e-03,4.362667e-02,8.401999e-03,2.194315e-01,2.089269e-02,2.799302e-02,1.252388e-02,2.496313e-02
2.321379e-01,2.155123e-02,2.017671e-02,2.877566e-01,8.838159e-03,8.216327e-03,1.369405e-03,4.004800e-03,5.507240e-02,7.097707e-03,2.759160e-01,1.795332e-02,2.341788e-02,1.425782e-02,2.223383e-02
1.831852e-01,2.839406e-02,2.221482e-02,3.472524e-01,1.110083e-02,1.364655e-02,1.341080e-03,4.326939e-03,5.081167e-02,7.624942e-03,2.598104e-01,1.660509e-02,1.911856e-02,1.468019e-02,1.988732e-02
1.510268e-01,3.462939e-02,1.667421e-02,2.649699e-01,1.000105e-02,1.531347e-02,1.225683e-03,3.703212e-03,5.333105e-02,7.884029e-03,3.542272e-01,1.632179e-02,1.572924e-02,3.690336e-02,1.805954e-02
1.159060e-01,4.423216e-02,1.505468e-02,2.475516e-01,1.015861e-02,1.639491e-02,9.801761e-04,3.131311e-03,6.609353e-02,7.989568e-03,3.671316e-01,1.338331e-02,1.294453e-02,6.365710e-02,1.539082e-02
8.637122e-02,5.315942e-02,1.297535e-02,1.820370e-01,8.511045e-03,1.499161e-02,7.401453e-04,2.495229e-03,8.985356e-02,8.262234e-03,3.449028e-01,1.180739e-02,1.052738e-02,1.589850e-01,1.438059e-02
6.573160e-02,5.887204e-02,1.126217e-02,1.297166e-01,1.112049e-02,1.152936e-02,5.673139e-04,1.883556e-03,1.398907e-01,9.537220e-03,3.305779e-01,1.308063e-02,8.699501e-03,1.900822e-01,1.744870e-02
9.165759e-02,5.920229e-02,2.083776e-02,1.074149e-01,1.446817e-02,1.180529e-02,8.864425e-04,9.453607e-03,1.907097e-01,1.205798e-02,2.694068e-01,1.431996e-02,7.945020e-03,1.683953e-01,2.143911e-02
9.158054e-02,5.960041e-02,1.939436e-02,8.055630e-02,1.525285e-02,1.321826e-02,9.099318e-04,1.202537e-02,2.408457e-01,1.172460e-02,2.237433e-01,1.825444e-02,6.627137e-03,1.863881e-01,1.987869e-02
1.739012e-01,6.218836e-02,1.866786e-02,6.248178e-02,1.416083e-02,1.340872e-02,1.019848e-03,1.113120e-02,2.449075e-01,9.388529e-03,1.746678e-01,1.572954e-02,5.594250e-03,1.755133e-01,1.723932e-02
1.477499e-01,5.207185e-02,8.377302e-02,5.772399e-02,1.750697e-02,1.324906e-02,1.444368e-03,1.865354e-02,2.929826e-01,9.635135e-03,1.363618e-01,1.198357e-02,4.594126e-03,1.378695e-01,1.440053e-02
1.284307e-01,5.588213e-02,7.372509e-02,4.713317e-02,2.006054e-02,2.313293e-02,1.955265e-03,2.493122e-02,3.447174e-01,8.750323e-03,1.210487e-01,9.464569e-03,3.802671e-03,1.236023e-01,1.336306e-02
1.118422e-01,6.843307e-02,1.123940e-01,5.708133e-02,5.305200e-02,3.006895e-02,1.873884e-03,3.155199e-02,3.048353e-01,7.644823e-03,9.423091e-02,7.619712e-03,3.397739e-03,1.032724e-01,1.270166e-02
9.958372e-02,6.567882e-02,9.951028e-02,4.780045e-02,8.103032e-02,4.644535e-02,2.611622e-03,3.131000e-02,3.081439e-01,6.044696e-03,7.753776e-02,6.435988e-03,3.453680e-03,1.135787e-01,1.083476e-02
8.810914e-02,5.668532e-02,1.422947e-01,6.332915e-02,9.122460e-02,3.614046e-02,2.337563e-03,4.479591e-02,2.980039e-01,4.537634e-03,5.877197e-02,5.046071e-03,2.904562e-03,9.709132e-02,8.727722e-03
8.085364e-02,4.319666e-02,1.138337e-01,5.133095e-02,1.055473e-01,2.730556e-02,2.094313e-03,4.598745e-02,3.623329e-01,3.729380e-03,4.825739e-02,4.081267e-03,2.361442e-03,1.020970e-01,6.990990e-03
9.265067e-02,3.926903e-02,1.167959e-01,8.100689e-02,1.082200e-01,2.162362e-02,1.882857e-03,5.348610e-02,3.345721e-01,3.468823e-03,4.230885e-02,5.460963e-03,2.466695e-03,8.794282e-02,8.844566e-03
1.051578e-01,3.277935e-02,1.516639e-01,7.062175e-02,9.814096e-02,1.681767e-02,1.585554e-03,4.358174e-02,3.215927e-01,2.970813e-03,3.738225e-02,4.609830e-03,2.239735e-03,1.031217e-01,7.734139e-03
1.014448e-01,2.741613e-02,1.429201e-01,5.509750e-02,8.562468e-02,1.387099e-02,1.285550e-03,3.545839e-02,3.680012e-01,2.850001e-03,2.975370e-02,3.741247e-03,2.286963e-03,1.232469e-01,7.001774e-03
1.263802e-01,3.262617e-02,1.286355e-01,4.628417e-02,7.160511e-02,1.687653e-02,1.267745e-03,2.877702e-02,3.475737e-01,2.653640e-03,3.139566e-02,4.448970e-03,2.727350e-03,1.510351e-01,7.713172e-03
1.736428e-01,3.651892e-02,1.017000e-01,3.663909e-02,6.139277e-02,1.940495e-02,1.217591e-03,2.548807e-02,3.412513e-01,3.470735e-03,2.713136e-02,5.586534e-03,3.488118e-03,1.530070e-01,1.006080e-02
2.251703e-01,3.948288e-02,7.705571e-02,2.987500e-02,5.194917e-02,1.645543e-02,1.119606e-03,1.939066e-02,3.412173e-01,5.582125e-03,2.332978e-02,6.036055e-03,3.347691e-03,1.485330e-01,1.145541e-02
2.658077e-01,3.266617e-02,5.881869e-02,2.331002e-02,4.247822e-02,1.439327e-02,1.306086e-03,1.748241e-02,3.466240e-01,6.302407e-03,2.284794e-02,7.025117e-03,3.412007e-03,1.451558e-01,1.237009e-02
2.807141e-01,3.132681e-02,4.602551e-02,1.876898e-02,3.569902e-02,1.328583e-02,1.541885e-03,2.052359e-02,3.595362e-01,6.175261e-03,2.294538e-02,7.296395e-03,3.390738e-03,1.416678e-01,1.110249e-02
3.910495e-01,2.970050e-02,3.745885e-02,1.860492e-02,2.909267e-02,1.386765e-02,2.085528e-03,1.733467e-02,2.852485e-01,5.457588e-03,2.034534e-02,9.551943e-03,4.865370e-03,1.221924e-01,1.314462e-02
4.855109e-01,2.838228e-02,3.436251e-02,2.044213e-02,2.385571e-02,1.827216e-02,3.515476e-03,1.602230e-02,2.124132e-01,5.793416e-03,1.673449e-02,1.556373e-02,7.894375e-03,9.647317e-02,1.476417e-02
1.000000e+00,0.000000e+00,0.000000e+00,0.000000e+00,0.000000e+00,0.000000e+00,0.000000e+00,0.000000e+00,0.000000e+00,0.000000e+00,0.000000e+00,0.000000e+00,0.000000e+00,0.000000e+00,0.000000e+00
1.000000e+00,0.000000e+00,0.000000e+00,0.000000e+00,0.000000e+00,0.000000e+00,0.000000e+00,0.000000e+00,0.000000e+00,0.000000e+00,0.000000e+00,0.000000e+00,0.000000e+00,0.000000e+00,0.000000e+00
1.000000e+00,0.000000e+00,0.000000e+00,0.000000e+00,0.000000e+00,0.000000e+00,0.000000e+00,0.000000e+00,0.000000e+00,0.000000e+00,0.000000e+00,0.000000e+00,0.000000e+00,0.000000e+00,0.000000e+00
1.000000e+00,0.000000e+00,0.000000e+00,0.000000e+00,0.000000e+00,0.000000e+00,0.000000e+00,0.000000e+00,0.000000e+00,0.000000e+00,0.000000e+00,0.000000e+00,0.000000e+00,0.000000e+00,0.000000e+00
1.000000e+00,0.000000e+00,0.000000e+00,0.000000e+00,0.000000e+00,0.000000e+00,0.000000e+00,0.000000e+00,0.000000e+00,0.000000e+00,0.000000e+00,0.000000e+00,0.000000e+00,0.000000e+00,0.000000e+00
1.000000e+00,0.000000e+00,0.000000e+00,0.000000e+00,0.000000e+00,0.000000e+00,0.000000e+00,0.000000e+00,0.000000e+00,0.000000e+00,0.000000e+00,0.000000e+00,0.000000e+00,0.000000e+00,0.000000e+00
1.000000e+00,0.000000e+00,0.000000e+00,0.000000e+00,0.000000e+00,0.000000e+00,0.000000e+00,0.000000e+00,0.000000e+00,0.000000e+00,0.000000e+00,0.000000e+00,0.000000e+00,0.000000e+00,0.000000e+00
1.000000e+00,0.000000e+00,0.000000e+00,0.000000e+00,0.000000e+00,0.000000e+00,0.000000e+00,0.000000e+00,0.000000e+00,0.000000e+00,0.000000e+00,0.000000e+00,0.000000e+00,0.000000e+00,0.000000e+00
1.000000e+00,0.000000e+00,0.000000e+00,0.000000e+00,0.000000e+00,0.000000e+00,0.000000e+00,0.000000e+00,0.000000e+00,0.000000e+00,0.000000e+00,0.000000e+00,0.000000e+00,0.000000e+00,0.000000e+00
1.000000e+00,0.000000e+00,0.000000e+00,0.000000e+00,0.000000e+00,0.000000e+00,0.000000e+00,0.000000e+00,0.000000e+00,0.000000e+00,0.000000e+00,0.000000e+00,0.000000e+00,0.000000e+00,0.000000e+00
1.000000e+00,0.000000e+00,0.000000e+00,0.000000e+00,0.000000e+00,0.000000e+00,0.000000e+00,0.000000e+00,0.000000e+00,0.000000e+00,0.000000e+00,0.000000e+00,0.000000e+00,0.000000e+00,0.000000e+00
1.000000e+00,0.000000e+00,0.000000e+00,0.000000e+00,0.000000e+00,0.000000e+00,0.000000e+00,0.000000e+00,0.000000e+00,0.000000e+00,0.000000e+00,0.000000e+00,0.000000e+00,0.000000e+00,0.000000e+00
1.000000e+00,0.000000e+00,0.000000e+00,0.000000e+00,0.000000e+00,0.000000e+00,0.000000e+00,0.000000e+00,0.000000e+00,0.000000e+00,0.000000e+00,0.000000e+00,0.000000e+00,0.000000e+00,0.000000e+00
4.528175e-01,4.475154e-02,5.446781e-02,1.675825e-01,1.242184e-02,3.448823e-02,6.471470e-03,1.786913e-02,1.588650e-02,4.196755e-03,6.784426e-02,4.795160e-02,2.231182e-02,1.678158e-02,3.415744e-02
4.458758e-01,4.226854e-02,4.569503e-02,1.551821e-01,1.330893e-02,3.306312e-02,6.504600e-03,1.675382e-02,2.359251e-02,5.227579e-03,6.977178e-02,5.016617e-02,2.333745e-02,2.588133e-02,4.337125e-02
4.055511e-01,4.340115e-02,3.942728e-02,1.690114e-01,1.412260e-02,3.373805e-02,6.744425e-03,1.852218e-02,2.793111e-02,5.695546e-03,7.336859e-02,5.978964e-02,2.653101e-02,2.638364e-02,4.978235e-02
4.472948e-01,3.825590e-02,3.120108e-02,1.485546e-01,1.406572e-02,3.618757e-02,6.467751e-03,1.679184e-02,2.768644e-02,5.521828e-03,6.820904e-02,6.315896e-02,2.692907e-02,2.384913e-02,4.582625e-02
1.000000e+00,0.000000e+00,0.000000e+00,0.000000e+00,0.000000e+00,0.000000e+00,0.000000e+00,0.000000e+00,0.000000e+00,0.000000e+00,0.000000e+00,0.000000e+00,0.000000e+00,0.000000e+00,0.000000e+00
1.000000e+00,0.000000e+00,0.000000e+00,0.000000e+00,0.000000e+00,0.000000e+00,0.000000e+00,0.000000e+00,0.000000e+00,0.000000e+00,0.000000e+00,0.000000e+00,0.000000e+00,0.000000e+00,0.000000e+00
1.000000e+00,0.000000e+00,0.000000e+00,0.000000e+00,0.000000e+00,0.000000e+00,0.000000e+00,0.000000e+00,0.000000e+00,0.000000e+00,0.000000e+00,0.000000e+00,0.000000e+00,0.000000e+00,0.000000e+00
1.000000e+00,0.000000e+00,0.000000e+00,0.000000e+00,0.000000e+00,0.000000e+00,0.000000e+00,0.000000e+00,0.000000e+00,0.000000e+00,0.000000e+00,0.000000e+00,0.000000e+00,0.000000e+00,0.000000e+00
1.000000e+00,0.000000e+00,0.000000e+00,0.000000e+00,0.000000e+00,0.000000e+00,0.000000e+00,0.000000e+00,0.000000e+00,0.000000e+00,0.000000e+00,0.000000e+00,0.000000e+00,0.000000e+00,0.000000e+00
1.000000e+00,0.000000e+00,0.000000e+00,0.000000e+00,0.000000e+00,0.000000e+00,0.000000e+00,0.000000e+00,0.000000e+00,0.000000e+00,0.000000e+00,0.000000e+00,0.000000e+00,0.000000e+00,0.000000e+00
1.000000e+00,0.000000e+00,0.000000e+00,0.000000e+00,0.000000e+00,0.000000e+00,0.000000e+00,0.000000e+00,0.000000e+00,0.000000e+00,0.000000e+00,0.000000e+00,0.000000e+00,0.000000e+00,0.000000e+00
1.000000e+00,0.000000e+00,0.000000e+00,0.000000e+00,0.000000e+00,0.000000e+00,0.000000e+00,0.000000e+00,0.000000e+00,0.000000e+00,0.000000e+00,0.000000e+00,0.000000e+00,0.000000e+00,0.000000e+00
1.000000e+00,0.000000e+00,0.000000e+00,0.000000e+00,0.000000e+00,0.000000e+00,0.000000e+00,0.000000e+00,0.000000e+00,0.000000e+00,0.000000e+00,0.000000e+00,0.000000e+00,0.000000e+00,0.000000e+00
1.000000e+00,0.000000e+00,0.000000e+00,0.000000e+00,0.000000e+00,0.000000e+00,0.000000e+00,0.000000e+00,0.000000e+00,0.000000e+00,0.000000e+00,0.000000e+00,0.000000e+00,0.000000e+00,0.000000e+00
1.000000e+00,0.000000e+00,0.000000e+00,0.000000e+00,0.000000e+00,0.000000e+00,0.000000e+00,0.000000e+00,0.000000e+00,0.000000e+00,0.000000e+00,0.000000e+00,0.000000e+00,0.000000e+00,0.000000e+00
1.000000e+00,0.000000e+00,0.000000e+00,0.000000e+00,0.000000e+00,0.000000e+00,0.000000e+00,0.000000e+00,0.000000e+00,0.000000e+00,0.000000e+00,0.000000e+00,0.000000e+00,0.000000e+00,0.000000e+00
1.000000e+00,0.000000e+00,0.000000e+00,0.000000e+00,0.000000e+00,0.000000e+00,0.000000e+00,0.000000e+00,0.000000e+00,0.000000e+00,0.000000e+00,0.000000e+00,0.000000e+00,0.000000e+00,0.000000e+00
1.000000e+00,0.000000e+00,0.000000e+00,0.000000e+00,0.000000e+00,0.000000e+00,0.000000e+00,0.000000e+00,0.000000e+00,0.000000e+00,0.000000e+00,0.000000e+00,0.000000e+00,0.000000e+00,0.000000e+00
1.000000e+00,0.000000e+00,0.000000e+00,0.000000e+00,0.000000e+00,0.000000e+00,0.000000e+00,0.000000e+00,0.000000e+00,0.000000e+00,0.000000e+00,0.000000e+00,0.000000e+00,0.000000e+00,0.000000e+00
1.000000e+00,0.000000e+00,0.000000e+00,0.000000e+00,0.000000e+00,0.000000e+00,0.000000e+00,0.000000e+00,0.000000e+00,0.000000e+00,0.000000e+00,0.000000e+00,0.000000e+00,0.000000e+00,0.000000e+00
1.000000e+00,0.000000e+00,0.000000e+00,0.000000e+00,0.000000e+00,0.000000e+00,0.000000e+00,0.000000e+00,0.000000e+00,0.000000e+00,0.000000e+00,0.000000e+00,0.000000e+00,0.000000e+00,0.000000e+00
1.000000e+00,0.000000e+00,0.000000e+00,0.000000e+00,0.000000e+00,0.000000e+00,0.000000e+00,0.000000e+00,0.000000e+00,0.000000e+00,0.000000e+00,0.000000e+00,0.000000e+00,0.000000e+00,0.000000e+00
1.000000e+00,0.000000e+00,0.000000e+00,0.000000e+00,0.000000e+00,0.000000e+00,0.000000e+00,0.000000e+00,0.000000e+00,0.000000e+00,0.000000e+00,0.000000e+00,0.000000e+00,0.000000e+00,0.000000e+00
1.000000e+00,0.000000e+00,0.000000e+00,0.000000e+00,0.000000e+00,0.000000e+00,0.000000e+00,0.000000e+00,0.000000e+00,0.000000e+00,0.000000e+00,0.000000e+00,0.000000e+00,0.000000e+00,0.000000e+00
1.000000e+00,0.000000e+00,0.000000e+00,0.000000e+00,0.000000e+00,0.000000e+00,0.000000e+00,0.000000e+00,0.000000e+00,0.000000e+00,0.000000e+00,0.000000e+00,0.000000e+00,0.000000e+00,0.000000e+00
4.475660e-01,5.287892e-02,1.496735e-02,1.314349e-01,1.201920e-02,1.432336e-02,2.958120e-03,1.242530e-02,7.624036e-02,1.476607e-02,4.693240e-02,7.724679e-02,5.293163e-02,8.136307e-03,3.517333e-02
4.389088e-01,4.226328e-02,2.610389e-02,1.642001e-01,1.159952e-02,1.566928e-02,2.490474e-03,1.146622e-02,7.211246e-02,1.272921e-02,4.795838e-02,7.402897e-02,4.246208e-02,8.763717e-03,2.924369e-02
4.784172e-01,3.517047e-02,2.222020e-02,1.422675e-01,1.100048e-02,1.456455e-02,2.183763e-03,1.027795e-02,7.191600e-02,1.198838e-02,5.761500e-02,7.146906e-02,3.701508e-02,9.758359e-03,2.413602e-02
4.804317e-01,3.413133e-02,1.900596e-02,1.556124e-01,1.288725e-02,1.534561e-02,2.144097e-03,1.103713e-02,7.107359e-02,1.082134e-02,6.294073e-02,6.385312e-02,3.036937e-02,9.108494e-03,2.123788e-02
4.499202e-01,3.812594e-02,1.782497e-02,1.532686e-01,1.651694e-02,1.366446e-02,1.917097e-03,1.049242e-02,7.879244e-02,1.175995e-02,8.068287e-02,6.954588e-02,2.725485e-02,1.122150e-02,1.901189e-02
4.405235e-01,3.385869e-02,1.807497e-02,1.582971e-01,1.834662e-02,1.579092e-02,2.162159e-03,1.550720e-02,8.359035e-02,9.229675e-03,8.568580e-02,6.880154e-02,2.467649e-02,9.856245e-03,1.559875e-02
3.868103e-01,6.293386e-02,1.843670e-02,1.346685e-01,2.084820e-02,1.813485e-02,2.024815e-03,1.771642e-02,1.076801e-01,7.843344e-03,9.347988e-02,7.562771e-02,2.493397e-02,1.350020e-02,1.536114e-02
2.923755e-01,9.118654e-02,1.991815e-02,1.197442e-01,2.490534e-02,2.133982e-02,1.936015e-03,2.114962e-02,1.428177e-01,8.516001e-03,1.275087e-01,7.284765e-02,2.288610e-02,1.850894e-02,1.435968e-02
2.157636e-01,1.750885e-01,1.808592e-02,9.075513e-02,2.531596e-02,1.880639e-02,1.493520e-03,1.736363e-02,1.980002e-01,8.356742e-03,1.217704e-01,5.560703e-02,2.025078e-02,1.948780e-02,1.385431e-02
1.614783e-01,1.952543e-01,1.624258e-02,7.033916e-02,2.392419e-02,2.370910e-02,1.137804e-03,1.612489e-02,2.600340e-01,1.011346e-02,1.251647e-01,4.713118e-02,1.759917e-02,1.917326e-02,1.257388e-02
1.607996e-01,1.759292e-01,1.579581e-02,5.471919e-02,2.213420e-02,2.667714e-02,9.515930e-04,1.563426e-02,2.880067e-01,8.878123e-03,1.302151e-01,4.683390e-02,1.550471e-02,2.591208e-02,1.200845e-02
1.351684e-01,1.590222e-01,1.372243e-02,4.361364e-02,2.366080e-02,2.518645e-02,7.867437e-04,1.402259e-02,3.421925e-01,8.803294e-03,1.401648e-01,4.114185e-02,1.200519e-02,2.773461e-02,1.277433e-02
1.150150e-01,1.447914e-01,1.766501e-02,4.547599e-02,2.802206e-02,2.373817e-02,8.022269e-04,2.189251e-02,3.937596e-01,9.136463e-03,1.156818e-01,3.260469e-02,9.630229e-03,2.701140e-02,1.477330e-02
1.089214e-01,1.954331e-01,1.483652e-02,3.738345e-02,3.130100e-02,3.452019e-02,6.732020e-04,2.248750e-02,3.631009e-01,7.784661e-03,9.780073e-02,2.523706e-02,7.548151e-03,3.572347e-02,1.724868e-02
1.077497e-01,2.320243e-01,2.250694e-02,4.719649e-02,3.714966e-02,2.873245e-02,6.417233e-04,3.521083e-02,3.371718e-01,6.341410e-03,7.632795e-02,1.901346e-02,6.026070e-03,2.897355e-02,1.493364e-02
1.745198e-01,2.084592e-01,4.572698e-02,4.343963e-02,3.740823e-02,2.571880e-02,1.133024e-03,3.193131e-02,2.885909e-01,6.666184e-03,6.305792e-02,1.834052e-02,5.520347e-03,3.190722e-02,1.757997e-02
1.882100e-01,2.710460e-01,4.050910e-02,3.603349e-02,3.585411e-02,2.601791e-02,1.016353e-03,2.425628e-02,2.505288e-01,5.867279e-03,4.996316e-02,1.733282e-02,5.726889e-03,3.115949e-02,1.647829e-02
2.482899e-01,2.688203e-01,4.797456e-02,3.353412e-02,3.129228e-02,2.355072e-02,1.300847e-03,2.189221e-02,1.994768e-01,5.960569e-03,4.156877e-02,1.683853e-02,6.724593e-03,3.329981e-02,1.947582e-02
3.101090e-01,2.421081e-01,3.955256e-02,3.247106e-02,3.856983e-02,2.205341e-02,1.847514e-03,1.910202e-02,1.731811e-01,5.615824e-03,3.416641e-02,1.831874e-02,7.489318e-03,3.677317e-02,1.864197e-02
3.770690e-01,1.952644e-01,4.355034e-02,4.669785e-02,4.029102e-02,2.108155e-02,2.772160e-03,1.964397e-02,1.370449e-01,5.170718e-03,2.910070e-02,2.327811e-02,9.211413e-03,3.095767e-02,1.886614e-02
4.773499e-01,1.448416e-01,5.489195e-02,4.140752e-02,3.569662e-02,1.993920e-02,2.950884e-03,1.579560e-02,1.050810e-01,4.528502e-03,2.305440e-02,2.140377e-02,8.743928e-03,2.564873e-02,1.866641e-02
1.000000e+00,0.000000e+00,0.000000e+00,0.000000e+00,0.000000e+00,0.000000e+00,0.000000e+00,0.000000e+00,0.000000e+00,0.000000e+00,0.000000e+00,0.000000e+00,0.000000e+00,0.000000e+00,0.000000e+00
1.000000e+00,0.000000e+00,0.000000e+00,0.000000e+00,0.000000e+00,0.000000e+00,0.000000e+00,0.000000e+00,0.000000e+00,0.000000e+00,0.000000e+00,0.000000e+00,0.000000e+00,0.000000e+00,0.000000e+00
1.000000e+00,0.000000e+00,0.000000e+00,0.000000e+00,0.000000e+00,0.000000e+00,0.000000e+00,0.000000e+00,0.000000e+00,0.000000e+00,0.000000e+00,0.000000e+00,0.000000e+00,0.000000e+00,0.000000e+00
1.000000e+00,0.000000e+00,0.000000e+00,0.000000e+00,0.000000e+00,0.000000e+00,0.000000e+00,0.000000e+00,0.000000e+00,0.000000e+00,0.000000e+00,0.000000e+00,0.000000e+00,0.000000e+00,0.000000e+00
1.000000e+00,0.000000e+00,0.000000e+00,0.000000e+00,0.000000e+00,0.000000e+00,0.000000e+00,0.000000e+00,0.000000e+00,0.000000e+00,0.000000e+00,0.000000e+00,0.000000e+00,0.000000e+00,0.000000e+00
1.000000e+00,0.000000e+00,0.000000e+00,0.000000e+00,0.000000e+00,0.000000e+00,0.000000e+00,0.000000e+00,0.000000e+00,0.000000e+00,0.000000e+00,0.000000e+00,0.000000e+00,0.000000e+00,0.000000e+00
1.000000e+00,0.000000e+00,0.000000e+00,0.000000e+00,0.000000e+00,0.000000e+00,0.000000e+00,0.000000e+00,0.000000e+00,0.000000e+00,0.000000e+00,0.000000e+00,0.000000e+00,0.000000e+00,0.000000e+00
1.000000e+00,0.000000e+00,0.000000e+00,0.000000e+00,0.000000e+00,0.000000e+00,0.000000e+00,0.000000e+00,0.000000e+00,0.000000e+00,0.000000e+00,0.000000e+00,0.000000e+00,0.000000e+00,0.000000e+00
1.000000e+00,0.000000e+00,0.000000e+00,0.000000e+00,0.000000e+00,0.000000e+00,0.000000e+00,0.000000e+00,0.000000e+00,0.000000e+00,0.000000e+00,0.000000e+00,0.000000e+00,0.000000e+00,0.000000e+00
1.000000e+00,0.000000e+00,0.000000e+00,0.000000e+00,0.000000e+00,0.000000e+00,0.000000e+00,0.000000e+00,0.000000e+00,0.000000e+00,0.000000e+00,0.000000e+00,0.000000e+00,0.000000e+00,0.000000e+00
1.000000e+00,0.000000e+00,0.000000e+00,0.000000e+00,0.000000e+00,0.000000e+00,0.000000e+00,0.000000e+00,0.000000e+00,0.000000e+00,0.000000e+00,0.000000e+00,0.000000e+00,0.000000e+00,0.000000e+00
1.000000e+00,0.000000e+00,0.000000e+00,0.000000e+00,0.000000e+00,0.000000e+00,0.000000e+00,0.000000e+00,0.000000e+00,0.000000e+00,0.000000e+00,0.000000e+00,0.000000e+00,0.000000e+00,0.000000e+00
1.000000e+00,0.000000e+00,0.000000e+00,0.000000e+00,0.000000e+00,0.000000e+00,0.000000e+00,0.000000e+00,0.000000e+00,0.000000e+00,0.000000e+00,0.000000e+00,0.000000e+00,0.000000e+00,0.000000e+00
1.000000e+00,0.000000e+00,0.000000e+00,0.000000e+00,0.000000e+00,0.000000e+00,0.000000e+00,0.000000e+00,0.000000e+00,0.000000e+00,0.000000e+00,0.000000e+00,0.000000e+00,0.000000e+00,0.000000e+00
1.000000e+00,0.000000e+00,0.000000e+00,0.000000e+00,0.000000e+00,0.000000e+00,0.000000e+00,0.000000e+00,0.000000e+00,0.000000e+00,0.000000e+00,0.000000e+00,0.000000e+00,0.000000e+00,0.000000e+00
1.000000e+00,0.000000e+00,0.000000e+00,0.000000e+00,0.000000e+00,0.000000e+00,0.000000e+00,0.000000e+00,0.000000e+00,0.000000e+00,0.000000e+00,0.000000e+00,0.000000e+00,0.000000e+00,0.000000e+00
1.000000e+00,0.000000e+00,0.000000e+00,0.000000e+00,0.000000e+00,0.000000e+00,0.000000e+00,0.000000e+00,0.000000e+00,0.000000e+00,0.000000e+00,0.000000e+00,0.000000e+00,0.000000e+00,0.000000e+00
1.000000e+00,0.000000e+00,0.000000e+00,0.000000e+00,0.000000e+00,0.000000e+00,0.000000e+00,0.000000e+00,0.000000e+00,0.000000e+00,0.000000e+00,0.000000e+00,0.000000e+00,0.000000e+00,0.000000e+00
1.000000e+00,0.000000e+00,0.000000e+00,0.000000e+00,0.000000e+00,0.000000e+00,0.000000e+00,0.000000e+00,0.000000e+00,0.000000e+00,0.000000e+00,0.000000e+00,0.000000e+00,0.000000e+00,0.000000e+00
1.000000e+00,0.000000e+00,0.000000e+00,0.000000e+00,0.000000e+00,0.000000e+00,0.000000e+00,0.000000e+00,0.000000e+00,0.000000e+00,0.000000e+00,0.000000e+00,0.000000e+00,0.000000e+00,0.000000e+00
1.000000e+00,0.000000e+00,0.000000e+00,0.000000e+00,0.000000e+00,0.000000e+00,0.000000e+00,0.000000e+00,0.000000e+00,0.000000e+00,0.000000e+00,0.000000e+00,0.000000e+00,0.000000e+00,0.000000e+00
1.000000e+00,0.000000e+00,0.000000e+00,0.000000e+00,0.000000e+00,0.000000e+00,0.000000e+00,0.000000e+00,0.000000e+00,0.000000e+00,0.000000e+00,0.000000e+00,0.000000e+00,0.000000e+00,0.000000e+00
1.000000e+00,0.000000e+00,0.000000e+00,0.000000e+00,0.000000e+00,0.000000e+00,0.000000e+00,0.000000e+00,0.000000e+00,0.000000e+00,0.000000e+00,0.000000e+00,0.000000e+00,0.000000e+00,0.000000e+00
1.000000e+00,0.000000e+00,0.000000e+00,0.000000e+00,0.000000e+00,0.000000e+00,0.000000e+00,0.000000e+00,0.000000e+00,0.000000e+00,0.000000e+00,0.000000e+00,0.000000e+00,0.000000e+00,0.000000e+00
1.000000e+00,0.000000e+00,0.000000e+00,0.000000e+00,0.000000e+00,0.000000e+00,0.000000e+00,0.000000e+00,0.000000e+00,0.000000e+00,0.000000e+00,0.000000e+00,0.000000e+00,0.000000e+00,0.000000e+00
1.000000e+00,0.000000e+00,0.000000e+00,0.000000e+00,0.000000e+00,0.000000e+00,0.000000e+00,0.000000e+00,0.000000e+00,0.000000e+00,0.000000e+00,0.000000e+00,0.000000e+00,0.000000e+00,0.000000e+00
1.000000e+00,0.000000e+00,0.000000e+00,0.000000e+00,0.000000e+00,0.000000e+00,0.000000e+00,0.000000e+00,0.000000e+00,0.000000e+00,0.000000e+00,0.000000e+00,0.000000e+00,0.000000e+00,0.000000e+00
1.000000e+00,0.000000e+00,0.000000e+00,0.000000e+00,0.000000e+00,0.000000e+00,0.000000e+00,0.000000e+00,0.000000e+00,0.000000e+00,0.000000e+00,0.000000e+00,0.000000e+00,0.000000e+00,0.000000e+00
1.000000e+00,0.000000e+00,0.000000e+00,0.000000e+00,0.000000e+00,0.000000e+00,0.000000e+00,0.000000e+00,0.000000e+00,0.000000e+00,0.000000e+00,0.000000e+00,0.000000e+00,0.000000e+00,0.000000e+00
1.000000e+00,0.000000e+00,0.000000e+00,0.000000e+00,0.000000e+00,0.000000e+00,0.000000e+00,0.000000e+00,0.000000e+00,0.000000e+00,0.000000e+00,0.000000e+00,0.000000e+00,0.000000e+00,0.000000e+00
1.000000e+00,0.000000e+00,0.000000e+00,0.000000e+00,0.000000e+00,0.000000e+00,0.000000e+00,0.000000e+00,0.000000e+00,0.000000e+00,0.000000e+00,0.000000e+00,0.000000e+00,0.000000e+00,0.000000e+00
1.000000e+00,0.000000e+00,0.000000e+00,0.000000e+00,0.000000e+00,0.000000e+00,0.000000e+00,0.000000e+00,0.000000e+00,0.000000e+00,0.000000e+00,0.000000e+00,0.000000e+00,0.000000e+00,0.000000e+00
1.000000e+00,0.000000e+00,0.000000e+00,0.000000e+00,0.000000e+00,0.000000e+00,0.000000e+00,0.000000e+00,0.000000e+00,0.000000e+00,0.000000e+00,0.000000e+00,0.000000e+00,0.000000e+00,0.000000e+00
1.000000e+00,0.000000e+00,0.000000e+00,0.000000e+00,0.000000e+00,0.000000e+00,0.000000e+00,0.000000e+00,0.000000e+00,0.000000e+00,0.000000e+00,0.000000e+00,0.000000e+00,0.000000e+00,0.000000e+00
1.000000e+00,0.000000e+00,0.000000e+00,0.000000e+00,0.000000e+00,0.000000e+00,0.000000e+00,0.000000e+00,0.000000e+00,0.000000e+00,0.000000e+00,0.000000e+00,0.000000e+00,0.000000e+00,0.000000e+00
1.000000e+00,0.000000e+00,0.000000e+00,0.000000e+00,0.000000e+00,0.000000e+00,0.000000e+00,0.000000e+00,0.000000e+00,0.000000e+00,0.000000e+00,0.000000e+00,0.000000e+00,0.000000e+00,0.000000e+00
1.000000e+00,0.000000e+00,0.000000e+00,0.000000e+00,0.000000e+00,0.000000e+00,0.000000e+00,0.000000e+00,0.000000e+00,0.000000e+00,0.000000e+00,0.000000e+00,0.000000e+00,0.000000e+00,0.000000e+00
1.000000e+00,0.000000e+00,0.000000e+00,0.000000e+00,0.000000e+00,0.000000e+00,0.000000e+00,0.000000e+00,0.000000e+00,0.000000e+00,0.000000e+00,0.000000e+00,0.000000e+00,0.000000e+00,0.000000e+00
1.000000e+00,0.000000e+00,0.000000e+00,0.000000e+00,0.000000e+00,0.000000e+00,0.000000e+00,0.000000e+00,0.000000e+00,0.000000e+00,0.000000e+00,0.000000e+00,0.000000e+00,0.000000e+00,0.000000e+00
1.000000e+00,0.000000e+00,0.000000e+00,0.000000e+00,0.000000e+00,0.000000e+00,0.000000e+00,0.000000e+00,0.000000e+00,0.000000e+00,0.000000e+00,0.000000e+00,0.000000e+00,0.000000e+00,0.000000e+00
1.000000e+00,0.000000e+00,0.000000e+00,0.000000e+00,0.000000e+00,0.000000e+00,0.000000e+00,0.000000e+00,0.000000e+00,0.000000e+00,0.000000e+00,0.000000e+00,0.000000e+00,0.000000e+00,0.000000e+00
1.000000e+00,0.000000e+00,0.000000e+00,0.000000e+00,0.000000e+00,0.000000e+00,0.000000e+00,0.000000e+00,0.000000e+00,0.000000e+00,0.000000e+00,0.000000e+00,0.000000e+00,0.000000e+00,0.000000e+00
1.000000e+00,0.000000e+00,0.000000e+00,0.000000e+00,0.000000e+00,0.000000e+00,0.000000e+00,0.000000e+00,0.000000e+00,0.000000e+00,0.000000e+00,0.000000e+00,0.000000e+00,0.000000e+00,0.000000e+00
1.000000e+00,0.000000e+00,0.000000e+00,0.000000e+00,0.000000e+00,0.000000e+00,0.000000e+00,0.000000e+00,0.000000e+00,0.000000e+00,0.000000e+00,0.000000e+00,0.000000e+00,0.000000e+00,0.000000e+00
1.000000e+00,0.000000e+00,0.000000e+00,0.000000e+00,0.000000e+00,0.000000e+00,0.000000e+00,0.000000e+00,0.000000e+00,0.000000e+00,0.000000e+00,0.000000e+00,0.000000e+00,0.000000e+00,0.000000e+00
1.000000e+00,0.000000e+00,0.000000e+00,0.000000e+00,0.000000e+00,0.000000e+00,0.000000e+00,0.000000e+00,0.000000e+00,0.000000e+00,0.000000e+00,0.000000e+00,0.000000e+00,0.000000e+00,0.000000e+00
1.000000e+00,0.000000e+00,0.000000e+00,0.000000e+00,0.000000e+00,0.000000e+00,0.000000e+00,0.000000e+00,0.000000e+00,0.000000e+00,0.000000e+00,0.000000e+00,0.000000e+00,0.000000e+00,0.000000e+00
1.000000e+00,0.000000e+00,0.000000e+00,0.000000e+00,0.000000e+00,0.000000e+00,0.000000e+00,0.000000e+00,0.000000e+00,0.000000e+00,0.000000e+00,0.000000e+00,0.000000e+00,0.000000e+00,0.000000e+00
1.000000e+00,0.000000e+00,0.000000e+00,0.000000e+00,0.000000e+00,0.000000e+00,0.000000e+00,0.000000e+00,0.000000e+00,0.000000e+00,0.000000e+00,0.000000e+00,0.000000e+00,0.000000e+00,0.000000e+00
1.000000e+00,0.000000e+00,0.000000e+00,0.000000e+00,0.000000e+00,0.000000e+00,0.000000e+00,0.000000e+00,0.000000e+00,0.000000e+00,0.000000e+00,0.000000e+00,0.000000e+00,0.000000e+00,0.000000e+00
1.000000e+00,0.000000e+00,0.000000e+00,0.000000e+00,0.000000e+00,0.000000e+00,0.000000e+00,0.000000e+00,0.000000e+00,0.000000e+00,0.000000e+00,0.000000e+00,0.000000e+00,0.000000e+00,0.000000e+00
1.000000e+00,0.000000e+00,0.000000e+00,0.000000e+00,0.000000e+00,0.000000e+00,0.000000e+00,0.000000e+00,0.000000e+00,0.000000e+00,0.000000e+00,0.000000e+00,0.000000e+00,0.000000e+00,0.000000e+00
1.000000e+00,0.000000e+00,0.000000e+00,0.000000e+00,0.000000e+00,0.000000e+00,0.000000e+00,0.000000e+00,0.000000e+00,0.000000e+00,0.000000e+00,0.000000e+00,0.000000e+00,0.000000e+00,0.000000e+00
1.000000e+00,0.000000e+00,0.000000e+00,0.000000e+00,0.000000e+00,0.000000e+00,0.000000e+00,0.000000e+00,0.000000e+00,0.000000e+00,0.000000e+00,0.000000e+00,0.000000e+00,0.000000e+00,0.000000e+00
1.000000e+00,0.000000e+00,0.000000e+00,0.000000e+00,0.000000e+00,0.000000e+00,0.000000e+00,0.000000e+00,0.000000e+00,0.000000e+00,0.000000e+00,0.000000e+00,0.000000e+00,0.000000e+00,0.000000e+00
1.000000e+00,0.000000e+00,0.000000e+00,0.000000e+00,0.000000e+00,0.000000e+00,0.000000e+00,0.000000e+00,0.000000e+00,0.000000e+00,0.000000e+00,0.000000e+00,0.000000e+00,0.000000e+00,0.000000e+00
1.000000e+00,0.000000e+00,0.000000e+00,0.000000e+00,0.000000e+00,0.000000e+00,0.000000e+00,0.000000e+00,0.000000e+00,0.000000e+00,0.000000e+00,0.000000e+00,0.000000e+00,0.000000e+00,0.000000e+00
1.000000e+00,0.000000e+00,0.000000e+00,0.000000e+00,0.000000e+00,0.000000e+00,0.000000e+00,0.000000e+00,0.000000e+00,0.000000e+00,0.000000e+00,0.000000e+00,0.000000e+00,0.000000e+00,0.000000e+00
1.000000e+00,0.000000e+00,0.000000e+00,0.000000e+00,0.000000e+00,0.000000e+00,0.000000e+00,0.000000e+00,0.000000e+00,0.000000e+00,0.000000e+00,0.000000e+00,0.000000e+00,0.000000e+00,0.000000e+00
1.000000e+00,0.000000e+00,0.000000e+00,0.000000e+00,0.000000e+00,0.000000e+00,0.000000e+00,0.000000e+00,0.000000e+00,0.000000e+00,0.000000e+00,0.000000e+00,0.000000e+00,0.000000e+00,0.000000e+00
1.000000e+00,0.000000e+00,0.000000e+00,0.000000e+00,0.000000e+00,0.000000e+00,0.000000e+00,0.000000e+00,0.000000e+00,0.000000e+00,0.000000e+00,0.000000e+00,0.000000e+00,0.000000e+00,0.000000e+00
1.000000e+00,0.000000e+00,0.000000e+00,0.000000e+00,0.000000e+00,0.000000e+00,0.000000e+00,0.000000e+00,0.000000e+00,0.000000e+00,0.000000e+00,0.000000e+00,0.000000e+00,0.000000e+00,0.000000e+00
1.000000e+00,0.000000e+00,0.000000e+00,0.000000e+00,0.000000e+00,0.000000e+00,0.000000e+00,0.000000e+00,0.000000e+00,0.000000e+00,0.000000e+00,0.000000e+00,0.000000e+00,0.000000e+00,0.000000e+00
1.000000e+00,0.000000e+00,0.000000e+00,0.000000e+00,0.000000e+00,0.000000e+00,0.000000e+00,0.000000e+00,0.000000e+00,0.000000e+00,0.000000e+00,0.000000e+00,0.000000e+00,0.000000e+00,0.000000e+00
1.000000e+00,0.000000e+00,0.000000e+00,0.000000e+00,0.000000e+00,0.000000e+00,0.000000e+00,0.000000e+00,0.000000e+00,0.000000e+00,0.000000e+00,0.000000e+00,0.000000e+00,0.000000e+00,0.000000e+00
