1.000000e+00,0.000000e+00,0.000000e+00,0.000000e+00,0.000000e+00,0.000000e+00,0.000000e+00,0.000000e+00,0.000000e+00,0.000000e+00,0.000000e+00,0.000000e+00,0.000000e+00,0.000000e+00,0.000000e+00
1.000000e+00,0.000000e+00,0.000000e+00,0.000000e+00,0.000000e+00,0.000000e+00,0.000000e+00,0.000000e+00,0.000000e+00,0.000000e+00,0.000000e+00,0.000000e+00,0.000000e+00,0.000000e+00,0.000000e+00
1.000000e+00,0.000000e+00,0.000000e+00,0.000000e+00,0.000000e+00,0.000000e+00,0.000000e+00,0.000000e+00,0.000000e+00,0.000000e+00,0.000000e+00,0.000000e+00,0.000000e+00,0.000000e+00,0.000000e+00
1.000000e+00,0.000000e+00,0.000000e+00,0.000000e+00,0.000000e+00,0.000000e+00,0.000000e+00,0.000000e+00,0.000000e+00,0.000000e+00,0.000000e+00,0.000000e+00,0.000000e+00,0.000000e+00,0.000000e+00
1.000000e+00,0.000000e+00,0.000000e+00,0.000000e+00,0.000000e+00,0.000000e+00,0.000000e+00,0.000000e+00,0.000000e+00,0.000000e+00,0.000000e+00,0.000000e+00,0.000000e+00,0.000000e+00,0.000000e+00
1.000000e+00,0.000000e+00,0.000000e+00,0.000000e+00,0.000000e+00,0.000000e+00,0.000000e+00,0.000000e+00,0.000000e+00,0.000000e+00,0.000000e+00,0.000000e+00,0.000000e+00,0.000000e+00,0.000000e+00
1.000000e+00,0.000000e+00,0.000000e+00,0.000000e+00,0.000000e+00,0.000000e+00,0.000000e+00,0.000000e+00,0.000000e+00,0.000000e+00,0.000000e+00,0.000000e+00,0.000000e+00,0.000000e+00,0.000000e+00
1.000000e+00,0.000000e+00,0.000000e+00,0.000000e+00,0.000000e+00,0.000000e+00,0.000000e+00,0.000000e+00,0.000000e+00,0.000000e+00,0.000000e+00,0.000000e+00,0.000000e+00,0.000000e+00,0.000000e+00
1.000000e+00,0.000000e+00,0.000000e+00,0.000000e+00,0.000000e+00,0.000000e+00,0.000000e+00,0.000000e+00,0.000000e+00,0.000000e+00,0.000000e+00,0.000000e+00,0.000000e+00,0.000000e+00,0.000000e+00
1.000000e+00,0.000000e+00,0.000000e+00,0.000000e+00,0.000000e+00,0.000000e+00,0.000000e+00,0.000000e+00,0.000000e+00,0.000000e+00,0.000000e+00,0.000000e+00,0.000000e+00,0.000000e+00,0.000000e+00
1.000000e+00,0.000000e+00,0.000000e+00,0.000000e+00,0.000000e+00,0.000000e+00,0.000000e+00,0.000000e+00,0.000000e+00,0.000000e+00,0.000000e+00,0.000000e+00,0.000000e+00,0.000000e+00,0.000000e+00
1.000000e+00,0.000000e+00,0.000000e+00,0.000000e+00,0.000000e+00,0.000000e+00,0.000000e+00,0.000000e+00,0.000000e+00,0.000000e+00,0.000000e+00,0.000000e+00,0.000000e+00,0.000000e+00,0.000000e+00
1.000000e+00,0.000000e+00,0.000000e+00,0.000000e+00,0.000000e+00,0.000000e+00,0.000000e+00,0.000000e+00,0.000000e+00,0.000000e+00,0.000000e+00,0.000000e+00,0.000000e+00,0.000000e+00,0.000000e+00
1.000000e+00,0.000000e+00,0.000000e+00,0.000000e+00,0.000000e+00,0.000000e+00,0.000000e+00,0.000000e+00,0.000000e+00,0.000000e+00,0.000000e+00,0.000000e+00,0.000000e+00,0.000000e+00,0.000000e+00
1.000000e+00,0.000000e+00,0.000000e+00,0.000000e+00,0.000000e+00,0.000000e+00,0.000000e+00,0.000000e+00,0.000000e+00,0.000000e+00,0.000000e+00,0.000000e+00,0.000000e+00,0.000000e+00,0.000000e+00
1.000000e+00,0.000000e+00,0.000000e+00,0.000000e+00,0.000000e+00,0.000000e+00,0.000000e+00,0.000000e+00,0.000000e+00,0.000000e+00,0.000000e+00,0.000000e+00,0.000000e+00,0.000000e+00,0.000000e+00
1.000000e+00,0.000000e+00,0.000000e+00,0.000000e+00,0.000000e+00,0.000000e+00,0.000000e+00,0.000000e+00,0.000000e+00,0.000000e+00,0.000000e+00,0.000000e+00,0.000000e+00,0.000000e+00,0.000000e+00
1.000000e+00,0.000000e+00,0.000000e+00,0.000000e+00,0.000000e+00,0.000000e+00,0.000000e+00,0.000000e+00,0.000000e+00,0.000000e+00,0.000000e+00,0.000000e+00,0.000000e+00,0.000000e+00,0.000000e+00
1.000000e+00,0.000000e+00,0.000000e+00,0.000000e+00,0.000000e+00,0.000000e+00,0.000000e+00,0.000000e+00,0.000000e+00,0.000000e+00,0.000000e+00,0.000000e+00,0.000000e+00,0.000000e+00,0.000000e+00
1.000000e+00,0.000000e+00,0.000000e+00,0.000000e+00,0.000000e+00,0.000000e+00,0.000000e+00,0.000000e+00,0.000000e+00,0.000000e+00,0.000000e+00,0.000000e+00,0.000000e+00,0.000000e+00,0.000000e+00
1.000000e+00,0.000000e+00,0.000000e+00,0.000000e+00,0.000000e+00,0.000000e+00,0.000000e+00,0.000000e+00,0.000000e+00,0.000000e+00,0.000000e+00,0.000000e+00,0.000000e+00,0.000000e+00,0.000000e+00
1.000000e+00,0.000000e+00,0.000000e+00,0.000000e+00,0.000000e+00,0.000000e+00,0.000000e+00,0.000000e+00,0.000000e+00,0.000000e+00,0.000000e+00,0.000000e+00,0.000000e+00,0.000000e+00,0.000000e+00
1.000000e+00,0.000000e+00,0.000000e+00,0.000000e+00,0.000000e+00,0.000000e+00,0.000000e+00,0.000000e+00,0.000000e+00,0.000000e+00,0.000000e+00,0.000000e+00,0.000000e+00,0.000000e+00,0.000000e+00
1.000000e+00,0.000000e+00,0.000000e+00,0.000000e+00,0.000000e+00,0.000000e+00,0.000000e+00,0.000000e+00,0.000000e+00,0.000000e+00,0.000000e+00,0.000000e+00,0.000000e+00,0.000000e+00,0.000000e+00
1.000000e+00,0.000000e+00,0.000000e+00,0.000000e+00,0.000000e+00,0.000000e+00,0.000000e+00,0.000000e+00,0.000000e+00,0.000000e+00,0.000000e+00,0.000000e+00,0.000000e+00,0.000000e+00,0.000000e+00
1.000000e+00,0.000000e+00,0.000000e+00,0.000000e+00,0.000000e+00,0.000000e+00,0.000000e+00,0.000000e+00,0.000000e+00,0.000000e+00,0.000000e+00,0.000000e+00,0.000000e+00,0.000000e+00,0.000000e+00
1.000000e+00,0.000000e+00,0.000000e+00,0.000000e+00,0.000000e+00,0.000000e+00,0.000000e+00,0.000000e+00,0.000000e+00,0.000000e+00,0.000000e+00,0.000000e+00,0.000000e+00,0.000000e+00,0.000000e+00
1.000000e+00,0.000000e+00,0.000000e+00,0.000000e+00,0.000000e+00,0.000000e+00,0.000000e+00,0.000000e+00,0.000000e+00,0.000000e+00,0.000000e+00,0.000000e+00,0.000000e+00,0.000000e+00,0.000000e+00
1.000000e+00,0.000000e+00,0.000000e+00,0.000000e+00,0.000000e+00,0.000000e+00,0.000000e+00,0.000000e+00,0.000000e+00,0.000000e+00,0.000000e+00,0.000000e+00,0.000000e+00,0.000000e+00,0.000000e+00
1.000000e+00,0.000000e+00,0.000000e+00,0.000000e+00,0.000000e+00,0.000000e+00,0.000000e+00,0.000000e+00,0.000000e+00,0.000000e+00,0.000000e+00,0.000000e+00,0.000000e+00,0.000000e+00,0.000000e+00
1.000000e+00,0.000000e+00,0.000000e+00,0.000000e+00,0.000000e+00,0.000000e+00,0.000000e+00,0.000000e+00,0.000000e+00,0.000000e+00,0.000000e+00,0.000000e+00,0.000000e+00,0.000000e+00,0.000000e+00
1.000000e+00,0.000000e+00,0.000000e+00,0.000000e+00,0.000000e+00,0.000000e+00,0.000000e+00,0.000000e+00,0.000000e+00,0.000000e+00,0.000000e+00,0.000000e+00,0.000000e+00,0.000000e+00,0.000000e+00
1.000000e+00,0.000000e+00,0.000000e+00,0.000000e+00,0.000000e+00,0.000000e+00,0.000000e+00,0.000000e+00,0.000000e+00,0.000000e+00,0.000000e+00,0.000000e+00,0.000000e+00,0.000000e+00,0.000000e+00
1.000000e+00,0.000000e+00,0.000000e+00,0.000000e+00,0.000000e+00,0.000000e+00,0.000000e+00,0.000000e+00,0.000000e+00,0.000000e+00,0.000000e+00,0.000000e+00,0.000000e+00,0.000000e+00,0.000000e+00
1.000000e+00,0.000000e+00,0.000000e+00,0.000000e+00,0.000000e+00,0.000000e+00,0.000000e+00,0.000000e+00,0.000000e+00,0.000000e+00,0.000000e+00,0.000000e+00,0.000000e+00,0.000000e+00,0.000000e+00
1.000000e+00,0.000000e+00,0.000000e+00,0.000000e+00,0.000000e+00,0.000000e+00,0.000000e+00,0.000000e+00,0.000000e+00,0.000000e+00,0.000000e+00,0.000000e+00,0.000000e+00,0.000000e+00,0.000000e+00
1.000000e+00,0.000000e+00,0.000000e+00,0.000000e+00,0.000000e+00,0.000000e+00,0.000000e+00,0.000000e+00,0.000000e+00,0.000000e+00,0.000000e+00,0.000000e+00,0.000000e+00,0.000000e+00,0.000000e+00
1.000000e+00,0.000000e+00,0.000000e+00,0.000000e+00,0.000000e+00,0.000000e+00,0.000000e+00,0.000000e+00,0.000000e+00,0.000000e+00,0.000000e+00,0.000000e+00,0.000000e+00,0.000000e+00,0.000000e+00
1.000000e+00,0.000000e+00,0.000000e+00,0.000000e+00,0.000000e+00,0.000000e+00,0.000000e+00,0.000000e+00,0.000000e+00,0.000000e+00,0.000000e+00,0.000000e+00,0.000000e+00,0.000000e+00,0.000000e+00
1.000000e+00,0.000000e+00,0.000000e+00,0.000000e+00,0.000000e+00,0.000000e+00,0.000000e+00,0.000000e+00,0.000000e+00,0.000000e+00,0.000000e+00,0.000000e+00,0.000000e+00,0.000000e+00,0.000000e+00
1.000000e+00,0.000000e+00,0.000000e+00,0.000000e+00,0.000000e+00,0.000000e+00,0.000000e+00,0.000000e+00,0.000000e+00,0.000000e+00,0.000000e+00,0.000000e+00,0.000000e+00,0.000000e+00,0.000000e+00
1.000000e+00,0.000000e+00,0.000000e+00,0.000000e+00,0.000000e+00,0.000000e+00,0.000000e+00,0.000000e+00,0.000000e+00,0.000000e+00,0.000000e+00,0.000000e+00,0.000000e+00,0.000000e+00,0.000000e+00
1.000000e+00,0.000000e+00,0.000000e+00,0.000000e+00,0.000000e+00,0.000000e+00,0.000000e+00,0.000000e+00,0.000000e+00,0.000000e+00,0.000000e+00,0.000000e+00,0.000000e+00,0.000000e+00,0.000000e+00
1.000000e+00,0.000000e+00,0.000000e+00,0.000000e+00,0.000000e+00,0.000000e+00,0.000000e+00,0.000000e+00,0.000000e+00,0.000000e+00,0.000000e+00,0.000000e+00,0.000000e+00,0.000000e+00,0.000000e+00
1.000000e+00,0.000000e+00,0.000000e+00,0.000000e+00,0.000000e+00,0.000000e+00,0.000000e+00,0.000000e+00,0.000000e+00,0.000000e+00,0.000000e+00,0.000000e+00,0.000000e+00,0.000000e+00,0.000000e+00
1.000000e+00,0.000000e+00,0.000000e+00,0.000000e+00,0.000000e+00,0.000000e+00,0.000000e+00,0.000000e+00,0.000000e+00,0.000000e+00,0.000000e+00,0.000000e+00,0.000000e+00,0.000000e+00,0.000000e+00
1.000000e+00,0.000000e+00,0.000000e+00,0.000000e+00,0.000000e+00,0.000000e+00,0.000000e+00,0.000000e+00,0.000000e+00,0.000000e+00,0.000000e+00,0.000000e+00,0.000000e+00,0.000000e+00,0.000000e+00
1.000000e+00,0.000000e+00,0.000000e+00,0.000000e+00,0.000000e+00,0.000000e+00,0.000000e+00,0.000000e+00,0.000000e+00,0.000000e+00,0.000000e+00,0.000000e+00,0.000000e+00,0.000000e+00,0.000000e+00
1.000000e+00,0.000000e+00,0.000000e+00,0.000000e+00,0.000000e+00,0.000000e+00,0.000000e+00,0.000000e+00,0.000000e+00,0.000000e+00,0.000000e+00,0.000000e+00,0.000000e+00,0.000000e+00,0.000000e+00
1.000000e+00,0.000000e+00,0.000000e+00,0.000000e+00,0.000000e+00,0.000000e+00,0.000000e+00,0.000000e+00,0.000000e+00,0.000000e+00,0.000000e+00,0.000000e+00,0.000000e+00,0.000000e+00,0.000000e+00
1.000000e+00,0.000000e+00,0.000000e+00,0.000000e+00,0.000000e+00,0.000000e+00,0.000000e+00,0.000000e+00,0.000000e+00,0.000000e+00,0.000000e+00,0.000000e+00,0.000000e+00,0.000000e+00,0.000000e+00
1.000000e+00,0.000000e+00,0.000000e+00,0.000000e+00,0.000000e+00,0.000000e+00,0.000000e+00,0.000000e+00,0.000000e+00,0.000000e+00,0.000000e+00,0.000000e+00,0.000000e+00,0.000000e+00,0.000000e+00
1.000000e+00,0.000000e+00,0.000000e+00,0.000000e+00,0.000000e+00,0.000000e+00,0.000000e+00,0.000000e+00,0.000000e+00,0.000000e+00,0.000000e+00,0.000000e+00,0.000000e+00,0.000000e+00,0.000000e+00
1.000000e+00,0.000000e+00,0.000000e+00,0.000000e+00,0.000000e+00,0.000000e+00,0.000000e+00,0.000000e+00,0.000000e+00,0.000000e+00,0.000000e+00,0.000000e+00,0.000000e+00,0.000000e+00,0.000000e+00
1.000000e+00,0.000000e+00,0.000000e+00,0.000000e+00,0.000000e+00,0.000000e+00,0.000000e+00,0.000000e+00,0.000000e+00,0.000000e+00,0.000000e+00,0.000000e+00,0.000000e+00,0.000000e+00,0.000000e+00
1.000000e+00,0.000000e+00,0.000000e+00,0.000000e+00,0.000000e+00,0.000000e+00,0.000000e+00,0.000000e+00,0.000000e+00,0.000000e+00,0.000000e+00,0.000000e+00,0.000000e+00,0.000000e+00,0.000000e+00
1.000000e+00,0.000000e+00,0.000000e+00,0.000000e+00,0.000000e+00,0.000000e+00,0.000000e+00,0.000000e+00,0.000000e+00,0.000000e+00,0.000000e+00,0.000000e+00,0.000000e+00,0.000000e+00,0.000000e+00
1.000000e+00,0.000000e+00,0.000000e+00,0.000000e+00,0.000000e+00,0.000000e+00,0.000000e+00,0.000000e+00,0.000000e+00,0.000000e+00,0.000000e+00,0.000000e+00,0.000000e+00,0.000000e+00,0.000000e+00
1.000000e+00,0.000000e+00,0.000000e+00,0.000000e+00,0.000000e+00,0.000000e+00,0.000000e+00,0.000000e+00,0.000000e+00,0.000000e+00,0.000000e+00,0.000000e+00,0.000000e+00,0.000000e+00,0.000000e+00
1.000000e+00,0.000000e+00,0.000000e+00,0.000000e+00,0.000000e+00,0.000000e+00,0.000000e+00,0.000000e+00,0.000000e+00,0.000000e+00,0.000000e+00,0.000000e+00,0.000000e+00,0.000000e+00,0.000000e+00
4.275923e-01,3.474479e-02,8.803046e-02,2.826125e-01,7.291653e-03,2.045981e-02,4.933449e-03,8.444624e-03,1.096160e-02,1.693956e-03,5.665725e-02,2.494669e-02,1.547670e-02,5.400866e-03,1.075326e-02
3.463518e-01,3.194224e-02,6.958432e-02,2.875923e-01,6.845764e-03,1.653491e-02,3.976343e-03,8.634655e-03,1.340687e-02,1.810548e-03,1.373096e-01,3.448167e-02,1.223172e-02,1.979387e-02,9.503394e-03
3.118475e-01,2.408233e-02,4.995217e-02,2.785046e-01,7.746119e-03,1.301816e-02,3.368229e-03,1.011530e-02,1.469988e-02,1.745060e-03,1.767410e-01,4.015875e-02,1.039933e-02,5.003300e-02,7.588490e-03
2.413406e-01,1.828153e-02,3.522522e-02,2.223645e-01,4.701757e-02,1.057680e-02,2.715504e-03,8.437629e-03,2.180775e-02,2.072546e-03,2.572438e-01,5.560739e-02,1.179946e-02,5.927171e-02,6.237971e-03
1.691915e-01,1.292223e-02,2.473684e-02,1.564677e-01,2.551723e-01,7.533656e-03,1.923491e-03,6.016201e-03,2.535521e-02,1.739244e-03,2.146255e-01,4.128658e-02,9.625178e-03,6.871671e-02,4.687605e-03
1.195577e-01,9.220689e-03,1.751025e-02,1.098806e-01,2.391285e-01,1.433698e-02,1.387377e-03,4.835662e-03,8.491965e-02,1.926784e-03,1.677450e-01,3.011038e-02,7.863523e-03,1.864143e-01,5.162588e-03
8.474478e-02,7.086230e-03,1.236811e-02,7.834447e-02,1.978056e-01,1.494927e-02,1.003080e-03,3.662355e-03,1.914189e-01,2.394632e-03,1.307807e-01,2.154636e-02,5.944324e-03,2.411449e-01,6.806254e-03
6.021272e-02,5.648882e-03,9.110511e-03,5.555343e-02,1.419136e-01,1.173578e-02,7.286637e-04,2.740245e-03,2.527232e-01,1.894871e-03,9.705296e-02,1.523221e-02,4.786491e-03,3.339908e-01,6.675652e-03
4.299197e-02,4.275899e-03,6.628117e-03,3.939016e-02,1.011374e-01,1.077604e-02,5.518589e-04,2.099902e-03,4.019918e-01,1.442659e-03,6.990158e-02,1.072237e-02,3.596371e-03,2.984297e-01,6.064121e-03
3.302304e-02,3.659994e-03,5.381668e-03,2.852842e-02,7.184731e-02,1.460815e-02,4.613733e-04,1.627252e-03,4.450001e-01,1.245248e-03,5.722752e-02,7.688821e-03,3.747065e-03,3.198190e-01,6.135014e-03
2.375194e-02,3.224216e-03,4.907263e-03,2.382461e-02,5.059545e-02,1.201234e-02,3.506063e-04,1.268861e-03,5.798929e-01,1.404973e-03,4.356133e-02,5.809724e-03,4.241547e-03,2.391621e-01,5.992088e-03
3.264105e-02,3.897927e-03,8.320060e-03,2.240959e-02,3.721511e-02,3.303532e-02,7.204138e-04,3.177566e-03,5.714349e-01,1.470570e-03,4.211843e-02,4.614141e-03,5.713401e-03,2.273704e-01,5.861170e-03
3.170551e-02,5.255431e-03,2.733327e-02,1.905426e-02,3.520796e-02,3.227837e-02,6.847350e-04,4.177117e-03,5.829903e-01,1.960431e-03,3.173358e-02,3.352222e-03,4.254412e-03,2.137350e-01,6.277372e-03
3.255486e-02,6.195220e-03,3.700320e-02,1.813833e-02,3.588695e-02,2.651649e-02,6.073706e-04,5.293311e-03,5.872054e-01,3.484734e-03,2.420979e-02,2.484773e-03,3.201859e-03,2.110578e-01,6.159983e-03
2.612571e-02,8.244211e-03,3.138416e-02,1.569038e-02,3.115207e-02,2.037286e-02,4.676374e-04,4.417828e-03,5.960445e-01,5.905923e-03,1.848843e-02,1.794756e-03,2.539374e-03,2.210358e-01,1.633628e-02
2.769455e-02,7.365539e-03,3.918604e-02,1.732169e-01,3.370080e-02,1.494504e-02,3.715250e-04,4.633301e-03,4.930121e-01,1.230326e-02,1.447698e-02,1.323675e-03,2.132853e-03,1.580663e-01,1.757112e-02
3.489129e-02,6.688013e-03,5.097134e-02,1.602327e-01,3.529114e-02,1.173933e-02,2.912967e-04,4.893361e-03,4.456098e-01,5.621044e-02,1.619927e-02,1.106160e-03,2.793379e-03,1.181490e-01,5.493340e-02
3.877755e-02,7.243736e-03,4.629293e-02,1.661521e-01,3.044197e-02,9.035312e-03,2.517838e-04,8.256219e-03,4.644652e-01,6.116892e-02,1.919637e-02,1.469308e-03,5.373550e-03,8.949713e-02,5.237788e-02
6.485736e-02,6.767266e-03,5.788649e-02,1.397652e-01,3.228954e-02,7.989462e-03,3.992843e-04,5.194981e-02,4.194569e-01,5.644904e-02,2.192527e-02,3.613260e-03,1.753538e-02,7.533362e-02,4.378220e-02
5.523635e-02,4.936710e-03,1.008807e-01,1.080414e-01,2.893652e-02,5.967300e-03,1.432659e-03,2.341221e-01,3.013580e-01,4.184351e-02,1.603054e-02,2.784571e-03,1.364057e-02,5.359774e-02,3.119128e-02
4.407320e-02,3.548078e-03,1.505295e-01,7.797988e-02,2.677675e-02,4.379215e-03,1.683876e-03,3.662374e-01,2.112045e-01,3.066147e-02,1.133471e-02,2.027954e-03,9.854463e-03,3.769482e-02,2.201419e-02
3.474678e-02,2.652979e-03,1.299075e-01,5.667959e-02,2.697537e-02,3.447018e-03,1.751685e-03,5.144143e-01,1.483261e-01,2.239379e-02,7.985878e-03,1.506885e-03,7.014635e-03,2.671386e-02,1.548364e-02
2.795447e-02,1.992302e-03,9.433640e-02,4.042195e-02,2.423744e-02,2.524681e-03,1.621059e-03,6.455094e-01,1.040930e-01,1.580218e-02,5.614523e-03,1.100605e-03,4.961850e-03,1.896031e-02,1.086982e-02
2.480862e-02,1.821435e-03,6.876891e-02,2.901888e-02,2.641904e-02,1.927107e-03,1.504008e-03,7.317058e-01,7.323897e-02,1.117927e-02,3.965488e-03,8.521483e-04,3.586799e-03,1.352848e-02,7.674977e-03
2.230125e-02,1.685585e-03,4.904171e-02,2.081571e-02,2.231544e-02,1.483831e-03,1.112394e-03,8.008960e-01,5.154076e-02,7.860907e-03,2.812158e-03,6.596923e-04,2.562645e-03,9.500301e-03,5.411600e-03
2.806372e-02,1.490997e-03,3.503784e-02,1.582018e-02,2.276394e-02,1.442244e-03,1.026925e-03,8.372973e-01,3.642770e-02,5.544449e-03,2.051800e-03,5.791630e-04,1.907591e-03,6.721336e-03,3.824816e-03
3.617952e-02,1.340210e-03,2.580080e-02,1.529763e-02,2.383345e-02,2.196018e-03,1.396749e-03,8.527483e-01,2.580808e-02,3.962976e-03,1.706589e-03,5.712010e-04,1.609854e-03,4.768955e-03,2.779677e-03
3.273335e-02,1.309978e-03,1.897565e-02,1.268813e-02,3.187675e-02,2.608536e-03,1.914558e-03,8.676103e-01,1.833677e-02,2.897541e-03,1.599189e-03,4.785873e-04,1.561950e-03,3.380872e-03,2.027804e-03
3.806088e-02,1.602350e-03,1.422343e-02,1.129813e-02,3.852157e-02,3.318200e-03,2.740745e-03,8.666290e-01,1.364421e-02,2.150622e-03,1.574611e-03,4.850879e-04,1.734888e-03,2.489283e-03,1.526954e-03
8.950420e-02,2.478566e-03,1.208701e-02,9.681596e-03,4.551170e-02,8.549143e-03,6.815636e-03,8.005732e-01,1.184700e-02,1.863273e-03,2.029059e-03,2.268885e-03,3.039595e-03,1.942445e-03,1.808625e-03
1.494322e-01,3.183423e-03,1.086320e-02,8.626439e-03,4.781117e-02,1.008530e-02,7.972724e-03,7.315786e-01,1.065139e-02,1.739563e-03,2.732371e-03,5.882678e-03,4.980317e-03,1.630733e-03,2.829828e-03
1.779932e-01,3.406078e-03,8.766898e-03,7.829942e-03,4.498777e-02,1.132086e-02,8.910415e-03,7.003484e-01,9.854790e-03,1.582261e-03,3.108776e-03,1.005103e-02,6.799177e-03,1.382849e-03,3.657529e-03
2.456036e-01,3.816352e-03,7.253911e-03,8.543887e-03,4.099887e-02,1.113820e-02,7.742168e-03,6.321715e-01,9.429513e-03,1.595310e-03,3.803236e-03,1.415646e-02,8.357350e-03,1.334420e-03,4.055161e-03
2.900823e-01,4.760217e-03,6.533479e-03,1.223761e-02,3.808980e-02,1.279818e-02,6.868244e-03,5.736241e-01,8.680457e-03,1.886291e-03,5.039584e-03,1.956207e-02,1.128560e-02,1.700574e-03,6.851387e-03
2.744835e-01,6.716157e-03,6.226516e-03,2.396073e-02,3.709625e-02,1.490012e-02,5.678438e-03,4.955425e-01,1.107817e-02,2.362504e-03,1.373273e-02,3.560217e-02,6.008244e-02,2.053295e-03,1.048438e-02
2.667400e-01,8.777006e-03,7.677161e-03,3.201263e-02,3.879362e-02,1.894693e-02,4.746559e-03,4.413835e-01,1.503880e-02,3.178430e-03,1.807246e-02,3.666641e-02,9.155760e-02,2.278521e-03,1.413037e-02
2.191442e-01,1.381436e-02,7.596007e-03,4.247719e-02,3.880037e-02,1.909119e-02,4.490090e-03,3.795125e-01,2.904058e-02,7.444537e-03,2.192377e-02,4.647649e-02,1.360702e-01,2.898361e-03,3.122014e-02
1.705862e-01,1.887978e-02,7.011780e-03,6.149875e-02,3.626008e-02,2.026545e-02,4.690979e-03,2.738209e-01,7.965111e-02,8.706690e-03,2.346164e-02,4.721354e-02,2.043492e-01,3.412441e-03,4.019139e-02
1.973971e-01,2.320305e-02,1.026114e-02,7.219700e-02,5.126657e-02,2.001180e-02,7.398516e-03,2.038735e-01,9.152885e-02,7.773948e-03,2.993640e-02,4.571678e-02,1.958408e-01,3.600933e-03,3.999364e-02
2.217913e-01,2.904372e-02,1.253751e-02,9.228750e-02,4.745846e-02,2.073218e-02,8.978923e-03,1.463240e-01,1.071377e-01,7.930914e-03,2.572262e-02,4.591229e-02,1.783284e-01,4.008850e-03,5.180566e-02
2.979425e-01,2.895017e-02,1.429159e-02,7.917627e-02,3.922185e-02,2.229986e-02,8.886075e-03,1.071759e-01,9.084158e-02,1.199017e-02,2.486230e-02,4.239027e-02,1.724388e-01,6.259237e-03,5.327345e-02
3.438312e-01,3.775340e-02,1.276008e-02,7.291844e-02,3.247932e-02,1.954459e-02,7.291276e-03,7.973221e-02,1.052130e-01,1.131491e-02,2.286440e-02,4.968093e-02,1.377740e-01,5.945747e-03,6.089655e-02
2.808789e-01,5.059676e-02,2.983135e-02,1.618535e-01,2.724833e-02,1.679728e-02,5.588407e-03,5.977567e-02,1.191383e-01,9.299532e-03,2.454507e-02,5.026574e-02,1.027666e-01,4.997057e-03,5.641761e-02
2.962776e-01,4.888343e-02,5.497108e-02,1.511113e-01,3.260354e-02,1.812327e-02,4.599235e-03,4.920039e-02,1.296102e-01,7.182892e-03,2.361685e-02,4.875116e-02,8.382000e-02,4.291372e-03,4.695769e-02
3.390743e-01,4.841840e-02,5.324276e-02,1.232799e-01,4.710211e-02,2.479429e-02,5.598169e-03,4.414599e-02,1.204707e-01,6.112386e-03,1.932855e-02,4.102227e-02,8.392122e-02,4.163267e-03,3.932580e-02
3.027388e-01,6.178033e-02,4.232764e-02,9.555517e-02,5.442668e-02,3.954822e-02,7.135508e-03,4.293063e-02,1.483944e-01,6.544423e-03,1.527314e-02,3.096750e-02,9.878277e-02,4.462737e-03,4.913199e-02
2.782735e-01,7.567064e-02,3.384911e-02,7.725614e-02,5.646980e-02,6.006529e-02,6.968680e-03,3.617599e-02,1.713671e-01,6.505690e-03,1.283114e-02,2.423358e-02,8.927650e-02,4.377215e-03,6.667959e-02
3.106546e-01,8.145887e-02,2.872607e-02,6.305844e-02,4.768530e-02,5.877316e-02,6.481503e-03,2.772052e-02,1.781192e-01,7.328474e-03,1.371320e-02,2.255272e-02,7.548758e-02,6.245429e-03,7.199497e-02
3.480165e-01,7.568611e-02,3.465346e-02,6.724381e-02,4.064428e-02,5.102584e-02,6.389661e-03,2.368540e-02,1.689232e-01,7.767624e-03,1.459717e-02,2.435846e-02,6.155609e-02,7.765726e-03,6.768669e-02
3.775950e-01,5.809049e-02,7.646424e-02,9.174578e-02,3.473005e-02,4.153006e-02,4.887812e-03,2.180658e-02,1.259539e-01,7.765141e-03,1.660174e-02,2.342787e-02,5.311349e-02,8.438819e-03,5.784905e-02
4.038605e-01,4.375321e-02,1.250482e-01,1.064986e-01,2.672113e-02,3.117035e-02,3.952347e-03,1.978335e-02,9.617400e-02,7.180350e-03,1.697414e-02,2.167229e-02,3.924461e-02,1.026318e-02,4.770369e-02
4.388015e-01,3.257956e-02,1.196117e-01,1.256277e-01,2.139096e-02,2.311087e-02,3.480083e-03,4.734775e-02,7.318670e-02,5.445416e-03,1.586168e-02,1.796448e-02,2.907863e-02,1.076287e-02,3.575017e-02
4.886803e-01,2.562286e-02,9.774041e-02,1.424410e-01,1.916565e-02,1.772689e-02,2.859293e-03,5.605391e-02,5.505977e-02,4.640483e-03,1.434607e-02,1.476650e-02,2.194679e-02,1.145827e-02,2.749184e-02
1.000000e+00,0.000000e+00,0.000000e+00,0.000000e+00,0.000000e+00,0.000000e+00,0.000000e+00,0.000000e+00,0.000000e+00,0.000000e+00,0.000000e+00,0.000000e+00,0.000000e+00,0.000000e+00,0.000000e+00
1.000000e+00,0.000000e+00,0.000000e+00,0.000000e+00,0.000000e+00,0.000000e+00,0.000000e+00,0.000000e+00,0.000000e+00,0.000000e+00,0.000000e+00,0.000000e+00,0.000000e+00,0.000000e+00,0.000000e+00
1.000000e+00,0.000000e+00,0.000000e+00,0.000000e+00,0.000000e+00,0.000000e+00,0.000000e+00,0.000000e+00,0.000000e+00,0.000000e+00,0.000000e+00,0.000000e+00,0.000000e+00,0.000000e+00,0.000000e+00
1.000000e+00,0.000000e+00,0.000000e+00,0.000000e+00,0.000000e+00,0.000000e+00,0.000000e+00,0.000000e+00,0.000000e+00,0.000000e+00,0.000000e+00,0.000000e+00,0.000000e+00,0.000000e+00,0.000000e+00
1.000000e+00,0.000000e+00,0.000000e+00,0.000000e+00,0.000000e+00,0.000000e+00,0.000000e+00,0.000000e+00,0.000000e+00,0.000000e+00,0.000000e+00,0.000000e+00,0.000000e+00,0.000000e+00,0.000000e+00
1.000000e+00,0.000000e+00,0.000000e+00,0.000000e+00,0.000000e+00,0.000000e+00,0.000000e+00,0.000000e+00,0.000000e+00,0.000000e+00,0.000000e+00,0.000000e+00,0.000000e+00,0.000000e+00,0.000000e+00
4.056107e-01,4.727736e-02,6.722779e-02,9.169648e-02,4.896835e-03,1.859090e-02,1.866321e-03,2.325205e-02,2.325436e-02,1.456007e-02,2.378073e-02,5.639273e-02,2.926475e-02,4.454461e-02,1.477844e-01
4.195786e-01,4.235342e-02,5.162861e-02,7.287382e-02,3.986061e-03,1.821372e-02,1.784202e-03,1.746849e-02,2.025222e-02,1.436150e-02,3.238651e-02,1.058652e-01,3.039259e-02,4.447635e-02,1.243787e-01
1.000000e+00,0.000000e+00,0.000000e+00,0.000000e+00,0.000000e+00,0.000000e+00,0.000000e+00,0.000000e+00,0.000000e+00,0.000000e+00,0.000000e+00,0.000000e+00,0.000000e+00,0.000000e+00,0.000000e+00
4.962598e-01,2.663597e-02,2.787378e-02,4.394244e-02,3.795102e-03,2.234053e-02,1.726312e-03,9.347137e-03,1.452644e-02,3.745736e-02,4.120903e-02,1.599461e-01,1.951093e-02,2.685900e-02,6.857012e-02
3.938449e-01,2.020280e-02,2.064134e-02,3.287817e-02,3.775840e-03,2.451085e-02,1.482240e-03,6.676798e-03,1.424865e-02,6.105340e-02,5.266256e-02,2.795116e-01,1.447290e-02,2.303431e-02,5.100367e-02
3.862430e-01,1.501349e-02,1.514984e-02,2.635795e-02,6.841475e-03,2.174131e-02,1.841662e-03,6.281239e-03,1.839819e-02,7.447989e-02,5.630133e-02,2.997190e-01,1.115047e-02,2.276935e-02,3.771171e-02
3.876464e-01,1.119016e-02,1.095237e-02,1.962677e-02,5.647877e-03,1.805021e-02,1.638355e-03,4.984165e-03,1.637170e-02,6.314231e-02,7.726441e-02,3.277027e-01,8.751304e-03,1.949027e-02,2.754098e-02
3.721847e-01,9.622850e-03,8.395542e-03,1.573011e-02,5.272681e-03,1.599253e-02,2.317725e-03,5.226665e-03,2.463624e-02,5.359073e-02,1.079267e-01,3.317170e-01,7.156240e-03,1.754648e-02,2.268381e-02
3.010696e-01,1.068271e-02,9.116634e-03,1.585591e-02,1.720443e-02,1.379369e-02,2.758319e-03,8.300795e-03,4.952559e-02,4.662516e-02,1.933085e-01,2.946292e-01,5.825536e-03,1.477045e-02,1.653337e-02
2.681598e-01,1.517395e-02,1.118994e-02,1.628785e-02,3.384693e-02,1.448453e-02,8.025466e-03,9.412131e-03,6.883661e-02,3.683181e-02,2.092087e-01,2.774044e-01,5.009942e-03,1.383837e-02,1.228951e-02
2.958868e-01,2.060783e-02,1.325908e-02,4.250201e-02,4.281054e-02,1.631420e-02,1.048558e-02,1.272427e-02,6.594866e-02,2.837387e-02,1.644070e-01,2.446744e-01,6.724344e-03,1.281573e-02,2.246582e-02
3.242831e-01,1.689953e-02,1.076153e-02,3.431876e-02,4.116973e-02,1.535242e-02,8.550045e-03,1.078856e-02,9.184788e-02,2.197504e-02,1.777718e-01,2.012471e-01,6.567509e-03,1.992443e-02,1.854257e-02
3.785740e-01,1.655541e-02,1.019049e-02,3.600705e-02,3.745976e-02,1.756380e-02,6.639388e-03,1.053586e-02,8.033863e-02,1.763502e-02,1.724939e-01,1.708360e-01,6.688586e-03,2.039574e-02,1.808633e-02
3.725737e-01,1.569282e-02,1.249525e-02,3.019314e-02,3.844807e-02,1.563823e-02,4.994094e-03,1.021353e-02,1.376604e-01,1.362239e-02,1.649307e-01,1.357898e-01,6.152122e-03,2.530015e-02,1.629560e-02
3.556623e-01,1.671998e-02,1.296201e-02,2.627801e-02,4.678366e-02,1.377423e-02,4.145349e-03,1.031240e-02,1.680885e-01,1.082162e-02,1.640185e-01,1.094814e-01,5.404580e-03,3.761062e-02,1.793691e-02
3.374520e-01,1.542103e-02,1.761809e-02,2.664187e-02,4.561445e-02,1.384209e-02,3.454762e-03,1.225036e-02,1.704675e-01,9.921204e-03,1.825818e-01,1.007151e-01,5.048715e-03,3.761148e-02,2.135964e-02
2.884068e-01,1.465277e-02,1.644002e-02,2.194133e-02,5.471028e-02,1.254615e-02,2.683551e-03,1.287043e-02,1.762193e-01,8.160261e-03,2.473550e-01,8.069178e-02,4.268588e-03,3.827398e-02,2.077971e-02
3.189842e-01,1.257836e-02,1.524277e-02,2.193603e-02,5.297410e-02,1.799618e-02,2.399945e-03,1.732179e-02,1.720941e-01,7.107588e-03,2.294670e-01,6.695917e-02,4.698027e-03,3.580463e-02,2.443606e-02
3.187636e-01,1.200447e-02,1.946252e-02,2.541029e-02,5.018180e-02,1.669063e-02,1.969122e-03,2.686869e-02,1.405954e-01,6.065326e-03,2.771792e-01,5.432416e-02,4.101560e-03,2.678582e-02,1.959742e-02
2.933466e-01,1.255974e-02,1.615265e-02,2.043515e-02,5.779229e-02,1.323623e-02,1.513969e-03,2.222601e-02,1.400692e-01,5.277055e-03,3.319427e-01,4.115003e-02,3.401709e-03,2.514544e-02,1.575134e-02
2.705685e-01,1.647924e-02,1.373387e-02,1.914513e-02,4.700620e-02,1.032685e-02,1.170110e-03,1.971001e-02,1.688270e-01,4.495000e-03,3.593009e-01,3.011342e-02,2.781669e-03,2.434884e-02,1.199329e-02
2.424074e-01,1.701461e-02,1.136547e-02,1.714127e-02,3.605584e-02,8.162261e-03,9.080415e-04,1.758917e-02,2.240596e-01,3.364678e-03,3.650128e-01,2.191204e-02,2.175215e-03,2.386968e-02,8.961849e-03
2.283109e-01,1.934888e-02,1.357426e-02,2.114132e-02,3.738154e-02,8.429822e-03,9.725951e-04,2.473836e-02,2.490783e-01,2.587625e-03,3.418340e-01,1.745043e-02,2.212636e-03,2.561978e-02,7.319630e-03
2.443079e-01,1.452448e-02,1.161434e-02,1.581524e-02,2.819633e-02,8.929508e-03,7.877127e-04,1.908021e-02,2.485287e-01,2.103815e-03,3.572468e-01,1.487091e-02,2.186802e-03,2.426848e-02,7.538795e-03
2.481570e-01,1.107817e-02,1.052464e-02,1.329811e-02,2.411285e-02,1.076777e-02,7.226192e-04,1.474818e-02,3.260024e-01,1.782044e-03,2.852471e-01,1.447448e-02,2.317508e-03,2.809641e-02,8.670722e-03
2.675157e-01,8.402427e-03,1.114162e-02,1.132056e-02,2.093151e-02,1.318203e-02,8.137119e-04,1.189156e-02,3.621332e-01,1.403044e-03,2.384887e-01,1.210605e-02,2.329211e-03,3.083336e-02,7.507282e-03
2.951684e-01,6.431039e-03,9.876398e-03,1.034551e-02,1.915211e-02,1.422440e-02,9.557324e-04,1.020328e-02,3.948001e-01,1.173425e-03,1.837163e-01,1.272567e-02,3.367843e-03,3.149293e-02,6.366934e-03
3.198320e-01,7.458065e-03,1.404365e-02,3.606361e-02,2.495353e-02,1.822472e-02,1.082865e-03,9.832393e-03,3.699579e-01,1.098534e-03,1.340735e-01,2.024035e-02,5.183660e-03,2.907295e-02,8.882277e-03
2.445560e-01,2.116991e-02,1.413682e-02,1.767219e-01,2.129171e-02,1.474295e-02,8.301326e-04,7.586741e-03,3.213080e-01,1.901780e-03,1.010898e-01,1.621143e-02,7.198285e-03,2.197656e-02,2.927794e-02
1.890720e-01,3.163129e-02,1.613889e-01,1.718458e-01,1.599838e-02,2.085624e-02,8.690249e-04,1.008507e-02,2.376847e-01,2.874148e-03,7.865064e-02,1.225245e-02,6.984371e-03,2.077634e-02,3.903055e-02
1.330316e-01,4.025210e-02,1.358081e-01,1.739142e-01,1.161097e-02,1.643495e-02,6.949718e-04,7.334575e-03,1.878381e-01,9.752358e-03,6.871017e-02,9.394646e-03,6.773841e-03,2.320155e-02,1.752478e-01
9.365147e-02,3.193411e-02,1.081695e-01,1.916139e-01,8.745182e-03,1.204892e-02,5.914448e-04,5.446077e-03,2.184884e-01,1.777334e-02,7.184751e-02,1.238379e-02,9.278378e-03,5.326127e-02,1.647667e-01
6.586490e-02,2.434496e-02,1.000566e-01,1.755795e-01,6.872816e-03,9.343985e-03,5.759518e-04,4.374029e-03,1.972051e-01,2.786171e-02,7.698953e-02,1.259273e-02,1.083663e-02,1.549222e-01,1.325794e-01
4.692801e-02,1.935220e-02,8.145200e-02,1.493355e-01,7.617148e-03,7.602189e-03,6.286579e-04,3.522974e-03,2.341609e-01,3.783228e-02,8.089333e-02,1.223515e-02,1.081427e-02,1.859309e-01,1.216945e-01
3.522711e-02,1.403606e-02,5.821091e-02,1.196298e-01,7.169980e-03,8.293890e-03,5.927335e-04,3.279956e-03,1.857614e-01,7.757273e-02,1.191432e-01,1.437889e-02,1.379086e-02,2.263719e-01,1.165407e-01
3.502053e-02,1.068023e-02,4.179829e-02,9.148431e-02,1.161395e-02,8.482676e-03,6.278682e-04,3.465423e-03,1.498196e-01,1.229254e-01,1.454827e-01,1.574752e-02,1.689153e-02,2.348342e-01,1.111259e-01
3.463582e-02,8.512008e-03,3.070414e-02,9.540245e-02,1.808778e-02,8.259105e-03,7.780762e-04,5.064785e-03,1.519380e-01,1.312429e-01,1.459448e-01,1.838763e-02,2.340446e-02,1.871069e-01,1.405311e-01
2.985666e-02,7.364382e-03,2.280268e-02,1.285399e-01,2.080620e-02,1.062783e-02,7.047552e-04,5.242738e-03,1.407929e-01,1.371521e-01,1.354438e-01,1.745749e-02,2.524006e-02,1.534940e-01,1.644745e-01
3.089253e-02,7.124612e-03,2.105242e-02,1.580975e-01,2.007606e-02,1.091060e-02,5.978853e-04,5.839259e-03,1.659817e-01,1.237947e-01,1.129315e-01,1.762998e-02,2.645354e-02,1.152939e-01,1.833239e-01
3.600515e-02,5.670782e-03,1.991575e-02,1.167388e-01,2.568818e-02,9.984042e-03,6.364329e-04,9.509019e-03,1.369738e-01,1.578069e-01,1.332211e-01,2.164666e-02,3.156559e-02,9.653828e-02,1.980996e-01
5.497127e-02,6.255256e-03,3.000803e-02,9.385478e-02,3.629174e-02,1.002176e-02,1.110265e-03,2.523653e-02,1.136538e-01,2.021960e-01,1.238468e-01,1.890287e-02,2.957382e-02,8.440253e-02,1.696745e-01
6.037324e-02,8.042971e-03,8.148017e-02,1.011297e-01,4.012852e-02,8.260032e-03,1.435792e-03,5.378483e-02,1.031701e-01,2.060659e-01,1.008670e-01,1.460788e-02,2.320035e-02,6.834322e-02,1.291102e-01
6.480934e-02,1.155955e-02,7.040372e-02,7.696889e-02,4.067678e-02,8.107509e-03,1.607890e-03,5.524551e-02,9.403059e-02,2.670822e-01,8.878367e-02,1.121056e-02,1.795753e-02,8.865987e-02,1.028964e-01
9.436052e-02,1.744978e-02,6.426533e-02,6.288815e-02,1.056060e-01,1.025858e-02,1.735571e-03,4.514329e-02,1.008597e-01,2.392962e-01,7.985783e-02,8.705873e-03,1.329303e-02,8.158998e-02,7.469023e-02
1.021462e-01,1.493397e-02,5.045813e-02,5.314123e-02,1.624213e-01,1.186392e-02,1.622191e-03,3.533977e-02,1.368021e-01,2.194701e-01,6.744494e-02,6.513369e-03,9.903464e-03,7.401529e-02,5.392399e-02
8.718216e-02,1.488570e-02,4.153522e-02,1.899534e-01,1.527423e-01,9.373253e-03,1.431242e-03,3.307246e-02,1.573099e-01,1.567409e-01,5.152804e-02,5.656508e-03,7.375356e-03,5.268919e-02,3.852428e-02
8.467730e-02,1.273795e-02,4.915474e-02,2.138479e-01,1.378879e-01,7.317974e-03,1.123303e-03,3.042930e-02,2.344139e-01,1.121698e-01,3.998640e-02,4.674244e-03,5.461127e-03,3.764119e-02,2.847700e-02
7.267807e-02,1.034386e-02,4.591612e-02,1.840882e-01,1.007849e-01,5.667842e-03,8.368935e-04,2.551543e-02,3.816910e-01,8.349282e-02,3.153682e-02,3.741879e-03,4.183754e-03,2.683538e-02,2.268698e-02
8.050282e-02,8.498802e-03,4.467151e-02,1.450189e-01,7.444327e-02,4.944612e-03,6.867383e-04,1.978292e-02,4.817096e-01,6.496744e-02,2.545945e-02,3.766112e-03,4.671678e-03,1.934571e-02,2.153046e-02
1.352796e-01,7.240299e-03,3.949555e-02,1.289113e-01,5.516152e-02,4.687725e-03,7.346755e-04,2.006933e-02,4.956398e-01,4.845232e-02,2.378633e-02,4.560350e-03,4.868317e-03,1.429804e-02,1.681480e-02
1.496892e-01,6.757141e-03,7.235733e-02,1.509661e-01,4.260307e-02,3.913769e-03,8.171791e-04,6.440548e-02,4.223445e-01,3.540834e-02,1.887768e-02,4.112112e-03,4.476217e-03,1.065390e-02,1.261799e-02
1.972435e-01,1.119512e-02,8.537850e-02,1.600651e-01,3.373629e-02,4.211681e-03,1.241738e-03,5.097635e-02,3.621046e-01,3.111718e-02,2.269474e-02,6.279632e-03,6.573287e-03,1.023900e-02,1.694332e-02
2.680850e-01,1.317941e-02,8.280919e-02,1.900246e-01,3.040733e-02,6.259135e-03,1.524695e-03,4.168241e-02,2.766516e-01,2.545730e-02,2.214220e-02,7.371193e-03,7.336310e-03,1.013309e-02,1.693665e-02
2.772182e-01,1.651214e-02,9.211571e-02,2.318178e-01,2.705317e-02,2.243565e-02,3.125188e-03,3.330906e-02,2.030129e-01,2.175243e-02,2.100809e-02,1.189538e-02,7.818102e-03,9.435257e-03,2.149104e-02
3.226019e-01,1.850294e-02,8.814659e-02,2.409284e-01,2.387645e-02,3.288868e-02,3.813810e-03,2.869785e-02,1.493727e-01,1.680781e-02,1.994294e-02,1.274217e-02,8.018070e-03,8.585954e-03,2.507379e-02
4.035990e-01,2.112993e-02,7.994125e-02,1.983263e-01,2.367143e-02,3.344107e-02,5.378330e-03,2.769004e-02,1.141855e-01,1.273387e-02,2.006829e-02,1.501926e-02,8.275460e-03,9.140219e-03,2.740009e-02
4.516713e-01,2.099116e-02,7.057051e-02,1.761385e-01,2.758204e-02,3.114672e-02,5.318787e-03,4.245375e-02,9.225520e-02,9.587201e-03,1.815838e-02,1.495487e-02,7.980890e-03,7.399493e-03,2.379125e-02
1.000000e+00,0.000000e+00,0.000000e+00,0.000000e+00,0.000000e+00,0.000000e+00,0.000000e+00,0.000000e+00,0.000000e+00,0.000000e+00,0.000000e+00,0.000000e+00,0.000000e+00,0.000000e+00,0.000000e+00
1.000000e+00,0.000000e+00,0.000000e+00,0.000000e+00,0.000000e+00,0.000000e+00,0.000000e+00,0.000000e+00,0.000000e+00,0.000000e+00,0.000000e+00,0.000000e+00,0.000000e+00,0.000000e+00,0.000000e+00
1.000000e+00,0.000000e+00,0.000000e+00,0.000000e+00,0.000000e+00,0.000000e+00,0.000000e+00,0.000000e+00,0.000000e+00,0.000000e+00,0.000000e+00,0.000000e+00,0.000000e+00,0.000000e+00,0.000000e+00
1.000000e+00,0.000000e+00,0.000000e+00,0.000000e+00,0.000000e+00,0.000000e+00,0.000000e+00,0.000000e+00,0.000000e+00,0.000000e+00,0.000000e+00,0.000000e+00,0.000000e+00,0.000000e+00,0.000000e+00
1.000000e+00,0.000000e+00,0.000000e+00,0.000000e+00,0.000000e+00,0.000000e+00,0.000000e+00,0.000000e+00,0.000000e+00,0.000000e+00,0.000000e+00,0.000000e+00,0.000000e+00,0.000000e+00,0.000000e+00
1.000000e+00,0.000000e+00,0.000000e+00,0.000000e+00,0.000000e+00,0.000000e+00,0.000000e+00,0.000000e+00,0.000000e+00,0.000000e+00,0.000000e+00,0.000000e+00,0.000000e+00,0.000000e+00,0.000000e+00
1.000000e+00,0.000000e+00,0.000000e+00,0.000000e+00,0.000000e+00,0.000000e+00,0.000000e+00,0.000000e+00,0.000000e+00,0.000000e+00,0.000000e+00,0.000000e+00,0.000000e+00,0.000000e+00,0.000000e+00
1.000000e+00,0.000000e+00,0.000000e+00,0.000000e+00,0.000000e+00,0.000000e+00,0.000000e+00,0.000000e+00,0.000000e+00,0.000000e+00,0.000000e+00,0.000000e+00,0.000000e+00,0.000000e+00,0.000000e+00
1.000000e+00,0.000000e+00,0.000000e+00,0.000000e+00,0.000000e+00,0.000000e+00,0.000000e+00,0.000000e+00,0.000000e+00,0.000000e+00,0.000000e+00,0.000000e+00,0.000000e+00,0.000000e+00,0.000000e+00
1.000000e+00,0.000000e+00,0.000000e+00,0.000000e+00,0.000000e+00,0.000000e+00,0.000000e+00,0.000000e+00,0.000000e+00,0.000000e+00,0.000000e+00,0.000000e+00,0.000000e+00,0.000000e+00,0.000000e+00
1.000000e+00,0.000000e+00,0.000000e+00,0.000000e+00,0.000000e+00,0.000000e+00,0.000000e+00,0.000000e+00,0.000000e+00,0.000000e+00,0.000000e+00,0.000000e+00,0.000000e+00,0.000000e+00,0.000000e+00
1.000000e+00,0.000000e+00,0.000000e+00,0.000000e+00,0.000000e+00,0.000000e+00,0.000000e+00,0.000000e+00,0.000000e+00,0.000000e+00,0.000000e+00,0.000000e+00,0.000000e+00,0.000000e+00,0.000000e+00
1.000000e+00,0.000000e+00,0.000000e+00,0.000000e+00,0.000000e+00,0.000000e+00,0.000000e+00,0.000000e+00,0.000000e+00,0.000000e+00,0.000000e+00,0.000000e+00,0.000000e+00,0.000000e+00,0.000000e+00
1.000000e+00,0.000000e+00,0.000000e+00,0.000000e+00,0.000000e+00,0.000000e+00,0.000000e+00,0.000000e+00,0.000000e+00,0.000000e+00,0.000000e+00,0.000000e+00,0.000000e+00,0.000000e+00,0.000000e+00
1.000000e+00,0.000000e+00,0.000000e+00,0.000000e+00,0.000000e+00,0.000000e+00,0.000000e+00,0.000000e+00,0.000000e+00,0.000000e+00,0.000000e+00,0.000000e+00,0.000000e+00,0.000000e+00,0.000000e+00
1.000000e+00,0.000000e+00,0.000000e+00,0.000000e+00,0.000000e+00,0.000000e+00,0.000000e+00,0.000000e+00,0.000000e+00,0.000000e+00,0.000000e+00,0.000000e+00,0.000000e+00,0.000000e+00,0.000000e+00
1.000000e+00,0.000000e+00,0.000000e+00,0.000000e+00,0.000000e+00,0.000000e+00,0.000000e+00,0.000000e+00,0.000000e+00,0.000000e+00,0.000000e+00,0.000000e+00,0.000000e+00,0.000000e+00,0.000000e+00
1.000000e+00,0.000000e+00,0.000000e+00,0.000000e+00,0.000000e+00,0.000000e+00,0.000000e+00,0.000000e+00,0.000000e+00,0.000000e+00,0.000000e+00,0.000000e+00,0.000000e+00,0.000000e+00,0.000000e+00
1.000000e+00,0.000000e+00,0.000000e+00,0.000000e+00,0.000000e+00,0.000000e+00,0.000000e+00,0.000000e+00,0.000000e+00,0.000000e+00,0.000000e+00,0.000000e+00,0.000000e+00,0.000000e+00,0.000000e+00
1.000000e+00,0.000000e+00,0.000000e+00,0.000000e+00,0.000000e+00,0.000000e+00,0.000000e+00,0.000000e+00,0.000000e+00,0.000000e+00,0.000000e+00,0.000000e+00,0.000000e+00,0.000000e+00,0.000000e+00
1.000000e+00,0.000000e+00,0.000000e+00,0.000000e+00,0.000000e+00,0.000000e+00,0.000000e+00,0.000000e+00,0.000000e+00,0.000000e+00,0.000000e+00,0.000000e+00,0.000000e+00,0.000000e+00,0.000000e+00
1.000000e+00,0.000000e+00,0.000000e+00,0.000000e+00,0.000000e+00,0.000000e+00,0.000000e+00,0.000000e+00,0.000000e+00,0.000000e+00,0.000000e+00,0.000000e+00,0.000000e+00,0.000000e+00,0.000000e+00
1.000000e+00,0.000000e+00,0.000000e+00,0.000000e+00,0.000000e+00,0.000000e+00,0.000000e+00,0.000000e+00,0.000000e+00,0.000000e+00,0.000000e+00,0.000000e+00,0.000000e+00,0.000000e+00,0.000000e+00
1.000000e+00,0.000000e+00,0.000000e+00,0.000000e+00,0.000000e+00,0.000000e+00,0.000000e+00,0.000000e+00,0.000000e+00,0.000000e+00,0.000000e+00,0.000000e+00,0.000000e+00,0.000000e+00,0.000000e+00
1.000000e+00,0.000000e+00,0.000000e+00,0.000000e+00,0.000000e+00,0.000000e+00,0.000000e+00,0.000000e+00,0.000000e+00,0.000000e+00,0.000000e+00,0.000000e+00,0.000000e+00,0.000000e+00,0.000000e+00
4.955310e-01,1.019600e-02,1.739631e-01,9.028471e-02,8.281992e-03,4.676880e-02,5.378435e-03,1.119238e-02,1.282251e-02,3.500512e-03,1.638957e-02,2.879235e-02,6.023795e-02,7.179682e-03,2.948092e-02
3.954786e-01,1.325736e-02,2.077693e-01,1.597727e-01,1.026624e-02,3.787799e-02,5.709726e-03,1.040387e-02,1.964163e-02,6.401887e-03,1.291727e-02,2.760827e-02,5.709513e-02,5.976654e-03,2.982335e-02
3.547679e-01,1.217134e-02,1.829081e-01,1.550673e-01,8.745926e-03,5.203786e-02,5.041955e-03,1.007608e-02,2.211077e-02,5.725479e-03,1.228619e-02,3.340802e-02,8.645521e-02,9.911450e-03,4.928643e-02
2.814344e-01,1.327420e-02,1.477655e-01,1.703979e-01,6.736747e-03,4.432203e-02,4.470071e-03,9.246936e-03,4.272567e-02,8.568440e-03,1.146061e-02,5.623727e-02,1.268313e-01,9.337866e-03,6.719117e-02
2.386320e-01,1.307329e-02,1.116761e-01,1.363732e-01,5.302157e-03,3.982194e-02,3.904626e-03,7.487080e-03,7.567741e-02,1.246965e-02,1.021108e-02,8.829559e-02,1.691884e-01,1.451216e-02,7.337536e-02
2.076787e-01,2.001019e-02,8.247623e-02,1.175169e-01,4.945703e-03,3.300275e-02,3.198207e-03,5.976086e-03,1.187614e-01,1.804267e-02,8.411418e-03,7.736622e-02,1.866566e-01,1.274862e-02,1.032083e-01
2.214299e-01,2.034500e-02,6.020572e-02,9.097336e-02,6.943216e-03,2.737566e-02,2.976894e-03,4.882620e-03,1.178758e-01,1.929953e-02,1.258328e-02,7.337748e-02,1.545257e-01,2.549341e-02,1.617124e-01
2.415899e-01,2.266112e-02,4.639266e-02,7.496952e-02,1.045147e-02,2.394687e-02,3.013082e-03,4.381486e-03,9.832498e-02,1.851247e-02,1.817421e-02,8.889963e-02,1.366187e-01,3.035418e-02,1.817098e-01
3.411293e-01,2.374967e-02,5.298892e-02,8.988677e-02,1.394929e-02,2.086454e-02,3.599847e-03,8.331656e-03,8.281192e-02,1.480368e-02,1.734242e-02,6.739116e-02,1.034552e-01,2.329726e-02,1.363984e-01
4.656194e-01,2.430054e-02,4.417394e-02,7.922216e-02,1.448365e-02,2.004721e-02,3.933935e-03,8.077428e-03,6.351425e-02,1.147129e-02,1.551117e-02,5.116034e-02,7.564580e-02,1.833673e-02,1.045021e-01
1.000000e+00,0.000000e+00,0.000000e+00,0.000000e+00,0.000000e+00,0.000000e+00,0.000000e+00,0.000000e+00,0.000000e+00,0.000000e+00,0.000000e+00,0.000000e+00,0.000000e+00,0.000000e+00,0.000000e+00
1.000000e+00,0.000000e+00,0.000000e+00,0.000000e+00,0.000000e+00,0.000000e+00,0.000000e+00,0.000000e+00,0.000000e+00,0.000000e+00,0.000000e+00,0.000000e+00,0.000000e+00,0.000000e+00,0.000000e+00
1.000000e+00,0.000000e+00,0.000000e+00,0.000000e+00,0.000000e+00,0.000000e+00,0.000000e+00,0.000000e+00,0.000000e+00,0.000000e+00,0.000000e+00,0.000000e+00,0.000000e+00,0.000000e+00,0.000000e+00
4.700424e-01,2.568385e-02,2.926251e-02,3.848438e-02,5.266636e-02,3.069205e-02,8.163660e-03,1.059743e-02,3.891572e-02,6.126685e-03,4.379090e-02,6.712966e-02,1.042527e-01,1.779192e-02,5.639972e-02
3.769756e-01,2.130324e-02,2.118816e-02,2.996749e-02,4.856927e-02,2.692394e-02,6.958916e-03,1.007740e-02,3.784897e-02,5.349427e-03,4.585201e-02,7.032531e-02,2.339680e-01,1.704130e-02,4.765099e-02
3.118448e-01,1.751701e-02,1.536211e-02,2.260334e-02,3.889801e-02,2.437801e-02,5.297235e-03,8.214108e-03,3.309163e-02,5.592523e-03,4.510936e-02,8.632035e-02,3.299249e-01,1.730508e-02,3.854151e-02
2.945888e-01,1.548303e-02,1.140342e-02,1.791900e-02,3.237636e-02,2.223391e-02,4.021355e-03,6.533294e-03,2.959058e-02,6.492367e-03,3.481070e-02,6.551062e-02,3.960144e-01,1.825007e-02,4.477211e-02
3.546440e-01,1.565421e-02,9.923018e-03,2.471622e-02,2.634140e-02,1.827504e-02,3.923533e-03,6.280788e-03,3.372625e-02,1.120506e-02,2.996260e-02,6.034825e-02,3.330279e-01,2.106320e-02,5.090848e-02
4.826925e-01,1.379867e-02,8.273380e-03,2.342911e-02,2.130555e-02,1.603619e-02,3.225862e-03,5.638256e-03,2.865341e-02,1.038671e-02,2.349727e-02,4.848938e-02,2.502151e-01,1.845771e-02,4.590086e-02
1.000000e+00,0.000000e+00,0.000000e+00,0.000000e+00,0.000000e+00,0.000000e+00,0.000000e+00,0.000000e+00,0.000000e+00,0.000000e+00,0.000000e+00,0.000000e+00,0.000000e+00,0.000000e+00,0.000000e+00
1.000000e+00,0.000000e+00,0.000000e+00,0.000000e+00,0.000000e+00,0.000000e+00,0.000000e+00,0.000000e+00,0.000000e+00,0.000000e+00,0.000000e+00,0.000000e+00,0.000000e+00,0.000000e+00,0.000000e+00
1.000000e+00,0.000000e+00,0.000000e+00,0.000000e+00,0.000000e+00,0.000000e+00,0.000000e+00,0.000000e+00,0.000000e+00,0.000000e+00,0.000000e+00,0.000000e+00,0.000000e+00,0.000000e+00,0.000000e+00
1.000000e+00,0.000000e+00,0.000000e+00,0.000000e+00,0.000000e+00,0.000000e+00,0.000000e+00,0.000000e+00,0.000000e+00,0.000000e+00,0.000000e+00,0.000000e+00,0.000000e+00,0.000000e+00,0.000000e+00
1.000000e+00,0.000000e+00,0.000000e+00,0.000000e+00,0.000000e+00,0.000000e+00,0.000000e+00,0.000000e+00,0.000000e+00,0.000000e+00,0.000000e+00,0.000000e+00,0.000000e+00,0.000000e+00,0.000000e+00
1.000000e+00,0.000000e+00,0.000000e+00,0.000000e+00,0.000000e+00,0.000000e+00,0.000000e+00,0.000000e+00,0.000000e+00,0.000000e+00,0.000000e+00,0.000000e+00,0.000000e+00,0.000000e+00,0.000000e+00
1.000000e+00,0.000000e+00,0.000000e+00,0.000000e+00,0.000000e+00,0.000000e+00,0.000000e+00,0.000000e+00,0.000000e+00,0.000000e+00,0.000000e+00,0.000000e+00,0.000000e+00,0.000000e+00,0.000000e+00
1.000000e+00,0.000000e+00,0.000000e+00,0.000000e+00,0.000000e+00,0.000000e+00,0.000000e+00,0.000000e+00,0.000000e+00,0.000000e+00,0.000000e+00,0.000000e+00,0.000000e+00,0.000000e+00,0.000000e+00
1.000000e+00,0.000000e+00,0.000000e+00,0.000000e+00,0.000000e+00,0.000000e+00,0.000000e+00,0.000000e+00,0.000000e+00,0.000000e+00,0.000000e+00,0.000000e+00,0.000000e+00,0.000000e+00,0.000000e+00
1.000000e+00,0.000000e+00,0.000000e+00,0.000000e+00,0.000000e+00,0.000000e+00,0.000000e+00,0.000000e+00,0.000000e+00,0.000000e+00,0.000000e+00,0.000000e+00,0.000000e+00,0.000000e+00,0.000000e+00
1.000000e+00,0.000000e+00,0.000000e+00,0.000000e+00,0.000000e+00,0.000000e+00,0.000000e+00,0.000000e+00,0.000000e+00,0.000000e+00,0.000000e+00,0.000000e+00,0.000000e+00,0.000000e+00,0.000000e+00
1.000000e+00,0.000000e+00,0.000000e+00,0.000000e+00,0.000000e+00,0.000000e+00,0.000000e+00,0.000000e+00,0.000000e+00,0.000000e+00,0.000000e+00,0.000000e+00,0.000000e+00,0.000000e+00,0.000000e+00
1.000000e+00,0.000000e+00,0.000000e+00,0.000000e+00,0.000000e+00,0.000000e+00,0.000000e+00,0.000000e+00,0.000000e+00,0.000000e+00,0.000000e+00,0.000000e+00,0.000000e+00,0.000000e+00,0.000000e+00
1.000000e+00,0.000000e+00,0.000000e+00,0.000000e+00,0.000000e+00,0.000000e+00,0.000000e+00,0.000000e+00,0.000000e+00,0.000000e+00,0.000000e+00,0.000000e+00,0.000000e+00,0.000000e+00,0.000000e+00
1.000000e+00,0.000000e+00,0.000000e+00,0.000000e+00,0.000000e+00,0.000000e+00,0.000000e+00,0.000000e+00,0.000000e+00,0.000000e+00,0.000000e+00,0.000000e+00,0.000000e+00,0.000000e+00,0.000000e+00
4.693792e-01,1.724501e-02,1.052110e-01,2.525859e-01,5.232746e-03,1.629456e-02,3.448294e-03,1.112679e-02,2.702072e-02,3.818672e-03,1.905981e-02,2.079019e-02,1.285046e-02,5.410310e-03,3.052647e-02
3.801620e-01,2.299136e-02,1.262942e-01,2.784611e-01,4.663239e-03,1.347332e-02,2.567731e-03,8.639371e-03,3.596920e-02,1.148655e-02,2.676276e-02,1.696581e-02,1.168360e-02,9.557150e-03,5.032259e-02
2.688336e-01,1.663149e-02,2.044601e-01,1.988348e-01,3.297003e-03,9.807305e-03,1.809539e-03,6.114404e-03,4.423516e-02,1.201479e-01,2.040023e-02,1.208516e-02,9.095114e-03,3.973185e-02,4.451629e-02
2.228351e-01,1.372086e-02,1.990476e-01,1.556607e-01,2.809356e-03,8.887665e-03,1.356106e-03,5.681267e-03,1.172819e-01,1.437302e-01,2.104269e-02,9.860028e-03,1.282159e-02,3.345900e-02,5.180601e-02
2.072798e-01,1.259238e-02,1.815464e-01,1.309550e-01,3.390863e-03,7.772893e-03,1.114299e-03,8.232513e-03,1.703100e-01,1.417226e-01,3.063212e-02,9.017261e-03,2.113850e-02,3.046974e-02,4.382552e-02
3.061273e-01,1.148026e-02,1.398782e-01,9.994975e-02,5.877202e-03,1.334789e-02,1.497463e-03,9.084547e-03,1.762367e-01,1.093744e-01,3.141254e-02,7.212880e-03,2.159986e-02,3.087140e-02,3.604952e-02
2.562598e-01,1.383793e-02,1.068705e-01,1.771283e-01,8.818865e-03,1.238427e-02,1.533526e-03,1.025481e-02,2.246127e-01,7.815267e-02,3.243225e-02,5.815167e-03,1.957622e-02,2.293448e-02,2.938842e-02
3.232504e-01,1.247522e-02,1.584627e-01,1.483361e-01,8.081316e-03,1.448340e-02,2.469121e-03,1.001696e-02,1.685211e-01,5.608293e-02,2.797372e-02,8.087787e-03,1.991848e-02,1.770555e-02,2.413513e-02
4.248855e-01,1.354442e-02,1.170139e-01,1.304437e-01,8.118058e-03,2.199974e-02,5.800284e-03,1.252770e-02,1.248784e-01,3.990975e-02,2.641854e-02,1.394982e-02,2.433973e-02,1.398093e-02,2.218942e-02
1.000000e+00,0.000000e+00,0.000000e+00,0.000000e+00,0.000000e+00,0.000000e+00,0.000000e+00,0.000000e+00,0.000000e+00,0.000000e+00,0.000000e+00,0.000000e+00,0.000000e+00,0.000000e+00,0.000000e+00
1.000000e+00,0.000000e+00,0.000000e+00,0.000000e+00,0.000000e+00,0.000000e+00,0.000000e+00,0.000000e+00,0.000000e+00,0.000000e+00,0.000000e+00,0.000000e+00,0.000000e+00,0.000000e+00,0.000000e+00
1.000000e+00,0.000000e+00,0.000000e+00,0.000000e+00,0.000000e+00,0.000000e+00,0.000000e+00,0.000000e+00,0.000000e+00,0.000000e+00,0.000000e+00,0.000000e+00,0.000000e+00,0.000000e+00,0.000000e+00
1.000000e+00,0.000000e+00,0.000000e+00,0.000000e+00,0.000000e+00,0.000000e+00,0.000000e+00,0.000000e+00,0.000000e+00,0.000000e+00,0.000000e+00,0.000000e+00,0.000000e+00,0.000000e+00,0.000000e+00
1.000000e+00,0.000000e+00,0.000000e+00,0.000000e+00,0.000000e+00,0.000000e+00,0.000000e+00,0.000000e+00,0.000000e+00,0.000000e+00,0.000000e+00,0.000000e+00,0.000000e+00,0.000000e+00,0.000000e+00
1.000000e+00,0.000000e+00,0.000000e+00,0.000000e+00,0.000000e+00,0.000000e+00,0.000000e+00,0.000000e+00,0.000000e+00,0.000000e+00,0.000000e+00,0.000000e+00,0.000000e+00,0.000000e+00,0.000000e+00
4.605923e-01,2.943021e-02,9.245361e-02,2.461694e-01,1.514664e-02,1.055657e-02,3.395515e-03,2.681957e-02,3.196999e-02,5.409741e-03,1.244265e-02,2.044185e-02,1.160389e-02,4.585544e-03,2.898246e-02
4.380058e-01,2.599881e-02,1.354007e-01,2.349972e-01,1.745430e-02,9.164802e-03,2.810273e-03,2.771045e-02,3.059191e-02,5.275755e-03,1.161368e-02,1.874706e-02,9.935661e-03,5.012883e-03,2.728070e-02
4.577299e-01,2.716253e-02,1.147220e-01,1.958003e-01,2.111046e-02,7.689173e-03,2.285711e-03,8.339828e-02,2.600457e-02,4.082368e-03,9.961395e-03,1.442506e-02,8.078773e-03,5.386397e-03,2.216316e-02
1.000000e+00,0.000000e+00,0.000000e+00,0.000000e+00,0.000000e+00,0.000000e+00,0.000000e+00,0.000000e+00,0.000000e+00,0.000000e+00,0.000000e+00,0.000000e+00,0.000000e+00,0.000000e+00,0.000000e+00
1.000000e+00,0.000000e+00,0.000000e+00,0.000000e+00,0.000000e+00,0.000000e+00,0.000000e+00,0.000000e+00,0.000000e+00,0.000000e+00,0.000000e+00,0.000000e+00,0.000000e+00,0.000000e+00,0.000000e+00
1.000000e+00,0.000000e+00,0.000000e+00,0.000000e+00,0.000000e+00,0.000000e+00,0.000000e+00,0.000000e+00,0.000000e+00,0.000000e+00,0.000000e+00,0.000000e+00,0.000000e+00,0.000000e+00,0.000000e+00
1.000000e+00,0.000000e+00,0.000000e+00,0.000000e+00,0.000000e+00,0.000000e+00,0.000000e+00,0.000000e+00,0.000000e+00,0.000000e+00,0.000000e+00,0.000000e+00,0.000000e+00,0.000000e+00,0.000000e+00
1.000000e+00,0.000000e+00,0.000000e+00,0.000000e+00,0.000000e+00,0.000000e+00,0.000000e+00,0.000000e+00,0.000000e+00,0.000000e+00,0.000000e+00,0.000000e+00,0.000000e+00,0.000000e+00,0.000000e+00
1.000000e+00,0.000000e+00,0.000000e+00,0.000000e+00,0.000000e+00,0.000000e+00,0.000000e+00,0.000000e+00,0.000000e+00,0.000000e+00,0.000000e+00,0.000000e+00,0.000000e+00,0.000000e+00,0.000000e+00
1.000000e+00,0.000000e+00,0.000000e+00,0.000000e+00,0.000000e+00,0.000000e+00,0.000000e+00,0.000000e+00,0.000000e+00,0.000000e+00,0.000000e+00,0.000000e+00,0.000000e+00,0.000000e+00,0.000000e+00
1.000000e+00,0.000000e+00,0.000000e+00,0.000000e+00,0.000000e+00,0.000000e+00,0.000000e+00,0.000000e+00,0.000000e+00,0.000000e+00,0.000000e+00,0.000000e+00,0.000000e+00,0.000000e+00,0.000000e+00
1.000000e+00,0.000000e+00,0.000000e+00,0.000000e+00,0.000000e+00,0.000000e+00,0.000000e+00,0.000000e+00,0.000000e+00,0.000000e+00,0.000000e+00,0.000000e+00,0.000000e+00,0.000000e+00,0.000000e+00
1.000000e+00,0.000000e+00,0.000000e+00,0.000000e+00,0.000000e+00,0.000000e+00,0.000000e+00,0.000000e+00,0.000000e+00,0.000000e+00,0.000000e+00,0.000000e+00,0.000000e+00,0.000000e+00,0.000000e+00
1.000000e+00,0.000000e+00,0.000000e+00,0.000000e+00,0.000000e+00,0.000000e+00,0.000000e+00,0.000000e+00,0.000000e+00,0.000000e+00,0.000000e+00,0.000000e+00,0.000000e+00,0.000000e+00,0.000000e+00
1.000000e+00,0.000000e+00,0.000000e+00,0.000000e+00,0.000000e+00,0.000000e+00,0.000000e+00,0.000000e+00,0.000000e+00,0.000000e+00,0.000000e+00,0.000000e+00,0.000000e+00,0.000000e+00,0.000000e+00
1.000000e+00,0.000000e+00,0.000000e+00,0.000000e+00,0.000000e+00,0.000000e+00,0.000000e+00,0.000000e+00,0.000000e+00,0.000000e+00,0.000000e+00,0.000000e+00,0.000000e+00,0.000000e+00,0.000000e+00
1.000000e+00,0.000000e+00,0.000000e+00,0.000000e+00,0.000000e+00,0.000000e+00,0.000000e+00,0.000000e+00,0.000000e+00,0.000000e+00,0.000000e+00,0.000000e+00,0.000000e+00,0.000000e+00,0.000000e+00
1.000000e+00,0.000000e+00,0.000000e+00,0.000000e+00,0.000000e+00,0.000000e+00,0.000000e+00,0.000000e+00,0.000000e+00,0.000000e+00,0.000000e+00,0.000000e+00,0.000000e+00,0.000000e+00,0.000000e+00
1.000000e+00,0.000000e+00,0.000000e+00,0.000000e+00,0.000000e+00,0.000000e+00,0.000000e+00,0.000000e+00,0.000000e+00,0.000000e+00,0.000000e+00,0.000000e+00,0.000000e+00,0.000000e+00,0.000000e+00
1.000000e+00,0.000000e+00,0.000000e+00,0.000000e+00,0.000000e+00,0.000000e+00,0.000000e+00,0.000000e+00,0.000000e+00,0.000000e+00,0.000000e+00,0.000000e+00,0.000000e+00,0.000000e+00,0.000000e+00
1.000000e+00,0.000000e+00,0.000000e+00,0.000000e+00,0.000000e+00,0.000000e+00,0.000000e+00,0.000000e+00,0.000000e+00,0.000000e+00,0.000000e+00,0.000000e+00,0.000000e+00,0.000000e+00,0.000000e+00
1.000000e+00,0.000000e+00,0.000000e+00,0.000000e+00,0.000000e+00,0.000000e+00,0.000000e+00,0.000000e+00,0.000000e+00,0.000000e+00,0.000000e+00,0.000000e+00,0.000000e+00,0.000000e+00,0.000000e+00
1.000000e+00,0.000000e+00,0.000000e+00,0.000000e+00,0.000000e+00,0.000000e+00,0.000000e+00,0.000000e+00,0.000000e+00,0.000000e+00,0.000000e+00,0.000000e+00,0.000000e+00,0.000000e+00,0.000000e+00
1.000000e+00,0.000000e+00,0.000000e+00,0.000000e+00,0.000000e+00,0.000000e+00,0.000000e+00,0.000000e+00,0.000000e+00,0.000000e+00,0.000000e+00,0.000000e+00,0.000000e+00,0.000000e+00,0.000000e+00
1.000000e+00,0.000000e+00,0.000000e+00,0.000000e+00,0.000000e+00,0.000000e+00,0.000000e+00,0.000000e+00,0.000000e+00,0.000000e+00,0.000000e+00,0.000000e+00,0.000000e+00,0.000000e+00,0.000000e+00
4.976197e-01,2.602073e-02,2.108341e-02,1.606020e-01,9.153017e-03,2.157925e-02,4.031489e-03,8.500118e-02,2.363804e-02,1.028630e-02,2.538653e-02,3.005952e-02,3.381681e-02,3.664769e-03,4.805732e-02
4.395833e-01,2.426114e-02,2.039287e-02,1.549088e-01,9.717586e-03,3.805296e-02,6.085067e-03,7.331473e-02,5.986568e-02,1.064012e-02,4.115845e-02,2.707016e-02,3.832246e-02,4.865417e-03,5.176132e-02
3.946266e-01,2.296734e-02,1.648737e-02,1.217901e-01,1.037221e-02,6.025438e-02,5.933631e-03,5.838088e-02,1.449033e-01,9.623108e-03,3.177031e-02,2.068607e-02,3.884211e-02,4.737282e-03,5.862530e-02
4.487194e-01,1.913769e-02,1.303260e-02,9.291158e-02,1.243767e-02,5.903899e-02,6.151679e-03,5.409812e-02,1.530759e-01,7.236775e-03,2.369649e-02,1.792959e-02,3.687922e-02,5.214229e-03,5.044015e-02
4.344541e-01,1.736178e-02,9.985072e-03,8.052813e-02,1.215273e-02,4.704826e-02,5.242074e-03,4.141945e-02,2.209849e-01,8.108009e-03,1.846446e-02,1.746760e-02,3.325771e-02,4.818440e-03,4.870733e-02
4.372388e-01,1.568394e-02,7.850402e-03,6.883657e-02,1.211657e-02,3.477662e-02,4.432342e-03,3.423509e-02,2.675553e-01,6.949838e-03,1.444521e-02,1.846401e-02,2.907664e-02,4.258825e-03,4.407992e-02
4.374550e-01,1.660376e-02,7.496149e-03,5.967702e-02,1.108567e-02,2.652081e-02,3.781381e-03,2.778104e-02,2.919355e-01,7.405306e-03,1.241116e-02,1.953987e-02,2.797731e-02,3.935793e-03,4.639424e-02
4.001533e-01,1.854949e-02,2.092834e-02,7.151596e-02,1.156126e-02,1.953336e-02,3.105689e-03,2.316354e-02,3.130049e-01,6.895731e-03,1.175103e-02,2.571586e-02,2.873876e-02,3.326883e-03,4.205592e-02
1.000000e+00,0.000000e+00,0.000000e+00,0.000000e+00,0.000000e+00,0.000000e+00,0.000000e+00,0.000000e+00,0.000000e+00,0.000000e+00,0.000000e+00,0.000000e+00,0.000000e+00,0.000000e+00,0.000000e+00
1.000000e+00,0.000000e+00,0.000000e+00,0.000000e+00,0.000000e+00,0.000000e+00,0.000000e+00,0.000000e+00,0.000000e+00,0.000000e+00,0.000000e+00,0.000000e+00,0.000000e+00,0.000000e+00,0.000000e+00
1.000000e+00,0.000000e+00,0.000000e+00,0.000000e+00,0.000000e+00,0.000000e+00,0.000000e+00,0.000000e+00,0.000000e+00,0.000000e+00,0.000000e+00,0.000000e+00,0.000000e+00,0.000000e+00,0.000000e+00
1.000000e+00,0.000000e+00,0.000000e+00,0.000000e+00,0.000000e+00,0.000000e+00,0.000000e+00,0.000000e+00,0.000000e+00,0.000000e+00,0.000000e+00,0.000000e+00,0.000000e+00,0.000000e+00,0.000000e+00
1.000000e+00,0.000000e+00,0.000000e+00,0.000000e+00,0.000000e+00,0.000000e+00,0.000000e+00,0.000000e+00,0.000000e+00,0.000000e+00,0.000000e+00,0.000000e+00,0.000000e+00,0.000000e+00,0.000000e+00
1.000000e+00,0.000000e+00,0.000000e+00,0.000000e+00,0.000000e+00,0.000000e+00,0.000000e+00,0.000000e+00,0.000000e+00,0.000000e+00,0.000000e+00,0.000000e+00,0.000000e+00,0.000000e+00,0.000000e+00
1.000000e+00,0.000000e+00,0.000000e+00,0.000000e+00,0.000000e+00,0.000000e+00,0.000000e+00,0.000000e+00,0.000000e+00,0.000000e+00,0.000000e+00,0.000000e+00,0.000000e+00,0.000000e+00,0.000000e+00
1.000000e+00,0.000000e+00,0.000000e+00,0.000000e+00,0.000000e+00,0.000000e+00,0.000000e+00,0.000000e+00,0.000000e+00,0.000000e+00,0.000000e+00,0.000000e+00,0.000000e+00,0.000000e+00,0.000000e+00
1.000000e+00,0.000000e+00,0.000000e+00,0.000000e+00,0.000000e+00,0.000000e+00,0.000000e+00,0.000000e+00,0.000000e+00,0.000000e+00,0.000000e+00,0.000000e+00,0.000000e+00,0.000000e+00,0.000000e+00
1.000000e+00,0.000000e+00,0.000000e+00,0.000000e+00,0.000000e+00,0.000000e+00,0.000000e+00,0.000000e+00,0.000000e+00,0.000000e+00,0.000000e+00,0.000000e+00,0.000000e+00,0.000000e+00,0.000000e+00
1.000000e+00,0.000000e+00,0.000000e+00,0.000000e+00,0.000000e+00,0.000000e+00,0.000000e+00,0.000000e+00,0.000000e+00,0.000000e+00,0.000000e+00,0.000000e+00,0.000000e+00,0.000000e+00,0.000000e+00
1.000000e+00,0.000000e+00,0.000000e+00,0.000000e+00,0.000000e+00,0.000000e+00,0.000000e+00,0.000000e+00,0.000000e+00,0.000000e+00,0.000000e+00,0.000000e+00,0.000000e+00,0.000000e+00,0.000000e+00
1.000000e+00,0.000000e+00,0.000000e+00,0.000000e+00,0.000000e+00,0.000000e+00,0.000000e+00,0.000000e+00,0.000000e+00,0.000000e+00,0.000000e+00,0.000000e+00,0.000000e+00,0.000000e+00,0.000000e+00
4.939153e-01,1.033622e-02,2.646238e-02,2.344647e-02,6.555375e-03,5.102273e-02,4.827240e-03,1.185002e-02,1.726259e-02,3.434581e-03,1.751480e-02,1.466692e-01,1.366330e-01,1.488052e-02,3.518969e-02
4.340343e-01,8.887233e-03,3.092982e-02,2.540445e-02,6.239804e-03,9.155338e-02,7.629368e-03,1.689906e-02,1.448622e-02,3.321109e-03,1.981003e-02,1.861971e-01,1.164126e-01,1.185754e-02,2.633799e-02
4.519326e-01,7.729010e-03,2.642655e-02,2.433473e-02,1.089010e-02,9.893684e-02,8.887843e-03,1.418473e-02,1.483066e-02,3.911159e-03,1.879662e-02,1.911791e-01,9.877057e-02,9.017861e-03,2.017155e-02
4.966835e-01,7.908378e-03,2.157968e-02,2.056360e-02,1.404007e-02,9.235371e-02,9.071400e-03,1.237696e-02,1.601337e-02,4.094046e-03,1.845474e-02,1.774950e-01,8.673240e-02,6.922554e-03,1.571050e-02
4.141473e-01,7.726483e-03,1.645529e-02,1.611538e-02,2.095723e-02,8.056852e-02,1.028021e-02,1.132778e-02,1.420456e-02,7.652759e-03,1.869033e-02,2.788337e-01,8.400267e-02,7.246946e-03,1.179080e-02
3.226383e-01,6.611846e-03,1.252317e-02,1.285598e-02,3.621625e-02,6.786135e-02,9.784533e-03,1.084607e-02,1.398296e-02,1.189230e-02,1.916585e-02,3.791463e-01,7.870960e-02,8.923753e-03,8.841660e-03
2.406562e-01,5.183708e-03,9.187513e-03,9.804503e-03,3.321850e-02,5.951704e-02,8.489428e-03,1.048364e-02,1.411523e-02,1.258313e-02,1.645176e-02,4.855531e-01,8.015849e-02,8.095175e-03,6.502634e-03
1.967261e-01,6.568871e-03,8.175579e-03,9.789677e-03,7.798805e-02,4.790862e-02,7.370675e-03,1.058507e-02,4.657073e-02,1.385723e-02,1.685756e-02,4.454592e-01,1.008067e-01,6.440573e-03,4.895286e-03
1.438730e-01,8.001830e-03,1.290890e-02,1.255447e-02,1.217817e-01,3.559938e-02,5.906327e-03,1.782364e-02,7.182275e-02,1.536291e-02,1.930303e-02,3.962491e-01,1.293554e-01,5.658528e-03,3.799126e-03
1.451043e-01,8.098755e-03,1.570721e-02,2.360876e-02,1.474740e-01,3.153779e-02,5.509811e-03,4.905076e-02,8.679301e-02,2.075738e-02,1.997682e-02,3.077504e-01,1.287064e-01,6.496031e-03,3.428580e-03
1.474684e-01,8.891806e-03,1.545213e-02,2.093180e-02,1.919676e-01,2.883283e-02,4.878587e-03,5.272798e-02,1.084033e-01,1.976920e-02,2.383795e-02,2.326918e-01,1.342952e-01,6.371449e-03,3.479973e-03
1.684361e-01,1.274625e-02,2.913629e-02,2.560699e-02,2.415441e-01,2.942578e-02,5.176910e-03,6.575314e-02,9.759060e-02,1.493889e-02,2.441058e-02,1.669035e-01,1.065348e-01,7.610220e-03,4.185994e-03
1.637103e-01,1.547839e-02,3.732546e-02,2.684031e-02,2.943097e-01,2.471421e-02,4.591651e-03,6.514432e-02,1.171332e-01,1.146709e-02,2.210554e-02,1.193783e-01,8.436333e-02,7.845945e-03,5.592372e-03
1.933481e-01,1.733706e-02,3.644133e-02,2.954957e-02,3.189383e-01,2.257298e-02,4.271805e-03,5.912884e-02,1.160289e-01,9.056832e-03,1.886852e-02,9.200513e-02,6.363421e-02,1.061091e-02,8.207588e-03
1.640909e-01,2.229748e-02,3.810034e-02,2.929423e-02,2.990015e-01,2.698983e-02,5.413270e-03,7.758129e-02,1.440212e-01,7.138462e-03,1.631819e-02,9.573349e-02,4.811279e-02,1.903756e-02,6.869478e-03
1.402365e-01,2.066771e-02,2.910454e-02,2.793138e-02,2.545869e-01,2.070485e-02,4.405763e-03,5.789920e-02,2.463272e-01,6.594277e-03,1.932099e-02,1.071398e-01,3.577592e-02,2.291524e-02,6.389696e-03
1.333068e-01,2.926193e-02,2.711406e-02,8.239310e-02,2.004825e-01,1.785528e-02,3.750739e-03,4.974498e-02,2.890873e-01,7.160676e-03,1.755169e-02,8.333295e-02,2.638147e-02,2.627206e-02,6.304525e-03
1.262581e-01,2.601899e-02,2.143431e-02,8.122568e-02,1.710150e-01,1.556732e-02,2.835162e-03,3.987978e-02,3.730656e-01,5.781250e-03,2.136440e-02,6.841730e-02,1.962883e-02,2.228677e-02,5.221561e-03
1.298687e-01,2.727859e-02,2.126981e-02,9.150070e-02,1.288287e-01,2.315975e-02,2.404861e-03,3.396089e-02,3.599238e-01,7.328057e-03,2.804825e-02,1.003993e-01,1.832639e-02,2.280591e-02,4.896326e-03
2.181095e-01,2.989670e-02,2.060201e-02,7.842748e-02,1.063678e-01,2.468275e-02,2.334095e-03,2.788466e-02,3.184879e-01,7.259375e-03,2.829687e-02,8.633172e-02,1.624567e-02,2.979853e-02,5.274944e-03
2.941559e-01,2.745091e-02,1.909906e-02,8.195832e-02,1.089106e-01,2.722934e-02,2.492098e-03,2.786061e-02,2.535113e-01,7.161520e-03,2.860532e-02,7.670029e-02,1.406960e-02,2.570560e-02,5.089557e-03
4.001196e-01,3.234187e-02,2.224959e-02,7.249525e-02,9.442002e-02,2.370021e-02,2.368594e-03,2.327324e-02,1.948075e-01,9.388209e-03,2.530681e-02,5.977198e-02,1.206742e-02,2.254679e-02,5.142896e-03
4.985751e-01,3.031258e-02,1.850064e-02,5.650668e-02,7.477430e-02,2.086679e-02,2.141208e-03,2.038890e-02,1.564568e-01,9.104761e-03,2.929543e-02,4.840125e-02,1.091243e-02,1.789055e-02,5.872553e-03
1.000000e+00,0.000000e+00,0.000000e+00,0.000000e+00,0.000000e+00,0.000000e+00,0.000000e+00,0.000000e+00,0.000000e+00,0.000000e+00,0.000000e+00,0.000000e+00,0.000000e+00,0.000000e+00,0.000000e+00
1.000000e+00,0.000000e+00,0.000000e+00,0.000000e+00,0.000000e+00,0.000000e+00,0.000000e+00,0.000000e+00,0.000000e+00,0.000000e+00,0.000000e+00,0.000000e+00,0.000000e+00,0.000000e+00,0.000000e+00
1.000000e+00,0.000000e+00,0.000000e+00,0.000000e+00,0.000000e+00,0.000000e+00,0.000000e+00,0.000000e+00,0.000000e+00,0.000000e+00,0.000000e+00,0.000000e+00,0.000000e+00,0.000000e+00,0.000000e+00
1.000000e+00,0.000000e+00,0.000000e+00,0.000000e+00,0.000000e+00,0.000000e+00,0.000000e+00,0.000000e+00,0.000000e+00,0.000000e+00,0.000000e+00,0.000000e+00,0.000000e+00,0.000000e+00,0.000000e+00
1.000000e+00,0.000000e+00,0.000000e+00,0.000000e+00,0.000000e+00,0.000000e+00,0.000000e+00,0.000000e+00,0.000000e+00,0.000000e+00,0.000000e+00,0.000000e+00,0.000000e+00,0.000000e+00,0.000000e+00
1.000000e+00,0.000000e+00,0.000000e+00,0.000000e+00,0.000000e+00,0.000000e+00,0.000000e+00,0.000000e+00,0.000000e+00,0.000000e+00,0.000000e+00,0.000000e+00,0.000000e+00,0.000000e+00,0.000000e+00
1.000000e+00,0.000000e+00,0.000000e+00,0.000000e+00,0.000000e+00,0.000000e+00,0.000000e+00,0.000000e+00,0.000000e+00,0.000000e+00,0.000000e+00,0.000000e+00,0.000000e+00,0.000000e+00,0.000000e+00
1.000000e+00,0.000000e+00,0.000000e+00,0.000000e+00,0.000000e+00,0.000000e+00,0.000000e+00,0.000000e+00,0.000000e+00,0.000000e+00,0.000000e+00,0.000000e+00,0.000000e+00,0.000000e+00,0.000000e+00
1.000000e+00,0.000000e+00,0.000000e+00,0.000000e+00,0.000000e+00,0.000000e+00,0.000000e+00,0.000000e+00,0.000000e+00,0.000000e+00,0.000000e+00,0.000000e+00,0.000000e+00,0.000000e+00,0.000000e+00
1.000000e+00,0.000000e+00,0.000000e+00,0.000000e+00,0.000000e+00,0.000000e+00,0.000000e+00,0.000000e+00,0.000000e+00,0.000000e+00,0.000000e+00,0.000000e+00,0.000000e+00,0.000000e+00,0.000000e+00
1.000000e+00,0.000000e+00,0.000000e+00,0.000000e+00,0.000000e+00,0.000000e+00,0.000000e+00,0.000000e+00,0.000000e+00,0.000000e+00,0.000000e+00,0.000000e+00,0.000000e+00,0.000000e+00,0.000000e+00
3.830291e-01,1.919215e-02,3.088323e-02,8.398513e-02,2.686463e-02,3.728808e-02,2.133411e-01,5.570457e-02,1.707621e-02,2.307697e-02,1.790910e-02,5.225581e-02,2.190070e-02,3.096927e-03,1.439628e-02
3.580941e-01,1.920539e-02,6.245342e-02,6.630455e-02,2.533346e-02,4.955173e-02,2.405401e-01,4.951029e-02,1.498537e-02,1.746268e-02,1.474678e-02,4.643579e-02,2.007957e-02,3.003227e-03,1.229355e-02
3.111691e-01,1.447506e-02,5.500086e-02,4.730298e-02,2.093760e-02,3.966642e-02,3.733022e-01,3.946624e-02,1.175735e-02,1.276857e-02,1.065741e-02,3.596030e-02,1.581673e-02,2.353181e-03,9.365987e-03
3.018998e-01,1.146217e-02,5.155706e-02,3.427990e-02,1.806632e-02,3.497273e-02,4.319848e-01,3.475297e-02,9.485494e-03,9.775503e-03,7.991586e-03,2.914198e-02,1.470386e-02,2.053668e-03,7.872119e-03
2.854769e-01,9.309723e-03,3.888012e-02,2.533051e-02,1.387332e-02,3.224530e-02,4.969028e-01,2.932724e-02,7.363829e-03,7.100294e-03,6.125361e-03,2.434312e-02,1.435668e-02,1.786254e-03,7.578568e-03
3.842287e-01,9.761581e-03,2.985720e-02,2.184948e-02,1.115920e-02,3.358917e-02,4.128027e-01,2.807912e-02,6.309464e-03,5.379582e-03,6.284888e-03,2.350072e-02,1.591791e-02,1.893307e-03,9.386966e-03
4.479379e-01,9.338929e-03,2.381263e-02,1.917616e-02,8.993344e-03,3.350488e-02,3.612255e-01,2.993140e-02,5.341997e-03,4.125919e-03,5.908213e-03,2.262939e-02,1.594789e-02,1.824348e-03,1.030152e-02
4.946533e-01,8.664181e-03,1.981649e-02,1.651617e-02,8.478178e-03,3.267895e-02,3.235252e-01,3.128453e-02,4.866709e-03,3.505725e-03,5.387200e-03,2.194869e-02,1.648916e-02,1.786338e-03,1.039920e-02
1.000000e+00,0.000000e+00,0.000000e+00,0.000000e+00,0.000000e+00,0.000000e+00,0.000000e+00,0.000000e+00,0.000000e+00,0.000000e+00,0.000000e+00,0.000000e+00,0.000000e+00,0.000000e+00,0.000000e+00
1.000000e+00,0.000000e+00,0.000000e+00,0.000000e+00,0.000000e+00,0.000000e+00,0.000000e+00,0.000000e+00,0.000000e+00,0.000000e+00,0.000000e+00,0.000000e+00,0.000000e+00,0.000000e+00,0.000000e+00
1.000000e+00,0.000000e+00,0.000000e+00,0.000000e+00,0.000000e+00,0.000000e+00,0.000000e+00,0.000000e+00,0.000000e+00,0.000000e+00,0.000000e+00,0.000000e+00,0.000000e+00,0.000000e+00,0.000000e+00
1.000000e+00,0.000000e+00,0.000000e+00,0.000000e+00,0.000000e+00,0.000000e+00,0.000000e+00,0.000000e+00,0.000000e+00,0.000000e+00,0.000000e+00,0.000000e+00,0.000000e+00,0.000000e+00,0.000000e+00
1.000000e+00,0.000000e+00,0.000000e+00,0.000000e+00,0.000000e+00,0.000000e+00,0.000000e+00,0.000000e+00,0.000000e+00,0.000000e+00,0.000000e+00,0.000000e+00,0.000000e+00,0.000000e+00,0.000000e+00
1.000000e+00,0.000000e+00,0.000000e+00,0.000000e+00,0.000000e+00,0.000000e+00,0.000000e+00,0.000000e+00,0.000000e+00,0.000000e+00,0.000000e+00,0.000000e+00,0.000000e+00,0.000000e+00,0.000000e+00
1.000000e+00,0.000000e+00,0.000000e+00,0.000000e+00,0.000000e+00,0.000000e+00,0.000000e+00,0.000000e+00,0.000000e+00,0.000000e+00,0.000000e+00,0.000000e+00,0.000000e+00,0.000000e+00,0.000000e+00
1.000000e+00,0.000000e+00,0.000000e+00,0.000000e+00,0.000000e+00,0.000000e+00,0.000000e+00,0.000000e+00,0.000000e+00,0.000000e+00,0.000000e+00,0.000000e+00,0.000000e+00,0.000000e+00,0.000000e+00
1.000000e+00,0.000000e+00,0.000000e+00,0.000000e+00,0.000000e+00,0.000000e+00,0.000000e+00,0.000000e+00,0.000000e+00,0.000000e+00,0.000000e+00,0.000000e+00,0.000000e+00,0.000000e+00,0.000000e+00
1.000000e+00,0.000000e+00,0.000000e+00,0.000000e+00,0.000000e+00,0.000000e+00,0.000000e+00,0.000000e+00,0.000000e+00,0.000000e+00,0.000000e+00,0.000000e+00,0.000000e+00,0.000000e+00,0.000000e+00
1.000000e+00,0.000000e+00,0.000000e+00,0.000000e+00,0.000000e+00,0.000000e+00,0.000000e+00,0.000000e+00,0.000000e+00,0.000000e+00,0.000000e+00,0.000000e+00,0.000000e+00,0.000000e+00,0.000000e+00
1.000000e+00,0.000000e+00,0.000000e+00,0.000000e+00,0.000000e+00,0.000000e+00,0.000000e+00,0.000000e+00,0.000000e+00,0.000000e+00,0.000000e+00,0.000000e+00,0.000000e+00,0.000000e+00,0.000000e+00
1.000000e+00,0.000000e+00,0.000000e+00,0.000000e+00,0.000000e+00,0.000000e+00,0.000000e+00,0.000000e+00,0.000000e+00,0.000000e+00,0.000000e+00,0.000000e+00,0.000000e+00,0.000000e+00,0.000000e+00
1.000000e+00,0.000000e+00,0.000000e+00,0.000000e+00,0.000000e+00,0.000000e+00,0.000000e+00,0.000000e+00,0.000000e+00,0.000000e+00,0.000000e+00,0.000000e+00,0.000000e+00,0.000000e+00,0.000000e+00
1.000000e+00,0.000000e+00,0.000000e+00,0.000000e+00,0.000000e+00,0.000000e+00,0.000000e+00,0.000000e+00,0.000000e+00,0.000000e+00,0.000000e+00,0.000000e+00,0.000000e+00,0.000000e+00,0.000000e+00
1.000000e+00,0.000000e+00,0.000000e+00,0.000000e+00,0.000000e+00,0.000000e+00,0.000000e+00,0.000000e+00,0.000000e+00,0.000000e+00,0.000000e+00,0.000000e+00,0.000000e+00,0.000000e+00,0.000000e+00
1.000000e+00,0.000000e+00,0.000000e+00,0.000000e+00,0.000000e+00,0.000000e+00,0.000000e+00,0.000000e+00,0.000000e+00,0.000000e+00,0.000000e+00,0.000000e+00,0.000000e+00,0.000000e+00,0.000000e+00
1.000000e+00,0.000000e+00,0.000000e+00,0.000000e+00,0.000000e+00,0.000000e+00,0.000000e+00,0.000000e+00,0.000000e+00,0.000000e+00,0.000000e+00,0.000000e+00,0.000000e+00,0.000000e+00,0.000000e+00
4.476231e-01,2.835066e-02,6.495626e-03,2.418166e-02,1.553438e-02,3.898464e-02,2.535685e-01,1.318930e-02,2.409581e-02,4.273089e-03,1.020628e-02,5.839538e-02,4.115045e-02,3.663250e-03,3.028791e-02
4.338830e-01,2.607065e-02,8.701177e-03,2.738531e-02,1.870205e-02,3.981492e-02,2.518599e-01,1.374646e-02,3.215544e-02,6.034190e-03,1.136660e-02,6.270258e-02,3.503058e-02,4.720197e-03,2.782703e-02
4.422276e-01,2.282423e-02,2.248659e-02,4.267793e-02,2.153584e-02,3.779894e-02,2.087757e-01,1.980514e-02,3.168865e-02,6.714948e-03,1.341442e-02,6.720798e-02,3.245305e-02,5.750758e-03,2.463822e-02
4.299100e-01,1.946375e-02,5.559899e-02,7.074229e-02,2.627180e-02,3.285581e-02,1.524393e-01,5.173102e-02,2.963029e-02,5.633142e-03,1.397962e-02,5.760587e-02,2.797663e-02,5.323965e-03,2.083752e-02
3.170868e-01,1.392118e-02,1.051410e-01,6.560492e-02,2.148008e-02,2.385599e-02,1.080970e-01,2.288972e-01,2.095992e-02,4.038338e-03,1.086994e-02,4.087894e-02,2.037146e-02,3.902533e-03,1.489477e-02
2.259658e-01,9.908319e-03,1.680812e-01,5.759830e-02,1.582691e-02,1.715870e-02,7.612041e-02,3.464778e-01,1.472999e-02,2.896444e-03,8.246577e-03,2.889253e-02,1.463788e-02,2.848258e-03,1.061093e-02
1.779533e-01,7.547299e-03,1.830296e-01,5.163687e-02,1.312004e-02,1.602549e-02,5.675752e-02,4.320275e-01,1.044622e-02,3.141399e-03,6.383268e-03,2.083032e-02,1.090390e-02,2.300001e-03,7.897316e-03
2.259759e-01,6.944407e-03,1.599334e-01,4.967762e-02,1.418079e-02,2.225228e-02,4.288435e-02,4.192453e-01,7.821436e-03,7.792742e-03,6.321358e-03,1.655601e-02,1.005168e-02,2.372271e-03,7.990438e-03
2.851909e-01,9.207791e-03,1.243797e-01,3.929607e-02,2.854246e-02,2.910213e-02,3.320496e-02,3.819131e-01,7.547863e-03,9.439617e-03,9.930184e-03,1.746381e-02,1.142215e-02,2.898515e-03,1.046074e-02
3.666661e-01,9.320745e-03,9.415458e-02,3.969051e-02,3.479573e-02,5.372249e-02,2.741968e-02,2.904048e-01,6.738881e-03,8.258258e-03,1.153337e-02,2.427083e-02,1.260562e-02,4.689494e-03,1.572892e-02
4.469524e-01,9.308854e-03,7.272308e-02,3.767972e-02,3.815484e-02,6.006659e-02,2.132876e-02,2.175945e-01,5.869181e-03,7.103848e-03,1.359006e-02,3.149977e-02,1.380343e-02,5.794940e-03,1.853008e-02
1.000000e+00,0.000000e+00,0.000000e+00,0.000000e+00,0.000000e+00,0.000000e+00,0.000000e+00,0.000000e+00,0.000000e+00,0.000000e+00,0.000000e+00,0.000000e+00,0.000000e+00,0.000000e+00,0.000000e+00
1.000000e+00,0.000000e+00,0.000000e+00,0.000000e+00,0.000000e+00,0.000000e+00,0.000000e+00,0.000000e+00,0.000000e+00,0.000000e+00,0.000000e+00,0.000000e+00,0.000000e+00,0.000000e+00,0.000000e+00
1.000000e+00,0.000000e+00,0.000000e+00,0.000000e+00,0.000000e+00,0.000000e+00,0.000000e+00,0.000000e+00,0.000000e+00,0.000000e+00,0.000000e+00,0.000000e+00,0.000000e+00,0.000000e+00,0.000000e+00
1.000000e+00,0.000000e+00,0.000000e+00,0.000000e+00,0.000000e+00,0.000000e+00,0.000000e+00,0.000000e+00,0.000000e+00,0.000000e+00,0.000000e+00,0.000000e+00,0.000000e+00,0.000000e+00,0.000000e+00
1.000000e+00,0.000000e+00,0.000000e+00,0.000000e+00,0.000000e+00,0.000000e+00,0.000000e+00,0.000000e+00,0.000000e+00,0.000000e+00,0.000000e+00,0.000000e+00,0.000000e+00,0.000000e+00,0.000000e+00
1.000000e+00,0.000000e+00,0.000000e+00,0.000000e+00,0.000000e+00,0.000000e+00,0.000000e+00,0.000000e+00,0.000000e+00,0.000000e+00,0.000000e+00,0.000000e+00,0.000000e+00,0.000000e+00,0.000000e+00
1.000000e+00,0.000000e+00,0.000000e+00,0.000000e+00,0.000000e+00,0.000000e+00,0.000000e+00,0.000000e+00,0.000000e+00,0.000000e+00,0.000000e+00,0.000000e+00,0.000000e+00,0.000000e+00,0.000000e+00
1.000000e+00,0.000000e+00,0.000000e+00,0.000000e+00,0.000000e+00,0.000000e+00,0.000000e+00,0.000000e+00,0.000000e+00,0.000000e+00,0.000000e+00,0.000000e+00,0.000000e+00,0.000000e+00,0.000000e+00
1.000000e+00,0.000000e+00,0.000000e+00,0.000000e+00,0.000000e+00,0.000000e+00,0.000000e+00,0.000000e+00,0.000000e+00,0.000000e+00,0.000000e+00,0.000000e+00,0.000000e+00,0.000000e+00,0.000000e+00
1.000000e+00,0.000000e+00,0.000000e+00,0.000000e+00,0.000000e+00,0.000000e+00,0.000000e+00,0.000000e+00,0.000000e+00,0.000000e+00,0.000000e+00,0.000000e+00,0.000000e+00,0.000000e+00,0.000000e+00
4.037098e-01,2.839111e-02,1.938854e-02,4.216691e-02,1.541563e-02,3.960775e-02,4.176482e-03,2.748050e-02,1.026983e-02,8.338029e-03,2.157086e-01,1.048787e-01,2.577713e-02,1.741930e-02,3.727178e-02
3.210899e-01,2.479859e-02,3.874219e-02,5.045496e-02,1.520189e-02,5.943895e-02,3.513376e-03,2.219824e-02,9.547292e-03,1.189440e-02,2.569891e-01,1.125339e-01,2.228897e-02,1.828904e-02,3.301925e-02
2.573380e-01,2.655331e-02,1.084487e-01,6.291435e-02,1.608663e-02,7.312016e-02,3.040700e-03,1.873188e-02,9.435952e-03,3.257562e-02,2.197306e-01,9.776659e-02,1.840469e-02,1.801651e-02,3.783626e-02
2.588785e-01,2.838329e-02,9.165636e-02,8.327480e-02,1.882724e-02,7.344249e-02,4.516512e-03,1.813295e-02,1.509377e-02,2.940671e-02,1.951240e-01,9.686297e-02,2.063659e-02,1.991962e-02,4.584428e-02
2.769061e-01,2.657772e-02,7.797774e-02,8.413418e-02,1.975053e-02,6.929620e-02,7.057553e-03,1.860372e-02,1.946940e-02,3.271279e-02,1.729138e-01,9.364694e-02,2.050428e-02,2.354392e-02,5.690511e-02
3.170706e-01,2.725836e-02,6.320399e-02,8.095606e-02,1.948445e-02,5.964147e-02,6.675664e-03,1.871169e-02,1.984242e-02,2.813774e-02,1.666665e-01,8.206961e-02,1.888683e-02,2.946405e-02,6.193057e-02
3.540232e-01,2.752801e-02,5.426197e-02,7.430998e-02,1.980747e-02,5.225297e-02,5.980395e-03,1.781401e-02,1.880147e-02,2.645730e-02,1.525240e-01,7.040525e-02,1.718873e-02,3.812317e-02,7.052206e-02
3.810404e-01,2.894197e-02,5.428304e-02,8.210484e-02,1.922407e-02,4.617108e-02,5.700284e-03,1.644135e-02,1.651656e-02,2.140088e-02,1.433671e-01,6.752384e-02,1.752659e-02,3.499527e-02,6.476267e-02
4.753051e-01,2.781210e-02,4.366628e-02,7.022725e-02,1.836843e-02,3.875003e-02,5.845652e-03,1.550268e-02,1.457709e-02,1.642045e-02,1.141596e-01,5.589938e-02,1.434006e-02,3.242332e-02,5.670252e-02
1.000000e+00,0.000000e+00,0.000000e+00,0.000000e+00,0.000000e+00,0.000000e+00,0.000000e+00,0.000000e+00,0.000000e+00,0.000000e+00,0.000000e+00,0.000000e+00,0.000000e+00,0.000000e+00,0.000000e+00
1.000000e+00,0.000000e+00,0.000000e+00,0.000000e+00,0.000000e+00,0.000000e+00,0.000000e+00,0.000000e+00,0.000000e+00,0.000000e+00,0.000000e+00,0.000000e+00,0.000000e+00,0.000000e+00,0.000000e+00
1.000000e+00,0.000000e+00,0.000000e+00,0.000000e+00,0.000000e+00,0.000000e+00,0.000000e+00,0.000000e+00,0.000000e+00,0.000000e+00,0.000000e+00,0.000000e+00,0.000000e+00,0.000000e+00,0.000000e+00
1.000000e+00,0.000000e+00,0.000000e+00,0.000000e+00,0.000000e+00,0.000000e+00,0.000000e+00,0.000000e+00,0.000000e+00,0.000000e+00,0.000000e+00,0.000000e+00,0.000000e+00,0.000000e+00,0.000000e+00
4.815561e-01,6.174346e-02,3.193132e-02,7.700131e-02,2.373847e-02,3.300835e-02,3.677682e-03,2.440586e-02,4.331205e-02,9.776784e-03,6.642594e-02,3.501044e-02,1.195609e-02,3.575747e-02,6.069869e-02
4.869108e-01,6.066133e-02,2.736009e-02,6.985606e-02,2.265226e-02,3.235576e-02,3.190980e-03,1.984570e-02,5.292525e-02,8.584331e-03,7.219008e-02,3.286162e-02,1.115281e-02,3.650083e-02,6.295221e-02
4.708279e-01,5.476239e-02,3.531649e-02,8.471183e-02,2.295663e-02,3.150342e-02,3.558679e-03,2.316095e-02,5.409936e-02,7.425046e-03,7.060187e-02,3.526463e-02,1.163865e-02,3.562303e-02,5.854920e-02
4.970941e-01,4.660418e-02,3.078377e-02,8.329790e-02,2.265509e-02,2.970466e-02,3.470663e-03,2.033103e-02,5.589292e-02,7.017314e-03,6.432377e-02,3.637502e-02,1.172425e-02,3.697832e-02,5.374708e-02
1.000000e+00,0.000000e+00,0.000000e+00,0.000000e+00,0.000000e+00,0.000000e+00,0.000000e+00,0.000000e+00,0.000000e+00,0.000000e+00,0.000000e+00,0.000000e+00,0.000000e+00,0.000000e+00,0.000000e+00
1.000000e+00,0.000000e+00,0.000000e+00,0.000000e+00,0.000000e+00,0.000000e+00,0.000000e+00,0.000000e+00,0.000000e+00,0.000000e+00,0.000000e+00,0.000000e+00,0.000000e+00,0.000000e+00,0.000000e+00
1.000000e+00,0.000000e+00,0.000000e+00,0.000000e+00,0.000000e+00,0.000000e+00,0.000000e+00,0.000000e+00,0.000000e+00,0.000000e+00,0.000000e+00,0.000000e+00,0.000000e+00,0.000000e+00,0.000000e+00
1.000000e+00,0.000000e+00,0.000000e+00,0.000000e+00,0.000000e+00,0.000000e+00,0.000000e+00,0.000000e+00,0.000000e+00,0.000000e+00,0.000000e+00,0.000000e+00,0.000000e+00,0.000000e+00,0.000000e+00
1.000000e+00,0.000000e+00,0.000000e+00,0.000000e+00,0.000000e+00,0.000000e+00,0.000000e+00,0.000000e+00,0.000000e+00,0.000000e+00,0.000000e+00,0.000000e+00,0.000000e+00,0.000000e+00,0.000000e+00
1.000000e+00,0.000000e+00,0.000000e+00,0.000000e+00,0.000000e+00,0.000000e+00,0.000000e+00,0.000000e+00,0.000000e+00,0.000000e+00,0.000000e+00,0.000000e+00,0.000000e+00,0.000000e+00,0.000000e+00
1.000000e+00,0.000000e+00,0.000000e+00,0.000000e+00,0.000000e+00,0.000000e+00,0.000000e+00,0.000000e+00,0.000000e+00,0.000000e+00,0.000000e+00,0.000000e+00,0.000000e+00,0.000000e+00,0.000000e+00
1.000000e+00,0.000000e+00,0.000000e+00,0.000000e+00,0.000000e+00,0.000000e+00,0.000000e+00,0.000000e+00,0.000000e+00,0.000000e+00,0.000000e+00,0.000000e+00,0.000000e+00,0.000000e+00,0.000000e+00
1.000000e+00,0.000000e+00,0.000000e+00,0.000000e+00,0.000000e+00,0.000000e+00,0.000000e+00,0.000000e+00,0.000000e+00,0.000000e+00,0.000000e+00,0.000000e+00,0.000000e+00,0.000000e+00,0.000000e+00
1.000000e+00,0.000000e+00,0.000000e+00,0.000000e+00,0.000000e+00,0.000000e+00,0.000000e+00,0.000000e+00,0.000000e+00,0.000000e+00,0.000000e+00,0.000000e+00,0.000000e+00,0.000000e+00,0.000000e+00
4.635214e-01,2.488752e-02,3.778048e-02,1.082441e-01,1.579497e-02,2.468194e-02,7.010213e-03,2.565965e-02,6.436133e-02,3.114048e-03,6.885421e-02,6.587597e-02,2.697428e-02,2.364575e-02,3.959414e-02
1.000000e+00,0.000000e+00,0.000000e+00,0.000000e+00,0.000000e+00,0.000000e+00,0.000000e+00,0.000000e+00,0.000000e+00,0.000000e+00,0.000000e+00,0.000000e+00,0.000000e+00,0.000000e+00,0.000000e+00
1.000000e+00,0.000000e+00,0.000000e+00,0.000000e+00,0.000000e+00,0.000000e+00,0.000000e+00,0.000000e+00,0.000000e+00,0.000000e+00,0.000000e+00,0.000000e+00,0.000000e+00,0.000000e+00,0.000000e+00
1.000000e+00,0.000000e+00,0.000000e+00,0.000000e+00,0.000000e+00,0.000000e+00,0.000000e+00,0.000000e+00,0.000000e+00,0.000000e+00,0.000000e+00,0.000000e+00,0.000000e+00,0.000000e+00,0.000000e+00
1.000000e+00,0.000000e+00,0.000000e+00,0.000000e+00,0.000000e+00,0.000000e+00,0.000000e+00,0.000000e+00,0.000000e+00,0.000000e+00,0.000000e+00,0.000000e+00,0.000000e+00,0.000000e+00,0.000000e+00
1.000000e+00,0.000000e+00,0.000000e+00,0.000000e+00,0.000000e+00,0.000000e+00,0.000000e+00,0.000000e+00,0.000000e+00,0.000000e+00,0.000000e+00,0.000000e+00,0.000000e+00,0.000000e+00,0.000000e+00
1.000000e+00,0.000000e+00,0.000000e+00,0.000000e+00,0.000000e+00,0.000000e+00,0.000000e+00,0.000000e+00,0.000000e+00,0.000000e+00,0.000000e+00,0.000000e+00,0.000000e+00,0.000000e+00,0.000000e+00
1.000000e+00,0.000000e+00,0.000000e+00,0.000000e+00,0.000000e+00,0.000000e+00,0.000000e+00,0.000000e+00,0.000000e+00,0.000000e+00,0.000000e+00,0.000000e+00,0.000000e+00,0.000000e+00,0.000000e+00
1.000000e+00,0.000000e+00,0.000000e+00,0.000000e+00,0.000000e+00,0.000000e+00,0.000000e+00,0.000000e+00,0.000000e+00,0.000000e+00,0.000000e+00,0.000000e+00,0.000000e+00,0.000000e+00,0.000000e+00
1.000000e+00,0.000000e+00,0.000000e+00,0.000000e+00,0.000000e+00,0.000000e+00,0.000000e+00,0.000000e+00,0.000000e+00,0.000000e+00,0.000000e+00,0.000000e+00,0.000000e+00,0.000000e+00,0.000000e+00
1.000000e+00,0.000000e+00,0.000000e+00,0.000000e+00,0.000000e+00,0.000000e+00,0.000000e+00,0.000000e+00,0.000000e+00,0.000000e+00,0.000000e+00,0.000000e+00,0.000000e+00,0.000000e+00,0.000000e+00
1.000000e+00,0.000000e+00,0.000000e+00,0.000000e+00,0.000000e+00,0.000000e+00,0.000000e+00,0.000000e+00,0.000000e+00,0.000000e+00,0.000000e+00,0.000000e+00,0.000000e+00,0.000000e+00,0.000000e+00
1.000000e+00,0.000000e+00,0.000000e+00,0.000000e+00,0.000000e+00,0.000000e+00,0.000000e+00,0.000000e+00,0.000000e+00,0.000000e+00,0.000000e+00,0.000000e+00,0.000000e+00,0.000000e+00,0.000000e+00
1.000000e+00,0.000000e+00,0.000000e+00,0.000000e+00,0.000000e+00,0.000000e+00,0.000000e+00,0.000000e+00,0.000000e+00,0.000000e+00,0.000000e+00,0.000000e+00,0.000000e+00,0.000000e+00,0.000000e+00
1.000000e+00,0.000000e+00,0.000000e+00,0.000000e+00,0.000000e+00,0.000000e+00,0.000000e+00,0.000000e+00,0.000000e+00,0.000000e+00,0.000000e+00,0.000000e+00,0.000000e+00,0.000000e+00,0.000000e+00
1.000000e+00,0.000000e+00,0.000000e+00,0.000000e+00,0.000000e+00,0.000000e+00,0.000000e+00,0.000000e+00,0.000000e+00,0.000000e+00,0.000000e+00,0.000000e+00,0.000000e+00,0.000000e+00,0.000000e+00
1.000000e+00,0.000000e+00,0.000000e+00,0.000000e+00,0.000000e+00,0.000000e+00,0.000000e+00,0.000000e+00,0.000000e+00,0.000000e+00,0.000000e+00,0.000000e+00,0.000000e+00,0.000000e+00,0.000000e+00
1.000000e+00,0.000000e+00,0.000000e+00,0.000000e+00,0.000000e+00,0.000000e+00,0.000000e+00,0.000000e+00,0.000000e+00,0.000000e+00,0.000000e+00,0.000000e+00,0.000000e+00,0.000000e+00,0.000000e+00
1.000000e+00,0.000000e+00,0.000000e+00,0.000000e+00,0.000000e+00,0.000000e+00,0.000000e+00,0.000000e+00,0.000000e+00,0.000000e+00,0.000000e+00,0.000000e+00,0.000000e+00,0.000000e+00,0.000000e+00
1.000000e+00,0.000000e+00,0.000000e+00,0.000000e+00,0.000000e+00,0.000000e+00,0.000000e+00,0.000000e+00,0.000000e+00,0.000000e+00,0.000000e+00,0.000000e+00,0.000000e+00,0.000000e+00,0.000000e+00
1.000000e+00,0.000000e+00,0.000000e+00,0.000000e+00,0.000000e+00,0.000000e+00,0.000000e+00,0.000000e+00,0.000000e+00,0.000000e+00,0.000000e+00,0.000000e+00,0.000000e+00,0.000000e+00,0.000000e+00
1.000000e+00,0.000000e+00,0.000000e+00,0.000000e+00,0.000000e+00,0.000000e+00,0.000000e+00,0.000000e+00,0.000000e+00,0.000000e+00,0.000000e+00,0.000000e+00,0.000000e+00,0.000000e+00,0.000000e+00
1.000000e+00,0.000000e+00,0.000000e+00,0.000000e+00,0.000000e+00,0.000000e+00,0.000000e+00,0.000000e+00,0.000000e+00,0.000000e+00,0.000000e+00,0.000000e+00,0.000000e+00,0.000000e+00,0.000000e+00
1.000000e+00,0.000000e+00,0.000000e+00,0.000000e+00,0.000000e+00,0.000000e+00,0.000000e+00,0.000000e+00,0.000000e+00,0.000000e+00,0.000000e+00,0.000000e+00,0.000000e+00,0.000000e+00,0.000000e+00
1.000000e+00,0.000000e+00,0.000000e+00,0.000000e+00,0.000000e+00,0.000000e+00,0.000000e+00,0.000000e+00,0.000000e+00,0.000000e+00,0.000000e+00,0.000000e+00,0.000000e+00,0.000000e+00,0.000000e+00
1.000000e+00,0.000000e+00,0.000000e+00,0.000000e+00,0.000000e+00,0.000000e+00,0.000000e+00,0.000000e+00,0.000000e+00,0.000000e+00,0.000000e+00,0.000000e+00,0.000000e+00,0.000000e+00,0.000000e+00
1.000000e+00,0.000000e+00,0.000000e+00,0.000000e+00,0.000000e+00,0.000000e+00,0.000000e+00,0.000000e+00,0.000000e+00,0.000000e+00,0.000000e+00,0.000000e+00,0.000000e+00,0.000000e+00,0.000000e+00
1.000000e+00,0.000000e+00,0.000000e+00,0.000000e+00,0.000000e+00,0.000000e+00,0.000000e+00,0.000000e+00,0.000000e+00,0.000000e+00,0.000000e+00,0.000000e+00,0.000000e+00,0.000000e+00,0.000000e+00
1.000000e+00,0.000000e+00,0.000000e+00,0.000000e+00,0.000000e+00,0.000000e+00,0.000000e+00,0.000000e+00,0.000000e+00,0.000000e+00,0.000000e+00,0.000000e+00,0.000000e+00,0.000000e+00,0.000000e+00
1.000000e+00,0.000000e+00,0.000000e+00,0.000000e+00,0.000000e+00,0.000000e+00,0.000000e+00,0.000000e+00,0.000000e+00,0.000000e+00,0.000000e+00,0.000000e+00,0.000000e+00,0.000000e+00,0.000000e+00
1.000000e+00,0.000000e+00,0.000000e+00,0.000000e+00,0.000000e+00,0.000000e+00,0.000000e+00,0.000000e+00,0.000000e+00,0.000000e+00,0.000000e+00,0.000000e+00,0.000000e+00,0.000000e+00,0.000000e+00
1.000000e+00,0.000000e+00,0.000000e+00,0.000000e+00,0.000000e+00,0.000000e+00,0.000000e+00,0.000000e+00,0.000000e+00,0.000000e+00,0.000000e+00,0.000000e+00,0.000000e+00,0.000000e+00,0.000000e+00
1.000000e+00,0.000000e+00,0.000000e+00,0.000000e+00,0.000000e+00,0.000000e+00,0.000000e+00,0.000000e+00,0.000000e+00,0.000000e+00,0.000000e+00,0.000000e+00,0.000000e+00,0.000000e+00,0.000000e+00
1.000000e+00,0.000000e+00,0.000000e+00,0.000000e+00,0.000000e+00,0.000000e+00,0.000000e+00,0.000000e+00,0.000000e+00,0.000000e+00,0.000000e+00,0.000000e+00,0.000000e+00,0.000000e+00,0.000000e+00
1.000000e+00,0.000000e+00,0.000000e+00,0.000000e+00,0.000000e+00,0.000000e+00,0.000000e+00,0.000000e+00,0.000000e+00,0.000000e+00,0.000000e+00,0.000000e+00,0.000000e+00,0.000000e+00,0.000000e+00
1.000000e+00,0.000000e+00,0.000000e+00,0.000000e+00,0.000000e+00,0.000000e+00,0.000000e+00,0.000000e+00,0.000000e+00,0.000000e+00,0.000000e+00,0.000000e+00,0.000000e+00,0.000000e+00,0.000000e+00
1.000000e+00,0.000000e+00,0.000000e+00,0.000000e+00,0.000000e+00,0.000000e+00,0.000000e+00,0.000000e+00,0.000000e+00,0.000000e+00,0.000000e+00,0.000000e+00,0.000000e+00,0.000000e+00,0.000000e+00
1.000000e+00,0.000000e+00,0.000000e+00,0.000000e+00,0.000000e+00,0.000000e+00,0.000000e+00,0.000000e+00,0.000000e+00,0.000000e+00,0.000000e+00,0.000000e+00,0.000000e+00,0.000000e+00,0.000000e+00
1.000000e+00,0.000000e+00,0.000000e+00,0.000000e+00,0.000000e+00,0.000000e+00,0.000000e+00,0.000000e+00,0.000000e+00,0.000000e+00,0.000000e+00,0.000000e+00,0.000000e+00,0.000000e+00,0.000000e+00
1.000000e+00,0.000000e+00,0.000000e+00,0.000000e+00,0.000000e+00,0.000000e+00,0.000000e+00,0.000000e+00,0.000000e+00,0.000000e+00,0.000000e+00,0.000000e+00,0.000000e+00,0.000000e+00,0.000000e+00
1.000000e+00,0.000000e+00,0.000000e+00,0.000000e+00,0.000000e+00,0.000000e+00,0.000000e+00,0.000000e+00,0.000000e+00,0.000000e+00,0.000000e+00,0.000000e+00,0.000000e+00,0.000000e+00,0.000000e+00
1.000000e+00,0.000000e+00,0.000000e+00,0.000000e+00,0.000000e+00,0.000000e+00,0.000000e+00,0.000000e+00,0.000000e+00,0.000000e+00,0.000000e+00,0.000000e+00,0.000000e+00,0.000000e+00,0.000000e+00
1.000000e+00,0.000000e+00,0.000000e+00,0.000000e+00,0.000000e+00,0.000000e+00,0.000000e+00,0.000000e+00,0.000000e+00,0.000000e+00,0.000000e+00,0.000000e+00,0.000000e+00,0.000000e+00,0.000000e+00
1.000000e+00,0.000000e+00,0.000000e+00,0.000000e+00,0.000000e+00,0.000000e+00,0.000000e+00,0.000000e+00,0.000000e+00,0.000000e+00,0.000000e+00,0.000000e+00,0.000000e+00,0.000000e+00,0.000000e+00
1.000000e+00,0.000000e+00,0.000000e+00,0.000000e+00,0.000000e+00,0.000000e+00,0.000000e+00,0.000000e+00,0.000000e+00,0.000000e+00,0.000000e+00,0.000000e+00,0.000000e+00,0.000000e+00,0.000000e+00
1.000000e+00,0.000000e+00,0.000000e+00,0.000000e+00,0.000000e+00,0.000000e+00,0.000000e+00,0.000000e+00,0.000000e+00,0.000000e+00,0.000000e+00,0.000000e+00,0.000000e+00,0.000000e+00,0.000000e+00
1.000000e+00,0.000000e+00,0.000000e+00,0.000000e+00,0.000000e+00,0.000000e+00,0.000000e+00,0.000000e+00,0.000000e+00,0.000000e+00,0.000000e+00,0.000000e+00,0.000000e+00,0.000000e+00,0.000000e+00
1.000000e+00,0.000000e+00,0.000000e+00,0.000000e+00,0.000000e+00,0.000000e+00,0.000000e+00,0.000000e+00,0.000000e+00,0.000000e+00,0.000000e+00,0.000000e+00,0.000000e+00,0.000000e+00,0.000000e+00
1.000000e+00,0.000000e+00,0.000000e+00,0.000000e+00,0.000000e+00,0.000000e+00,0.000000e+00,0.000000e+00,0.000000e+00,0.000000e+00,0.000000e+00,0.000000e+00,0.000000e+00,0.000000e+00,0.000000e+00
1.000000e+00,0.000000e+00,0.000000e+00,0.000000e+00,0.000000e+00,0.000000e+00,0.000000e+00,0.000000e+00,0.000000e+00,0.000000e+00,0.000000e+00,0.000000e+00,0.000000e+00,0.000000e+00,0.000000e+00
1.000000e+00,0.000000e+00,0.000000e+00,0.000000e+00,0.000000e+00,0.000000e+00,0.000000e+00,0.000000e+00,0.000000e+00,0.000000e+00,0.000000e+00,0.000000e+00,0.000000e+00,0.000000e+00,0.000000e+00
1.000000e+00,0.000000e+00,0.000000e+00,0.000000e+00,0.000000e+00,0.000000e+00,0.000000e+00,0.000000e+00,0.000000e+00,0.000000e+00,0.000000e+00,0.000000e+00,0.000000e+00,0.000000e+00,0.000000e+00
1.000000e+00,0.000000e+00,0.000000e+00,0.000000e+00,0.000000e+00,0.000000e+00,0.000000e+00,0.000000e+00,0.000000e+00,0.000000e+00,0.000000e+00,0.000000e+00,0.000000e+00,0.000000e+00,0.000000e+00
1.000000e+00,0.000000e+00,0.000000e+00,0.000000e+00,0.000000e+00,0.000000e+00,0.000000e+00,0.000000e+00,0.000000e+00,0.000000e+00,0.000000e+00,0.000000e+00,0.000000e+00,0.000000e+00,0.000000e+00
1.000000e+00,0.000000e+00,0.000000e+00,0.000000e+00,0.000000e+00,0.000000e+00,0.000000e+00,0.000000e+00,0.000000e+00,0.000000e+00,0.000000e+00,0.000000e+00,0.000000e+00,0.000000e+00,0.000000e+00
1.000000e+00,0.000000e+00,0.000000e+00,0.000000e+00,0.000000e+00,0.000000e+00,0.000000e+00,0.000000e+00,0.000000e+00,0.000000e+00,0.000000e+00,0.000000e+00,0.000000e+00,0.000000e+00,0.000000e+00
1.000000e+00,0.000000e+00,0.000000e+00,0.000000e+00,0.000000e+00,0.000000e+00,0.000000e+00,0.000000e+00,0.000000e+00,0.000000e+00,0.000000e+00,0.000000e+00,0.000000e+00,0.000000e+00,0.000000e+00
1.000000e+00,0.000000e+00,0.000000e+00,0.000000e+00,0.000000e+00,0.000000e+00,0.000000e+00,0.000000e+00,0.000000e+00,0.000000e+00,0.000000e+00,0.000000e+00,0.000000e+00,0.000000e+00,0.000000e+00
1.000000e+00,0.000000e+00,0.000000e+00,0.000000e+00,0.000000e+00,0.000000e+00,0.000000e+00,0.000000e+00,0.000000e+00,0.000000e+00,0.000000e+00,0.000000e+00,0.000000e+00,0.000000e+00,0.000000e+00
1.000000e+00,0.000000e+00,0.000000e+00,0.000000e+00,0.000000e+00,0.000000e+00,0.000000e+00,0.000000e+00,0.000000e+00,0.000000e+00,0.000000e+00,0.000000e+00,0.000000e+00,0.000000e+00,0.000000e+00
