1.000000e+00,0.000000e+00,0.000000e+00,0.000000e+00,0.000000e+00,0.000000e+00,0.000000e+00,0.000000e+00,0.000000e+00,0.000000e+00,0.000000e+00,0.000000e+00,0.000000e+00,0.000000e+00,0.000000e+00
1.000000e+00,0.000000e+00,0.000000e+00,0.000000e+00,0.000000e+00,0.000000e+00,0.000000e+00,0.000000e+00,0.000000e+00,0.000000e+00,0.000000e+00,0.000000e+00,0.000000e+00,0.000000e+00,0.000000e+00
1.000000e+00,0.000000e+00,0.000000e+00,0.000000e+00,0.000000e+00,0.000000e+00,0.000000e+00,0.000000e+00,0.000000e+00,0.000000e+00,0.000000e+00,0.000000e+00,0.000000e+00,0.000000e+00,0.000000e+00
1.000000e+00,0.000000e+00,0.000000e+00,0.000000e+00,0.000000e+00,0.000000e+00,0.000000e+00,0.000000e+00,0.000000e+00,0.000000e+00,0.000000e+00,0.000000e+00,0.000000e+00,0.000000e+00,0.000000e+00
1.000000e+00,0.000000e+00,0.000000e+00,0.000000e+00,0.000000e+00,0.000000e+00,0.000000e+00,0.000000e+00,0.000000e+00,0.000000e+00,0.000000e+00,0.000000e+00,0.000000e+00,0.000000e+00,0.000000e+00
1.000000e+00,0.000000e+00,0.000000e+00,0.000000e+00,0.000000e+00,0.000000e+00,0.000000e+00,0.000000e+00,0.000000e+00,0.000000e+00,0.000000e+00,0.000000e+00,0.000000e+00,0.000000e+00,0.000000e+00
1.000000e+00,0.000000e+00,0.000000e+00,0.000000e+00,0.000000e+00,0.000000e+00,0.000000e+00,0.000000e+00,0.000000e+00,0.000000e+00,0.000000e+00,0.000000e+00,0.000000e+00,0.000000e+00,0.000000e+00
1.000000e+00,0.000000e+00,0.000000e+00,0.000000e+00,0.000000e+00,0.000000e+00,0.000000e+00,0.000000e+00,0.000000e+00,0.000000e+00,0.000000e+00,0.000000e+00,0.000000e+00,0.000000e+00,0.000000e+00
1.000000e+00,0.000000e+00,0.000000e+00,0.000000e+00,0.000000e+00,0.000000e+00,0.000000e+00,0.000000e+00,0.000000e+00,0.000000e+00,0.000000e+00,0.000000e+00,0.000000e+00,0.000000e+00,0.000000e+00
1.000000e+00,0.000000e+00,0.000000e+00,0.000000e+00,0.000000e+00,0.000000e+00,0.000000e+00,0.000000e+00,0.000000e+00,0.000000e+00,0.000000e+00,0.000000e+00,0.000000e+00,0.000000e+00,0.000000e+00
1.000000e+00,0.000000e+00,0.000000e+00,0.000000e+00,0.000000e+00,0.000000e+00,0.000000e+00,0.000000e+00,0.000000e+00,0.000000e+00,0.000000e+00,0.000000e+00,0.000000e+00,0.000000e+00,0.000000e+00
1.000000e+00,0.000000e+00,0.000000e+00,0.000000e+00,0.000000e+00,0.000000e+00,0.000000e+00,0.000000e+00,0.000000e+00,0.000000e+00,0.000000e+00,0.000000e+00,0.000000e+00,0.000000e+00,0.000000e+00
1.000000e+00,0.000000e+00,0.000000e+00,0.000000e+00,0.000000e+00,0.000000e+00,0.000000e+00,0.000000e+00,0.000000e+00,0.000000e+00,0.000000e+00,0.000000e+00,0.000000e+00,0.000000e+00,0.000000e+00
1.000000e+00,0.000000e+00,0.000000e+00,0.000000e+00,0.000000e+00,0.000000e+00,0.000000e+00,0.000000e+00,0.000000e+00,0.000000e+00,0.000000e+00,0.000000e+00,0.000000e+00,0.000000e+00,0.000000e+00
1.000000e+00,0.000000e+00,0.000000e+00,0.000000e+00,0.000000e+00,0.000000e+00,0.000000e+00,0.000000e+00,0.000000e+00,0.000000e+00,0.000000e+00,0.000000e+00,0.000000e+00,0.000000e+00,0.000000e+00
1.000000e+00,0.000000e+00,0.000000e+00,0.000000e+00,0.000000e+00,0.000000e+00,0.000000e+00,0.000000e+00,0.000000e+00,0.000000e+00,0.000000e+00,0.000000e+00,0.000000e+00,0.000000e+00,0.000000e+00
1.000000e+00,0.000000e+00,0.000000e+00,0.000000e+00,0.000000e+00,0.000000e+00,0.000000e+00,0.000000e+00,0.000000e+00,0.000000e+00,0.000000e+00,0.000000e+00,0.000000e+00,0.000000e+00,0.000000e+00
1.000000e+00,0.000000e+00,0.000000e+00,0.000000e+00,0.000000e+00,0.000000e+00,0.000000e+00,0.000000e+00,0.000000e+00,0.000000e+00,0.000000e+00,0.000000e+00,0.000000e+00,0.000000e+00,0.000000e+00
1.000000e+00,0.000000e+00,0.000000e+00,0.000000e+00,0.000000e+00,0.000000e+00,0.000000e+00,0.000000e+00,0.000000e+00,0.000000e+00,0.000000e+00,0.000000e+00,0.000000e+00,0.000000e+00,0.000000e+00
1.000000e+00,0.000000e+00,0.000000e+00,0.000000e+00,0.000000e+00,0.000000e+00,0.000000e+00,0.000000e+00,0.000000e+00,0.000000e+00,0.000000e+00,0.000000e+00,0.000000e+00,0.000000e+00,0.000000e+00
1.000000e+00,0.000000e+00,0.000000e+00,0.000000e+00,0.000000e+00,0.000000e+00,0.000000e+00,0.000000e+00,0.000000e+00,0.000000e+00,0.000000e+00,0.000000e+00,0.000000e+00,0.000000e+00,0.000000e+00
1.000000e+00,0.000000e+00,0.000000e+00,0.000000e+00,0.000000e+00,0.000000e+00,0.000000e+00,0.000000e+00,0.000000e+00,0.000000e+00,0.000000e+00,0.000000e+00,0.000000e+00,0.000000e+00,0.000000e+00
1.000000e+00,0.000000e+00,0.000000e+00,0.000000e+00,0.000000e+00,0.000000e+00,0.000000e+00,0.000000e+00,0.000000e+00,0.000000e+00,0.000000e+00,0.000000e+00,0.000000e+00,0.000000e+00,0.000000e+00
1.000000e+00,0.000000e+00,0.000000e+00,0.000000e+00,0.000000e+00,0.000000e+00,0.000000e+00,0.000000e+00,0.000000e+00,0.000000e+00,0.000000e+00,0.000000e+00,0.000000e+00,0.000000e+00,0.000000e+00
1.000000e+00,0.000000e+00,0.000000e+00,0.000000e+00,0.000000e+00,0.000000e+00,0.000000e+00,0.000000e+00,0.000000e+00,0.000000e+00,0.000000e+00,0.000000e+00,0.000000e+00,0.000000e+00,0.000000e+00
1.000000e+00,0.000000e+00,0.000000e+00,0.000000e+00,0.000000e+00,0.000000e+00,0.000000e+00,0.000000e+00,0.000000e+00,0.000000e+00,0.000000e+00,0.000000e+00,0.000000e+00,0.000000e+00,0.000000e+00
1.000000e+00,0.000000e+00,0.000000e+00,0.000000e+00,0.000000e+00,0.000000e+00,0.000000e+00,0.000000e+00,0.000000e+00,0.000000e+00,0.000000e+00,0.000000e+00,0.000000e+00,0.000000e+00,0.000000e+00
1.000000e+00,0.000000e+00,0.000000e+00,0.000000e+00,0.000000e+00,0.000000e+00,0.000000e+00,0.000000e+00,0.000000e+00,0.000000e+00,0.000000e+00,0.000000e+00,0.000000e+00,0.000000e+00,0.000000e+00
1.000000e+00,0.000000e+00,0.000000e+00,0.000000e+00,0.000000e+00,0.000000e+00,0.000000e+00,0.000000e+00,0.000000e+00,0.000000e+00,0.000000e+00,0.000000e+00,0.000000e+00,0.000000e+00,0.000000e+00
1.000000e+00,0.000000e+00,0.000000e+00,0.000000e+00,0.000000e+00,0.000000e+00,0.000000e+00,0.000000e+00,0.000000e+00,0.000000e+00,0.000000e+00,0.000000e+00,0.000000e+00,0.000000e+00,0.000000e+00
1.000000e+00,0.000000e+00,0.000000e+00,0.000000e+00,0.000000e+00,0.000000e+00,0.000000e+00,0.000000e+00,0.000000e+00,0.000000e+00,0.000000e+00,0.000000e+00,0.000000e+00,0.000000e+00,0.000000e+00
1.000000e+00,0.000000e+00,0.000000e+00,0.000000e+00,0.000000e+00,0.000000e+00,0.000000e+00,0.000000e+00,0.000000e+00,0.000000e+00,0.000000e+00,0.000000e+00,0.000000e+00,0.000000e+00,0.000000e+00
1.000000e+00,0.000000e+00,0.000000e+00,0.000000e+00,0.000000e+00,0.000000e+00,0.000000e+00,0.000000e+00,0.000000e+00,0.000000e+00,0.000000e+00,0.000000e+00,0.000000e+00,0.000000e+00,0.000000e+00
1.000000e+00,0.000000e+00,0.000000e+00,0.000000e+00,0.000000e+00,0.000000e+00,0.000000e+00,0.000000e+00,0.000000e+00,0.000000e+00,0.000000e+00,0.000000e+00,0.000000e+00,0.000000e+00,0.000000e+00
1.000000e+00,0.000000e+00,0.000000e+00,0.000000e+00,0.000000e+00,0.000000e+00,0.000000e+00,0.000000e+00,0.000000e+00,0.000000e+00,0.000000e+00,0.000000e+00,0.000000e+00,0.000000e+00,0.000000e+00
1.000000e+00,0.000000e+00,0.000000e+00,0.000000e+00,0.000000e+00,0.000000e+00,0.000000e+00,0.000000e+00,0.000000e+00,0.000000e+00,0.000000e+00,0.000000e+00,0.000000e+00,0.000000e+00,0.000000e+00
1.000000e+00,0.000000e+00,0.000000e+00,0.000000e+00,0.000000e+00,0.000000e+00,0.000000e+00,0.000000e+00,0.000000e+00,0.000000e+00,0.000000e+00,0.000000e+00,0.000000e+00,0.000000e+00,0.000000e+00
1.000000e+00,0.000000e+00,0.000000e+00,0.000000e+00,0.000000e+00,0.000000e+00,0.000000e+00,0.000000e+00,0.000000e+00,0.000000e+00,0.000000e+00,0.000000e+00,0.000000e+00,0.000000e+00,0.000000e+00
1.000000e+00,0.000000e+00,0.000000e+00,0.000000e+00,0.000000e+00,0.000000e+00,0.000000e+00,0.000000e+00,0.000000e+00,0.000000e+00,0.000000e+00,0.000000e+00,0.000000e+00,0.000000e+00,0.000000e+00
1.000000e+00,0.000000e+00,0.000000e+00,0.000000e+00,0.000000e+00,0.000000e+00,0.000000e+00,0.000000e+00,0.000000e+00,0.000000e+00,0.000000e+00,0.000000e+00,0.000000e+00,0.000000e+00,0.000000e+00
1.000000e+00,0.000000e+00,0.000000e+00,0.000000e+00,0.000000e+00,0.000000e+00,0.000000e+00,0.000000e+00,0.000000e+00,0.000000e+00,0.000000e+00,0.000000e+00,0.000000e+00,0.000000e+00,0.000000e+00
1.000000e+00,0.000000e+00,0.000000e+00,0.000000e+00,0.000000e+00,0.000000e+00,0.000000e+00,0.000000e+00,0.000000e+00,0.000000e+00,0.000000e+00,0.000000e+00,0.000000e+00,0.000000e+00,0.000000e+00
1.000000e+00,0.000000e+00,0.000000e+00,0.000000e+00,0.000000e+00,0.000000e+00,0.000000e+00,0.000000e+00,0.000000e+00,0.000000e+00,0.000000e+00,0.000000e+00,0.000000e+00,0.000000e+00,0.000000e+00
1.000000e+00,0.000000e+00,0.000000e+00,0.000000e+00,0.000000e+00,0.000000e+00,0.000000e+00,0.000000e+00,0.000000e+00,0.000000e+00,0.000000e+00,0.000000e+00,0.000000e+00,0.000000e+00,0.000000e+00
1.000000e+00,0.000000e+00,0.000000e+00,0.000000e+00,0.000000e+00,0.000000e+00,0.000000e+00,0.000000e+00,0.000000e+00,0.000000e+00,0.000000e+00,0.000000e+00,0.000000e+00,0.000000e+00,0.000000e+00
1.000000e+00,0.000000e+00,0.000000e+00,0.000000e+00,0.000000e+00,0.000000e+00,0.000000e+00,0.000000e+00,0.000000e+00,0.000000e+00,0.000000e+00,0.000000e+00,0.000000e+00,0.000000e+00,0.000000e+00
1.000000e+00,0.000000e+00,0.000000e+00,0.000000e+00,0.000000e+00,0.000000e+00,0.000000e+00,0.000000e+00,0.000000e+00,0.000000e+00,0.000000e+00,0.000000e+00,0.000000e+00,0.000000e+00,0.000000e+00
1.000000e+00,0.000000e+00,0.000000e+00,0.000000e+00,0.000000e+00,0.000000e+00,0.000000e+00,0.000000e+00,0.000000e+00,0.000000e+00,0.000000e+00,0.000000e+00,0.000000e+00,0.000000e+00,0.000000e+00
1.000000e+00,0.000000e+00,0.000000e+00,0.000000e+00,0.000000e+00,0.000000e+00,0.000000e+00,0.000000e+00,0.000000e+00,0.000000e+00,0.000000e+00,0.000000e+00,0.000000e+00,0.000000e+00,0.000000e+00
1.000000e+00,0.000000e+00,0.000000e+00,0.000000e+00,0.000000e+00,0.000000e+00,0.000000e+00,0.000000e+00,0.000000e+00,0.000000e+00,0.000000e+00,0.000000e+00,0.000000e+00,0.000000e+00,0.000000e+00
1.000000e+00,0.000000e+00,0.000000e+00,0.000000e+00,0.000000e+00,0.000000e+00,0.000000e+00,0.000000e+00,0.000000e+00,0.000000e+00,0.000000e+00,0.000000e+00,0.000000e+00,0.000000e+00,0.000000e+00
1.000000e+00,0.000000e+00,0.000000e+00,0.000000e+00,0.000000e+00,0.000000e+00,0.000000e+00,0.000000e+00,0.000000e+00,0.000000e+00,0.000000e+00,0.000000e+00,0.000000e+00,0.000000e+00,0.000000e+00
1.000000e+00,0.000000e+00,0.000000e+00,0.000000e+00,0.000000e+00,0.000000e+00,0.000000e+00,0.000000e+00,0.000000e+00,0.000000e+00,0.000000e+00,0.000000e+00,0.000000e+00,0.000000e+00,0.000000e+00
1.000000e+00,0.000000e+00,0.000000e+00,0.000000e+00,0.000000e+00,0.000000e+00,0.000000e+00,0.000000e+00,0.000000e+00,0.000000e+00,0.000000e+00,0.000000e+00,0.000000e+00,0.000000e+00,0.000000e+00
1.000000e+00,0.000000e+00,0.000000e+00,0.000000e+00,0.000000e+00,0.000000e+00,0.000000e+00,0.000000e+00,0.000000e+00,0.000000e+00,0.000000e+00,0.000000e+00,0.000000e+00,0.000000e+00,0.000000e+00
1.000000e+00,0.000000e+00,0.000000e+00,0.000000e+00,0.000000e+00,0.000000e+00,0.000000e+00,0.000000e+00,0.000000e+00,0.000000e+00,0.000000e+00,0.000000e+00,0.000000e+00,0.000000e+00,0.000000e+00
1.000000e+00,0.000000e+00,0.000000e+00,0.000000e+00,0.000000e+00,0.000000e+00,0.000000e+00,0.000000e+00,0.000000e+00,0.000000e+00,0.000000e+00,0.000000e+00,0.000000e+00,0.000000e+00,0.000000e+00
1.000000e+00,0.000000e+00,0.000000e+00,0.000000e+00,0.000000e+00,0.000000e+00,0.000000e+00,0.000000e+00,0.000000e+00,0.000000e+00,0.000000e+00,0.000000e+00,0.000000e+00,0.000000e+00,0.000000e+00
1.000000e+00,0.000000e+00,0.000000e+00,0.000000e+00,0.000000e+00,0.000000e+00,0.000000e+00,0.000000e+00,0.000000e+00,0.000000e+00,0.000000e+00,0.000000e+00,0.000000e+00,0.000000e+00,0.000000e+00
1.000000e+00,0.000000e+00,0.000000e+00,0.000000e+00,0.000000e+00,0.000000e+00,0.000000e+00,0.000000e+00,0.000000e+00,0.000000e+00,0.000000e+00,0.000000e+00,0.000000e+00,0.000000e+00,0.000000e+00
1.000000e+00,0.000000e+00,0.000000e+00,0.000000e+00,0.000000e+00,0.000000e+00,0.000000e+00,0.000000e+00,0.000000e+00,0.000000e+00,0.000000e+00,0.000000e+00,0.000000e+00,0.000000e+00,0.000000e+00
1.000000e+00,0.000000e+00,0.000000e+00,0.000000e+00,0.000000e+00,0.000000e+00,0.000000e+00,0.000000e+00,0.000000e+00,0.000000e+00,0.000000e+00,0.000000e+00,0.000000e+00,0.000000e+00,0.000000e+00
1.000000e+00,0.000000e+00,0.000000e+00,0.000000e+00,0.000000e+00,0.000000e+00,0.000000e+00,0.000000e+00,0.000000e+00,0.000000e+00,0.000000e+00,0.000000e+00,0.000000e+00,0.000000e+00,0.000000e+00
1.000000e+00,0.000000e+00,0.000000e+00,0.000000e+00,0.000000e+00,0.000000e+00,0.000000e+00,0.000000e+00,0.000000e+00,0.000000e+00,0.000000e+00,0.000000e+00,0.000000e+00,0.000000e+00,0.000000e+00
1.000000e+00,0.000000e+00,0.000000e+00,0.000000e+00,0.000000e+00,0.000000e+00,0.000000e+00,0.000000e+00,0.000000e+00,0.000000e+00,0.000000e+00,0.000000e+00,0.000000e+00,0.000000e+00,0.000000e+00
1.000000e+00,0.000000e+00,0.000000e+00,0.000000e+00,0.000000e+00,0.000000e+00,0.000000e+00,0.000000e+00,0.000000e+00,0.000000e+00,0.000000e+00,0.000000e+00,0.000000e+00,0.000000e+00,0.000000e+00
1.000000e+00,0.000000e+00,0.000000e+00,0.000000e+00,0.000000e+00,0.000000e+00,0.000000e+00,0.000000e+00,0.000000e+00,0.000000e+00,0.000000e+00,0.000000e+00,0.000000e+00,0.000000e+00,0.000000e+00
1.000000e+00,0.000000e+00,0.000000e+00,0.000000e+00,0.000000e+00,0.000000e+00,0.000000e+00,0.000000e+00,0.000000e+00,0.000000e+00,0.000000e+00,0.000000e+00,0.000000e+00,0.000000e+00,0.000000e+00
1.000000e+00,0.000000e+00,0.000000e+00,0.000000e+00,0.000000e+00,0.000000e+00,0.000000e+00,0.000000e+00,0.000000e+00,0.000000e+00,0.000000e+00,0.000000e+00,0.000000e+00,0.000000e+00,0.000000e+00
1.000000e+00,0.000000e+00,0.000000e+00,0.000000e+00,0.000000e+00,0.000000e+00,0.000000e+00,0.000000e+00,0.000000e+00,0.000000e+00,0.000000e+00,0.000000e+00,0.000000e+00,0.000000e+00,0.000000e+00
1.000000e+00,0.000000e+00,0.000000e+00,0.000000e+00,0.000000e+00,0.000000e+00,0.000000e+00,0.000000e+00,0.000000e+00,0.000000e+00,0.000000e+00,0.000000e+00,0.000000e+00,0.000000e+00,0.000000e+00
1.000000e+00,0.000000e+00,0.000000e+00,0.000000e+00,0.000000e+00,0.000000e+00,0.000000e+00,0.000000e+00,0.000000e+00,0.000000e+00,0.000000e+00,0.000000e+00,0.000000e+00,0.000000e+00,0.000000e+00
1.000000e+00,0.000000e+00,0.000000e+00,0.000000e+00,0.000000e+00,0.000000e+00,0.000000e+00,0.000000e+00,0.000000e+00,0.000000e+00,0.000000e+00,0.000000e+00,0.000000e+00,0.000000e+00,0.000000e+00
1.000000e+00,0.000000e+00,0.000000e+00,0.000000e+00,0.000000e+00,0.000000e+00,0.000000e+00,0.000000e+00,0.000000e+00,0.000000e+00,0.000000e+00,0.000000e+00,0.000000e+00,0.000000e+00,0.000000e+00
1.000000e+00,0.000000e+00,0.000000e+00,0.000000e+00,0.000000e+00,0.000000e+00,0.000000e+00,0.000000e+00,0.000000e+00,0.000000e+00,0.000000e+00,0.000000e+00,0.000000e+00,0.000000e+00,0.000000e+00
1.000000e+00,0.000000e+00,0.000000e+00,0.000000e+00,0.000000e+00,0.000000e+00,0.000000e+00,0.000000e+00,0.000000e+00,0.000000e+00,0.000000e+00,0.000000e+00,0.000000e+00,0.000000e+00,0.000000e+00
1.000000e+00,0.000000e+00,0.000000e+00,0.000000e+00,0.000000e+00,0.000000e+00,0.000000e+00,0.000000e+00,0.000000e+00,0.000000e+00,0.000000e+00,0.000000e+00,0.000000e+00,0.000000e+00,0.000000e+00
1.000000e+00,0.000000e+00,0.000000e+00,0.000000e+00,0.000000e+00,0.000000e+00,0.000000e+00,0.000000e+00,0.000000e+00,0.000000e+00,0.000000e+00,0.000000e+00,0.000000e+00,0.000000e+00,0.000000e+00
1.000000e+00,0.000000e+00,0.000000e+00,0.000000e+00,0.000000e+00,0.000000e+00,0.000000e+00,0.000000e+00,0.000000e+00,0.000000e+00,0.000000e+00,0.000000e+00,0.000000e+00,0.000000e+00,0.000000e+00
1.000000e+00,0.000000e+00,0.000000e+00,0.000000e+00,0.000000e+00,0.000000e+00,0.000000e+00,0.000000e+00,0.000000e+00,0.000000e+00,0.000000e+00,0.000000e+00,0.000000e+00,0.000000e+00,0.000000e+00
4.137180e-01,7.100117e-03,2.726840e-03,1.982922e-02,2.216007e-03,6.358485e-02,3.145789e-03,3.259368e-03,3.508804e-02,9.615623e-04,9.546681e-03,3.563759e-02,3.881255e-01,2.405782e-03,1.265468e-02
3.200362e-01,6.308457e-03,3.590819e-03,2.268738e-02,2.504332e-03,7.116747e-02,3.517189e-03,2.913769e-03,3.138057e-02,1.479540e-03,1.470067e-02,5.547217e-02,4.443349e-01,7.151945e-03,1.275454e-02
2.398314e-01,6.221716e-03,4.216902e-03,2.210091e-02,4.932260e-03,5.528482e-02,2.941949e-03,2.115569e-03,3.053012e-02,1.962769e-02,3.516872e-02,7.286691e-02,4.585882e-01,1.918446e-02,2.638835e-02
2.395051e-01,4.708956e-03,3.430868e-03,1.743292e-02,5.754911e-03,4.829914e-02,3.747945e-03,1.740144e-03,3.524723e-02,2.953232e-02,3.410898e-02,1.454868e-01,3.630793e-01,4.305378e-02,2.487158e-02
1.814641e-01,3.478693e-03,2.842257e-03,1.281992e-02,4.578074e-03,3.886108e-02,3.106481e-03,1.347958e-03,2.720781e-02,4.145944e-02,4.306841e-02,1.390265e-01,3.254849e-01,1.203531e-01,5.490122e-02
1.366082e-01,2.640689e-03,2.092572e-03,9.322484e-03,3.341595e-03,2.870738e-02,2.321970e-03,9.898562e-04,2.313514e-02,8.635946e-02,4.943928e-02,1.255031e-01,2.817650e-01,1.231143e-01,1.246588e-01
9.723829e-02,2.157275e-03,1.615013e-03,6.738624e-03,2.431741e-03,2.072362e-02,1.712527e-03,7.536683e-04,2.890771e-02,9.031902e-02,5.097146e-02,1.134089e-01,2.527209e-01,1.048537e-01,2.254476e-01
6.971030e-02,2.083178e-03,1.229564e-03,4.902809e-03,1.754821e-03,1.520157e-02,1.240126e-03,5.506306e-04,2.500982e-02,1.006816e-01,6.318733e-02,9.958687e-02,1.970834e-01,8.434952e-02,3.334284e-01
5.069972e-02,3.811038e-03,1.195264e-03,3.584589e-03,1.350729e-03,1.113573e-02,9.075854e-04,4.121494e-04,2.279435e-02,1.560022e-01,6.560337e-02,8.009692e-02,1.505324e-01,6.431200e-02,3.875619e-01
3.624986e-02,3.487883e-03,1.679701e-03,2.897190e-03,1.311167e-03,1.404779e-02,7.142462e-04,3.354714e-04,3.045008e-02,2.161083e-01,9.043260e-02,8.748791e-02,1.190721e-01,5.510384e-02,3.406219e-01
2.632558e-02,3.059471e-03,1.869779e-03,3.019486e-03,1.059003e-03,1.326632e-02,5.275619e-04,2.740380e-04,4.445013e-02,1.990867e-01,1.836563e-01,9.381649e-02,8.916126e-02,7.635191e-02,2.640760e-01
1.873336e-02,3.685504e-03,1.630845e-03,2.571704e-03,9.168198e-04,1.035063e-02,3.811134e-04,2.059090e-04,1.679476e-01,1.588844e-01,1.903915e-01,7.954098e-02,6.703363e-02,8.477169e-02,2.129544e-01
1.329536e-02,3.888746e-03,1.548160e-03,1.910806e-03,6.817083e-04,8.229846e-03,2.704126e-04,1.483036e-04,3.069299e-01,1.258857e-01,1.706541e-01,6.043345e-02,4.764803e-02,1.005232e-01,1.579523e-01
9.968423e-03,3.991383e-03,1.489249e-03,1.983644e-03,5.357645e-04,1.382009e-02,2.035363e-04,1.312236e-04,3.218083e-01,1.190148e-01,1.833260e-01,4.746870e-02,3.438334e-02,1.356349e-01,1.262406e-01
7.566834e-03,3.206553e-03,1.266414e-03,1.578897e-03,4.590156e-04,1.115695e-02,1.550531e-04,1.075311e-04,3.226908e-01,9.955426e-02,1.893158e-01,3.566769e-02,2.449279e-02,2.109995e-01,9.178183e-02
9.236789e-03,3.149924e-03,1.335246e-02,1.905916e-03,7.886749e-04,4.270146e-02,2.595670e-04,2.271444e-04,2.945518e-01,8.330441e-02,2.193967e-01,3.489456e-02,1.993168e-02,2.097975e-01,6.650139e-02
1.150035e-02,4.011836e-03,5.598083e-02,2.458578e-03,1.580642e-03,7.185431e-02,3.491070e-04,4.398855e-04,2.644505e-01,6.685469e-02,2.441195e-01,2.882624e-02,1.701144e-02,1.820444e-01,4.851776e-02
1.416542e-02,3.836835e-03,5.500216e-02,2.509069e-03,4.820791e-03,6.481101e-02,2.886498e-04,7.451267e-04,2.333493e-01,5.499714e-02,2.879441e-01,2.223703e-02,1.249747e-02,2.066640e-01,3.613185e-02
1.725256e-02,4.698884e-03,4.303601e-02,2.195898e-03,6.327422e-03,5.235175e-02,2.458122e-04,7.599173e-04,2.048376e-01,4.838434e-02,2.990445e-01,1.715202e-02,9.126998e-03,2.664470e-01,2.813929e-02
2.331414e-02,4.498069e-03,3.241337e-02,2.067031e-03,5.996110e-03,5.409232e-02,2.256629e-04,7.512299e-04,1.571064e-01,3.739172e-02,3.069767e-01,1.338315e-02,7.083337e-03,3.310284e-01,2.367236e-02
3.400336e-02,4.461781e-03,2.441666e-02,2.172439e-03,5.844529e-03,4.958666e-02,2.300931e-04,8.883339e-04,1.233145e-01,3.083028e-02,3.132860e-01,1.167403e-02,5.827566e-03,3.737958e-01,1.966796e-02
3.447052e-02,4.397963e-03,1.805922e-02,1.849937e-03,5.426406e-03,4.211605e-02,2.106096e-04,8.312830e-04,9.788707e-02,2.826777e-02,3.300990e-01,1.031291e-02,4.837633e-03,4.048258e-01,1.640788e-02
2.893397e-02,5.037611e-03,1.494495e-02,1.748365e-03,6.166518e-03,3.431144e-02,4.629889e-04,1.045201e-03,7.666928e-02,4.970236e-02,3.553060e-01,1.157537e-02,4.358248e-03,3.952972e-01,1.444050e-02
2.407816e-02,6.176154e-03,1.146493e-02,1.552969e-03,6.075222e-03,2.877737e-02,6.032292e-04,9.316201e-04,5.877244e-02,1.158273e-01,3.553113e-01,1.551604e-02,3.642690e-03,3.410179e-01,3.025264e-02
1.808280e-02,5.814977e-03,8.300004e-03,1.236477e-03,5.015477e-03,2.722164e-02,6.144080e-04,7.198791e-04,4.325475e-02,1.984551e-01,3.923918e-01,1.256838e-02,2.882259e-03,2.539437e-01,2.949833e-02
1.333752e-02,4.446682e-03,6.112631e-03,1.145384e-03,3.649127e-03,2.604582e-02,5.299366e-04,5.415110e-04,3.342271e-02,1.751127e-01,4.951095e-01,1.303771e-02,6.005562e-03,1.931220e-01,2.838118e-02
1.016980e-02,3.541834e-03,4.829177e-03,1.245407e-03,2.680097e-03,2.876086e-02,4.454707e-04,4.192957e-04,2.730830e-02,1.564184e-01,5.167441e-01,5.829716e-02,1.276194e-02,1.494910e-01,2.688710e-02
9.153826e-03,2.814335e-03,3.800497e-03,1.796222e-03,2.130898e-03,2.561155e-02,3.813514e-04,3.730583e-04,2.248292e-02,1.464202e-01,4.685524e-01,1.633015e-01,1.555543e-02,1.142244e-01,2.340144e-02
1.116312e-02,2.467001e-03,3.351147e-03,1.887550e-03,1.880404e-03,2.076455e-02,3.561187e-04,4.573841e-04,2.560650e-02,1.383066e-01,4.044532e-01,2.482126e-01,1.536498e-02,1.049406e-01,2.078821e-02
1.107041e-02,2.586232e-03,4.880964e-03,1.656661e-03,2.571091e-03,1.747599e-02,3.311991e-04,6.624307e-04,3.240558e-02,1.233059e-01,3.342203e-01,3.295604e-01,1.419691e-02,1.059104e-01,1.916549e-02
1.120604e-02,1.983881e-03,3.775368e-03,1.323883e-03,2.394178e-03,1.407740e-02,2.802013e-04,9.031662e-04,2.754691e-02,8.958484e-02,2.587800e-01,4.790929e-01,1.098429e-02,8.275468e-02,1.531218e-02
8.179778e-03,1.503169e-03,2.940960e-03,9.767679e-04,4.677432e-03,1.003965e-02,2.200970e-04,1.227991e-03,2.082633e-02,6.673919e-02,1.850016e-01,6.164724e-01,8.669742e-03,6.156770e-02,1.095721e-02
6.339051e-03,1.318870e-03,2.676043e-03,7.883393e-04,3.734860e-02,8.475466e-03,2.632406e-04,2.867005e-03,1.556059e-02,6.301435e-02,1.387020e-01,6.589835e-01,8.188302e-03,4.741865e-02,8.056035e-03
6.033143e-03,1.205331e-03,2.068925e-03,6.864048e-04,9.514480e-02,9.386180e-03,4.309067e-04,3.295901e-03,1.154044e-02,9.095062e-02,1.273058e-01,6.009304e-01,9.826569e-03,3.524834e-02,5.946199e-03
1.270345e-02,1.344933e-03,2.205490e-03,7.610758e-04,1.223694e-01,1.973348e-02,1.874791e-03,6.308878e-03,8.753139e-03,8.012888e-02,1.057268e-01,5.991153e-01,8.585036e-03,2.602592e-02,4.363406e-03
1.478269e-02,1.126721e-03,1.674979e-03,6.742083e-04,9.132187e-02,1.941692e-02,2.505701e-03,6.474532e-03,6.405013e-03,5.807982e-02,8.185187e-02,6.871784e-01,6.841062e-03,1.856619e-02,3.099970e-03
1.840758e-02,1.037757e-03,1.272141e-03,5.822082e-04,7.280105e-02,2.018948e-02,4.774990e-03,6.302163e-03,5.236134e-03,4.154020e-02,7.353815e-02,7.332162e-01,5.643125e-03,1.322304e-02,2.235749e-03
1.636785e-02,8.444735e-04,9.873934e-04,4.829328e-04,5.534767e-02,1.707644e-02,4.845179e-03,6.404982e-03,4.828772e-03,2.937592e-02,5.451400e-02,7.936021e-01,4.320795e-03,9.407256e-03,1.594125e-03
1.316235e-02,6.446678e-04,7.289134e-04,3.608670e-04,4.050443e-02,1.310208e-02,3.519660e-03,4.820316e-03,4.365171e-03,2.087301e-02,4.096571e-02,8.456473e-01,3.482360e-03,6.691801e-03,1.131341e-03
1.212611e-02,5.923288e-04,6.190622e-04,2.708713e-04,3.826425e-02,9.404386e-03,2.658340e-03,3.803859e-03,7.886324e-03,1.523421e-02,3.088379e-02,8.692942e-01,3.296584e-03,4.850838e-03,8.148323e-04
1.068951e-02,5.166326e-04,4.678246e-04,2.084886e-04,3.021188e-02,6.725300e-03,1.945737e-03,3.427427e-03,1.609544e-02,1.127802e-02,2.285919e-02,8.879995e-01,3.494088e-03,3.497553e-03,5.833486e-04
2.897391e-02,1.697041e-03,1.015586e-03,3.755929e-04,4.748990e-02,6.319840e-03,2.318469e-03,9.035004e-03,7.008217e-02,8.801522e-03,1.788727e-02,7.990210e-01,3.844428e-03,2.575892e-03,5.623971e-04
3.011826e-02,2.721901e-03,4.116957e-03,9.727250e-04,8.734745e-02,7.090993e-03,3.676914e-03,4.234497e-02,9.832376e-02,6.812683e-03,1.330167e-02,6.974493e-01,3.373018e-03,1.892886e-03,4.564706e-04
2.301433e-02,2.662110e-03,3.161497e-03,9.081877e-04,1.233188e-01,7.207311e-03,6.190380e-03,4.252973e-02,2.534001e-01,4.848789e-03,9.765050e-03,5.187413e-01,2.571387e-03,1.352268e-03,3.287135e-04
1.758263e-02,2.079060e-03,3.753026e-03,8.599743e-04,1.657696e-01,8.012050e-03,1.106924e-02,3.472493e-02,3.716229e-01,3.493242e-03,6.921926e-03,3.710303e-01,1.883940e-03,9.590547e-04,2.380271e-04
1.504150e-02,1.700712e-03,3.830668e-03,9.679572e-04,2.585456e-01,2.666587e-02,1.669920e-02,3.060376e-02,3.738439e-01,2.510078e-03,5.077283e-03,2.621929e-01,1.457418e-03,6.869137e-04,1.762342e-04
1.855928e-02,1.511414e-03,3.037557e-03,8.250093e-04,3.966067e-01,2.478306e-02,1.389350e-02,2.174814e-02,3.265481e-01,1.843746e-03,4.141638e-03,1.844914e-01,1.325118e-03,5.248593e-04,1.605055e-04
3.660046e-02,1.764379e-03,2.397753e-03,1.699646e-03,4.802785e-01,3.434146e-02,1.093806e-02,1.648298e-02,2.729169e-01,2.310877e-03,6.599077e-03,1.307500e-01,1.558228e-03,1.163195e-03,1.984255e-04
5.939119e-02,2.168853e-03,2.406500e-03,3.369124e-03,5.165586e-01,5.603522e-02,9.768583e-03,1.771700e-02,2.214215e-01,3.899637e-03,7.516768e-03,9.596556e-02,2.015529e-03,1.440691e-03,3.252756e-04
8.537770e-02,4.173449e-03,8.213948e-03,3.753625e-02,4.925267e-01,7.350899e-02,8.574845e-03,2.727396e-02,1.713694e-01,4.556389e-03,8.464094e-03,7.345588e-02,2.887279e-03,1.609491e-03,4.715498e-04
1.319574e-01,4.763452e-03,8.421712e-03,4.618462e-02,4.677834e-01,8.539992e-02,6.536374e-03,2.442146e-02,1.410705e-01,4.022633e-03,1.851060e-02,5.554153e-02,2.837405e-03,1.944272e-03,6.046203e-04
1.493116e-01,5.033790e-03,7.626066e-03,4.235215e-02,4.039553e-01,1.392307e-01,5.228434e-03,5.419566e-02,1.081920e-01,3.648457e-03,2.619331e-02,4.757263e-02,2.772061e-03,3.540472e-03,1.147366e-03
1.899176e-01,5.140139e-03,8.842109e-03,3.808616e-02,3.071377e-01,1.839636e-01,5.115055e-03,8.837434e-02,7.935032e-02,3.440527e-03,3.953278e-02,3.628646e-02,3.496135e-03,8.338338e-03,2.978770e-03
2.169420e-01,4.290549e-03,8.103686e-03,2.985791e-02,2.232234e-01,1.607000e-01,6.447834e-03,2.201214e-01,5.754396e-02,2.709758e-03,2.963386e-02,2.661745e-02,3.473617e-03,7.287418e-03,3.047067e-03
3.809645e-01,3.690868e-03,8.289414e-03,2.743941e-02,1.600215e-01,1.204409e-01,7.993712e-03,1.936689e-01,4.184464e-02,2.219604e-03,2.317334e-02,1.886496e-02,2.952763e-03,5.334808e-03,3.100644e-03
3.962349e-01,4.395011e-03,1.144710e-02,3.081542e-02,1.189107e-01,1.154335e-01,8.154626e-03,2.097259e-01,3.494947e-02,6.952103e-03,2.075168e-02,1.678127e-02,4.859724e-03,6.287273e-03,1.430144e-02
4.414848e-01,5.426475e-03,1.025785e-02,2.463377e-02,8.650139e-02,8.728411e-02,7.845374e-03,1.683015e-01,3.698616e-02,5.060059e-02,2.291118e-02,1.753407e-02,8.624433e-03,1.232318e-02,1.928516e-02
3.620156e-01,5.266901e-03,8.273963e-03,2.324033e-02,6.367859e-02,6.390089e-02,6.079654e-03,1.201148e-01,3.056684e-02,1.675244e-01,4.735475e-02,2.350271e-02,4.195360e-02,1.342501e-02,2.310199e-02
3.684378e-01,5.976556e-03,8.006364e-03,1.973185e-02,4.940142e-02,4.789915e-02,4.716030e-03,8.546561e-02,2.516487e-02,2.284013e-01,4.912973e-02,2.448825e-02,3.991220e-02,1.816831e-02,2.510051e-02
3.927094e-01,5.602123e-03,6.113158e-03,1.671834e-02,3.601952e-02,4.105677e-02,4.011752e-03,6.036902e-02,1.982620e-02,2.615388e-01,5.329551e-02,2.413713e-02,3.700984e-02,1.775120e-02,2.384131e-02
4.460689e-01,5.443359e-03,4.751443e-03,1.799430e-02,2.629220e-02,3.953400e-02,3.709996e-03,4.271778e-02,1.644706e-02,2.220254e-01,5.536252e-02,4.940318e-02,3.126904e-02,1.572558e-02,2.325525e-02
4.555851e-01,5.788775e-03,4.083113e-03,1.695505e-02,1.964091e-02,5.971300e-02,4.965250e-03,3.064874e-02,1.333180e-02,1.835990e-01,5.695020e-02,8.940507e-02,2.591930e-02,1.329408e-02,2.012062e-02
1.000000e+00,0.000000e+00,0.000000e+00,0.000000e+00,0.000000e+00,0.000000e+00,0.000000e+00,0.000000e+00,0.000000e+00,0.000000e+00,0.000000e+00,0.000000e+00,0.000000e+00,0.000000e+00,0.000000e+00
1.000000e+00,0.000000e+00,0.000000e+00,0.000000e+00,0.000000e+00,0.000000e+00,0.000000e+00,0.000000e+00,0.000000e+00,0.000000e+00,0.000000e+00,0.000000e+00,0.000000e+00,0.000000e+00,0.000000e+00
1.000000e+00,0.000000e+00,0.000000e+00,0.000000e+00,0.000000e+00,0.000000e+00,0.000000e+00,0.000000e+00,0.000000e+00,0.000000e+00,0.000000e+00,0.000000e+00,0.000000e+00,0.000000e+00,0.000000e+00
1.000000e+00,0.000000e+00,0.000000e+00,0.000000e+00,0.000000e+00,0.000000e+00,0.000000e+00,0.000000e+00,0.000000e+00,0.000000e+00,0.000000e+00,0.000000e+00,0.000000e+00,0.000000e+00,0.000000e+00
1.000000e+00,0.000000e+00,0.000000e+00,0.000000e+00,0.000000e+00,0.000000e+00,0.000000e+00,0.000000e+00,0.000000e+00,0.000000e+00,0.000000e+00,0.000000e+00,0.000000e+00,0.000000e+00,0.000000e+00
4.697461e-01,6.624497e-03,4.006492e-03,1.921507e-02,1.021543e-02,5.466796e-02,2.485359e-03,7.019113e-03,1.368355e-02,3.400218e-02,1.592046e-01,1.918275e-01,1.122741e-02,5.145309e-03,1.092949e-02
4.103353e-01,6.691850e-03,3.717178e-03,1.786543e-02,9.525495e-03,4.975948e-02,2.386190e-03,5.821865e-03,1.662072e-02,2.826898e-02,1.843405e-01,2.380399e-01,1.046848e-02,5.786917e-03,1.037179e-02
3.288153e-01,5.256674e-03,2.777766e-03,1.356020e-02,9.224843e-03,3.916369e-02,2.488481e-03,5.038701e-03,1.611405e-02,2.325232e-02,2.317990e-01,3.002124e-01,9.200358e-03,5.279432e-03,7.816758e-03
3.040850e-01,7.191469e-03,2.381641e-03,1.164220e-02,9.020485e-03,3.803319e-02,3.164405e-03,5.558989e-03,2.200325e-02,2.028672e-02,2.407236e-01,3.147085e-01,8.576097e-03,5.635948e-03,6.988598e-03
2.685772e-01,8.266827e-03,1.973581e-03,9.320093e-03,8.299872e-03,3.644750e-02,2.842748e-03,4.858426e-03,2.411250e-02,1.550257e-02,2.451270e-01,3.538656e-01,8.740472e-03,5.697153e-03,6.368611e-03
2.057427e-01,9.812750e-03,2.712644e-03,7.142402e-03,6.559072e-02,2.935943e-02,4.449296e-03,4.786752e-03,1.297563e-01,1.156479e-02,1.894730e-01,3.202554e-01,8.900288e-03,5.416948e-03,5.036604e-03
1.714624e-01,1.027682e-02,2.957352e-03,6.629600e-03,9.299769e-02,2.338475e-02,4.592116e-03,7.677246e-03,1.997617e-01,1.004293e-02,1.512648e-01,2.987786e-01,1.148232e-02,4.666226e-03,4.025537e-03
1.309507e-01,1.002629e-02,3.174973e-03,5.776212e-03,1.257100e-01,1.897837e-02,5.280375e-03,1.715764e-02,2.269343e-01,8.202871e-03,1.258907e-01,3.002920e-01,1.455677e-02,4.145327e-03,2.923589e-03
9.812353e-02,8.389955e-03,4.695937e-03,4.421257e-03,1.707779e-01,1.609557e-02,1.510010e-02,4.639050e-02,2.626969e-01,6.192924e-03,9.712569e-02,2.518033e-01,1.279718e-02,3.248165e-03,2.141099e-03
7.692406e-02,1.039247e-02,7.929491e-03,3.521042e-03,1.828526e-01,1.401780e-02,1.911862e-02,6.794605e-02,2.892743e-01,5.121790e-03,8.037674e-02,2.257353e-01,1.195627e-02,3.132005e-03,1.701411e-03
6.327640e-02,1.575355e-02,1.755609e-02,3.365444e-03,1.988484e-01,1.359585e-02,1.684634e-02,9.384640e-02,2.958793e-01,4.491507e-03,7.017409e-02,1.918640e-01,1.008448e-02,2.894943e-03,1.523237e-03
4.853053e-02,1.226413e-02,1.688752e-02,3.090552e-03,2.777431e-01,1.172432e-02,1.285815e-02,1.372713e-01,2.661835e-01,3.340637e-03,5.420231e-02,1.444478e-01,8.112973e-03,2.219290e-03,1.123874e-03
3.698941e-02,8.963860e-03,1.526634e-02,4.262863e-03,2.517554e-01,8.609892e-03,9.139535e-03,3.015734e-01,2.038954e-01,2.402609e-03,3.991845e-02,1.082393e-01,6.559673e-03,1.609091e-03,8.147768e-04
2.894134e-02,6.721108e-03,1.201891e-02,3.287812e-03,2.509022e-01,7.325416e-03,6.930330e-03,3.953284e-01,1.738539e-01,1.972825e-03,2.913987e-02,7.694329e-02,4.820620e-03,1.205897e-03,6.080981e-04
2.198103e-02,4.846608e-03,8.860444e-03,2.400442e-03,2.236387e-01,5.741316e-03,5.129088e-03,5.128196e-01,1.336495e-01,1.425871e-03,2.065421e-02,5.410407e-02,3.441934e-03,8.676858e-04,4.396397e-04
2.002689e-02,3.689996e-03,6.352708e-03,2.523219e-03,2.003293e-01,4.662032e-03,3.967161e-03,5.940433e-01,1.047210e-01,1.096741e-03,1.522521e-02,3.977012e-02,2.584684e-03,6.748076e-04,3.329354e-04
3.086612e-02,2.790124e-03,4.557038e-03,2.477417e-03,1.678805e-01,4.333553e-03,2.988637e-03,6.568226e-01,7.849106e-02,9.743903e-04,1.298291e-02,3.177562e-02,2.242009e-03,5.341743e-04,2.838331e-04
4.736436e-02,2.162704e-03,3.272353e-03,2.458514e-03,1.337178e-01,4.202507e-03,2.425929e-03,7.043016e-01,5.977824e-02,8.916395e-04,1.087971e-02,2.488764e-02,2.900224e-03,4.899223e-04,2.668799e-04
9.180577e-02,2.036474e-03,2.428417e-03,2.619965e-03,1.053265e-01,5.232681e-03,2.241986e-03,7.021607e-01,4.955725e-02,7.921954e-04,1.067421e-02,2.095000e-02,3.148991e-03,6.874264e-04,3.375305e-04
1.208145e-01,1.822621e-03,1.896729e-03,3.005918e-03,8.381474e-02,6.191030e-03,2.333861e-03,7.105346e-01,3.929143e-02,8.300678e-04,8.821317e-03,1.587645e-02,3.208699e-03,1.153266e-03,4.047315e-04
1.411217e-01,1.647183e-03,1.818227e-03,4.352196e-03,6.574844e-02,7.385892e-03,3.216317e-03,7.150022e-01,3.356133e-02,9.377869e-04,7.171568e-03,1.241600e-02,3.581042e-03,1.435901e-03,6.042580e-04
1.528361e-01,1.373051e-03,1.830082e-03,5.145009e-03,5.307509e-02,7.140060e-03,3.344125e-03,7.251886e-01,2.845985e-02,9.553855e-04,5.644640e-03,9.773716e-03,3.270983e-03,1.301127e-03,6.621710e-04
1.585502e-01,1.320635e-03,2.247136e-03,4.834112e-03,3.955340e-02,6.889765e-03,3.060157e-03,7.412016e-01,2.266970e-02,8.139236e-04,4.780762e-03,8.676007e-03,2.958075e-03,1.786375e-03,6.582050e-04
1.999575e-01,2.025421e-03,3.419249e-03,4.957866e-03,3.362925e-02,1.072884e-02,4.923170e-03,7.023228e-01,1.980353e-02,9.273153e-04,3.735794e-03,7.384905e-03,3.134038e-03,2.084661e-03,9.657154e-04
2.136417e-01,1.673282e-03,3.612256e-03,4.662680e-03,2.610740e-02,2.418795e-02,6.529883e-03,6.891983e-01,1.459925e-02,7.477251e-04,2.807535e-03,6.087583e-03,3.472840e-03,1.781732e-03,8.899930e-04
2.241175e-01,1.286534e-03,3.041880e-03,4.573670e-03,2.129107e-02,2.927116e-02,6.102453e-03,6.853757e-01,1.067210e-02,5.622581e-04,2.130243e-03,5.274040e-03,4.103572e-03,1.327185e-03,8.706592e-04
3.051307e-01,1.063603e-03,2.739305e-03,4.020119e-03,1.618532e-02,3.225292e-02,5.311570e-03,5.849755e-01,8.060860e-03,5.360051e-04,4.160463e-03,1.649662e-02,1.679855e-02,1.168475e-03,1.100012e-03
3.674093e-01,1.361409e-03,2.684242e-03,4.413792e-03,1.272629e-02,3.221436e-02,4.278677e-03,4.713135e-01,7.490907e-03,9.377931e-04,1.409120e-02,3.274081e-02,4.315792e-02,1.610161e-03,3.569598e-03
4.652151e-01,1.951513e-03,6.058207e-03,5.547543e-03,1.094066e-02,2.824701e-02,3.648728e-03,3.405481e-01,7.163238e-03,1.580723e-03,2.064021e-02,4.824387e-02,4.941120e-02,3.114705e-03,7.689184e-03
4.964405e-01,3.011893e-03,8.871751e-03,6.501056e-03,9.321837e-03,2.594241e-02,2.884533e-03,2.443382e-01,1.019482e-02,1.770200e-03,2.412480e-02,9.432341e-02,5.650035e-02,4.267254e-03,1.150699e-02
4.005953e-01,3.766596e-03,7.076065e-03,6.217223e-03,8.432986e-03,2.430928e-02,2.279591e-03,1.768405e-01,2.653087e-02,1.670631e-03,4.114996e-02,1.773664e-01,9.571615e-02,1.883506e-02,9.213322e-03
2.973103e-01,3.699239e-03,5.471011e-03,5.407489e-03,7.235491e-03,1.882910e-02,1.818648e-03,1.264923e-01,2.945934e-02,1.955061e-03,6.266633e-02,2.349817e-01,1.547418e-01,4.317012e-02,6.762031e-03
2.848277e-01,6.981560e-03,8.902777e-03,4.987280e-03,5.977230e-03,1.638593e-02,1.755558e-03,9.502600e-02,2.904441e-02,3.416642e-03,7.473920e-02,2.418808e-01,1.617274e-01,5.856790e-02,5.779639e-03
2.103309e-01,5.889270e-03,6.952170e-03,3.702452e-03,4.427761e-03,1.180359e-02,1.356671e-03,6.760649e-02,2.374085e-02,4.010088e-03,1.119220e-01,3.199681e-01,1.218426e-01,1.017321e-01,4.714900e-03
1.520417e-01,6.763758e-03,6.630432e-03,3.252939e-03,5.068070e-03,8.620598e-03,1.028880e-03,4.877426e-02,2.485583e-02,5.384040e-03,1.300154e-01,3.412511e-01,8.929418e-02,1.725663e-01,4.452484e-03
1.141544e-01,8.010110e-03,5.929741e-03,3.934306e-03,6.160180e-03,6.563043e-03,7.982550e-04,3.686273e-02,4.877740e-02,1.065170e-02,1.275000e-01,3.624851e-01,6.607057e-02,1.975480e-01,4.554437e-03
8.489826e-02,6.621303e-03,4.847197e-03,3.680538e-03,5.134131e-03,5.635692e-03,5.896080e-04,2.764651e-02,6.011023e-02,1.611432e-02,1.230739e-01,3.820112e-01,4.862867e-02,2.273524e-01,3.656042e-03
6.645287e-02,1.322662e-02,3.625178e-02,2.636410e-02,7.280533e-03,6.430597e-03,6.749540e-04,4.132736e-02,6.810549e-02,1.283077e-02,1.488261e-01,3.264154e-01,3.493862e-02,2.076908e-01,3.184009e-03
6.065539e-02,1.919484e-02,6.623162e-02,4.427581e-02,6.415085e-03,6.881249e-03,6.672785e-04,3.981985e-02,7.762238e-02,9.815448e-03,2.262727e-01,2.435860e-01,2.595097e-02,1.700315e-01,2.579958e-03
5.664574e-02,3.001916e-02,9.652701e-02,4.673611e-02,5.421550e-03,7.805665e-03,6.428852e-04,4.028940e-02,8.124885e-02,8.073714e-03,2.560846e-01,2.033808e-01,1.992213e-02,1.450654e-01,2.137003e-03
5.704977e-02,3.068002e-02,7.841697e-02,4.401077e-02,6.323009e-03,9.596704e-03,6.867438e-04,3.904636e-02,7.761894e-02,1.005264e-02,3.609650e-01,1.546232e-01,1.599710e-02,1.102407e-01,4.692154e-03
5.336227e-02,2.638359e-02,6.367671e-02,3.808735e-02,1.273666e-02,9.398215e-03,1.295915e-03,3.860759e-02,6.815770e-02,9.732148e-03,4.659042e-01,1.141971e-01,1.276769e-02,8.033185e-02,5.361058e-03
1.337355e-01,3.009388e-02,5.320718e-02,3.152006e-02,1.461082e-02,1.126998e-02,1.414315e-03,5.685348e-02,7.279310e-02,8.189395e-03,4.232362e-01,8.245090e-02,1.071279e-02,5.929954e-02,1.061290e-02
1.139553e-01,3.898671e-02,5.761790e-02,2.514075e-02,3.581241e-02,1.890080e-02,1.708646e-03,8.476806e-02,1.602748e-01,6.442728e-03,3.359385e-01,5.842008e-02,8.916683e-03,4.343295e-02,9.683695e-03
1.151569e-01,3.664514e-02,8.119150e-02,3.499705e-02,8.387009e-02,1.762785e-02,2.541445e-03,1.129967e-01,1.655649e-01,5.032461e-03,2.529828e-01,4.212334e-02,7.705553e-03,3.182823e-02,9.736104e-03
1.404064e-01,5.468007e-02,7.048889e-02,3.183810e-02,1.061300e-01,1.983377e-02,2.371768e-03,1.102415e-01,1.568196e-01,3.798043e-03,2.153325e-01,3.097055e-02,8.664965e-03,3.173018e-02,1.669370e-02
1.431592e-01,8.653295e-02,5.446853e-02,2.999402e-02,1.165188e-01,2.651651e-02,1.886807e-03,1.034728e-01,1.467898e-01,2.851869e-03,1.975025e-01,2.266247e-02,1.368734e-02,2.995989e-02,2.399655e-02
1.420690e-01,8.433232e-02,3.961192e-02,2.393522e-02,1.146156e-01,4.198239e-02,1.621509e-03,7.787800e-02,1.379632e-01,2.197600e-03,2.086169e-01,2.281886e-02,5.166953e-02,2.319209e-02,2.749583e-02
1.427649e-01,7.085153e-02,3.090625e-02,5.139539e-02,9.959129e-02,3.859000e-02,1.757586e-03,6.411703e-02,2.296875e-01,2.148270e-03,1.524487e-01,2.106869e-02,4.113811e-02,1.963123e-02,3.390342e-02
1.048668e-01,5.538311e-02,2.323626e-02,4.408284e-02,8.506590e-02,2.913412e-02,1.499755e-03,4.618930e-02,3.755677e-01,3.220764e-03,1.200702e-01,1.801043e-02,3.589020e-02,1.797205e-02,3.981060e-02
7.620636e-02,4.025003e-02,1.681898e-02,3.427647e-02,6.218879e-02,2.086067e-02,1.116120e-03,3.300405e-02,4.413689e-01,3.712817e-03,1.538963e-01,3.792361e-02,3.010965e-02,1.782591e-02,3.044135e-02
5.464489e-02,2.859561e-02,1.226679e-02,2.585315e-02,4.398395e-02,1.491767e-02,8.465248e-04,2.322182e-02,3.500175e-01,3.769827e-03,3.037091e-01,6.740602e-02,2.726418e-02,1.928182e-02,2.422110e-02
4.460410e-02,2.009598e-02,8.774364e-03,1.931174e-02,3.148718e-02,1.071727e-02,6.445023e-04,1.679760e-02,2.482921e-01,3.327412e-03,4.721593e-01,6.435671e-02,2.057425e-02,2.104572e-02,1.781176e-02
4.757925e-02,1.462383e-02,6.841295e-03,1.681386e-02,2.322503e-02,7.931001e-03,5.595668e-04,1.270858e-02,1.764715e-01,5.842389e-03,5.430911e-01,8.186799e-02,1.836008e-02,2.888806e-02,1.519651e-02
4.678805e-02,1.080825e-02,5.703855e-03,1.628442e-02,1.765508e-02,6.629832e-03,5.579087e-04,1.033943e-02,1.249945e-01,7.039111e-03,5.981271e-01,9.426604e-02,1.527986e-02,3.237569e-02,1.315088e-02
4.139246e-02,8.119565e-03,4.585682e-03,1.324973e-02,1.506349e-02,5.236063e-03,4.772309e-04,8.491822e-03,8.828588e-02,7.672865e-03,6.498461e-01,9.864662e-02,1.203057e-02,3.691024e-02,9.991712e-03
3.304731e-02,6.405703e-03,4.088245e-03,1.010552e-02,1.318836e-02,4.177649e-03,4.117622e-04,7.069263e-03,6.225660e-02,7.946725e-03,6.915162e-01,9.904003e-02,9.262454e-03,4.332237e-02,8.161782e-03
5.105212e-02,8.575116e-03,4.778195e-03,8.384921e-03,1.226444e-02,4.376195e-03,5.039475e-04,6.797027e-03,4.534040e-02,1.054897e-02,6.712279e-01,9.795838e-02,8.141679e-03,6.144045e-02,8.610230e-03
6.297659e-02,1.057686e-02,7.721445e-03,7.477443e-03,1.577604e-02,6.552211e-03,8.464950e-04,7.779121e-03,3.303625e-02,1.240914e-02,6.614785e-01,9.002046e-02,7.336073e-03,6.845947e-02,7.553960e-03
7.193403e-02,1.012972e-02,7.796934e-03,5.853560e-03,1.735436e-02,6.446202e-03,9.812291e-04,7.961158e-03,2.435218e-02,1.122928e-02,6.493276e-01,1.066044e-01,6.740064e-03,6.685701e-02,6.432282e-03
1.070839e-01,2.045591e-02,9.311616e-03,5.586607e-03,1.852879e-02,7.691089e-03,9.404093e-04,6.952490e-03,1.823668e-02,1.082600e-02,5.898417e-01,1.120885e-01,5.902925e-03,8.072230e-02,5.831211e-03
1.182470e-01,1.909539e-02,8.745538e-03,4.844876e-03,1.710857e-02,1.190881e-02,9.292956e-04,6.110035e-03,1.457590e-02,9.982785e-03,5.794417e-01,1.159745e-01,5.784602e-03,8.181820e-02,5.432780e-03
1.560084e-01,1.800638e-02,1.008227e-02,4.208904e-03,1.343139e-02,1.484871e-02,9.051563e-04,5.543387e-03,1.115585e-02,8.857726e-03,5.678635e-01,1.049881e-01,4.674912e-03,7.408901e-02,5.336406e-03
2.687135e-01,1.535465e-02,8.359100e-03,3.441011e-03,1.032387e-02,1.860829e-02,9.292293e-04,4.682430e-03,8.404167e-03,8.416594e-03,4.860713e-01,9.010124e-02,4.036357e-03,6.686337e-02,5.694858e-03
2.660657e-01,1.486407e-02,7.916482e-03,2.921341e-03,9.135149e-03,2.038663e-02,1.069657e-03,4.717219e-03,6.798492e-03,9.269063e-03,5.078461e-01,7.811461e-02,3.350192e-03,6.175895e-02,5.786390e-03
2.187032e-01,1.576918e-02,7.035746e-03,2.365238e-03,8.270067e-03,2.040582e-02,1.212195e-03,4.409834e-03,5.601417e-03,8.459121e-03,5.800531e-01,6.165605e-02,2.771695e-03,5.795014e-02,5.337209e-03
1.981021e-01,1.877249e-02,1.520041e-02,2.078392e-03,7.115449e-03,1.778585e-02,1.403133e-03,5.671545e-03,5.391726e-03,1.102845e-02,6.041803e-01,4.960003e-02,2.153728e-03,5.565412e-02,5.862276e-03
1.841847e-01,2.030890e-02,1.572206e-02,2.234366e-03,7.182893e-03,1.682576e-02,1.155052e-03,5.999095e-03,2.024261e-02,1.684316e-02,5.817371e-01,3.912855e-02,1.759492e-03,7.458135e-02,1.209486e-02
1.758757e-01,1.914252e-02,1.612419e-02,2.014556e-03,6.291243e-03,1.465662e-02,8.533556e-04,4.540530e-03,3.266474e-02,1.649371e-02,5.441751e-01,2.770819e-02,1.373779e-03,1.034419e-01,3.464376e-02
1.682947e-01,1.577949e-02,1.875873e-02,1.735890e-03,5.397448e-03,1.296677e-02,6.672706e-04,3.990200e-03,6.280074e-02,1.740726e-02,5.194102e-01,1.977085e-02,1.773759e-03,9.218452e-02,5.906210e-02
1.550461e-01,1.426678e-02,1.808578e-02,2.651955e-03,9.541533e-03,1.383184e-02,6.018420e-04,5.964009e-03,9.428300e-02,2.320387e-02,4.770940e-01,1.475493e-02,3.550277e-03,7.516825e-02,9.195579e-02
1.290800e-01,1.329073e-02,1.852151e-02,2.989320e-03,2.432535e-02,2.108140e-02,7.338366e-04,6.211059e-03,1.083997e-01,2.046338e-02,5.063598e-01,1.108792e-02,3.726335e-03,6.408021e-02,6.964951e-02
1.206730e-01,2.042151e-02,3.634250e-02,1.830727e-02,6.138048e-02,4.424373e-02,2.158660e-03,1.543217e-02,9.667961e-02,1.738689e-02,4.377943e-01,8.616155e-03,4.825193e-03,5.497929e-02,6.075916e-02
1.190345e-01,1.913648e-02,3.224152e-02,1.664782e-02,7.420957e-02,4.172014e-02,2.952755e-03,1.533594e-02,1.005925e-01,1.318920e-02,3.903610e-01,6.456987e-03,4.074479e-03,1.196828e-01,4.436424e-02
1.123362e-01,1.811269e-02,3.279096e-02,2.380204e-02,1.666836e-01,3.780264e-02,5.902682e-03,3.003977e-02,8.545294e-02,9.721936e-03,3.239628e-01,4.923203e-03,3.271841e-03,1.132338e-01,3.196285e-02
1.059288e-01,1.853394e-02,3.529119e-02,2.336835e-02,1.670346e-01,3.748794e-02,5.355929e-03,2.561997e-02,1.019200e-01,7.144780e-03,2.868368e-01,3.937076e-03,2.749851e-03,1.555567e-01,2.323414e-02
1.053945e-01,1.863796e-02,6.548327e-02,2.218826e-02,1.352297e-01,3.034824e-02,4.103945e-03,1.868110e-02,1.591777e-01,5.376959e-03,2.428852e-01,4.311078e-03,2.456993e-03,1.690212e-01,1.670384e-02
1.277926e-01,1.839450e-02,7.762627e-02,2.595728e-02,1.274495e-01,3.074551e-02,3.593603e-03,1.410892e-02,1.858066e-01,4.019673e-03,2.037908e-01,5.000143e-03,2.721929e-03,1.606390e-01,1.235372e-02
1.635896e-01,2.052333e-02,6.157063e-02,2.955189e-02,9.967554e-02,2.601061e-02,2.740059e-03,1.123336e-02,2.344294e-01,3.315729e-03,1.626473e-01,5.642545e-03,3.189753e-03,1.660209e-01,9.859344e-03
2.413935e-01,2.284490e-02,5.567143e-02,5.504990e-02,9.688796e-02,2.237984e-02,2.561435e-03,1.626138e-02,2.094543e-01,3.112514e-03,1.226364e-01,1.012702e-02,5.074874e-03,1.275633e-01,8.981253e-03
3.890444e-01,2.068922e-02,4.364626e-02,4.963034e-02,7.432229e-02,1.839687e-02,2.351023e-03,1.316068e-02,1.700801e-01,2.747620e-03,9.169721e-02,1.392417e-02,6.277114e-03,9.406835e-02,9.964357e-03
4.534583e-01,2.092441e-02,4.418189e-02,6.115769e-02,6.335662e-02,1.557002e-02,3.280748e-03,2.867554e-02,1.270449e-01,2.179610e-03,7.285295e-02,1.883202e-02,8.458575e-03,7.101966e-02,9.007095e-03
1.000000e+00,0.000000e+00,0.000000e+00,0.000000e+00,0.000000e+00,0.000000e+00,0.000000e+00,0.000000e+00,0.000000e+00,0.000000e+00,0.000000e+00,0.000000e+00,0.000000e+00,0.000000e+00,0.000000e+00
1.000000e+00,0.000000e+00,0.000000e+00,0.000000e+00,0.000000e+00,0.000000e+00,0.000000e+00,0.000000e+00,0.000000e+00,0.000000e+00,0.000000e+00,0.000000e+00,0.000000e+00,0.000000e+00,0.000000e+00
1.000000e+00,0.000000e+00,0.000000e+00,0.000000e+00,0.000000e+00,0.000000e+00,0.000000e+00,0.000000e+00,0.000000e+00,0.000000e+00,0.000000e+00,0.000000e+00,0.000000e+00,0.000000e+00,0.000000e+00
1.000000e+00,0.000000e+00,0.000000e+00,0.000000e+00,0.000000e+00,0.000000e+00,0.000000e+00,0.000000e+00,0.000000e+00,0.000000e+00,0.000000e+00,0.000000e+00,0.000000e+00,0.000000e+00,0.000000e+00
1.000000e+00,0.000000e+00,0.000000e+00,0.000000e+00,0.000000e+00,0.000000e+00,0.000000e+00,0.000000e+00,0.000000e+00,0.000000e+00,0.000000e+00,0.000000e+00,0.000000e+00,0.000000e+00,0.000000e+00
4.411038e-01,2.605628e-02,6.846338e-02,1.053072e-01,1.088669e-02,1.656296e-02,1.419683e-03,7.927446e-03,9.076568e-02,1.021219e-02,2.853494e-02,1.339932e-02,1.022734e-02,4.459716e-02,1.245360e-01
3.112869e-01,2.842953e-02,5.305076e-02,9.188251e-02,7.754351e-03,1.244492e-02,1.024810e-03,5.756765e-03,1.607679e-01,3.385199e-02,3.500729e-02,1.169420e-02,1.316242e-02,4.558861e-02,1.882971e-01
2.182959e-01,2.428425e-02,5.329832e-02,9.694463e-02,5.599728e-03,9.252413e-03,7.436628e-04,4.127944e-03,1.692740e-01,8.557691e-02,3.165543e-02,1.581478e-02,1.711700e-02,3.559663e-02,2.324185e-01
1.534483e-01,1.910138e-02,7.396279e-02,1.556261e-01,4.427576e-03,8.414515e-03,6.468069e-04,4.358864e-03,1.614068e-01,8.888318e-02,4.237075e-02,2.000229e-02,3.429859e-02,2.730804e-02,2.057441e-01
1.084564e-01,1.771180e-02,7.383254e-02,2.388926e-01,3.833459e-03,8.184539e-03,6.786275e-04,3.274325e-03,1.480729e-01,1.101915e-01,5.983032e-02,1.820063e-02,2.882011e-02,2.130459e-02,1.587158e-01
8.082833e-02,1.626876e-02,5.938788e-02,1.959351e-01,1.023403e-02,1.017973e-02,1.243424e-03,2.966553e-03,2.258077e-01,1.009205e-01,1.207110e-01,1.511931e-02,3.074642e-02,1.608963e-02,1.135616e-01
5.767696e-02,2.223927e-02,7.947870e-02,2.905462e-01,9.438459e-03,1.110212e-02,9.413736e-04,2.353017e-03,2.355557e-01,7.312112e-02,8.725981e-02,1.089740e-02,2.214658e-02,1.146307e-02,8.578026e-02
4.845865e-02,2.776279e-02,7.095397e-02,3.177956e-01,1.196822e-02,9.990803e-03,7.834146e-04,2.495858e-03,2.919425e-01,5.391617e-02,6.750090e-02,7.922666e-03,1.603135e-02,8.228977e-03,6.424823e-02
1.444472e-01,3.086771e-02,6.029217e-02,2.493582e-01,2.291855e-02,4.946811e-02,1.191681e-03,3.072777e-03,2.693438e-01,3.908693e-02,5.402744e-02,5.702125e-03,1.179866e-02,6.243247e-03,5.218147e-02
2.142987e-01,4.140969e-02,4.747170e-02,2.009393e-01,3.425197e-02,5.881337e-02,1.361022e-03,4.247651e-03,2.392168e-01,3.032245e-02,4.350392e-02,4.540662e-03,9.103079e-03,5.599357e-03,6.492037e-02
2.373081e-01,4.549919e-02,3.978656e-02,1.771250e-01,4.576258e-02,7.365417e-02,2.545950e-03,7.385205e-03,1.976233e-01,2.526716e-02,3.482288e-02,3.960292e-03,7.206994e-03,5.656648e-03,9.639592e-02
2.496841e-01,4.113269e-02,3.706317e-02,2.229460e-01,4.209844e-02,5.769644e-02,2.550450e-03,3.080236e-02,1.792721e-01,1.898436e-02,2.919276e-02,3.460103e-03,6.053047e-03,4.456350e-03,7.460765e-02
2.716870e-01,4.735873e-02,5.435557e-02,2.276470e-01,4.299448e-02,4.582365e-02,2.480048e-03,2.988076e-02,1.615625e-01,1.823434e-02,2.679421e-02,3.071812e-03,5.031647e-03,3.795970e-03,5.928216e-02
2.224769e-01,3.730651e-02,4.230805e-02,1.673969e-01,3.273103e-02,3.373888e-02,2.309390e-03,2.531402e-01,1.164712e-01,1.321084e-02,2.660829e-02,2.518542e-03,4.647051e-03,2.869285e-03,4.226692e-02
1.669075e-01,2.803454e-02,3.114961e-02,1.216858e-01,2.473039e-02,2.394526e-02,1.905785e-03,4.506292e-01,8.206130e-02,9.352308e-03,2.229243e-02,1.869606e-03,3.579702e-03,2.076365e-03,2.978030e-02
1.204727e-01,2.155414e-02,2.351473e-02,8.726266e-02,1.835097e-02,1.724913e-02,1.760123e-03,6.013434e-01,5.811547e-02,6.640681e-03,1.641309e-02,1.576098e-03,2.808359e-03,1.597700e-03,2.134079e-02
9.050263e-02,1.580879e-02,1.965409e-02,6.205247e-02,1.379971e-02,1.554462e-02,1.050943e-02,6.934622e-01,4.080177e-02,4.736986e-03,1.207559e-02,1.425433e-03,3.066839e-03,1.274193e-03,1.528527e-02
8.285274e-02,1.290027e-02,1.661137e-02,4.518217e-02,1.254807e-02,1.539460e-02,1.728940e-02,7.373904e-01,2.897928e-02,3.720205e-03,9.244925e-03,1.517608e-03,4.011642e-03,1.223131e-03,1.113420e-02
6.299533e-02,9.156561e-03,1.251406e-02,3.242895e-02,1.064285e-02,1.125935e-02,1.843099e-02,7.995299e-01,2.033316e-02,2.630151e-03,6.906133e-03,1.144631e-03,3.264532e-03,9.182877e-04,7.845132e-03
5.906123e-02,6.508613e-03,9.880826e-03,2.411003e-02,9.479981e-03,9.629798e-03,1.734221e-02,8.322449e-01,1.430637e-02,1.880356e-03,5.437011e-03,9.316634e-04,2.900423e-03,7.246154e-04,5.562055e-03
1.032927e-01,4.758919e-03,9.527087e-03,1.851519e-02,9.401930e-03,1.738658e-02,2.823958e-02,7.816365e-01,1.018708e-02,1.417891e-03,4.252820e-03,2.074605e-03,4.420246e-03,5.851309e-04,4.303735e-03
1.349241e-01,3.609037e-03,8.226177e-03,1.480523e-02,1.601729e-02,2.035166e-02,2.598078e-02,7.477096e-01,7.340322e-03,1.158522e-03,3.822779e-03,4.279450e-03,7.627960e-03,5.021731e-04,3.644814e-03
1.782819e-01,2.781204e-03,6.946761e-03,1.207167e-02,2.511266e-02,2.020122e-02,2.112750e-02,7.005348e-01,5.539390e-03,9.786141e-04,3.650693e-03,8.392404e-03,1.053564e-02,4.915388e-04,3.353857e-03
2.058196e-01,2.198633e-03,6.540546e-03,1.037253e-02,2.857827e-02,2.278534e-02,1.757397e-02,6.729354e-01,4.230056e-03,7.338470e-04,3.107138e-03,9.772177e-03,1.204820e-02,4.738951e-04,2.830265e-03
2.757117e-01,1.729858e-03,6.463696e-03,8.795985e-03,2.626020e-02,2.021255e-02,1.333707e-02,6.166843e-01,3.269312e-03,5.697052e-04,2.558990e-03,9.837680e-03,1.185492e-02,4.260052e-04,2.287973e-03
3.234918e-01,1.540207e-03,6.789990e-03,7.824700e-03,2.720822e-02,1.915393e-02,1.135790e-02,5.679786e-01,2.810566e-03,5.430708e-04,2.557237e-03,1.215351e-02,1.355743e-02,4.681531e-04,2.564711e-03
4.060264e-01,1.636706e-03,6.740834e-03,9.158985e-03,2.831240e-02,1.847439e-02,9.884924e-03,4.767298e-01,2.838433e-03,5.904168e-04,3.218964e-03,1.683959e-02,1.617490e-02,5.355665e-04,2.837618e-03
3.545466e-01,2.131601e-03,9.209499e-03,3.004394e-02,2.305773e-02,3.040884e-02,7.810941e-03,3.989834e-01,6.862929e-03,1.205189e-03,1.584315e-02,6.749997e-02,4.715180e-02,1.073795e-03,4.170609e-03
2.621003e-01,5.407324e-03,1.358412e-02,8.345903e-02,1.764948e-02,3.350222e-02,6.232617e-03,3.015783e-01,2.844575e-02,5.179912e-03,4.135633e-02,5.641058e-02,9.408429e-02,4.372021e-03,4.663766e-02
2.047209e-01,5.079562e-03,1.107747e-02,8.825736e-02,1.358131e-02,3.714239e-02,4.707602e-03,2.140669e-01,2.434476e-02,6.094235e-03,8.045114e-02,4.404699e-02,2.053019e-01,3.799677e-03,5.732791e-02
1.543894e-01,4.068246e-03,1.422077e-02,6.975519e-02,1.094915e-02,2.954351e-02,3.809348e-03,1.511662e-01,2.504544e-02,5.261344e-03,6.403302e-02,4.047184e-02,3.664085e-01,3.817758e-03,5.706026e-02
1.142405e-01,2.866025e-03,1.004339e-02,4.918757e-02,8.508589e-03,2.315995e-02,2.866482e-03,1.059059e-01,1.916284e-02,3.926919e-03,4.673653e-02,3.884331e-02,5.138068e-01,3.018722e-03,5.772645e-02
8.272543e-02,2.040252e-03,7.131878e-03,3.453115e-02,6.620130e-03,1.729287e-02,2.127209e-03,7.419934e-02,1.437060e-02,3.080235e-03,3.371524e-02,4.261856e-02,6.295543e-01,2.352544e-03,4.764033e-02
6.590860e-02,1.566495e-03,9.462828e-03,2.437337e-02,6.362610e-03,1.399365e-02,2.018866e-03,5.945249e-02,1.110949e-02,2.533498e-03,2.485712e-02,3.486321e-02,6.852604e-01,1.902674e-03,5.633477e-02
5.157056e-02,1.271179e-03,9.918679e-03,1.722941e-02,6.107769e-03,1.054430e-02,1.840987e-03,4.972848e-02,9.663668e-03,2.545611e-03,2.015109e-02,3.596994e-02,7.213476e-01,1.504334e-03,6.060644e-02
4.059114e-02,1.161120e-03,9.599715e-03,1.237262e-02,2.248485e-02,8.327938e-03,1.792978e-03,7.746509e-02,1.782340e-02,4.898776e-03,1.753179e-02,5.056445e-02,6.844310e-01,1.269846e-03,4.968529e-02
3.198504e-02,9.597484e-04,7.954125e-03,8.929924e-03,4.240707e-02,6.361593e-03,1.588646e-03,1.498555e-01,2.812011e-02,4.560994e-03,1.578440e-02,5.585470e-02,6.081353e-01,1.108339e-03,3.639453e-02
2.811538e-02,9.575491e-04,6.644909e-03,6.985553e-03,6.922956e-02,5.086500e-03,1.423187e-03,2.019906e-01,3.951358e-02,4.881967e-03,1.447749e-02,6.117222e-02,5.319063e-01,1.088867e-03,2.652641e-02
2.893142e-02,8.727494e-04,5.981653e-03,1.100450e-02,8.227395e-02,4.662356e-03,1.054537e-03,3.246357e-01,3.409453e-02,3.648569e-03,1.258984e-02,4.869316e-02,4.220666e-01,8.382246e-04,1.865229e-02
3.503095e-02,9.581152e-04,5.927244e-03,1.340555e-02,2.004232e-01,4.305695e-03,8.114477e-04,3.009383e-01,3.493728e-02,2.977526e-03,1.537379e-02,4.153617e-02,3.289160e-01,7.916477e-04,1.366716e-02
4.414174e-02,1.451522e-03,5.571641e-03,1.089683e-02,2.816849e-01,4.060201e-03,1.357808e-03,2.298649e-01,8.687415e-02,2.534110e-03,2.410887e-02,3.401988e-02,2.618133e-01,7.005910e-04,1.091956e-02
4.790894e-02,2.058264e-03,7.388631e-03,8.196401e-03,2.984885e-01,2.307883e-02,2.173641e-03,1.677401e-01,1.824361e-01,2.070403e-03,3.217333e-02,2.557728e-02,1.909950e-01,6.037238e-04,9.110846e-03
4.772460e-02,2.905389e-03,8.318476e-03,5.999360e-03,2.684011e-01,4.943950e-02,2.720724e-03,1.186863e-01,3.003026e-01,1.604925e-03,2.993664e-02,1.941512e-02,1.369124e-01,5.454461e-04,7.087476e-03
3.904187e-02,1.003218e-02,1.622039e-02,1.816783e-02,2.977641e-01,8.995719e-02,6.011938e-03,8.575597e-02,2.931383e-01,1.358288e-03,2.189624e-02,1.432129e-02,9.796251e-02,4.495693e-04,7.922327e-03
3.200851e-02,8.719129e-03,1.802539e-02,1.894127e-02,2.410576e-01,1.981646e-01,6.200130e-03,6.125243e-02,3.074122e-01,1.273560e-03,1.672898e-02,1.053330e-02,7.201554e-02,4.135439e-04,7.253793e-03
4.611398e-02,8.334821e-03,1.500526e-02,1.573464e-02,2.301516e-01,2.757263e-01,1.064406e-02,4.455274e-02,2.744907e-01,1.072597e-03,1.259053e-02,7.817897e-03,5.119752e-02,3.849211e-04,6.182418e-03
6.958844e-02,1.149275e-02,9.774852e-02,4.086083e-02,1.990447e-01,2.354953e-01,2.139536e-02,3.913160e-02,2.102680e-01,1.439231e-03,9.846199e-03,8.531220e-03,4.806016e-02,3.988656e-04,6.698776e-03
5.400812e-02,9.890542e-03,2.015035e-01,1.073340e-01,1.487903e-01,1.923267e-01,1.907043e-02,2.893761e-02,1.541658e-01,1.411736e-03,1.261043e-02,1.091789e-02,5.355065e-02,3.013096e-04,5.180904e-03
4.209040e-02,7.661976e-03,1.648755e-01,1.252409e-01,1.104297e-01,1.465846e-01,1.466727e-02,2.203151e-02,1.100838e-01,2.901020e-03,3.471424e-02,2.786423e-02,1.863969e-01,2.687037e-04,4.189210e-03
5.055454e-02,5.749531e-03,1.183160e-01,1.039076e-01,7.958569e-02,1.101887e-01,1.100521e-02,1.639483e-02,7.892666e-02,3.320351e-03,3.762011e-02,2.805371e-02,3.527616e-01,2.717478e-04,3.343704e-03
4.693673e-02,4.303843e-03,8.320334e-02,7.403606e-02,5.750581e-02,7.912974e-02,8.475865e-03,1.207045e-02,5.693585e-02,2.805464e-03,3.215343e-02,4.240975e-02,4.967304e-01,3.498062e-04,2.953473e-03
3.551985e-02,3.082408e-03,5.827610e-02,5.203657e-02,4.313245e-02,5.593442e-02,6.039483e-03,9.180736e-03,4.094333e-02,2.048754e-03,2.720353e-02,5.039478e-02,6.135747e-01,4.232637e-04,2.209570e-03
2.663506e-02,2.303118e-03,4.105867e-02,3.689770e-02,3.497561e-02,4.022931e-02,4.349393e-03,1.001981e-02,3.003697e-02,1.521405e-03,2.454146e-02,5.511410e-02,6.902592e-01,4.477917e-04,1.610364e-03
2.060530e-02,1.698974e-03,2.881702e-02,2.607052e-02,2.519858e-02,2.858086e-02,3.272153e-03,9.476990e-03,2.478083e-02,1.143856e-03,1.951953e-02,5.391353e-02,7.553524e-01,3.668839e-04,1.202575e-03
1.631906e-02,1.403254e-03,2.028317e-02,1.843582e-02,1.835988e-02,2.038569e-02,2.411952e-03,7.951589e-03,2.166818e-02,9.142384e-04,1.592094e-02,5.368425e-02,8.009035e-01,3.429623e-04,1.015515e-03
1.164033e-02,4.235626e-03,1.540385e-02,1.297053e-02,1.334966e-02,1.441238e-02,1.810269e-03,6.085870e-03,2.299134e-02,1.855098e-03,1.283397e-02,5.541148e-02,8.234723e-01,3.449840e-04,3.182390e-03
8.307835e-03,4.201023e-03,1.110784e-02,9.154120e-03,9.819930e-03,1.037861e-02,1.425572e-03,4.629036e-03,2.927737e-02,4.670205e-03,1.088765e-02,8.521734e-02,7.995437e-01,4.471857e-04,1.093258e-02
5.868230e-03,7.761637e-03,8.155037e-03,6.458856e-03,7.701674e-03,7.331411e-03,1.049753e-03,3.366852e-03,5.848259e-02,4.961620e-03,9.441389e-03,9.005102e-02,7.722484e-01,3.967685e-04,1.672476e-02
4.130526e-03,1.123387e-02,6.028106e-03,4.623658e-03,6.161365e-03,5.263358e-03,7.887990e-04,2.701806e-03,2.659105e-01,5.309816e-03,7.987855e-03,7.786171e-02,5.882293e-01,2.924489e-04,1.347684e-02
2.991009e-03,1.411295e-02,5.088238e-03,3.406237e-03,4.861182e-03,3.819498e-03,5.818984e-04,3.393578e-03,4.308823e-01,6.009690e-03,7.186393e-03,6.466362e-02,4.422869e-01,2.279281e-04,1.048861e-02
4.031694e-03,1.942518e-02,7.675530e-03,3.930877e-03,5.389355e-03,4.164218e-03,5.857927e-04,1.848654e-02,5.145020e-01,1.230948e-02,8.685841e-03,6.497292e-02,3.277159e-01,2.346747e-04,7.889982e-03
5.618963e-03,2.097091e-02,7.928587e-03,5.010377e-03,1.083992e-02,4.981060e-02,6.499237e-04,2.504027e-02,5.215335e-01,2.214236e-02,1.567332e-02,6.577396e-02,2.421795e-01,3.623412e-04,6.465415e-03
9.887990e-03,1.927445e-02,9.409837e-03,7.144252e-03,1.685553e-02,5.289582e-02,5.656278e-04,3.125918e-02,5.391929e-01,2.312141e-02,2.474432e-02,7.673734e-02,1.835550e-01,4.210657e-04,4.935237e-03
1.687478e-02,1.537354e-02,8.491116e-03,4.122228e-02,2.132834e-02,6.068691e-02,4.793556e-04,3.098017e-02,5.190101e-01,2.006839e-02,3.005909e-02,7.954894e-02,1.509611e-01,5.495435e-04,4.366364e-03
3.810371e-02,1.391740e-02,1.242814e-02,5.641661e-02,2.918342e-02,5.383088e-02,4.984720e-04,2.645601e-02,5.130593e-01,1.656013e-02,3.052487e-02,7.800123e-02,1.264339e-01,6.043228e-04,3.981616e-03
5.284759e-02,1.422075e-02,1.760358e-02,5.192286e-02,7.037015e-02,3.911475e-02,9.273386e-04,2.901719e-02,5.243098e-01,1.321725e-02,2.544795e-02,6.323023e-02,9.374732e-02,6.418759e-04,3.381327e-03
5.416241e-02,1.395757e-02,1.501822e-02,4.089303e-02,7.563342e-02,2.832859e-02,9.949352e-04,2.523138e-02,5.955210e-01,1.013714e-02,2.033600e-02,4.747340e-02,6.870776e-02,6.885299e-04,2.916565e-03
5.760135e-02,1.509191e-02,1.285669e-02,3.953325e-02,8.343449e-02,2.064827e-02,1.533991e-03,2.437182e-02,6.326003e-01,7.626987e-03,1.668501e-02,3.446897e-02,5.005949e-02,7.465358e-04,2.740836e-03
4.973503e-02,1.368157e-02,1.020168e-02,2.950858e-02,7.181130e-02,1.596471e-02,1.995557e-03,1.610306e-01,5.626719e-01,5.536752e-03,1.428227e-02,2.474313e-02,3.606801e-02,7.433064e-04,2.025608e-03
4.929793e-02,1.396914e-02,8.042759e-03,2.163811e-02,8.140825e-02,1.214619e-02,1.963496e-03,2.152262e-01,5.343835e-01,3.953336e-03,1.218632e-02,1.773106e-02,2.592349e-02,6.438193e-04,1.486445e-03
5.639526e-02,1.276442e-02,6.271587e-03,1.663196e-02,8.682236e-02,1.077853e-02,2.129671e-03,3.008416e-01,4.616699e-01,2.899492e-03,9.231364e-03,1.286303e-02,1.865397e-02,7.112003e-04,1.335697e-03
5.460201e-02,1.281719e-02,4.632141e-03,1.402522e-02,8.609635e-02,8.618828e-03,1.980125e-03,4.097691e-01,3.745568e-01,2.061357e-03,6.730534e-03,9.195360e-03,1.333084e-02,6.024997e-04,9.818012e-04
7.181932e-02,1.580606e-02,3.466230e-03,1.130989e-02,8.723544e-02,9.117756e-03,2.205256e-03,4.219384e-01,3.509177e-01,1.578918e-03,5.415993e-03,7.536999e-03,1.003205e-02,7.758127e-04,8.443350e-04
1.187824e-01,1.286342e-02,2.797931e-03,1.258992e-02,7.891981e-02,1.998277e-02,5.235753e-03,4.467873e-01,2.672347e-01,1.531288e-03,5.569394e-03,8.110431e-03,1.778569e-02,8.882777e-04,9.209116e-04
1.751982e-01,9.747559e-03,2.253018e-03,1.288240e-02,6.514772e-02,2.060793e-02,6.922376e-03,4.755545e-01,1.961548e-01,1.327500e-03,4.778899e-03,1.015383e-02,1.715849e-02,1.220257e-03,8.925035e-04
1.940904e-01,7.587754e-03,2.168886e-03,1.118663e-02,5.311244e-02,1.892502e-02,6.409025e-03,5.310443e-01,1.434631e-01,1.071924e-03,4.042557e-03,9.996302e-03,1.444335e-02,1.531005e-03,9.272571e-04
1.551678e-01,5.465138e-03,1.950273e-03,9.648675e-03,4.005092e-02,1.448698e-02,5.166100e-03,6.420459e-01,1.021143e-01,8.102383e-04,3.040148e-03,7.374954e-03,1.068988e-02,1.270996e-03,7.177329e-04
1.280698e-01,4.107598e-03,2.024886e-03,8.051643e-03,3.215507e-02,1.193021e-02,4.376817e-03,7.181571e-01,7.313682e-02,5.951009e-04,2.328538e-03,5.443625e-03,7.927323e-03,1.109900e-03,5.856150e-04
1.311169e-01,3.138164e-03,2.766428e-03,7.238552e-03,2.836644e-02,1.240656e-02,5.593813e-03,7.429448e-01,5.221332e-02,4.577436e-04,1.805972e-03,4.259371e-03,6.222420e-03,9.013361e-04,5.681678e-04
1.158478e-01,2.360141e-03,2.853052e-03,6.108826e-03,2.433146e-02,1.039780e-02,5.379846e-03,7.846061e-01,3.744010e-02,3.463475e-04,1.343453e-03,3.204035e-03,4.653259e-03,6.622548e-04,4.654903e-04
1.577720e-01,1.917764e-03,3.361033e-03,5.067762e-03,2.051188e-02,1.250255e-02,5.509351e-03,7.512021e-01,2.664702e-02,3.056091e-04,1.960156e-03,4.890731e-03,7.192562e-03,5.808479e-04,5.785292e-04
1.830461e-01,2.728345e-03,4.750113e-03,4.307010e-03,1.981973e-02,3.661065e-02,4.285058e-03,6.002728e-01,1.976159e-02,3.901567e-03,1.124316e-02,6.001716e-03,3.375228e-02,1.532109e-03,6.798781e-02
1.540678e-01,3.599513e-03,4.506047e-03,4.202653e-03,1.507606e-02,3.711144e-02,3.233605e-03,4.250516e-01,1.822597e-02,4.148210e-03,2.061160e-02,1.171642e-02,1.721374e-01,2.220204e-03,1.240915e-01
1.131067e-01,2.994249e-03,4.520991e-03,3.728782e-03,1.081758e-02,3.238237e-02,2.343045e-03,2.982946e-01,1.610693e-02,4.336560e-03,2.930100e-02,3.255803e-02,3.220136e-01,2.492222e-03,1.250034e-01
8.731198e-02,3.440543e-03,4.604872e-03,4.242817e-03,7.967196e-03,7.979733e-02,2.065905e-03,2.096567e-01,2.501980e-02,1.574781e-02,3.196321e-02,8.384150e-02,3.208869e-01,1.111912e-02,1.123343e-01
6.326275e-02,6.060825e-03,3.497359e-03,3.768835e-03,6.788435e-03,5.823357e-02,1.523104e-03,1.469858e-01,9.159466e-02,1.227507e-02,4.289092e-02,1.470072e-01,3.191942e-01,1.382823e-02,8.308902e-02
4.548914e-02,6.716830e-03,3.680134e-03,3.341711e-03,5.306185e-03,4.242326e-02,1.317426e-03,1.053555e-01,8.085078e-02,9.765627e-03,1.385032e-01,1.716462e-01,2.771927e-01,4.031139e-02,6.809992e-02
3.266833e-02,8.713325e-03,3.053703e-03,2.613860e-03,4.085574e-03,3.046507e-02,1.047023e-03,7.435440e-02,6.977436e-02,7.872170e-03,2.321834e-01,1.841007e-01,2.248032e-01,6.771700e-02,5.654783e-02
2.317630e-02,2.500255e-02,7.257596e-03,2.099311e-03,3.216386e-03,2.197925e-02,7.715330e-04,5.276078e-02,6.059258e-02,7.848289e-03,2.187035e-01,2.950962e-01,1.704230e-01,6.793257e-02,4.314020e-02
1.783676e-02,2.213340e-02,6.907023e-03,1.994327e-03,2.653039e-03,1.595367e-02,5.910170e-04,3.863956e-02,6.712218e-02,7.560004e-03,2.321364e-01,3.356530e-01,1.251408e-01,9.395552e-02,3.172342e-02
1.621247e-02,1.920868e-02,8.062586e-03,7.406936e-03,2.664256e-03,1.299473e-02,5.328659e-04,2.886031e-02,1.405227e-01,1.194157e-02,2.003276e-01,3.547867e-01,9.155466e-02,8.214354e-02,2.278045e-02
1.358553e-02,2.245268e-02,1.007991e-02,9.000312e-03,8.281568e-03,1.004743e-02,6.969691e-04,2.568830e-02,1.733359e-01,1.182597e-02,2.200015e-01,2.706258e-01,6.530058e-02,1.415419e-01,1.753577e-02
1.162134e-02,2.231691e-02,1.004178e-02,8.658098e-03,7.428485e-03,8.134735e-03,6.118177e-04,2.261793e-02,1.952143e-01,9.903398e-03,2.451657e-01,2.224371e-01,4.686634e-02,1.758572e-01,1.312488e-02
1.363346e-02,3.973616e-02,1.010806e-02,6.781157e-03,5.749715e-03,7.152878e-03,5.114322e-04,1.718823e-02,1.800154e-01,8.879152e-03,2.112952e-01,1.753121e-01,3.404950e-02,2.792150e-01,1.037250e-02
1.269472e-02,5.572310e-02,8.619318e-03,4.909968e-03,4.170113e-03,6.621088e-03,3.849305e-04,1.323947e-02,1.705894e-01,7.389958e-03,1.719476e-01,1.262461e-01,2.423831e-02,3.842291e-01,8.996815e-03
1.231684e-02,1.503057e-01,1.136009e-02,4.376350e-03,3.684418e-03,1.201978e-02,3.504585e-04,1.042306e-02,1.669009e-01,7.400280e-03,1.547557e-01,8.916138e-02,1.734391e-02,3.519200e-01,7.681096e-03
1.931633e-02,1.645189e-01,1.211530e-01,3.277091e-02,5.589449e-03,1.091899e-02,6.060163e-04,1.736907e-02,1.678985e-01,6.755040e-03,1.156085e-01,6.255504e-02,1.268818e-02,2.563407e-01,5.911347e-03
2.891174e-02,2.584634e-01,9.858548e-02,2.527367e-02,5.896249e-03,2.136512e-02,6.495903e-04,1.650314e-02,1.828439e-01,6.158551e-03,8.867706e-02,4.394609e-02,9.189777e-03,2.077763e-01,5.760011e-03
2.869142e-02,3.966235e-01,8.518109e-02,1.924784e-02,5.433918e-03,1.850312e-02,5.578044e-04,1.821769e-02,1.645648e-01,4.660057e-03,6.603839e-02,3.082274e-02,6.655902e-03,1.502795e-01,4.522302e-03
3.338742e-02,4.759106e-01,7.008082e-02,1.452993e-02,5.683004e-03,2.104367e-02,4.737579e-04,1.928381e-02,1.585425e-01,3.738827e-03,5.280763e-02,2.173007e-02,4.878755e-03,1.136808e-01,4.228498e-03
5.187592e-02,5.125692e-01,5.441746e-02,1.448770e-02,5.597665e-03,1.985699e-02,4.485501e-04,3.186556e-02,1.460729e-01,2.960877e-03,4.362275e-02,1.570943e-02,3.831949e-03,9.132084e-02,5.362188e-03
8.590962e-02,4.331841e-01,4.686606e-02,2.015971e-02,1.213165e-02,1.918148e-02,6.050453e-04,7.674748e-02,1.694865e-01,2.265272e-03,3.397088e-02,1.174437e-02,3.007596e-03,7.937161e-02,5.368617e-03
1.105703e-01,4.013587e-01,3.529448e-02,1.633919e-02,1.597433e-02,2.240088e-02,5.712756e-04,7.454778e-02,1.888011e-01,1.704756e-03,2.724887e-02,9.029179e-03,2.673142e-03,8.871442e-02,4.771631e-03
1.459665e-01,4.182389e-01,2.703634e-02,1.331353e-02,1.692562e-02,2.508977e-02,5.841036e-04,6.336945e-02,1.672557e-01,1.312243e-03,2.270508e-02,7.212528e-03,2.715151e-03,8.371067e-02,4.564406e-03
2.241188e-01,3.662060e-01,2.403718e-02,1.096216e-02,1.645526e-02,4.687717e-02,6.858656e-04,5.140617e-02,1.533679e-01,1.070311e-03,2.086570e-02,7.480953e-03,2.980176e-03,6.877094e-02,4.715412e-03
3.134780e-01,3.406783e-01,2.056777e-02,8.430694e-03,1.428367e-02,3.822346e-02,7.312067e-04,3.862676e-02,1.416319e-01,9.375738e-04,1.752931e-02,7.174892e-03,2.714511e-03,5.052066e-02,4.471306e-03
4.172506e-01,2.964174e-01,1.793981e-02,6.828391e-03,1.206132e-02,3.551950e-02,1.025963e-03,2.912503e-02,1.159411e-01,9.298563e-04,1.454034e-02,7.981591e-03,2.882466e-03,3.698505e-02,4.571591e-03
1.000000e+00,0.000000e+00,0.000000e+00,0.000000e+00,0.000000e+00,0.000000e+00,0.000000e+00,0.000000e+00,0.000000e+00,0.000000e+00,0.000000e+00,0.000000e+00,0.000000e+00,0.000000e+00,0.000000e+00
1.000000e+00,0.000000e+00,0.000000e+00,0.000000e+00,0.000000e+00,0.000000e+00,0.000000e+00,0.000000e+00,0.000000e+00,0.000000e+00,0.000000e+00,0.000000e+00,0.000000e+00,0.000000e+00,0.000000e+00
1.000000e+00,0.000000e+00,0.000000e+00,0.000000e+00,0.000000e+00,0.000000e+00,0.000000e+00,0.000000e+00,0.000000e+00,0.000000e+00,0.000000e+00,0.000000e+00,0.000000e+00,0.000000e+00,0.000000e+00
1.000000e+00,0.000000e+00,0.000000e+00,0.000000e+00,0.000000e+00,0.000000e+00,0.000000e+00,0.000000e+00,0.000000e+00,0.000000e+00,0.000000e+00,0.000000e+00,0.000000e+00,0.000000e+00,0.000000e+00
1.000000e+00,0.000000e+00,0.000000e+00,0.000000e+00,0.000000e+00,0.000000e+00,0.000000e+00,0.000000e+00,0.000000e+00,0.000000e+00,0.000000e+00,0.000000e+00,0.000000e+00,0.000000e+00,0.000000e+00
1.000000e+00,0.000000e+00,0.000000e+00,0.000000e+00,0.000000e+00,0.000000e+00,0.000000e+00,0.000000e+00,0.000000e+00,0.000000e+00,0.000000e+00,0.000000e+00,0.000000e+00,0.000000e+00,0.000000e+00
1.000000e+00,0.000000e+00,0.000000e+00,0.000000e+00,0.000000e+00,0.000000e+00,0.000000e+00,0.000000e+00,0.000000e+00,0.000000e+00,0.000000e+00,0.000000e+00,0.000000e+00,0.000000e+00,0.000000e+00
1.000000e+00,0.000000e+00,0.000000e+00,0.000000e+00,0.000000e+00,0.000000e+00,0.000000e+00,0.000000e+00,0.000000e+00,0.000000e+00,0.000000e+00,0.000000e+00,0.000000e+00,0.000000e+00,0.000000e+00
1.000000e+00,0.000000e+00,0.000000e+00,0.000000e+00,0.000000e+00,0.000000e+00,0.000000e+00,0.000000e+00,0.000000e+00,0.000000e+00,0.000000e+00,0.000000e+00,0.000000e+00,0.000000e+00,0.000000e+00
4.756939e-01,4.703312e-02,3.163224e-02,2.073637e-01,7.958106e-03,2.302298e-02,1.988204e-03,8.668194e-03,2.614330e-02,4.634783e-02,3.038481e-02,3.754612e-02,1.093826e-02,9.666369e-03,3.561287e-02
1.000000e+00,0.000000e+00,0.000000e+00,0.000000e+00,0.000000e+00,0.000000e+00,0.000000e+00,0.000000e+00,0.000000e+00,0.000000e+00,0.000000e+00,0.000000e+00,0.000000e+00,0.000000e+00,0.000000e+00
4.851744e-01,6.234486e-02,3.111323e-02,1.875521e-01,6.837335e-03,1.893007e-02,2.087468e-03,9.104081e-03,3.352829e-02,3.237145e-02,3.001906e-02,2.831539e-02,1.365124e-02,9.914822e-03,4.905620e-02
4.748887e-01,8.678576e-02,2.759487e-02,1.758344e-01,6.749660e-03,1.511564e-02,1.791675e-03,8.747173e-03,4.405228e-02,2.715614e-02,3.722382e-02,2.289856e-02,1.283611e-02,1.190307e-02,4.642211e-02
4.802172e-01,8.404440e-02,2.591532e-02,1.333513e-01,7.136311e-03,1.479160e-02,1.706995e-03,8.910168e-03,8.077493e-02,2.362841e-02,3.457384e-02,1.920076e-02,1.300593e-02,1.479539e-02,5.794744e-02
4.391600e-01,6.647176e-02,5.600674e-02,1.397903e-01,7.964928e-03,1.426280e-02,1.791981e-03,1.011118e-02,1.028236e-01,2.946194e-02,2.868220e-02,1.625720e-02,1.192862e-02,1.469858e-02,6.058824e-02
3.722601e-01,5.081046e-02,8.875583e-02,1.657381e-01,7.276495e-03,1.160118e-02,1.684821e-03,9.457999e-03,1.246938e-01,3.273380e-02,2.661954e-02,1.235623e-02,1.099513e-02,1.392695e-02,7.108957e-02
3.091291e-01,4.586230e-02,1.061391e-01,1.224988e-01,7.372746e-03,9.778142e-03,1.464455e-03,9.492150e-03,2.050727e-01,3.145837e-02,3.042879e-02,1.017627e-02,1.009555e-02,2.944177e-02,7.158978e-02
2.919344e-01,4.397847e-02,9.529659e-02,9.055789e-02,7.105360e-03,9.706154e-03,1.427813e-03,1.033568e-02,2.435224e-01,3.103068e-02,3.617337e-02,8.548974e-03,1.068355e-02,4.630359e-02,7.339507e-02
3.934616e-01,3.891375e-02,9.193794e-02,7.528079e-02,7.223124e-03,1.065969e-02,1.403586e-03,9.144880e-03,1.817298e-01,2.573193e-02,2.741818e-02,9.289852e-03,1.023148e-02,3.732248e-02,8.025092e-02
1.000000e+00,0.000000e+00,0.000000e+00,0.000000e+00,0.000000e+00,0.000000e+00,0.000000e+00,0.000000e+00,0.000000e+00,0.000000e+00,0.000000e+00,0.000000e+00,0.000000e+00,0.000000e+00,0.000000e+00
1.000000e+00,0.000000e+00,0.000000e+00,0.000000e+00,0.000000e+00,0.000000e+00,0.000000e+00,0.000000e+00,0.000000e+00,0.000000e+00,0.000000e+00,0.000000e+00,0.000000e+00,0.000000e+00,0.000000e+00
1.000000e+00,0.000000e+00,0.000000e+00,0.000000e+00,0.000000e+00,0.000000e+00,0.000000e+00,0.000000e+00,0.000000e+00,0.000000e+00,0.000000e+00,0.000000e+00,0.000000e+00,0.000000e+00,0.000000e+00
1.000000e+00,0.000000e+00,0.000000e+00,0.000000e+00,0.000000e+00,0.000000e+00,0.000000e+00,0.000000e+00,0.000000e+00,0.000000e+00,0.000000e+00,0.000000e+00,0.000000e+00,0.000000e+00,0.000000e+00
1.000000e+00,0.000000e+00,0.000000e+00,0.000000e+00,0.000000e+00,0.000000e+00,0.000000e+00,0.000000e+00,0.000000e+00,0.000000e+00,0.000000e+00,0.000000e+00,0.000000e+00,0.000000e+00,0.000000e+00
1.000000e+00,0.000000e+00,0.000000e+00,0.000000e+00,0.000000e+00,0.000000e+00,0.000000e+00,0.000000e+00,0.000000e+00,0.000000e+00,0.000000e+00,0.000000e+00,0.000000e+00,0.000000e+00,0.000000e+00
4.187499e-01,9.744753e-02,3.422027e-02,2.452542e-02,1.032908e-02,2.852333e-02,2.417882e-03,5.251540e-03,2.481445e-02,3.024291e-01,7.489417e-03,3.351333e-03,4.532360e-03,1.174034e-02,2.417812e-02
3.471500e-01,8.526075e-02,2.912440e-02,2.050429e-02,9.106185e-03,2.563176e-02,1.897282e-03,4.411267e-03,7.086369e-02,3.300919e-01,1.892255e-02,3.949563e-03,6.670223e-03,2.053596e-02,2.588017e-02
3.167252e-01,7.610168e-02,2.773748e-02,1.513357e-02,7.418904e-03,2.295073e-02,1.497193e-03,3.558182e-03,6.391019e-02,2.701982e-01,1.123309e-01,4.160385e-03,6.406141e-03,4.767471e-02,2.419658e-02
2.493023e-01,5.383318e-02,1.954220e-02,1.070459e-02,5.307575e-03,1.640387e-02,1.086823e-03,2.655201e-03,4.692492e-02,2.146677e-01,2.634971e-01,3.718219e-03,4.691845e-03,8.994631e-02,1.771816e-02
1.845891e-01,3.801252e-02,1.377206e-02,7.608606e-03,3.881470e-03,1.181290e-02,8.119164e-04,2.117149e-03,3.561011e-02,1.725672e-01,4.110967e-01,3.456251e-03,3.540712e-03,9.824789e-02,1.287530e-02
1.366742e-01,2.698366e-02,9.992866e-03,5.504508e-03,3.054028e-03,8.663773e-03,7.014895e-04,1.650300e-03,2.960123e-02,1.309306e-01,4.330879e-01,4.770620e-03,2.690669e-03,1.959516e-01,9.742506e-03
1.271184e-01,1.964081e-02,7.244964e-03,4.329239e-03,2.729843e-03,6.646266e-03,5.916706e-04,1.434768e-03,3.019431e-02,9.572276e-02,4.010968e-01,5.492846e-03,2.256716e-03,2.883941e-01,7.106501e-03
9.967341e-02,1.413533e-02,5.263757e-03,3.282816e-03,2.384773e-03,5.063036e-03,4.570676e-04,1.131174e-03,3.018983e-02,7.020064e-02,3.457761e-01,5.320971e-03,1.745843e-03,4.100714e-01,5.303735e-03
7.271472e-02,1.234061e-02,4.628128e-03,2.819635e-03,2.940675e-03,4.761665e-03,3.978721e-04,9.223345e-04,5.913005e-02,5.157514e-02,3.046165e-01,5.061091e-03,1.346269e-03,4.725897e-01,4.155601e-03
5.198753e-02,9.212606e-03,3.932125e-03,2.398736e-03,2.502217e-03,3.844150e-03,3.170611e-04,8.021321e-04,6.161220e-02,3.771291e-02,2.744130e-01,4.085335e-03,1.043171e-03,5.429308e-01,3.205926e-03
3.705095e-02,7.169814e-03,3.837595e-03,1.951671e-03,2.027390e-03,3.183082e-03,2.372393e-04,6.479658e-04,5.897252e-02,2.797147e-02,2.302450e-01,3.063973e-03,7.826136e-04,6.203707e-01,2.487964e-03
2.666070e-02,5.987317e-03,3.325647e-03,1.933635e-03,1.776260e-03,4.031199e-03,1.899815e-04,5.535262e-04,8.310910e-02,2.081535e-02,1.980949e-01,2.435393e-03,5.994396e-04,6.486177e-01,1.869745e-03
1.895776e-02,4.930568e-03,3.838534e-03,1.695734e-03,1.647024e-03,3.458777e-03,1.465401e-04,4.705827e-04,1.230913e-01,1.516766e-02,1.638367e-01,1.882360e-03,4.401586e-04,6.590074e-01,1.428808e-03
1.357555e-02,4.624084e-03,4.187452e-03,2.039930e-03,1.659588e-03,3.882387e-03,1.141165e-04,3.770120e-04,2.329707e-01,1.209142e-02,1.371808e-01,1.510542e-03,3.579430e-04,5.839935e-01,1.434951e-03
1.033711e-02,3.759869e-03,3.213440e-03,1.706431e-03,1.292762e-03,5.463794e-03,9.617848e-05,3.092072e-04,2.219814e-01,8.979774e-03,1.259134e-01,1.243235e-03,3.049636e-04,6.142101e-01,1.188335e-03
7.952439e-03,3.098556e-03,2.465157e-03,1.357341e-03,9.649919e-04,7.624076e-03,7.952799e-05,2.545859e-04,2.138692e-01,7.137884e-03,1.082321e-01,1.039375e-03,2.455447e-04,6.447127e-01,9.664085e-04
8.745571e-03,3.448306e-03,4.881072e-03,3.549386e-03,1.863580e-03,7.882699e-03,9.418921e-05,3.677625e-04,2.872396e-01,6.361661e-03,1.009686e-01,8.367906e-04,2.507244e-04,5.721565e-01,1.353564e-03
7.831697e-03,3.102344e-03,3.967216e-03,2.730776e-03,1.549596e-03,8.262773e-03,7.725244e-05,3.135276e-04,3.049006e-01,4.999788e-03,8.792362e-02,6.978539e-04,2.254147e-04,5.721470e-01,1.270572e-03
1.037808e-02,3.569061e-03,8.312760e-03,3.683936e-03,2.527070e-03,9.104616e-03,8.293855e-05,3.744215e-04,3.194865e-01,4.467547e-03,7.801861e-02,6.111946e-04,3.361741e-04,5.566186e-01,2.428425e-03
1.237434e-02,3.846037e-03,7.979675e-03,3.354489e-03,3.166080e-03,1.997686e-02,9.181691e-05,1.028308e-03,3.205933e-01,3.593409e-03,6.775645e-02,6.028392e-04,3.245262e-04,5.531138e-01,2.198047e-03
1.157226e-02,3.377930e-03,7.042698e-03,2.603760e-03,3.527096e-03,2.189083e-02,8.966726e-05,1.572916e-03,3.615465e-01,3.044582e-03,5.544936e-02,5.142404e-04,2.783439e-04,5.256914e-01,1.798348e-03
1.534262e-02,2.681389e-03,7.120972e-03,2.114362e-03,5.300229e-03,2.022737e-02,1.126238e-04,2.924254e-03,4.816388e-01,2.387205e-03,4.076812e-02,4.431222e-04,2.421684e-04,4.171140e-01,1.582751e-03
1.799188e-02,2.416150e-03,6.980880e-03,1.743700e-03,4.903583e-03,1.692831e-02,1.024111e-04,2.980592e-03,4.596102e-01,1.986076e-03,3.834102e-02,4.018952e-04,2.351844e-04,4.431518e-01,2.226304e-03
1.980040e-02,1.936953e-03,5.938072e-03,1.406713e-03,4.425073e-03,1.735045e-02,1.153241e-04,3.221649e-03,4.394559e-01,1.930657e-03,3.817129e-02,3.832521e-04,2.167726e-04,4.637578e-01,1.889657e-03
2.315450e-02,2.380754e-03,2.249691e-02,3.839021e-03,5.157365e-03,1.787551e-02,2.806686e-04,7.034762e-03,4.762574e-01,2.697031e-03,3.213490e-02,3.273980e-04,2.190549e-04,4.043990e-01,1.745694e-03
1.928429e-02,1.948867e-03,1.717455e-02,3.048047e-03,4.184872e-03,2.370157e-02,2.207889e-04,5.573975e-03,4.119228e-01,2.649227e-03,2.968774e-02,2.816688e-04,1.861854e-04,4.787339e-01,1.401470e-03
2.840437e-02,2.252775e-03,1.549931e-02,2.774301e-03,4.518258e-03,2.112188e-02,2.400201e-04,6.398020e-03,4.239874e-01,3.612899e-03,2.580390e-02,3.195553e-04,2.158130e-04,4.628416e-01,2.009816e-03
3.343661e-02,2.941377e-03,1.425666e-02,2.755780e-03,5.125712e-03,2.540075e-02,2.511659e-04,5.948592e-03,3.658031e-01,5.119889e-03,2.296336e-02,3.068904e-04,2.135503e-04,5.122824e-01,3.194038e-03
3.459206e-02,2.990626e-03,1.241710e-02,2.329426e-03,4.447159e-03,2.246947e-02,2.335600e-04,5.263184e-03,3.307941e-01,5.918459e-03,2.438319e-02,4.250254e-04,3.547170e-04,5.482919e-01,5.089964e-03
4.566603e-02,2.674412e-03,1.114839e-02,3.083010e-03,5.720008e-03,1.737824e-02,2.701425e-04,4.508398e-03,3.536705e-01,6.113768e-03,2.707221e-02,8.218533e-04,3.822389e-04,5.169870e-01,4.503798e-03
6.028034e-02,5.642187e-03,1.690920e-02,1.981868e-02,2.977495e-02,1.869924e-02,6.401889e-04,1.195178e-02,3.455895e-01,5.845669e-03,2.693029e-02,1.711649e-03,8.645706e-04,4.506612e-01,4.680456e-03
9.090166e-02,5.566491e-03,1.482848e-02,2.012150e-02,4.093479e-02,1.808632e-02,8.622461e-04,1.119531e-02,3.296617e-01,5.406069e-03,3.213947e-02,2.501555e-03,1.049463e-03,4.219849e-01,4.759946e-03
1.146186e-01,5.115164e-03,1.316252e-02,1.855116e-02,3.976653e-02,1.748354e-02,8.784534e-04,8.830702e-03,2.981920e-01,6.343894e-03,3.492564e-02,3.010680e-03,1.134686e-03,4.333242e-01,4.662156e-03
1.498446e-01,4.976213e-03,1.433546e-02,1.681058e-02,3.331388e-02,1.590265e-02,6.711543e-04,6.453837e-03,3.375107e-01,6.135657e-03,3.163890e-02,4.022941e-03,1.183400e-03,3.724810e-01,4.718922e-03
1.719796e-01,5.743561e-03,2.098453e-02,1.573488e-02,2.731671e-02,1.304004e-02,5.826253e-04,4.886816e-03,3.865547e-01,7.101687e-03,3.085203e-02,7.138570e-03,1.646353e-03,3.008361e-01,5.601824e-03
2.399627e-01,1.673981e-02,2.856616e-02,6.125975e-02,3.080070e-02,1.111069e-02,1.270230e-03,9.203104e-03,3.254887e-01,5.865911e-03,2.500945e-02,1.214657e-02,2.997075e-03,2.213659e-01,8.213192e-03
3.189623e-01,1.475765e-02,4.235728e-02,5.339189e-02,2.931661e-02,1.118733e-02,1.222623e-03,7.122139e-03,2.971252e-01,6.053604e-03,2.003160e-02,1.354149e-02,3.291432e-03,1.716753e-01,9.963552e-03
4.069490e-01,1.489325e-02,4.140785e-02,4.778830e-02,2.676211e-02,1.254389e-02,1.536373e-03,6.546022e-03,2.416576e-01,7.022855e-03,1.742657e-02,2.397929e-02,4.922516e-03,1.324672e-01,1.409724e-02
4.973341e-01,1.380321e-02,4.707815e-02,4.916726e-02,2.329943e-02,1.285331e-02,1.814049e-03,8.250604e-03,1.755131e-01,5.530165e-03,1.659529e-02,2.929705e-02,5.979489e-03,9.845033e-02,1.503446e-02
1.000000e+00,0.000000e+00,0.000000e+00,0.000000e+00,0.000000e+00,0.000000e+00,0.000000e+00,0.000000e+00,0.000000e+00,0.000000e+00,0.000000e+00,0.000000e+00,0.000000e+00,0.000000e+00,0.000000e+00
1.000000e+00,0.000000e+00,0.000000e+00,0.000000e+00,0.000000e+00,0.000000e+00,0.000000e+00,0.000000e+00,0.000000e+00,0.000000e+00,0.000000e+00,0.000000e+00,0.000000e+00,0.000000e+00,0.000000e+00
1.000000e+00,0.000000e+00,0.000000e+00,0.000000e+00,0.000000e+00,0.000000e+00,0.000000e+00,0.000000e+00,0.000000e+00,0.000000e+00,0.000000e+00,0.000000e+00,0.000000e+00,0.000000e+00,0.000000e+00
1.000000e+00,0.000000e+00,0.000000e+00,0.000000e+00,0.000000e+00,0.000000e+00,0.000000e+00,0.000000e+00,0.000000e+00,0.000000e+00,0.000000e+00,0.000000e+00,0.000000e+00,0.000000e+00,0.000000e+00
1.000000e+00,0.000000e+00,0.000000e+00,0.000000e+00,0.000000e+00,0.000000e+00,0.000000e+00,0.000000e+00,0.000000e+00,0.000000e+00,0.000000e+00,0.000000e+00,0.000000e+00,0.000000e+00,0.000000e+00
1.000000e+00,0.000000e+00,0.000000e+00,0.000000e+00,0.000000e+00,0.000000e+00,0.000000e+00,0.000000e+00,0.000000e+00,0.000000e+00,0.000000e+00,0.000000e+00,0.000000e+00,0.000000e+00,0.000000e+00
1.000000e+00,0.000000e+00,0.000000e+00,0.000000e+00,0.000000e+00,0.000000e+00,0.000000e+00,0.000000e+00,0.000000e+00,0.000000e+00,0.000000e+00,0.000000e+00,0.000000e+00,0.000000e+00,0.000000e+00
1.000000e+00,0.000000e+00,0.000000e+00,0.000000e+00,0.000000e+00,0.000000e+00,0.000000e+00,0.000000e+00,0.000000e+00,0.000000e+00,0.000000e+00,0.000000e+00,0.000000e+00,0.000000e+00,0.000000e+00
1.000000e+00,0.000000e+00,0.000000e+00,0.000000e+00,0.000000e+00,0.000000e+00,0.000000e+00,0.000000e+00,0.000000e+00,0.000000e+00,0.000000e+00,0.000000e+00,0.000000e+00,0.000000e+00,0.000000e+00
1.000000e+00,0.000000e+00,0.000000e+00,0.000000e+00,0.000000e+00,0.000000e+00,0.000000e+00,0.000000e+00,0.000000e+00,0.000000e+00,0.000000e+00,0.000000e+00,0.000000e+00,0.000000e+00,0.000000e+00
1.000000e+00,0.000000e+00,0.000000e+00,0.000000e+00,0.000000e+00,0.000000e+00,0.000000e+00,0.000000e+00,0.000000e+00,0.000000e+00,0.000000e+00,0.000000e+00,0.000000e+00,0.000000e+00,0.000000e+00
1.000000e+00,0.000000e+00,0.000000e+00,0.000000e+00,0.000000e+00,0.000000e+00,0.000000e+00,0.000000e+00,0.000000e+00,0.000000e+00,0.000000e+00,0.000000e+00,0.000000e+00,0.000000e+00,0.000000e+00
1.000000e+00,0.000000e+00,0.000000e+00,0.000000e+00,0.000000e+00,0.000000e+00,0.000000e+00,0.000000e+00,0.000000e+00,0.000000e+00,0.000000e+00,0.000000e+00,0.000000e+00,0.000000e+00,0.000000e+00
1.000000e+00,0.000000e+00,0.000000e+00,0.000000e+00,0.000000e+00,0.000000e+00,0.000000e+00,0.000000e+00,0.000000e+00,0.000000e+00,0.000000e+00,0.000000e+00,0.000000e+00,0.000000e+00,0.000000e+00
1.000000e+00,0.000000e+00,0.000000e+00,0.000000e+00,0.000000e+00,0.000000e+00,0.000000e+00,0.000000e+00,0.000000e+00,0.000000e+00,0.000000e+00,0.000000e+00,0.000000e+00,0.000000e+00,0.000000e+00
1.000000e+00,0.000000e+00,0.000000e+00,0.000000e+00,0.000000e+00,0.000000e+00,0.000000e+00,0.000000e+00,0.000000e+00,0.000000e+00,0.000000e+00,0.000000e+00,0.000000e+00,0.000000e+00,0.000000e+00
1.000000e+00,0.000000e+00,0.000000e+00,0.000000e+00,0.000000e+00,0.000000e+00,0.000000e+00,0.000000e+00,0.000000e+00,0.000000e+00,0.000000e+00,0.000000e+00,0.000000e+00,0.000000e+00,0.000000e+00
1.000000e+00,0.000000e+00,0.000000e+00,0.000000e+00,0.000000e+00,0.000000e+00,0.000000e+00,0.000000e+00,0.000000e+00,0.000000e+00,0.000000e+00,0.000000e+00,0.000000e+00,0.000000e+00,0.000000e+00
1.000000e+00,0.000000e+00,0.000000e+00,0.000000e+00,0.000000e+00,0.000000e+00,0.000000e+00,0.000000e+00,0.000000e+00,0.000000e+00,0.000000e+00,0.000000e+00,0.000000e+00,0.000000e+00,0.000000e+00
1.000000e+00,0.000000e+00,0.000000e+00,0.000000e+00,0.000000e+00,0.000000e+00,0.000000e+00,0.000000e+00,0.000000e+00,0.000000e+00,0.000000e+00,0.000000e+00,0.000000e+00,0.000000e+00,0.000000e+00
1.000000e+00,0.000000e+00,0.000000e+00,0.000000e+00,0.000000e+00,0.000000e+00,0.000000e+00,0.000000e+00,0.000000e+00,0.000000e+00,0.000000e+00,0.000000e+00,0.000000e+00,0.000000e+00,0.000000e+00
1.000000e+00,0.000000e+00,0.000000e+00,0.000000e+00,0.000000e+00,0.000000e+00,0.000000e+00,0.000000e+00,0.000000e+00,0.000000e+00,0.000000e+00,0.000000e+00,0.000000e+00,0.000000e+00,0.000000e+00
1.000000e+00,0.000000e+00,0.000000e+00,0.000000e+00,0.000000e+00,0.000000e+00,0.000000e+00,0.000000e+00,0.000000e+00,0.000000e+00,0.000000e+00,0.000000e+00,0.000000e+00,0.000000e+00,0.000000e+00
1.000000e+00,0.000000e+00,0.000000e+00,0.000000e+00,0.000000e+00,0.000000e+00,0.000000e+00,0.000000e+00,0.000000e+00,0.000000e+00,0.000000e+00,0.000000e+00,0.000000e+00,0.000000e+00,0.000000e+00
1.000000e+00,0.000000e+00,0.000000e+00,0.000000e+00,0.000000e+00,0.000000e+00,0.000000e+00,0.000000e+00,0.000000e+00,0.000000e+00,0.000000e+00,0.000000e+00,0.000000e+00,0.000000e+00,0.000000e+00
1.000000e+00,0.000000e+00,0.000000e+00,0.000000e+00,0.000000e+00,0.000000e+00,0.000000e+00,0.000000e+00,0.000000e+00,0.000000e+00,0.000000e+00,0.000000e+00,0.000000e+00,0.000000e+00,0.000000e+00
1.000000e+00,0.000000e+00,0.000000e+00,0.000000e+00,0.000000e+00,0.000000e+00,0.000000e+00,0.000000e+00,0.000000e+00,0.000000e+00,0.000000e+00,0.000000e+00,0.000000e+00,0.000000e+00,0.000000e+00
1.000000e+00,0.000000e+00,0.000000e+00,0.000000e+00,0.000000e+00,0.000000e+00,0.000000e+00,0.000000e+00,0.000000e+00,0.000000e+00,0.000000e+00,0.000000e+00,0.000000e+00,0.000000e+00,0.000000e+00
1.000000e+00,0.000000e+00,0.000000e+00,0.000000e+00,0.000000e+00,0.000000e+00,0.000000e+00,0.000000e+00,0.000000e+00,0.000000e+00,0.000000e+00,0.000000e+00,0.000000e+00,0.000000e+00,0.000000e+00
1.000000e+00,0.000000e+00,0.000000e+00,0.000000e+00,0.000000e+00,0.000000e+00,0.000000e+00,0.000000e+00,0.000000e+00,0.000000e+00,0.000000e+00,0.000000e+00,0.000000e+00,0.000000e+00,0.000000e+00
1.000000e+00,0.000000e+00,0.000000e+00,0.000000e+00,0.000000e+00,0.000000e+00,0.000000e+00,0.000000e+00,0.000000e+00,0.000000e+00,0.000000e+00,0.000000e+00,0.000000e+00,0.000000e+00,0.000000e+00
1.000000e+00,0.000000e+00,0.000000e+00,0.000000e+00,0.000000e+00,0.000000e+00,0.000000e+00,0.000000e+00,0.000000e+00,0.000000e+00,0.000000e+00,0.000000e+00,0.000000e+00,0.000000e+00,0.000000e+00
1.000000e+00,0.000000e+00,0.000000e+00,0.000000e+00,0.000000e+00,0.000000e+00,0.000000e+00,0.000000e+00,0.000000e+00,0.000000e+00,0.000000e+00,0.000000e+00,0.000000e+00,0.000000e+00,0.000000e+00
1.000000e+00,0.000000e+00,0.000000e+00,0.000000e+00,0.000000e+00,0.000000e+00,0.000000e+00,0.000000e+00,0.000000e+00,0.000000e+00,0.000000e+00,0.000000e+00,0.000000e+00,0.000000e+00,0.000000e+00
1.000000e+00,0.000000e+00,0.000000e+00,0.000000e+00,0.000000e+00,0.000000e+00,0.000000e+00,0.000000e+00,0.000000e+00,0.000000e+00,0.000000e+00,0.000000e+00,0.000000e+00,0.000000e+00,0.000000e+00
1.000000e+00,0.000000e+00,0.000000e+00,0.000000e+00,0.000000e+00,0.000000e+00,0.000000e+00,0.000000e+00,0.000000e+00,0.000000e+00,0.000000e+00,0.000000e+00,0.000000e+00,0.000000e+00,0.000000e+00
1.000000e+00,0.000000e+00,0.000000e+00,0.000000e+00,0.000000e+00,0.000000e+00,0.000000e+00,0.000000e+00,0.000000e+00,0.000000e+00,0.000000e+00,0.000000e+00,0.000000e+00,0.000000e+00,0.000000e+00
1.000000e+00,0.000000e+00,0.000000e+00,0.000000e+00,0.000000e+00,0.000000e+00,0.000000e+00,0.000000e+00,0.000000e+00,0.000000e+00,0.000000e+00,0.000000e+00,0.000000e+00,0.000000e+00,0.000000e+00
1.000000e+00,0.000000e+00,0.000000e+00,0.000000e+00,0.000000e+00,0.000000e+00,0.000000e+00,0.000000e+00,0.000000e+00,0.000000e+00,0.000000e+00,0.000000e+00,0.000000e+00,0.000000e+00,0.000000e+00
1.000000e+00,0.000000e+00,0.000000e+00,0.000000e+00,0.000000e+00,0.000000e+00,0.000000e+00,0.000000e+00,0.000000e+00,0.000000e+00,0.000000e+00,0.000000e+00,0.000000e+00,0.000000e+00,0.000000e+00
1.000000e+00,0.000000e+00,0.000000e+00,0.000000e+00,0.000000e+00,0.000000e+00,0.000000e+00,0.000000e+00,0.000000e+00,0.000000e+00,0.000000e+00,0.000000e+00,0.000000e+00,0.000000e+00,0.000000e+00
1.000000e+00,0.000000e+00,0.000000e+00,0.000000e+00,0.000000e+00,0.000000e+00,0.000000e+00,0.000000e+00,0.000000e+00,0.000000e+00,0.000000e+00,0.000000e+00,0.000000e+00,0.000000e+00,0.000000e+00
1.000000e+00,0.000000e+00,0.000000e+00,0.000000e+00,0.000000e+00,0.000000e+00,0.000000e+00,0.000000e+00,0.000000e+00,0.000000e+00,0.000000e+00,0.000000e+00,0.000000e+00,0.000000e+00,0.000000e+00
1.000000e+00,0.000000e+00,0.000000e+00,0.000000e+00,0.000000e+00,0.000000e+00,0.000000e+00,0.000000e+00,0.000000e+00,0.000000e+00,0.000000e+00,0.000000e+00,0.000000e+00,0.000000e+00,0.000000e+00
1.000000e+00,0.000000e+00,0.000000e+00,0.000000e+00,0.000000e+00,0.000000e+00,0.000000e+00,0.000000e+00,0.000000e+00,0.000000e+00,0.000000e+00,0.000000e+00,0.000000e+00,0.000000e+00,0.000000e+00
1.000000e+00,0.000000e+00,0.000000e+00,0.000000e+00,0.000000e+00,0.000000e+00,0.000000e+00,0.000000e+00,0.000000e+00,0.000000e+00,0.000000e+00,0.000000e+00,0.000000e+00,0.000000e+00,0.000000e+00
1.000000e+00,0.000000e+00,0.000000e+00,0.000000e+00,0.000000e+00,0.000000e+00,0.000000e+00,0.000000e+00,0.000000e+00,0.000000e+00,0.000000e+00,0.000000e+00,0.000000e+00,0.000000e+00,0.000000e+00
