1.000000e+00,0.000000e+00,0.000000e+00,0.000000e+00,0.000000e+00,0.000000e+00,0.000000e+00,0.000000e+00,0.000000e+00,0.000000e+00,0.000000e+00,0.000000e+00,0.000000e+00,0.000000e+00,0.000000e+00
1.000000e+00,0.000000e+00,0.000000e+00,0.000000e+00,0.000000e+00,0.000000e+00,0.000000e+00,0.000000e+00,0.000000e+00,0.000000e+00,0.000000e+00,0.000000e+00,0.000000e+00,0.000000e+00,0.000000e+00
1.000000e+00,0.000000e+00,0.000000e+00,0.000000e+00,0.000000e+00,0.000000e+00,0.000000e+00,0.000000e+00,0.000000e+00,0.000000e+00,0.000000e+00,0.000000e+00,0.000000e+00,0.000000e+00,0.000000e+00
1.000000e+00,0.000000e+00,0.000000e+00,0.000000e+00,0.000000e+00,0.000000e+00,0.000000e+00,0.000000e+00,0.000000e+00,0.000000e+00,0.000000e+00,0.000000e+00,0.000000e+00,0.000000e+00,0.000000e+00
1.000000e+00,0.000000e+00,0.000000e+00,0.000000e+00,0.000000e+00,0.000000e+00,0.000000e+00,0.000000e+00,0.000000e+00,0.000000e+00,0.000000e+00,0.000000e+00,0.000000e+00,0.000000e+00,0.000000e+00
1.000000e+00,0.000000e+00,0.000000e+00,0.000000e+00,0.000000e+00,0.000000e+00,0.000000e+00,0.000000e+00,0.000000e+00,0.000000e+00,0.000000e+00,0.000000e+00,0.000000e+00,0.000000e+00,0.000000e+00
1.000000e+00,0.000000e+00,0.000000e+00,0.000000e+00,0.000000e+00,0.000000e+00,0.000000e+00,0.000000e+00,0.000000e+00,0.000000e+00,0.000000e+00,0.000000e+00,0.000000e+00,0.000000e+00,0.000000e+00
1.000000e+00,0.000000e+00,0.000000e+00,0.000000e+00,0.000000e+00,0.000000e+00,0.000000e+00,0.000000e+00,0.000000e+00,0.000000e+00,0.000000e+00,0.000000e+00,0.000000e+00,0.000000e+00,0.000000e+00
1.000000e+00,0.000000e+00,0.000000e+00,0.000000e+00,0.000000e+00,0.000000e+00,0.000000e+00,0.000000e+00,0.000000e+00,0.000000e+00,0.000000e+00,0.000000e+00,0.000000e+00,0.000000e+00,0.000000e+00
1.000000e+00,0.000000e+00,0.000000e+00,0.000000e+00,0.000000e+00,0.000000e+00,0.000000e+00,0.000000e+00,0.000000e+00,0.000000e+00,0.000000e+00,0.000000e+00,0.000000e+00,0.000000e+00,0.000000e+00
1.000000e+00,0.000000e+00,0.000000e+00,0.000000e+00,0.000000e+00,0.000000e+00,0.000000e+00,0.000000e+00,0.000000e+00,0.000000e+00,0.000000e+00,0.000000e+00,0.000000e+00,0.000000e+00,0.000000e+00
1.000000e+00,0.000000e+00,0.000000e+00,0.000000e+00,0.000000e+00,0.000000e+00,0.000000e+00,0.000000e+00,0.000000e+00,0.000000e+00,0.000000e+00,0.000000e+00,0.000000e+00,0.000000e+00,0.000000e+00
1.000000e+00,0.000000e+00,0.000000e+00,0.000000e+00,0.000000e+00,0.000000e+00,0.000000e+00,0.000000e+00,0.000000e+00,0.000000e+00,0.000000e+00,0.000000e+00,0.000000e+00,0.000000e+00,0.000000e+00
1.000000e+00,0.000000e+00,0.000000e+00,0.000000e+00,0.000000e+00,0.000000e+00,0.000000e+00,0.000000e+00,0.000000e+00,0.000000e+00,0.000000e+00,0.000000e+00,0.000000e+00,0.000000e+00,0.000000e+00
1.000000e+00,0.000000e+00,0.000000e+00,0.000000e+00,0.000000e+00,0.000000e+00,0.000000e+00,0.000000e+00,0.000000e+00,0.000000e+00,0.000000e+00,0.000000e+00,0.000000e+00,0.000000e+00,0.000000e+00
1.000000e+00,0.000000e+00,0.000000e+00,0.000000e+00,0.000000e+00,0.000000e+00,0.000000e+00,0.000000e+00,0.000000e+00,0.000000e+00,0.000000e+00,0.000000e+00,0.000000e+00,0.000000e+00,0.000000e+00
1.000000e+00,0.000000e+00,0.000000e+00,0.000000e+00,0.000000e+00,0.000000e+00,0.000000e+00,0.000000e+00,0.000000e+00,0.000000e+00,0.000000e+00,0.000000e+00,0.000000e+00,0.000000e+00,0.000000e+00
1.000000e+00,0.000000e+00,0.000000e+00,0.000000e+00,0.000000e+00,0.000000e+00,0.000000e+00,0.000000e+00,0.000000e+00,0.000000e+00,0.000000e+00,0.000000e+00,0.000000e+00,0.000000e+00,0.000000e+00
1.000000e+00,0.000000e+00,0.000000e+00,0.000000e+00,0.000000e+00,0.000000e+00,0.000000e+00,0.000000e+00,0.000000e+00,0.000000e+00,0.000000e+00,0.000000e+00,0.000000e+00,0.000000e+00,0.000000e+00
1.000000e+00,0.000000e+00,0.000000e+00,0.000000e+00,0.000000e+00,0.000000e+00,0.000000e+00,0.000000e+00,0.000000e+00,0.000000e+00,0.000000e+00,0.000000e+00,0.000000e+00,0.000000e+00,0.000000e+00
1.000000e+00,0.000000e+00,0.000000e+00,0.000000e+00,0.000000e+00,0.000000e+00,0.000000e+00,0.000000e+00,0.000000e+00,0.000000e+00,0.000000e+00,0.000000e+00,0.000000e+00,0.000000e+00,0.000000e+00
1.000000e+00,0.000000e+00,0.000000e+00,0.000000e+00,0.000000e+00,0.000000e+00,0.000000e+00,0.000000e+00,0.000000e+00,0.000000e+00,0.000000e+00,0.000000e+00,0.000000e+00,0.000000e+00,0.000000e+00
1.000000e+00,0.000000e+00,0.000000e+00,0.000000e+00,0.000000e+00,0.000000e+00,0.000000e+00,0.000000e+00,0.000000e+00,0.000000e+00,0.000000e+00,0.000000e+00,0.000000e+00,0.000000e+00,0.000000e+00
1.000000e+00,0.000000e+00,0.000000e+00,0.000000e+00,0.000000e+00,0.000000e+00,0.000000e+00,0.000000e+00,0.000000e+00,0.000000e+00,0.000000e+00,0.000000e+00,0.000000e+00,0.000000e+00,0.000000e+00
1.000000e+00,0.000000e+00,0.000000e+00,0.000000e+00,0.000000e+00,0.000000e+00,0.000000e+00,0.000000e+00,0.000000e+00,0.000000e+00,0.000000e+00,0.000000e+00,0.000000e+00,0.000000e+00,0.000000e+00
1.000000e+00,0.000000e+00,0.000000e+00,0.000000e+00,0.000000e+00,0.000000e+00,0.000000e+00,0.000000e+00,0.000000e+00,0.000000e+00,0.000000e+00,0.000000e+00,0.000000e+00,0.000000e+00,0.000000e+00
1.000000e+00,0.000000e+00,0.000000e+00,0.000000e+00,0.000000e+00,0.000000e+00,0.000000e+00,0.000000e+00,0.000000e+00,0.000000e+00,0.000000e+00,0.000000e+00,0.000000e+00,0.000000e+00,0.000000e+00
1.000000e+00,0.000000e+00,0.000000e+00,0.000000e+00,0.000000e+00,0.000000e+00,0.000000e+00,0.000000e+00,0.000000e+00,0.000000e+00,0.000000e+00,0.000000e+00,0.000000e+00,0.000000e+00,0.000000e+00
1.000000e+00,0.000000e+00,0.000000e+00,0.000000e+00,0.000000e+00,0.000000e+00,0.000000e+00,0.000000e+00,0.000000e+00,0.000000e+00,0.000000e+00,0.000000e+00,0.000000e+00,0.000000e+00,0.000000e+00
1.000000e+00,0.000000e+00,0.000000e+00,0.000000e+00,0.000000e+00,0.000000e+00,0.000000e+00,0.000000e+00,0.000000e+00,0.000000e+00,0.000000e+00,0.000000e+00,0.000000e+00,0.000000e+00,0.000000e+00
1.000000e+00,0.000000e+00,0.000000e+00,0.000000e+00,0.000000e+00,0.000000e+00,0.000000e+00,0.000000e+00,0.000000e+00,0.000000e+00,0.000000e+00,0.000000e+00,0.000000e+00,0.000000e+00,0.000000e+00
1.000000e+00,0.000000e+00,0.000000e+00,0.000000e+00,0.000000e+00,0.000000e+00,0.000000e+00,0.000000e+00,0.000000e+00,0.000000e+00,0.000000e+00,0.000000e+00,0.000000e+00,0.000000e+00,0.000000e+00
1.000000e+00,0.000000e+00,0.000000e+00,0.000000e+00,0.000000e+00,0.000000e+00,0.000000e+00,0.000000e+00,0.000000e+00,0.000000e+00,0.000000e+00,0.000000e+00,0.000000e+00,0.000000e+00,0.000000e+00
1.000000e+00,0.000000e+00,0.000000e+00,0.000000e+00,0.000000e+00,0.000000e+00,0.000000e+00,0.000000e+00,0.000000e+00,0.000000e+00,0.000000e+00,0.000000e+00,0.000000e+00,0.000000e+00,0.000000e+00
1.000000e+00,0.000000e+00,0.000000e+00,0.000000e+00,0.000000e+00,0.000000e+00,0.000000e+00,0.000000e+00,0.000000e+00,0.000000e+00,0.000000e+00,0.000000e+00,0.000000e+00,0.000000e+00,0.000000e+00
1.000000e+00,0.000000e+00,0.000000e+00,0.000000e+00,0.000000e+00,0.000000e+00,0.000000e+00,0.000000e+00,0.000000e+00,0.000000e+00,0.000000e+00,0.000000e+00,0.000000e+00,0.000000e+00,0.000000e+00
1.000000e+00,0.000000e+00,0.000000e+00,0.000000e+00,0.000000e+00,0.000000e+00,0.000000e+00,0.000000e+00,0.000000e+00,0.000000e+00,0.000000e+00,0.000000e+00,0.000000e+00,0.000000e+00,0.000000e+00
1.000000e+00,0.000000e+00,0.000000e+00,0.000000e+00,0.000000e+00,0.000000e+00,0.000000e+00,0.000000e+00,0.000000e+00,0.000000e+00,0.000000e+00,0.000000e+00,0.000000e+00,0.000000e+00,0.000000e+00
1.000000e+00,0.000000e+00,0.000000e+00,0.000000e+00,0.000000e+00,0.000000e+00,0.000000e+00,0.000000e+00,0.000000e+00,0.000000e+00,0.000000e+00,0.000000e+00,0.000000e+00,0.000000e+00,0.000000e+00
1.000000e+00,0.000000e+00,0.000000e+00,0.000000e+00,0.000000e+00,0.000000e+00,0.000000e+00,0.000000e+00,0.000000e+00,0.000000e+00,0.000000e+00,0.000000e+00,0.000000e+00,0.000000e+00,0.000000e+00
1.000000e+00,0.000000e+00,0.000000e+00,0.000000e+00,0.000000e+00,0.000000e+00,0.000000e+00,0.000000e+00,0.000000e+00,0.000000e+00,0.000000e+00,0.000000e+00,0.000000e+00,0.000000e+00,0.000000e+00
1.000000e+00,0.000000e+00,0.000000e+00,0.000000e+00,0.000000e+00,0.000000e+00,0.000000e+00,0.000000e+00,0.000000e+00,0.000000e+00,0.000000e+00,0.000000e+00,0.000000e+00,0.000000e+00,0.000000e+00
1.000000e+00,0.000000e+00,0.000000e+00,0.000000e+00,0.000000e+00,0.000000e+00,0.000000e+00,0.000000e+00,0.000000e+00,0.000000e+00,0.000000e+00,0.000000e+00,0.000000e+00,0.000000e+00,0.000000e+00
1.000000e+00,0.000000e+00,0.000000e+00,0.000000e+00,0.000000e+00,0.000000e+00,0.000000e+00,0.000000e+00,0.000000e+00,0.000000e+00,0.000000e+00,0.000000e+00,0.000000e+00,0.000000e+00,0.000000e+00
1.000000e+00,0.000000e+00,0.000000e+00,0.000000e+00,0.000000e+00,0.000000e+00,0.000000e+00,0.000000e+00,0.000000e+00,0.000000e+00,0.000000e+00,0.000000e+00,0.000000e+00,0.000000e+00,0.000000e+00
1.000000e+00,0.000000e+00,0.000000e+00,0.000000e+00,0.000000e+00,0.000000e+00,0.000000e+00,0.000000e+00,0.000000e+00,0.000000e+00,0.000000e+00,0.000000e+00,0.000000e+00,0.000000e+00,0.000000e+00
1.000000e+00,0.000000e+00,0.000000e+00,0.000000e+00,0.000000e+00,0.000000e+00,0.000000e+00,0.000000e+00,0.000000e+00,0.000000e+00,0.000000e+00,0.000000e+00,0.000000e+00,0.000000e+00,0.000000e+00
1.000000e+00,0.000000e+00,0.000000e+00,0.000000e+00,0.000000e+00,0.000000e+00,0.000000e+00,0.000000e+00,0.000000e+00,0.000000e+00,0.000000e+00,0.000000e+00,0.000000e+00,0.000000e+00,0.000000e+00
1.000000e+00,0.000000e+00,0.000000e+00,0.000000e+00,0.000000e+00,0.000000e+00,0.000000e+00,0.000000e+00,0.000000e+00,0.000000e+00,0.000000e+00,0.000000e+00,0.000000e+00,0.000000e+00,0.000000e+00
1.000000e+00,0.000000e+00,0.000000e+00,0.000000e+00,0.000000e+00,0.000000e+00,0.000000e+00,0.000000e+00,0.000000e+00,0.000000e+00,0.000000e+00,0.000000e+00,0.000000e+00,0.000000e+00,0.000000e+00
1.000000e+00,0.000000e+00,0.000000e+00,0.000000e+00,0.000000e+00,0.000000e+00,0.000000e+00,0.000000e+00,0.000000e+00,0.000000e+00,0.000000e+00,0.000000e+00,0.000000e+00,0.000000e+00,0.000000e+00
1.000000e+00,0.000000e+00,0.000000e+00,0.000000e+00,0.000000e+00,0.000000e+00,0.000000e+00,0.000000e+00,0.000000e+00,0.000000e+00,0.000000e+00,0.000000e+00,0.000000e+00,0.000000e+00,0.000000e+00
1.000000e+00,0.000000e+00,0.000000e+00,0.000000e+00,0.000000e+00,0.000000e+00,0.000000e+00,0.000000e+00,0.000000e+00,0.000000e+00,0.000000e+00,0.000000e+00,0.000000e+00,0.000000e+00,0.000000e+00
1.000000e+00,0.000000e+00,0.000000e+00,0.000000e+00,0.000000e+00,0.000000e+00,0.000000e+00,0.000000e+00,0.000000e+00,0.000000e+00,0.000000e+00,0.000000e+00,0.000000e+00,0.000000e+00,0.000000e+00
1.000000e+00,0.000000e+00,0.000000e+00,0.000000e+00,0.000000e+00,0.000000e+00,0.000000e+00,0.000000e+00,0.000000e+00,0.000000e+00,0.000000e+00,0.000000e+00,0.000000e+00,0.000000e+00,0.000000e+00
1.000000e+00,0.000000e+00,0.000000e+00,0.000000e+00,0.000000e+00,0.000000e+00,0.000000e+00,0.000000e+00,0.000000e+00,0.000000e+00,0.000000e+00,0.000000e+00,0.000000e+00,0.000000e+00,0.000000e+00
1.000000e+00,0.000000e+00,0.000000e+00,0.000000e+00,0.000000e+00,0.000000e+00,0.000000e+00,0.000000e+00,0.000000e+00,0.000000e+00,0.000000e+00,0.000000e+00,0.000000e+00,0.000000e+00,0.000000e+00
1.000000e+00,0.000000e+00,0.000000e+00,0.000000e+00,0.000000e+00,0.000000e+00,0.000000e+00,0.000000e+00,0.000000e+00,0.000000e+00,0.000000e+00,0.000000e+00,0.000000e+00,0.000000e+00,0.000000e+00
1.000000e+00,0.000000e+00,0.000000e+00,0.000000e+00,0.000000e+00,0.000000e+00,0.000000e+00,0.000000e+00,0.000000e+00,0.000000e+00,0.000000e+00,0.000000e+00,0.000000e+00,0.000000e+00,0.000000e+00
1.000000e+00,0.000000e+00,0.000000e+00,0.000000e+00,0.000000e+00,0.000000e+00,0.000000e+00,0.000000e+00,0.000000e+00,0.000000e+00,0.000000e+00,0.000000e+00,0.000000e+00,0.000000e+00,0.000000e+00
1.000000e+00,0.000000e+00,0.000000e+00,0.000000e+00,0.000000e+00,0.000000e+00,0.000000e+00,0.000000e+00,0.000000e+00,0.000000e+00,0.000000e+00,0.000000e+00,0.000000e+00,0.000000e+00,0.000000e+00
1.000000e+00,0.000000e+00,0.000000e+00,0.000000e+00,0.000000e+00,0.000000e+00,0.000000e+00,0.000000e+00,0.000000e+00,0.000000e+00,0.000000e+00,0.000000e+00,0.000000e+00,0.000000e+00,0.000000e+00
1.000000e+00,0.000000e+00,0.000000e+00,0.000000e+00,0.000000e+00,0.000000e+00,0.000000e+00,0.000000e+00,0.000000e+00,0.000000e+00,0.000000e+00,0.000000e+00,0.000000e+00,0.000000e+00,0.000000e+00
1.000000e+00,0.000000e+00,0.000000e+00,0.000000e+00,0.000000e+00,0.000000e+00,0.000000e+00,0.000000e+00,0.000000e+00,0.000000e+00,0.000000e+00,0.000000e+00,0.000000e+00,0.000000e+00,0.000000e+00
1.000000e+00,0.000000e+00,0.000000e+00,0.000000e+00,0.000000e+00,0.000000e+00,0.000000e+00,0.000000e+00,0.000000e+00,0.000000e+00,0.000000e+00,0.000000e+00,0.000000e+00,0.000000e+00,0.000000e+00
1.000000e+00,0.000000e+00,0.000000e+00,0.000000e+00,0.000000e+00,0.000000e+00,0.000000e+00,0.000000e+00,0.000000e+00,0.000000e+00,0.000000e+00,0.000000e+00,0.000000e+00,0.000000e+00,0.000000e+00
1.000000e+00,0.000000e+00,0.000000e+00,0.000000e+00,0.000000e+00,0.000000e+00,0.000000e+00,0.000000e+00,0.000000e+00,0.000000e+00,0.000000e+00,0.000000e+00,0.000000e+00,0.000000e+00,0.000000e+00
1.000000e+00,0.000000e+00,0.000000e+00,0.000000e+00,0.000000e+00,0.000000e+00,0.000000e+00,0.000000e+00,0.000000e+00,0.000000e+00,0.000000e+00,0.000000e+00,0.000000e+00,0.000000e+00,0.000000e+00
1.000000e+00,0.000000e+00,0.000000e+00,0.000000e+00,0.000000e+00,0.000000e+00,0.000000e+00,0.000000e+00,0.000000e+00,0.000000e+00,0.000000e+00,0.000000e+00,0.000000e+00,0.000000e+00,0.000000e+00
1.000000e+00,0.000000e+00,0.000000e+00,0.000000e+00,0.000000e+00,0.000000e+00,0.000000e+00,0.000000e+00,0.000000e+00,0.000000e+00,0.000000e+00,0.000000e+00,0.000000e+00,0.000000e+00,0.000000e+00
1.000000e+00,0.000000e+00,0.000000e+00,0.000000e+00,0.000000e+00,0.000000e+00,0.000000e+00,0.000000e+00,0.000000e+00,0.000000e+00,0.000000e+00,0.000000e+00,0.000000e+00,0.000000e+00,0.000000e+00
1.000000e+00,0.000000e+00,0.000000e+00,0.000000e+00,0.000000e+00,0.000000e+00,0.000000e+00,0.000000e+00,0.000000e+00,0.000000e+00,0.000000e+00,0.000000e+00,0.000000e+00,0.000000e+00,0.000000e+00
4.494236e-01,5.959589e-03,2.087391e-02,2.425781e-01,3.733954e-03,2.022832e-02,2.997312e-03,1.231673e-02,1.149332e-02,3.799002e-03,5.003430e-02,3.617067e-02,1.259191e-01,1.398366e-03,1.307382e-02
3.492851e-01,4.430430e-03,1.509361e-02,1.956353e-01,8.197979e-03,1.925743e-02,2.461685e-03,1.043782e-02,1.144688e-02,5.263744e-03,1.146025e-01,5.228505e-02,1.992572e-01,1.533615e-03,1.081167e-02
3.104666e-01,3.717338e-03,1.082247e-02,1.510028e-01,1.571565e-02,3.115039e-02,2.528892e-03,1.207466e-02,1.711770e-02,4.057478e-03,9.010513e-02,6.852975e-02,2.699726e-01,2.216393e-03,1.052211e-02
2.504833e-01,2.711291e-03,7.757370e-03,1.086747e-01,1.766319e-02,3.955822e-02,2.433247e-03,1.011251e-02,2.046998e-02,3.423769e-03,6.742690e-02,6.099808e-02,3.977222e-01,2.096026e-03,8.469118e-03
1.835711e-01,1.973210e-03,5.485512e-03,7.697520e-02,1.416046e-02,3.332134e-02,1.942556e-03,7.674893e-03,1.912815e-02,2.728282e-03,5.302965e-02,5.755427e-02,5.339822e-01,2.159471e-03,6.313721e-03
1.418373e-01,1.672846e-03,3.893214e-03,5.431258e-02,1.024750e-02,3.182657e-02,1.573185e-03,5.574185e-03,1.796401e-02,2.832033e-03,4.176582e-02,1.009951e-01,5.786699e-01,2.001165e-03,4.834600e-03
1.104627e-01,1.336539e-03,2.939674e-03,3.837605e-02,8.226772e-03,7.415430e-02,2.162841e-03,5.650854e-03,1.740008e-02,3.179130e-03,3.454072e-02,1.887630e-01,5.073025e-01,1.702246e-03,3.802734e-03
8.940620e-02,1.357156e-03,2.481563e-03,2.716634e-02,7.186691e-03,9.369597e-02,2.493684e-03,5.712393e-03,2.153879e-02,4.778698e-03,2.631201e-02,2.897601e-01,4.234820e-01,1.393632e-03,3.234867e-03
6.895343e-02,1.283797e-03,2.050567e-03,1.914364e-02,6.161650e-03,7.112924e-02,1.975399e-03,4.296681e-03,2.177792e-02,4.528300e-03,2.088740e-02,4.174450e-01,3.563391e-01,1.386415e-03,2.641465e-03
5.318784e-02,1.196829e-03,1.923789e-03,1.347075e-02,7.328442e-03,5.478963e-02,1.598087e-03,3.373217e-03,2.729518e-02,3.810957e-03,1.575749e-02,4.769787e-01,3.361270e-01,1.133471e-03,2.028702e-03
4.121571e-02,1.005197e-03,1.483515e-03,9.457531e-03,7.158698e-03,4.144963e-02,1.230112e-03,2.533595e-03,2.497056e-02,3.716425e-03,1.264226e-02,5.667025e-01,2.840495e-01,9.199838e-04,1.464811e-03
3.192154e-02,7.654040e-04,1.128582e-03,6.656053e-03,8.236594e-03,3.085394e-02,1.046455e-03,2.082946e-03,2.400121e-02,3.491838e-03,9.637772e-03,6.493641e-01,2.290193e-01,7.074114e-04,1.086837e-03
2.274470e-02,6.410980e-04,9.027275e-04,4.693598e-03,1.343835e-02,2.307480e-02,8.650810e-04,1.913901e-03,2.454327e-02,3.656639e-03,7.617780e-03,7.154008e-01,1.790276e-01,6.571825e-04,8.224550e-04
1.719837e-02,6.010060e-04,6.655246e-04,3.303774e-03,1.279098e-02,1.669585e-02,6.830599e-04,1.867164e-03,3.639471e-02,5.806337e-03,6.498160e-03,7.554281e-01,1.408425e-01,6.005857e-04,6.239925e-04
1.364196e-02,5.057576e-04,4.875334e-04,2.324365e-03,2.095622e-02,1.242293e-02,6.501548e-04,2.134416e-03,5.717883e-02,5.596939e-03,5.196792e-03,7.610337e-01,1.168998e-01,4.984204e-04,4.723392e-04
1.174503e-02,4.489500e-04,3.762832e-04,1.637655e-03,3.361536e-02,9.143242e-03,7.354369e-04,2.226756e-03,6.467896e-02,4.798367e-03,4.192148e-03,7.757793e-01,8.986315e-02,4.157296e-04,3.437227e-04
1.018269e-02,3.825624e-04,2.922611e-04,1.159619e-03,6.485214e-02,6.808019e-03,8.907840e-04,3.261385e-03,9.790271e-02,3.939897e-03,3.720115e-03,7.374551e-01,6.858186e-02,3.211783e-04,2.496985e-04
1.215972e-02,3.936872e-04,4.853581e-04,9.131488e-04,1.005745e-01,5.191155e-03,8.922257e-04,1.231123e-02,1.125830e-01,4.569734e-03,3.629598e-03,6.925614e-01,5.325532e-02,2.976114e-04,1.824307e-04
1.101212e-02,4.053850e-04,5.330599e-04,7.096874e-04,1.964099e-01,3.821838e-03,1.417383e-03,2.582895e-02,1.813006e-01,3.647274e-03,3.095876e-03,5.311728e-01,4.029557e-02,2.181293e-04,1.315527e-04
9.909743e-03,4.279420e-04,6.055975e-04,5.718943e-04,3.005509e-01,3.294780e-03,3.165307e-03,3.995590e-02,1.992873e-01,2.752425e-03,2.720195e-03,4.054745e-01,3.102452e-02,1.625675e-04,9.642096e-05
9.361960e-03,4.029984e-04,1.984083e-03,6.889359e-04,2.807618e-01,2.670713e-03,3.714362e-03,1.350750e-01,1.963823e-01,2.248336e-03,2.656562e-03,3.372514e-01,2.659363e-02,1.324994e-04,7.553525e-05
9.235142e-03,3.865644e-04,2.660168e-03,8.947709e-04,2.672999e-01,3.604826e-03,6.011664e-03,1.974002e-01,2.082079e-01,1.770189e-03,2.674585e-03,2.747194e-01,2.495591e-02,1.100336e-04,6.874667e-05
1.563901e-02,7.778556e-04,3.249974e-03,2.074544e-03,3.973620e-01,2.453749e-02,8.782381e-03,1.552314e-01,1.703051e-01,1.298278e-03,2.758154e-03,1.990287e-01,1.873188e-02,9.435239e-05,1.288960e-04
2.404156e-02,1.306407e-03,4.810974e-03,9.654031e-03,4.629267e-01,2.177732e-02,9.161737e-03,1.482667e-01,1.566027e-01,1.018182e-03,2.210559e-03,1.421909e-01,1.553096e-02,1.021597e-04,3.990522e-04
6.009991e-02,1.640503e-03,4.196196e-03,9.139849e-03,4.866675e-01,4.321514e-02,1.153537e-02,1.213081e-01,1.315958e-01,8.342715e-04,2.723179e-03,1.131936e-01,1.286171e-02,1.573690e-04,8.314048e-04
6.729213e-02,3.960553e-03,7.287663e-03,1.776073e-02,4.638833e-01,7.076426e-02,1.831089e-02,1.306433e-01,1.219401e-01,7.744711e-04,3.016618e-03,8.243297e-02,1.012060e-02,1.585530e-04,1.653989e-03
8.269407e-02,4.170520e-03,6.959144e-03,1.477180e-02,4.265866e-01,1.322051e-01,2.253590e-02,1.094074e-01,1.128240e-01,5.866291e-04,5.953124e-03,7.153893e-02,7.990639e-03,2.661326e-04,1.510124e-03
8.870292e-02,4.050698e-03,5.282964e-03,1.217708e-02,3.365626e-01,2.480361e-01,1.926359e-02,9.315590e-02,1.083660e-01,5.663355e-04,1.470219e-02,6.103656e-02,6.042377e-03,4.184348e-04,1.636337e-03
1.472910e-01,6.733500e-03,4.259340e-03,1.096126e-02,2.459493e-01,2.539386e-01,1.562839e-02,7.875727e-02,1.271988e-01,1.037620e-03,1.698048e-02,8.129781e-02,5.324626e-03,1.023537e-03,3.618382e-03
1.789001e-01,7.226056e-03,3.435577e-03,1.281578e-02,1.827072e-01,2.587048e-01,1.239261e-02,1.203548e-01,1.152355e-01,2.899382e-03,2.071405e-02,6.890430e-02,4.966035e-03,1.470867e-03,9.272946e-03
1.913344e-01,6.548412e-03,3.171904e-03,1.252272e-02,1.436878e-01,2.006495e-01,9.426635e-03,2.376484e-01,1.044091e-01,2.182710e-03,2.083089e-02,5.536848e-02,3.811119e-03,1.281700e-03,7.126138e-03
2.158071e-01,6.758316e-03,2.780686e-03,1.138865e-02,1.072099e-01,2.139798e-01,7.097850e-03,2.612211e-01,9.020509e-02,1.709985e-03,2.471086e-02,4.693854e-02,2.963232e-03,1.263664e-03,5.965362e-03
2.571359e-01,6.394343e-03,3.074586e-03,1.127770e-02,7.708912e-02,1.946229e-01,5.551388e-03,3.047348e-01,7.163994e-02,1.505699e-03,2.173617e-02,3.599487e-02,2.513965e-03,1.632073e-03,5.096564e-03
2.490399e-01,5.139007e-03,4.783054e-03,1.282963e-02,5.591659e-02,1.396997e-01,4.962949e-03,4.209993e-01,5.447444e-02,1.098706e-03,1.609058e-02,2.687030e-02,2.339821e-03,1.761691e-03,3.994374e-03
2.221829e-01,4.214708e-03,4.611198e-03,1.368341e-02,4.455940e-02,1.005619e-01,4.184904e-03,5.267102e-01,4.124305e-02,8.122346e-04,1.165671e-02,1.914517e-02,1.931216e-03,1.528888e-03,2.974134e-03
2.640638e-01,3.998879e-03,4.460136e-03,1.535675e-02,3.315542e-02,7.261705e-02,3.681812e-03,5.399420e-01,3.291278e-02,7.063351e-04,8.531779e-03,1.404326e-02,1.928935e-03,1.950140e-03,2.651025e-03
3.567860e-01,3.642907e-03,3.847240e-03,1.360546e-02,2.447676e-02,5.250967e-02,3.090209e-03,4.863573e-01,2.709542e-02,6.465581e-04,7.985166e-03,1.178885e-02,2.799163e-03,2.737661e-03,2.631702e-03
4.763026e-01,3.259026e-03,3.270552e-03,1.104122e-02,1.829359e-02,3.963511e-02,2.808836e-03,3.962036e-01,2.115213e-02,6.153943e-04,7.796182e-03,1.048753e-02,4.207973e-03,2.355019e-03,2.571359e-03
1.000000e+00,0.000000e+00,0.000000e+00,0.000000e+00,0.000000e+00,0.000000e+00,0.000000e+00,0.000000e+00,0.000000e+00,0.000000e+00,0.000000e+00,0.000000e+00,0.000000e+00,0.000000e+00,0.000000e+00
1.000000e+00,0.000000e+00,0.000000e+00,0.000000e+00,0.000000e+00,0.000000e+00,0.000000e+00,0.000000e+00,0.000000e+00,0.000000e+00,0.000000e+00,0.000000e+00,0.000000e+00,0.000000e+00,0.000000e+00
1.000000e+00,0.000000e+00,0.000000e+00,0.000000e+00,0.000000e+00,0.000000e+00,0.000000e+00,0.000000e+00,0.000000e+00,0.000000e+00,0.000000e+00,0.000000e+00,0.000000e+00,0.000000e+00,0.000000e+00
1.000000e+00,0.000000e+00,0.000000e+00,0.000000e+00,0.000000e+00,0.000000e+00,0.000000e+00,0.000000e+00,0.000000e+00,0.000000e+00,0.000000e+00,0.000000e+00,0.000000e+00,0.000000e+00,0.000000e+00
1.000000e+00,0.000000e+00,0.000000e+00,0.000000e+00,0.000000e+00,0.000000e+00,0.000000e+00,0.000000e+00,0.000000e+00,0.000000e+00,0.000000e+00,0.000000e+00,0.000000e+00,0.000000e+00,0.000000e+00
1.000000e+00,0.000000e+00,0.000000e+00,0.000000e+00,0.000000e+00,0.000000e+00,0.000000e+00,0.000000e+00,0.000000e+00,0.000000e+00,0.000000e+00,0.000000e+00,0.000000e+00,0.000000e+00,0.000000e+00
1.000000e+00,0.000000e+00,0.000000e+00,0.000000e+00,0.000000e+00,0.000000e+00,0.000000e+00,0.000000e+00,0.000000e+00,0.000000e+00,0.000000e+00,0.000000e+00,0.000000e+00,0.000000e+00,0.000000e+00
1.000000e+00,0.000000e+00,0.000000e+00,0.000000e+00,0.000000e+00,0.000000e+00,0.000000e+00,0.000000e+00,0.000000e+00,0.000000e+00,0.000000e+00,0.000000e+00,0.000000e+00,0.000000e+00,0.000000e+00
1.000000e+00,0.000000e+00,0.000000e+00,0.000000e+00,0.000000e+00,0.000000e+00,0.000000e+00,0.000000e+00,0.000000e+00,0.000000e+00,0.000000e+00,0.000000e+00,0.000000e+00,0.000000e+00,0.000000e+00
1.000000e+00,0.000000e+00,0.000000e+00,0.000000e+00,0.000000e+00,0.000000e+00,0.000000e+00,0.000000e+00,0.000000e+00,0.000000e+00,0.000000e+00,0.000000e+00,0.000000e+00,0.000000e+00,0.000000e+00
1.000000e+00,0.000000e+00,0.000000e+00,0.000000e+00,0.000000e+00,0.000000e+00,0.000000e+00,0.000000e+00,0.000000e+00,0.000000e+00,0.000000e+00,0.000000e+00,0.000000e+00,0.000000e+00,0.000000e+00
1.000000e+00,0.000000e+00,0.000000e+00,0.000000e+00,0.000000e+00,0.000000e+00,0.000000e+00,0.000000e+00,0.000000e+00,0.000000e+00,0.000000e+00,0.000000e+00,0.000000e+00,0.000000e+00,0.000000e+00
1.000000e+00,0.000000e+00,0.000000e+00,0.000000e+00,0.000000e+00,0.000000e+00,0.000000e+00,0.000000e+00,0.000000e+00,0.000000e+00,0.000000e+00,0.000000e+00,0.000000e+00,0.000000e+00,0.000000e+00
4.605296e-01,3.517556e-03,2.608172e-03,6.052167e-03,7.704769e-03,2.057220e-02,7.837830e-04,6.402432e-03,1.976258e-02,3.899766e-03,1.418957e-02,7.751315e-03,7.483020e-02,1.988548e-03,3.694074e-01
3.248257e-01,2.840354e-03,4.349877e-03,5.072954e-03,9.620730e-03,1.498716e-02,1.250408e-03,5.789287e-02,1.832832e-02,3.018598e-03,2.006806e-02,7.007632e-03,1.013759e-01,1.535133e-03,4.278263e-01
2.280232e-01,2.125113e-03,3.635220e-03,8.707155e-03,8.688620e-03,1.072157e-02,9.846105e-04,2.443328e-01,1.860426e-02,2.530411e-03,1.947992e-02,6.216710e-03,1.034528e-01,1.109793e-03,3.413877e-01
1.627766e-01,1.563787e-03,4.273435e-03,5.957442e-02,4.377507e-02,8.537269e-03,1.104925e-03,3.106967e-01,2.888137e-02,2.157760e-03,2.065921e-02,4.840261e-03,8.299220e-02,8.418217e-04,2.673251e-01
1.170974e-01,1.366643e-03,3.733455e-03,2.793967e-01,5.553801e-02,7.533490e-03,2.096569e-03,2.430173e-01,2.311715e-02,1.587671e-03,1.561036e-02,3.486424e-03,5.840242e-02,5.985991e-04,1.874177e-01
1.017318e-01,1.772936e-03,3.859740e-03,3.557400e-01,1.049394e-01,9.234088e-03,5.657706e-03,2.063757e-01,2.082320e-02,1.335055e-03,1.249800e-02,2.613354e-03,4.134606e-02,4.417663e-04,1.316313e-01
9.772100e-02,4.692667e-03,4.984216e-03,4.150571e-01,1.237985e-01,1.174067e-02,1.109205e-02,1.489931e-01,4.391577e-02,1.470102e-03,9.887604e-03,2.066106e-03,3.009466e-02,3.193607e-04,9.416724e-02
8.483779e-02,9.420256e-03,5.472151e-03,4.921790e-01,1.288968e-01,1.803588e-02,1.337148e-02,1.063699e-01,4.076617e-02,1.541947e-03,7.816283e-03,1.625730e-03,2.289069e-02,2.340098e-04,6.654198e-02
7.113930e-02,1.575419e-02,6.456737e-03,5.224771e-01,1.497643e-01,2.781831e-02,1.837443e-02,7.720123e-02,3.380629e-02,1.530644e-03,6.263412e-03,1.495089e-03,2.065286e-02,1.892711e-04,4.707687e-02
5.877730e-02,1.327181e-02,5.621460e-03,5.209759e-01,1.775321e-01,2.315314e-02,1.492251e-02,9.409881e-02,2.760800e-02,1.456219e-03,9.366314e-03,1.312281e-03,1.855419e-02,1.746267e-04,3.317538e-02
7.781142e-02,1.448283e-02,6.761963e-03,4.706848e-01,2.014596e-01,2.161592e-02,1.372255e-02,9.956273e-02,2.879301e-02,1.716713e-03,1.615122e-02,1.819462e-03,2.108504e-02,3.273023e-04,2.400549e-02
9.252848e-02,1.228323e-02,6.566953e-03,3.790717e-01,1.680664e-01,1.785026e-02,1.390419e-02,2.158531e-01,2.420366e-02,1.768927e-03,2.379977e-02,2.232009e-03,2.360533e-02,4.831630e-04,1.778290e-02
8.342779e-02,1.231813e-02,5.840767e-03,2.712194e-01,1.259377e-01,1.377604e-02,1.109892e-02,3.963295e-01,1.874219e-02,1.947784e-03,2.386187e-02,2.440837e-03,1.945967e-02,6.334718e-04,1.296607e-02
6.747839e-02,9.641701e-03,4.867355e-03,1.949915e-01,9.192638e-02,1.077084e-02,8.152608e-03,5.473712e-01,1.456275e-02,1.664463e-03,1.983736e-02,2.854078e-03,1.575087e-02,7.202949e-04,9.410218e-03
6.475328e-02,7.498249e-03,3.850262e-03,1.382122e-01,6.682803e-02,9.292209e-03,6.010331e-03,6.509113e-01,1.080047e-02,1.509513e-03,1.560443e-02,3.708025e-03,1.314273e-02,8.461204e-04,7.032793e-03
7.543773e-02,5.985082e-03,3.071075e-03,9.810404e-02,4.928389e-02,9.591990e-03,4.555509e-03,7.060446e-01,7.982651e-03,1.339033e-03,1.390552e-02,5.230459e-03,1.287553e-02,9.513819e-04,5.641542e-03
1.095546e-01,4.721614e-03,2.521301e-03,7.047226e-02,3.619007e-02,9.306796e-03,3.455425e-03,7.135705e-01,6.170390e-03,1.398536e-03,1.533023e-02,7.209340e-03,1.396558e-02,1.153721e-03,4.979645e-03
1.863483e-01,3.726995e-03,2.041525e-03,5.107024e-02,2.651149e-02,1.261373e-02,2.755652e-03,6.498507e-01,5.032141e-03,1.046381e-03,1.336974e-02,1.056820e-02,2.975933e-02,1.091724e-03,4.213876e-03
2.748207e-01,3.116474e-03,1.822869e-03,3.770506e-02,1.954214e-02,2.223368e-02,2.175489e-03,5.632944e-01,3.843264e-03,7.648902e-04,1.059200e-02,1.080961e-02,4.467831e-02,9.816707e-04,3.619403e-03
4.326505e-01,2.549338e-03,1.722616e-03,2.759304e-02,1.552012e-02,1.862101e-02,1.702358e-03,4.323510e-01,3.151794e-03,5.559286e-04,9.217531e-03,1.065723e-02,4.008709e-02,7.787447e-04,2.841742e-03
1.000000e+00,0.000000e+00,0.000000e+00,0.000000e+00,0.000000e+00,0.000000e+00,0.000000e+00,0.000000e+00,0.000000e+00,0.000000e+00,0.000000e+00,0.000000e+00,0.000000e+00,0.000000e+00,0.000000e+00
1.000000e+00,0.000000e+00,0.000000e+00,0.000000e+00,0.000000e+00,0.000000e+00,0.000000e+00,0.000000e+00,0.000000e+00,0.000000e+00,0.000000e+00,0.000000e+00,0.000000e+00,0.000000e+00,0.000000e+00
1.000000e+00,0.000000e+00,0.000000e+00,0.000000e+00,0.000000e+00,0.000000e+00,0.000000e+00,0.000000e+00,0.000000e+00,0.000000e+00,0.000000e+00,0.000000e+00,0.000000e+00,0.000000e+00,0.000000e+00
4.392943e-01,2.813696e-03,1.956607e-03,8.408277e-03,7.745037e-03,9.743161e-03,1.224087e-03,1.191170e-01,2.675869e-02,2.613930e-04,2.845150e-02,1.206804e-02,3.352187e-01,1.692957e-03,5.246646e-03
4.057975e-01,3.856923e-03,1.784227e-03,7.143633e-03,6.805688e-03,9.410701e-03,1.196075e-03,8.397976e-02,3.354173e-02,7.820753e-04,3.506619e-02,1.747337e-02,3.850569e-01,2.223066e-03,5.882262e-03
3.749814e-01,5.382856e-03,2.180236e-03,6.871187e-03,9.614227e-03,1.078529e-02,1.360333e-03,5.925234e-02,4.749286e-02,2.027153e-03,4.572174e-02,2.629693e-02,3.980691e-01,2.899720e-03,7.064584e-03
3.089425e-01,4.541620e-03,2.370940e-03,6.477679e-03,2.192471e-02,1.063620e-02,2.518105e-03,4.254695e-02,4.786216e-02,4.741854e-03,4.518804e-02,4.130379e-02,4.493814e-01,3.450449e-03,8.113588e-03
2.327349e-01,3.533821e-03,1.399253e-02,5.079876e-03,3.030192e-02,1.439857e-02,1.042065e-02,3.649812e-02,4.065484e-02,5.149233e-03,3.347693e-02,4.216043e-02,5.225464e-01,2.813888e-03,6.237947e-03
1.780990e-01,3.901362e-03,1.155894e-02,4.911332e-03,4.307042e-02,1.595120e-02,1.037878e-02,2.676512e-02,3.493358e-02,1.391690e-02,2.731101e-02,7.115532e-02,5.508783e-01,2.232240e-03,4.936445e-03
1.331373e-01,3.335258e-03,8.642883e-03,4.257484e-03,5.665508e-02,2.211518e-02,8.129434e-03,1.912458e-02,2.802230e-02,1.387156e-02,2.515375e-02,1.111466e-01,5.597571e-01,2.259244e-03,4.392165e-03
9.587856e-02,3.331396e-03,7.496899e-03,3.484944e-03,6.592373e-02,2.054049e-02,6.326681e-03,1.428400e-02,2.970260e-02,1.287688e-02,2.815982e-02,1.500730e-01,5.556448e-01,2.191176e-03,4.084879e-03
6.897108e-02,7.159348e-03,5.868730e-03,2.655234e-03,9.682521e-02,1.562542e-02,4.630796e-03,1.045013e-02,1.659021e-01,1.130098e-02,2.545078e-02,1.263715e-01,4.538154e-01,1.667919e-03,3.305282e-03
5.266567e-02,7.812949e-03,1.012405e-02,2.852812e-03,8.359204e-02,1.313838e-02,3.859806e-03,7.477380e-02,1.770930e-01,1.142357e-02,3.072138e-02,1.120156e-01,4.147122e-01,1.568537e-03,3.646198e-03
4.842964e-02,2.570186e-02,1.344770e-02,3.587872e-03,1.126762e-01,1.595803e-02,3.407524e-03,7.524313e-02,2.306100e-01,1.959822e-02,2.560979e-02,9.308555e-02,3.259664e-01,2.159955e-03,4.518053e-03
6.091674e-02,2.699880e-02,1.930000e-02,1.417782e-02,1.156373e-01,1.549549e-02,2.895835e-03,1.188904e-01,2.561575e-01,2.166057e-02,2.087754e-02,7.595795e-02,2.435546e-01,2.137360e-03,5.341928e-03
6.749269e-02,2.703937e-02,2.080586e-02,1.554215e-02,1.092204e-01,1.739512e-02,2.468565e-03,1.304048e-01,3.172905e-01,1.836063e-02,2.079310e-02,6.055820e-02,1.850374e-01,2.497442e-03,5.093773e-03
6.780068e-02,2.228669e-02,6.383953e-02,1.986393e-02,9.418003e-02,2.384920e-02,2.272945e-03,1.938264e-01,2.814937e-01,1.832371e-02,1.977922e-02,4.732816e-02,1.380837e-01,2.457316e-03,4.614669e-03
5.885673e-02,1.784615e-02,9.165050e-02,2.417985e-02,8.724601e-02,2.656614e-02,1.806412e-03,3.026254e-01,2.214984e-01,1.522566e-02,1.510987e-02,3.391642e-02,9.766079e-02,1.974514e-03,3.837150e-03
7.554606e-02,2.271213e-02,9.663362e-02,2.328163e-02,7.433946e-02,3.840535e-02,2.091867e-03,2.310063e-01,2.780016e-01,3.876199e-02,1.464895e-02,2.736440e-02,6.973622e-02,2.589335e-03,4.881054e-03
1.081589e-01,3.889963e-02,8.242836e-02,4.847393e-02,6.325658e-02,3.092162e-02,2.074115e-03,2.031067e-01,2.807527e-01,3.866389e-02,1.662133e-02,2.486546e-02,5.068753e-02,3.295986e-03,7.793223e-03
1.433130e-01,4.134662e-02,6.569365e-02,4.884617e-02,5.998209e-02,2.843086e-02,2.117829e-03,1.756849e-01,3.044598e-01,3.448152e-02,1.923693e-02,2.285192e-02,3.762360e-02,4.456199e-03,1.147491e-02
2.165482e-01,4.074978e-02,5.137650e-02,4.574918e-02,4.778038e-02,2.535188e-02,2.630665e-03,1.340818e-01,2.994684e-01,3.972210e-02,2.145561e-02,2.377141e-02,2.700502e-02,6.985905e-03,1.732313e-02
1.872455e-01,3.952798e-02,3.884619e-02,4.859418e-02,3.472855e-02,2.011650e-02,2.259377e-03,9.670150e-02,4.049345e-01,4.005802e-02,1.829007e-02,2.118767e-02,1.982000e-02,5.514534e-03,2.217548e-02
1.828500e-01,3.624203e-02,2.932278e-02,4.073548e-02,2.732388e-02,1.783847e-02,2.066056e-03,6.902291e-02,4.116361e-01,5.271226e-02,1.542199e-02,1.729661e-02,1.593367e-02,7.286787e-03,7.431095e-02
1.353568e-01,3.677184e-02,2.375415e-02,4.854590e-02,1.963460e-02,1.275561e-02,1.501796e-03,4.875642e-02,5.315381e-01,3.815375e-02,1.142639e-02,1.246870e-02,1.219297e-02,5.308230e-03,6.183467e-02
1.463844e-01,3.402473e-02,2.187746e-02,4.215873e-02,1.493318e-02,1.054147e-02,1.351090e-03,3.552434e-02,5.087708e-01,3.249492e-02,1.506576e-02,1.142952e-02,1.938754e-02,5.032334e-03,1.010236e-01
2.565364e-01,3.835100e-02,1.823988e-02,3.401648e-02,1.153892e-02,1.034482e-02,1.353922e-03,2.669067e-02,4.040766e-01,2.560481e-02,1.961064e-02,2.025937e-02,2.693420e-02,1.930633e-02,8.713602e-02
2.910644e-01,3.808938e-02,1.611480e-02,2.922388e-02,8.999187e-03,8.661618e-03,1.155675e-03,2.039671e-02,3.458873e-01,2.400952e-02,1.895663e-02,1.844421e-02,2.513194e-02,7.239345e-02,8.147134e-02
2.996224e-01,4.189851e-02,1.340981e-02,2.246932e-02,7.587805e-03,7.809907e-03,1.028002e-03,1.533051e-02,3.129292e-01,2.530214e-02,1.639268e-02,1.451601e-02,2.209883e-02,1.121347e-01,8.747015e-02
2.921138e-01,5.026636e-02,1.203585e-02,1.774716e-02,5.737305e-03,9.464144e-03,8.984299e-04,1.138885e-02,2.551867e-01,2.364278e-02,1.542588e-02,1.254584e-02,1.812147e-02,1.656418e-01,1.097837e-01
2.299841e-01,4.732765e-02,9.384300e-03,1.341502e-02,4.279634e-03,9.538176e-03,7.520336e-04,8.389162e-03,2.102674e-01,2.488850e-02,1.374973e-02,9.899375e-03,1.575861e-02,2.065754e-01,1.957910e-01
1.803630e-01,3.629910e-02,6.963651e-03,9.635453e-03,3.200931e-03,7.576801e-03,5.681895e-04,5.983947e-03,1.607288e-01,2.978903e-02,1.259826e-02,7.385676e-03,1.173836e-02,2.725207e-01,2.546481e-01
1.911425e-01,3.091261e-02,1.584068e-02,1.363401e-02,3.497166e-03,1.706546e-02,7.933603e-04,4.671121e-03,1.296587e-01,2.486141e-02,1.055001e-02,6.302931e-03,9.717894e-03,2.696648e-01,2.716874e-01
2.458626e-01,2.855216e-02,1.324642e-02,1.202012e-02,4.968170e-03,1.996209e-02,8.969224e-04,3.710542e-03,9.750537e-02,1.882062e-02,1.013421e-02,5.506886e-03,8.694797e-03,2.126011e-01,3.175180e-01
2.659393e-01,2.939433e-02,1.086122e-02,1.135340e-02,5.590423e-03,1.998970e-02,9.535880e-04,3.196751e-03,7.549611e-02,1.738345e-02,1.130540e-02,6.852494e-03,7.667455e-03,1.785068e-01,3.555096e-01
2.983080e-01,3.282508e-02,2.054893e-02,2.577753e-02,1.206140e-02,3.032004e-02,1.436034e-03,5.246331e-03,6.007185e-02,1.360092e-02,9.728406e-03,9.299470e-03,7.412238e-03,1.562064e-01,3.171574e-01
3.036071e-01,3.159224e-02,4.450851e-02,2.158720e-02,1.251610e-02,3.035642e-02,1.427912e-03,4.516876e-03,4.578868e-02,4.778272e-02,9.181680e-03,8.531334e-03,6.141397e-03,1.668117e-01,2.656502e-01
2.391727e-01,2.580679e-02,7.042593e-02,2.984973e-02,9.996768e-03,2.332321e-02,1.158452e-03,3.550484e-03,4.839889e-02,7.070659e-02,8.557156e-03,9.322522e-03,6.897873e-03,1.308544e-01,3.219785e-01
1.840617e-01,2.017343e-02,8.322223e-02,2.810793e-02,7.796982e-03,2.048458e-02,9.735336e-04,2.723572e-03,4.047212e-02,1.249730e-01,8.109068e-03,8.040726e-03,6.805591e-03,9.716852e-02,3.668870e-01
1.330003e-01,1.468631e-02,8.839752e-02,2.001219e-02,5.577628e-03,1.651427e-02,7.265044e-04,1.949346e-03,3.150393e-02,1.594595e-01,7.339264e-03,5.835540e-03,5.004540e-03,1.755067e-01,3.344865e-01
1.063887e-01,1.893249e-02,9.505428e-02,2.619494e-02,8.532946e-03,1.439676e-02,7.380710e-04,2.277017e-03,4.351937e-02,1.376241e-01,8.600977e-03,5.904787e-03,5.054942e-03,1.549640e-01,3.718167e-01
8.313183e-02,1.476285e-02,7.063977e-02,2.018948e-02,6.232238e-03,1.122375e-02,6.436177e-04,1.730829e-03,3.327324e-02,1.089184e-01,8.021695e-03,4.923553e-03,4.008446e-03,3.125131e-01,3.197873e-01
6.214751e-02,1.154839e-02,5.126742e-02,1.513290e-02,4.633471e-03,8.928999e-03,4.827995e-04,1.243147e-03,2.679494e-02,8.734791e-02,6.392903e-03,3.642059e-03,3.151335e-03,3.959258e-01,3.213604e-01
5.603757e-02,1.245997e-02,3.877756e-02,1.193687e-02,4.040334e-03,7.910991e-03,3.980988e-04,9.392325e-04,2.871813e-02,6.921701e-02,5.101793e-03,2.876772e-03,2.629953e-03,3.848057e-01,3.741500e-01
4.155668e-02,9.105649e-03,2.786274e-02,8.461040e-03,3.221676e-03,5.718232e-03,2.915911e-04,6.695199e-04,2.400760e-02,5.282561e-02,4.060914e-03,2.150468e-03,1.931798e-03,4.856194e-01,3.325171e-01
3.678675e-02,1.597551e-02,2.129098e-02,8.431876e-03,3.792895e-03,4.403635e-03,2.637405e-04,5.494268e-04,3.348094e-02,4.632922e-02,3.413511e-03,1.694557e-03,1.642867e-03,3.968687e-01,4.250754e-01
4.866390e-02,1.465015e-02,1.610489e-02,7.210169e-03,4.690967e-03,3.844776e-03,2.603828e-04,5.392372e-04,3.819215e-02,3.920661e-02,3.309205e-03,1.484152e-03,1.439097e-03,3.549339e-01,4.654704e-01
9.833880e-02,2.940778e-02,2.016450e-02,3.200828e-02,1.826668e-02,6.037553e-03,7.485209e-04,1.598360e-03,3.958341e-02,3.672615e-02,3.350129e-03,1.569650e-03,1.433967e-03,2.708957e-01,4.398705e-01
1.842782e-01,2.812544e-02,2.338551e-02,3.330953e-02,2.125437e-02,7.579866e-03,7.834077e-04,1.877861e-03,5.064632e-02,3.624581e-02,3.173243e-03,1.400020e-03,1.611000e-03,2.052897e-01,4.010397e-01
2.110292e-01,3.966825e-02,6.482441e-02,5.683455e-02,2.867143e-02,1.502096e-02,1.596099e-03,6.685263e-03,9.729216e-02,2.867234e-02,3.172224e-03,1.337691e-03,1.437125e-03,1.484598e-01,2.952984e-01
2.046014e-01,3.284394e-02,1.754353e-01,5.837727e-02,2.502443e-02,1.850693e-02,1.254184e-03,5.557816e-03,1.035807e-01,2.232414e-02,3.425493e-03,1.722221e-03,1.504741e-03,1.218450e-01,2.239964e-01
3.111166e-01,4.062038e-02,1.324357e-01,6.321820e-02,3.455389e-02,2.911193e-02,1.753520e-03,6.389842e-03,8.664078e-02,1.839629e-02,4.395513e-03,4.215924e-03,2.897793e-03,9.007695e-02,1.741766e-01
4.410118e-01,4.135220e-02,9.592983e-02,6.132553e-02,3.062245e-02,2.518019e-02,1.763548e-03,5.416875e-03,7.180010e-02,1.388500e-02,4.844226e-03,6.641150e-03,3.710288e-03,6.706387e-02,1.294529e-01
1.000000e+00,0.000000e+00,0.000000e+00,0.000000e+00,0.000000e+00,0.000000e+00,0.000000e+00,0.000000e+00,0.000000e+00,0.000000e+00,0.000000e+00,0.000000e+00,0.000000e+00,0.000000e+00,0.000000e+00
1.000000e+00,0.000000e+00,0.000000e+00,0.000000e+00,0.000000e+00,0.000000e+00,0.000000e+00,0.000000e+00,0.000000e+00,0.000000e+00,0.000000e+00,0.000000e+00,0.000000e+00,0.000000e+00,0.000000e+00
1.000000e+00,0.000000e+00,0.000000e+00,0.000000e+00,0.000000e+00,0.000000e+00,0.000000e+00,0.000000e+00,0.000000e+00,0.000000e+00,0.000000e+00,0.000000e+00,0.000000e+00,0.000000e+00,0.000000e+00
1.000000e+00,0.000000e+00,0.000000e+00,0.000000e+00,0.000000e+00,0.000000e+00,0.000000e+00,0.000000e+00,0.000000e+00,0.000000e+00,0.000000e+00,0.000000e+00,0.000000e+00,0.000000e+00,0.000000e+00
1.000000e+00,0.000000e+00,0.000000e+00,0.000000e+00,0.000000e+00,0.000000e+00,0.000000e+00,0.000000e+00,0.000000e+00,0.000000e+00,0.000000e+00,0.000000e+00,0.000000e+00,0.000000e+00,0.000000e+00
1.000000e+00,0.000000e+00,0.000000e+00,0.000000e+00,0.000000e+00,0.000000e+00,0.000000e+00,0.000000e+00,0.000000e+00,0.000000e+00,0.000000e+00,0.000000e+00,0.000000e+00,0.000000e+00,0.000000e+00
1.000000e+00,0.000000e+00,0.000000e+00,0.000000e+00,0.000000e+00,0.000000e+00,0.000000e+00,0.000000e+00,0.000000e+00,0.000000e+00,0.000000e+00,0.000000e+00,0.000000e+00,0.000000e+00,0.000000e+00
1.000000e+00,0.000000e+00,0.000000e+00,0.000000e+00,0.000000e+00,0.000000e+00,0.000000e+00,0.000000e+00,0.000000e+00,0.000000e+00,0.000000e+00,0.000000e+00,0.000000e+00,0.000000e+00,0.000000e+00
1.000000e+00,0.000000e+00,0.000000e+00,0.000000e+00,0.000000e+00,0.000000e+00,0.000000e+00,0.000000e+00,0.000000e+00,0.000000e+00,0.000000e+00,0.000000e+00,0.000000e+00,0.000000e+00,0.000000e+00
1.000000e+00,0.000000e+00,0.000000e+00,0.000000e+00,0.000000e+00,0.000000e+00,0.000000e+00,0.000000e+00,0.000000e+00,0.000000e+00,0.000000e+00,0.000000e+00,0.000000e+00,0.000000e+00,0.000000e+00
1.000000e+00,0.000000e+00,0.000000e+00,0.000000e+00,0.000000e+00,0.000000e+00,0.000000e+00,0.000000e+00,0.000000e+00,0.000000e+00,0.000000e+00,0.000000e+00,0.000000e+00,0.000000e+00,0.000000e+00
1.000000e+00,0.000000e+00,0.000000e+00,0.000000e+00,0.000000e+00,0.000000e+00,0.000000e+00,0.000000e+00,0.000000e+00,0.000000e+00,0.000000e+00,0.000000e+00,0.000000e+00,0.000000e+00,0.000000e+00
1.000000e+00,0.000000e+00,0.000000e+00,0.000000e+00,0.000000e+00,0.000000e+00,0.000000e+00,0.000000e+00,0.000000e+00,0.000000e+00,0.000000e+00,0.000000e+00,0.000000e+00,0.000000e+00,0.000000e+00
1.000000e+00,0.000000e+00,0.000000e+00,0.000000e+00,0.000000e+00,0.000000e+00,0.000000e+00,0.000000e+00,0.000000e+00,0.000000e+00,0.000000e+00,0.000000e+00,0.000000e+00,0.000000e+00,0.000000e+00
1.000000e+00,0.000000e+00,0.000000e+00,0.000000e+00,0.000000e+00,0.000000e+00,0.000000e+00,0.000000e+00,0.000000e+00,0.000000e+00,0.000000e+00,0.000000e+00,0.000000e+00,0.000000e+00,0.000000e+00
1.000000e+00,0.000000e+00,0.000000e+00,0.000000e+00,0.000000e+00,0.000000e+00,0.000000e+00,0.000000e+00,0.000000e+00,0.000000e+00,0.000000e+00,0.000000e+00,0.000000e+00,0.000000e+00,0.000000e+00
1.000000e+00,0.000000e+00,0.000000e+00,0.000000e+00,0.000000e+00,0.000000e+00,0.000000e+00,0.000000e+00,0.000000e+00,0.000000e+00,0.000000e+00,0.000000e+00,0.000000e+00,0.000000e+00,0.000000e+00
4.475764e-01,1.245303e-02,1.467716e-01,1.363945e-01,3.007069e-03,9.914638e-03,1.498623e-03,7.703541e-03,3.869331e-02,5.641137e-03,1.172619e-02,2.251460e-02,9.944435e-03,1.147725e-02,1.346837e-01
3.394606e-01,9.286946e-03,2.183246e-01,1.024750e-01,2.185393e-03,8.124328e-03,1.085216e-03,5.613779e-03,4.320862e-02,9.741500e-03,1.108536e-02,1.634755e-02,7.402889e-03,4.844185e-02,1.772163e-01
2.554802e-01,7.487721e-03,2.642669e-01,1.254415e-01,1.817152e-03,6.955262e-03,7.979562e-04,4.240166e-03,6.418177e-02,1.427663e-02,1.141782e-02,1.229762e-02,6.455286e-03,4.249202e-02,1.823920e-01
1.827936e-01,5.610915e-03,2.955287e-01,2.422163e-01,1.516104e-03,5.445876e-03,5.860293e-04,3.025557e-03,5.398563e-02,1.220220e-02,1.057209e-02,8.973868e-03,4.983329e-03,3.386372e-02,1.386961e-01
1.347493e-01,5.041288e-03,2.640687e-01,1.795302e-01,1.112410e-03,4.082457e-03,4.167787e-04,2.142176e-03,6.855309e-02,1.745491e-02,8.893951e-03,6.566708e-03,3.915157e-03,1.162033e-01,1.872694e-01
1.076900e-01,5.559145e-03,2.557062e-01,2.006029e-01,9.273848e-04,3.075263e-03,3.038154e-04,1.572155e-03,8.366197e-02,1.854926e-02,8.436499e-03,4.716364e-03,2.984814e-03,9.370897e-02,2.125052e-01
8.690664e-02,4.723937e-03,2.987699e-01,2.305323e-01,8.270537e-04,2.447403e-03,2.315470e-04,1.163609e-03,7.577319e-02,2.595995e-02,8.327208e-03,3.589240e-03,2.444896e-03,7.872204e-02,1.795811e-01
6.479073e-02,3.538082e-03,2.973169e-01,1.624464e-01,6.476236e-04,1.849261e-03,1.786532e-04,8.619285e-04,6.354728e-02,4.671606e-02,7.009022e-03,3.392071e-03,2.219883e-03,1.880598e-01,1.574263e-01
5.532306e-02,4.846181e-03,2.741467e-01,1.854984e-01,1.459752e-03,1.881078e-03,1.913151e-04,8.407006e-04,8.457975e-02,4.800792e-02,8.279441e-03,3.307515e-03,2.378228e-03,1.428819e-01,1.863781e-01
1.026864e-01,6.317711e-03,2.594597e-01,2.291883e-01,1.830652e-03,2.797511e-03,3.113698e-04,1.263943e-03,8.311716e-02,4.088188e-02,9.882793e-03,4.856065e-03,3.103381e-03,1.064286e-01,1.478747e-01
1.027901e-01,7.806253e-03,2.607497e-01,1.759192e-01,1.801353e-03,2.919698e-03,3.675209e-04,1.150722e-03,8.055161e-02,4.361403e-02,1.116468e-02,5.148962e-03,3.288825e-03,1.314552e-01,1.712722e-01
1.369306e-01,8.096080e-03,1.995993e-01,1.248612e-01,1.864923e-03,3.065589e-03,4.852018e-04,1.146544e-03,7.561553e-02,5.149446e-02,9.149244e-03,7.581710e-03,5.058769e-03,1.480128e-01,2.270381e-01
2.306907e-01,8.421015e-03,1.510099e-01,1.043124e-01,2.067012e-03,5.264298e-03,5.367976e-04,1.368187e-03,7.342670e-02,5.039142e-02,9.549105e-03,6.799940e-03,1.172684e-02,1.236059e-01,2.208298e-01
3.810257e-01,8.953888e-03,1.132846e-01,7.425183e-02,1.712546e-03,7.296192e-03,8.318012e-04,1.441869e-03,5.561588e-02,3.779496e-02,7.852955e-03,6.336722e-03,1.021284e-02,1.142185e-01,1.791697e-01
1.000000e+00,0.000000e+00,0.000000e+00,0.000000e+00,0.000000e+00,0.000000e+00,0.000000e+00,0.000000e+00,0.000000e+00,0.000000e+00,0.000000e+00,0.000000e+00,0.000000e+00,0.000000e+00,0.000000e+00
1.000000e+00,0.000000e+00,0.000000e+00,0.000000e+00,0.000000e+00,0.000000e+00,0.000000e+00,0.000000e+00,0.000000e+00,0.000000e+00,0.000000e+00,0.000000e+00,0.000000e+00,0.000000e+00,0.000000e+00
1.000000e+00,0.000000e+00,0.000000e+00,0.000000e+00,0.000000e+00,0.000000e+00,0.000000e+00,0.000000e+00,0.000000e+00,0.000000e+00,0.000000e+00,0.000000e+00,0.000000e+00,0.000000e+00,0.000000e+00
1.000000e+00,0.000000e+00,0.000000e+00,0.000000e+00,0.000000e+00,0.000000e+00,0.000000e+00,0.000000e+00,0.000000e+00,0.000000e+00,0.000000e+00,0.000000e+00,0.000000e+00,0.000000e+00,0.000000e+00
1.000000e+00,0.000000e+00,0.000000e+00,0.000000e+00,0.000000e+00,0.000000e+00,0.000000e+00,0.000000e+00,0.000000e+00,0.000000e+00,0.000000e+00,0.000000e+00,0.000000e+00,0.000000e+00,0.000000e+00
1.000000e+00,0.000000e+00,0.000000e+00,0.000000e+00,0.000000e+00,0.000000e+00,0.000000e+00,0.000000e+00,0.000000e+00,0.000000e+00,0.000000e+00,0.000000e+00,0.000000e+00,0.000000e+00,0.000000e+00
1.000000e+00,0.000000e+00,0.000000e+00,0.000000e+00,0.000000e+00,0.000000e+00,0.000000e+00,0.000000e+00,0.000000e+00,0.000000e+00,0.000000e+00,0.000000e+00,0.000000e+00,0.000000e+00,0.000000e+00
1.000000e+00,0.000000e+00,0.000000e+00,0.000000e+00,0.000000e+00,0.000000e+00,0.000000e+00,0.000000e+00,0.000000e+00,0.000000e+00,0.000000e+00,0.000000e+00,0.000000e+00,0.000000e+00,0.000000e+00
1.000000e+00,0.000000e+00,0.000000e+00,0.000000e+00,0.000000e+00,0.000000e+00,0.000000e+00,0.000000e+00,0.000000e+00,0.000000e+00,0.000000e+00,0.000000e+00,0.000000e+00,0.000000e+00,0.000000e+00
1.000000e+00,0.000000e+00,0.000000e+00,0.000000e+00,0.000000e+00,0.000000e+00,0.000000e+00,0.000000e+00,0.000000e+00,0.000000e+00,0.000000e+00,0.000000e+00,0.000000e+00,0.000000e+00,0.000000e+00
1.000000e+00,0.000000e+00,0.000000e+00,0.000000e+00,0.000000e+00,0.000000e+00,0.000000e+00,0.000000e+00,0.000000e+00,0.000000e+00,0.000000e+00,0.000000e+00,0.000000e+00,0.000000e+00,0.000000e+00
1.000000e+00,0.000000e+00,0.000000e+00,0.000000e+00,0.000000e+00,0.000000e+00,0.000000e+00,0.000000e+00,0.000000e+00,0.000000e+00,0.000000e+00,0.000000e+00,0.000000e+00,0.000000e+00,0.000000e+00
1.000000e+00,0.000000e+00,0.000000e+00,0.000000e+00,0.000000e+00,0.000000e+00,0.000000e+00,0.000000e+00,0.000000e+00,0.000000e+00,0.000000e+00,0.000000e+00,0.000000e+00,0.000000e+00,0.000000e+00
4.474688e-01,2.401501e-02,2.844643e-02,1.416104e-01,2.194562e-02,4.500059e-02,8.539495e-03,2.414150e-02,6.145792e-02,1.253915e-02,3.279255e-02,4.488143e-02,5.411033e-02,1.269163e-02,4.035923e-02
3.274407e-01,2.394443e-02,2.766178e-02,1.320362e-01,1.880293e-02,3.927071e-02,6.567627e-03,1.812566e-02,7.673754e-02,2.735521e-02,9.226036e-02,3.455842e-02,5.415509e-02,1.440584e-02,1.066775e-01
2.336473e-01,2.002689e-02,2.147484e-02,9.439412e-02,1.503040e-02,3.561348e-02,4.704558e-03,1.298867e-02,7.243732e-02,2.972914e-02,1.094518e-01,2.566854e-02,5.507710e-02,1.469646e-02,2.550594e-01
1.672785e-01,1.501795e-02,1.901011e-02,6.667160e-02,1.328194e-02,3.082028e-02,3.381391e-03,9.547346e-03,5.697071e-02,2.509172e-02,9.748021e-02,1.914320e-02,5.018555e-02,1.191628e-02,4.142032e-01
1.896054e-01,1.471710e-02,3.479308e-02,4.792565e-02,1.200567e-02,2.769118e-02,2.706821e-03,7.056938e-03,7.888288e-02,2.838976e-02,7.155176e-02,1.387214e-02,3.709955e-02,1.733633e-02,4.163657e-01
2.129140e-01,1.176282e-02,2.864647e-02,3.386146e-02,9.960763e-03,2.671931e-02,2.480211e-03,5.183878e-03,7.028516e-02,2.163850e-02,5.792176e-02,1.011667e-02,2.865920e-02,3.639204e-02,4.434578e-01
1.880781e-01,9.052639e-03,2.073295e-02,2.377656e-02,7.221187e-03,2.563694e-02,1.960682e-03,3.686565e-03,6.042767e-02,1.744836e-02,4.818604e-02,7.412709e-03,2.226580e-02,5.902255e-02,5.050912e-01
1.595870e-01,8.592509e-03,1.885121e-02,1.738696e-02,5.729777e-03,1.118720e-01,2.511683e-03,3.619200e-03,7.423268e-02,1.297809e-02,4.012653e-02,5.813381e-03,1.783057e-02,5.181932e-02,4.690492e-01
1.496359e-01,8.184493e-03,1.515926e-02,1.258451e-02,4.905866e-03,1.646416e-01,1.934244e-03,2.616298e-03,1.028296e-01,9.829114e-03,4.132796e-02,5.417101e-03,1.539543e-02,8.628744e-02,3.792512e-01
1.071283e-01,8.537255e-03,1.138681e-02,9.073829e-03,3.799341e-03,1.257837e-01,1.414756e-03,1.889838e-03,1.911124e-01,9.167386e-03,5.172721e-02,4.176703e-03,1.139024e-02,1.674163e-01,2.959959e-01
7.828752e-02,8.057617e-03,8.999645e-03,6.699305e-03,2.965780e-03,9.013110e-02,1.052889e-03,1.529432e-03,2.820157e-01,9.876263e-03,4.388631e-02,3.303012e-03,8.449664e-03,2.182774e-01,2.364683e-01
5.700266e-02,6.635147e-03,7.269589e-03,4.847393e-03,2.544670e-03,6.339116e-02,7.681632e-04,1.102931e-03,3.812528e-01,1.060878e-02,4.020241e-02,2.390085e-03,6.064296e-03,2.286394e-01,1.872805e-01
4.133398e-02,5.284370e-03,5.397113e-03,3.460586e-03,1.893267e-03,4.479156e-02,5.448468e-04,7.848589e-04,4.688779e-01,1.195288e-02,3.162776e-02,1.747681e-03,4.388567e-03,2.325891e-01,1.453256e-01
2.929068e-02,4.391583e-03,4.002847e-03,2.481820e-03,1.460032e-03,3.164684e-02,3.891705e-04,5.594218e-04,5.750020e-01,1.097717e-02,2.321011e-02,1.257087e-03,3.116631e-03,2.041981e-01,1.080166e-01
2.109210e-02,1.325487e-02,4.104933e-03,1.897148e-03,1.578648e-03,2.276486e-02,3.044286e-04,4.246578e-04,6.038725e-01,1.003117e-02,1.814338e-02,1.182288e-03,2.379793e-03,2.172928e-01,8.167634e-02
1.588237e-02,2.260064e-02,5.454762e-03,1.653955e-03,2.695874e-03,1.636558e-02,2.347121e-04,7.665338e-04,6.269190e-01,9.696454e-03,1.379250e-02,1.030406e-03,2.048297e-03,2.150491e-01,6.580981e-02
1.210666e-02,3.890643e-02,9.124052e-03,1.382549e-03,4.919825e-03,1.214367e-02,1.814688e-04,1.412833e-03,6.266268e-01,7.674871e-03,1.051163e-02,7.948601e-04,1.661968e-03,2.246318e-01,4.792054e-02
1.232434e-02,6.991581e-02,1.771040e-02,2.103359e-03,1.230854e-02,1.017368e-02,1.704670e-04,5.144069e-03,5.586217e-01,6.715572e-03,8.223113e-03,8.086124e-04,1.638277e-03,2.546017e-01,3.954037e-02
1.338070e-02,7.095295e-02,2.926042e-02,1.860781e-03,1.857072e-02,8.596670e-03,1.624636e-04,1.359400e-02,5.643551e-01,6.739724e-03,6.122964e-03,6.252031e-04,1.259173e-03,2.345447e-01,2.997449e-02
2.024972e-02,6.149034e-02,4.505572e-02,2.057311e-03,1.765611e-02,8.273726e-03,1.702638e-04,1.200289e-02,4.755482e-01,8.346927e-03,5.214068e-03,5.262318e-04,1.074469e-03,2.753870e-01,6.694704e-02
2.814705e-02,4.739578e-02,4.850731e-02,1.969499e-03,1.882972e-02,6.575839e-03,1.517810e-04,1.333591e-02,4.357489e-01,8.632110e-03,5.320279e-03,4.043793e-04,8.674150e-04,3.238202e-01,6.029381e-02
3.676467e-02,3.645532e-02,4.636952e-02,2.082128e-03,1.974664e-02,6.029760e-03,1.245839e-04,1.670305e-02,3.777127e-01,1.048126e-02,5.461963e-03,3.130707e-04,7.223268e-04,3.849552e-01,5.607774e-02
5.760358e-02,3.251700e-02,6.166768e-02,1.819422e-02,2.763655e-02,5.549653e-03,2.156838e-04,3.381926e-02,3.131791e-01,9.082009e-03,5.480626e-03,2.693267e-04,6.316994e-04,3.824472e-01,5.170637e-02
5.758356e-02,2.504569e-02,4.949598e-02,1.445420e-02,2.449926e-02,5.003363e-03,2.093192e-04,3.003066e-02,2.545207e-01,7.819980e-03,6.330574e-03,2.142996e-04,5.180017e-04,4.823562e-01,4.191829e-02
6.954414e-02,2.055371e-02,5.078650e-02,1.554464e-02,2.508882e-02,4.613234e-03,3.751825e-04,2.553647e-02,2.589061e-01,6.398267e-03,6.793657e-03,3.396811e-04,4.615212e-04,4.785435e-01,3.651452e-02
8.826160e-02,1.557339e-02,3.807764e-02,1.167615e-02,2.205801e-02,3.740584e-03,3.878640e-04,1.875651e-02,2.807123e-01,4.938816e-03,8.672658e-03,5.720019e-04,4.725995e-04,4.789543e-01,2.714556e-02
9.866470e-02,1.193879e-02,2.746210e-02,9.483273e-03,1.979892e-02,3.172476e-03,4.075311e-04,1.371773e-02,3.221696e-01,3.792781e-03,1.161307e-02,7.269597e-04,5.199275e-04,4.565540e-01,1.997818e-02
2.024041e-01,1.025224e-02,2.081760e-02,1.455047e-02,1.828502e-02,3.243593e-03,5.373641e-04,1.071180e-02,3.432871e-01,3.597438e-03,1.095397e-02,1.664292e-03,6.722735e-04,3.417376e-01,1.728521e-02
2.906185e-01,9.102520e-03,1.576324e-02,1.505302e-02,1.854978e-02,4.537286e-03,8.014197e-04,8.082299e-03,3.481025e-01,3.244275e-03,9.479409e-03,3.106036e-03,1.238666e-03,2.556864e-01,1.663477e-02
3.848399e-01,8.970701e-03,1.404244e-02,1.497415e-02,1.668313e-02,5.942630e-03,1.059823e-03,6.460069e-03,3.205906e-01,2.971239e-03,1.022718e-02,4.189568e-03,1.685668e-03,1.929022e-01,1.446068e-02
4.866077e-01,9.408362e-03,1.259110e-02,1.313919e-02,1.618256e-02,7.275543e-03,1.432591e-03,5.691499e-03,2.578406e-01,3.114402e-03,1.059115e-02,5.249542e-03,2.414293e-03,1.551846e-01,1.327678e-02
1.000000e+00,0.000000e+00,0.000000e+00,0.000000e+00,0.000000e+00,0.000000e+00,0.000000e+00,0.000000e+00,0.000000e+00,0.000000e+00,0.000000e+00,0.000000e+00,0.000000e+00,0.000000e+00,0.000000e+00
1.000000e+00,0.000000e+00,0.000000e+00,0.000000e+00,0.000000e+00,0.000000e+00,0.000000e+00,0.000000e+00,0.000000e+00,0.000000e+00,0.000000e+00,0.000000e+00,0.000000e+00,0.000000e+00,0.000000e+00
1.000000e+00,0.000000e+00,0.000000e+00,0.000000e+00,0.000000e+00,0.000000e+00,0.000000e+00,0.000000e+00,0.000000e+00,0.000000e+00,0.000000e+00,0.000000e+00,0.000000e+00,0.000000e+00,0.000000e+00
1.000000e+00,0.000000e+00,0.000000e+00,0.000000e+00,0.000000e+00,0.000000e+00,0.000000e+00,0.000000e+00,0.000000e+00,0.000000e+00,0.000000e+00,0.000000e+00,0.000000e+00,0.000000e+00,0.000000e+00
1.000000e+00,0.000000e+00,0.000000e+00,0.000000e+00,0.000000e+00,0.000000e+00,0.000000e+00,0.000000e+00,0.000000e+00,0.000000e+00,0.000000e+00,0.000000e+00,0.000000e+00,0.000000e+00,0.000000e+00
4.840204e-01,7.120258e-03,1.708176e-02,3.919243e-02,1.336027e-02,1.473048e-02,2.757430e-03,8.054197e-03,8.950489e-02,6.625692e-03,2.511052e-02,1.523875e-02,2.512313e-02,3.338412e-02,2.186957e-01
4.312612e-01,8.220488e-03,1.556240e-02,3.342979e-02,1.338733e-02,1.540182e-02,2.471699e-03,7.515128e-03,7.155786e-02,1.598934e-02,2.302885e-02,1.532521e-02,3.259458e-02,2.869521e-02,2.855591e-01
4.607207e-01,8.835106e-03,1.314868e-02,3.176762e-02,1.821082e-02,1.433580e-02,2.446210e-03,6.583455e-03,5.705167e-02,1.647012e-02,2.349343e-02,1.535738e-02,3.808547e-02,2.168461e-02,2.718090e-01
3.762007e-01,7.988228e-03,1.081872e-02,2.806394e-02,1.846329e-02,1.528710e-02,2.873205e-03,6.284580e-03,4.832236e-02,1.343073e-02,3.546786e-02,4.626715e-02,1.341772e-01,2.390980e-02,2.324451e-01
3.095326e-01,8.819724e-03,1.011722e-02,2.835461e-02,1.680564e-02,2.533671e-02,2.859755e-03,4.834543e-03,4.170076e-02,1.105692e-02,4.598979e-02,9.748869e-02,1.939529e-01,2.353991e-02,1.796102e-01
2.306417e-01,7.346269e-03,8.492877e-03,2.253154e-02,1.578285e-02,2.206657e-02,2.230502e-03,4.149110e-03,3.494880e-02,8.680771e-03,5.286705e-02,9.608209e-02,3.315152e-01,1.831875e-02,1.443459e-01
2.186314e-01,6.055535e-03,6.591170e-03,1.809645e-02,1.517832e-02,1.952472e-02,2.330896e-03,6.088223e-03,3.937935e-02,7.438768e-03,5.116528e-02,9.190685e-02,3.867394e-01,1.803740e-02,1.128363e-01
1.999874e-01,5.609531e-03,6.672264e-03,1.561141e-02,1.583255e-02,1.784636e-02,2.940289e-03,7.864041e-03,4.569807e-02,7.670160e-03,5.978677e-02,1.065142e-01,3.936995e-01,1.531692e-02,9.895051e-02
1.562324e-01,4.381044e-03,5.205713e-03,1.275603e-02,1.713907e-02,1.446457e-02,2.906239e-03,9.338545e-03,4.199155e-02,7.470446e-03,5.758423e-02,1.286644e-01,4.515041e-01,1.275750e-02,7.760429e-02
1.457138e-01,3.934000e-03,4.113744e-03,1.094310e-02,1.514224e-02,1.436495e-02,2.663942e-03,1.056794e-02,4.799889e-02,6.947792e-03,7.351024e-02,1.658431e-01,4.330035e-01,9.542310e-03,5.571038e-02
1.083274e-01,4.746769e-03,3.260474e-03,9.812536e-03,1.864826e-02,1.070898e-02,2.243286e-03,1.454137e-02,1.392797e-01,6.325318e-03,7.932472e-02,1.405106e-01,4.155691e-01,6.829691e-03,3.987181e-02
7.892590e-02,3.990164e-03,2.574695e-03,7.935056e-03,1.744098e-02,8.432791e-03,1.870895e-03,1.226265e-02,3.766804e-01,4.572723e-03,5.688041e-02,1.012718e-01,2.941882e-01,4.810835e-03,2.816254e-02
5.606397e-02,3.291748e-03,2.056094e-03,6.245519e-03,1.526914e-02,6.140978e-03,1.432587e-03,1.030016e-02,5.503342e-01,3.264702e-03,4.099592e-02,7.280342e-02,2.086254e-01,3.384599e-03,1.979164e-02
4.603645e-02,2.629934e-03,1.636722e-03,6.132437e-03,2.613843e-02,4.594139e-03,1.158539e-03,1.010337e-02,6.557328e-01,2.341978e-03,2.952897e-02,5.114385e-02,1.465747e-01,2.374550e-03,1.387317e-02
6.083997e-02,2.182982e-03,1.306286e-03,5.814857e-03,8.209686e-02,3.428344e-03,1.229580e-03,2.978142e-02,6.384136e-01,1.687381e-03,2.257394e-02,3.603009e-02,1.031994e-01,1.683018e-03,9.732274e-03
6.667171e-02,2.103376e-03,1.215815e-03,6.880522e-03,1.347103e-01,2.619264e-03,1.927140e-03,6.987962e-02,5.883518e-01,1.254863e-03,1.738386e-02,2.562080e-02,7.329095e-02,1.216079e-03,6.873911e-03
7.329072e-02,4.302861e-03,1.549112e-03,1.017620e-02,1.641427e-01,2.409065e-03,2.530531e-03,1.201952e-01,5.269055e-01,1.160934e-03,1.433730e-02,1.909256e-02,5.362253e-02,1.000510e-03,5.284265e-03
7.552603e-02,4.543148e-03,1.763505e-03,1.604373e-02,1.807629e-01,2.238489e-03,2.810593e-03,2.066440e-01,4.390511e-01,9.430710e-04,1.160917e-02,1.404020e-02,3.933423e-02,7.990797e-04,3.890888e-03
8.896981e-02,4.711998e-03,1.862193e-03,2.666425e-02,1.748846e-01,2.120020e-03,2.490355e-03,2.421212e-01,4.032110e-01,7.724448e-04,9.311671e-03,1.055889e-02,2.885536e-02,6.117686e-04,2.854462e-03
1.404622e-01,7.056337e-03,1.954909e-03,2.349420e-02,1.600702e-01,2.348346e-03,2.380483e-03,2.093970e-01,4.102700e-01,8.194947e-04,7.971266e-03,8.964594e-03,2.174455e-02,6.228344e-04,2.443554e-03
2.241706e-01,7.907795e-03,1.955400e-03,2.073477e-02,1.298269e-01,2.499759e-03,2.082197e-03,1.627387e-01,4.114330e-01,8.623602e-04,7.219787e-03,8.806820e-03,1.674837e-02,7.313354e-04,2.282270e-03
3.414601e-01,8.016852e-03,2.285043e-03,1.865011e-02,1.024612e-01,4.210600e-03,2.322695e-03,1.237995e-01,3.612231e-01,9.452041e-04,6.960629e-03,1.024798e-02,1.363105e-02,1.030914e-03,2.754988e-03
4.528044e-01,6.685313e-03,3.692808e-03,1.564465e-02,8.004487e-02,5.924190e-03,3.042002e-03,1.073916e-01,2.919199e-01,8.737524e-04,6.410983e-03,1.069445e-02,1.092592e-02,1.128820e-03,2.816366e-03
4.067277e-01,5.165470e-03,1.908442e-02,1.459895e-02,5.905092e-02,6.884892e-03,4.839398e-03,2.498048e-01,2.072203e-01,7.331925e-04,5.016176e-03,9.000875e-03,8.066616e-03,1.192688e-03,2.613651e-03
4.221697e-01,4.279557e-03,1.920009e-02,1.163220e-02,4.304766e-02,8.716233e-03,5.485329e-03,3.089032e-01,1.481411e-01,1.032996e-03,5.537597e-03,9.902825e-03,6.899626e-03,1.742934e-03,3.309043e-03
4.535012e-01,3.579988e-03,1.652733e-02,1.009595e-02,3.150723e-02,1.600060e-02,6.572779e-03,3.278239e-01,1.066616e-01,1.076646e-03,5.152375e-03,1.008651e-02,6.327279e-03,1.584956e-03,3.501674e-03
3.771603e-01,2.653900e-03,1.288107e-02,9.277431e-03,2.366565e-02,1.382484e-02,5.506849e-03,4.574134e-01,7.529555e-02,8.738027e-04,4.157401e-03,8.291984e-03,5.099307e-03,1.185188e-03,2.713332e-03
3.736688e-01,1.958188e-03,1.003077e-02,8.840291e-03,1.906677e-02,1.546207e-02,4.623557e-03,4.935518e-01,5.328222e-02,6.824649e-04,3.522388e-03,7.698861e-03,4.497825e-03,9.285970e-04,2.185398e-03
3.526670e-01,1.712825e-03,8.683575e-03,1.109427e-02,1.966504e-02,1.591033e-02,4.073976e-03,5.300419e-01,3.773075e-02,5.519363e-04,3.088825e-03,7.809445e-03,4.120401e-03,7.494457e-04,2.100310e-03
3.848470e-01,1.562444e-03,7.252025e-03,1.147034e-02,1.637451e-02,1.312003e-02,3.770377e-03,5.155125e-01,2.669455e-02,5.751445e-04,2.831857e-03,9.170866e-03,4.015094e-03,6.458104e-04,2.157424e-03
4.351619e-01,1.396128e-03,6.100438e-03,1.086883e-02,1.258949e-02,1.282763e-02,3.911352e-03,4.767961e-01,1.895989e-02,5.494534e-04,2.461146e-03,1.157906e-02,4.064787e-03,5.913651e-04,2.142478e-03
1.000000e+00,0.000000e+00,0.000000e+00,0.000000e+00,0.000000e+00,0.000000e+00,0.000000e+00,0.000000e+00,0.000000e+00,0.000000e+00,0.000000e+00,0.000000e+00,0.000000e+00,0.000000e+00,0.000000e+00
1.000000e+00,0.000000e+00,0.000000e+00,0.000000e+00,0.000000e+00,0.000000e+00,0.000000e+00,0.000000e+00,0.000000e+00,0.000000e+00,0.000000e+00,0.000000e+00,0.000000e+00,0.000000e+00,0.000000e+00
1.000000e+00,0.000000e+00,0.000000e+00,0.000000e+00,0.000000e+00,0.000000e+00,0.000000e+00,0.000000e+00,0.000000e+00,0.000000e+00,0.000000e+00,0.000000e+00,0.000000e+00,0.000000e+00,0.000000e+00
3.768672e-01,4.509456e-03,4.700898e-03,6.499108e-02,5.238615e-03,9.544735e-02,2.494644e-03,1.650492e-01,1.413511e-02,2.403168e-03,1.097264e-02,2.095094e-01,2.770413e-02,1.249167e-03,1.472799e-02
2.754975e-01,7.912667e-03,1.054836e-02,9.748100e-02,6.165675e-03,1.959055e-01,2.034061e-03,1.158436e-01,1.544715e-02,9.404683e-03,1.531570e-02,2.004337e-01,2.160180e-02,1.125649e-03,2.528294e-02
2.949671e-01,1.139456e-02,2.115097e-02,7.966020e-02,7.423372e-03,1.846896e-01,2.378948e-03,8.231905e-02,1.858057e-02,1.598540e-02,1.908718e-02,1.891050e-01,1.806576e-02,2.852939e-03,5.233935e-02
2.955332e-01,9.590279e-03,1.945146e-02,6.591581e-02,8.087474e-03,1.725091e-01,3.565022e-03,5.890515e-02,2.027069e-02,1.270234e-02,2.718940e-02,2.444592e-01,1.448074e-02,3.621762e-03,4.371823e-02
3.348439e-01,9.202604e-03,2.269224e-02,5.905628e-02,9.260910e-03,1.401968e-01,3.811845e-03,4.306693e-02,2.655659e-02,1.128961e-02,2.647283e-02,2.485577e-01,1.331663e-02,6.727936e-03,4.494715e-02
3.295411e-01,9.131720e-03,2.467562e-02,5.090698e-02,9.165993e-03,1.092319e-01,3.264552e-03,3.293586e-02,2.903683e-02,1.035945e-02,2.566626e-02,3.061563e-01,1.348027e-02,8.569807e-03,3.787739e-02
3.056447e-01,8.837253e-03,4.079051e-02,5.228454e-02,1.172123e-02,9.261731e-02,2.913080e-03,2.998786e-02,3.121282e-02,1.196223e-02,2.351472e-02,3.354601e-01,1.339554e-02,7.687719e-03,3.197047e-02
3.581372e-01,1.043972e-02,6.105208e-02,4.848537e-02,1.126150e-02,8.108465e-02,3.314036e-03,2.761976e-02,2.887757e-02,1.573184e-02,1.908230e-02,2.843121e-01,1.266589e-02,8.014189e-03,2.992174e-02
4.190871e-01,1.066302e-02,6.684588e-02,4.232064e-02,1.116680e-02,8.048714e-02,3.966177e-03,2.598287e-02,2.386743e-02,1.326206e-02,1.667515e-02,2.403348e-01,1.251926e-02,7.290350e-03,2.553134e-02
1.000000e+00,0.000000e+00,0.000000e+00,0.000000e+00,0.000000e+00,0.000000e+00,0.000000e+00,0.000000e+00,0.000000e+00,0.000000e+00,0.000000e+00,0.000000e+00,0.000000e+00,0.000000e+00,0.000000e+00
1.000000e+00,0.000000e+00,0.000000e+00,0.000000e+00,0.000000e+00,0.000000e+00,0.000000e+00,0.000000e+00,0.000000e+00,0.000000e+00,0.000000e+00,0.000000e+00,0.000000e+00,0.000000e+00,0.000000e+00
1.000000e+00,0.000000e+00,0.000000e+00,0.000000e+00,0.000000e+00,0.000000e+00,0.000000e+00,0.000000e+00,0.000000e+00,0.000000e+00,0.000000e+00,0.000000e+00,0.000000e+00,0.000000e+00,0.000000e+00
1.000000e+00,0.000000e+00,0.000000e+00,0.000000e+00,0.000000e+00,0.000000e+00,0.000000e+00,0.000000e+00,0.000000e+00,0.000000e+00,0.000000e+00,0.000000e+00,0.000000e+00,0.000000e+00,0.000000e+00
1.000000e+00,0.000000e+00,0.000000e+00,0.000000e+00,0.000000e+00,0.000000e+00,0.000000e+00,0.000000e+00,0.000000e+00,0.000000e+00,0.000000e+00,0.000000e+00,0.000000e+00,0.000000e+00,0.000000e+00
1.000000e+00,0.000000e+00,0.000000e+00,0.000000e+00,0.000000e+00,0.000000e+00,0.000000e+00,0.000000e+00,0.000000e+00,0.000000e+00,0.000000e+00,0.000000e+00,0.000000e+00,0.000000e+00,0.000000e+00
1.000000e+00,0.000000e+00,0.000000e+00,0.000000e+00,0.000000e+00,0.000000e+00,0.000000e+00,0.000000e+00,0.000000e+00,0.000000e+00,0.000000e+00,0.000000e+00,0.000000e+00,0.000000e+00,0.000000e+00
1.000000e+00,0.000000e+00,0.000000e+00,0.000000e+00,0.000000e+00,0.000000e+00,0.000000e+00,0.000000e+00,0.000000e+00,0.000000e+00,0.000000e+00,0.000000e+00,0.000000e+00,0.000000e+00,0.000000e+00
1.000000e+00,0.000000e+00,0.000000e+00,0.000000e+00,0.000000e+00,0.000000e+00,0.000000e+00,0.000000e+00,0.000000e+00,0.000000e+00,0.000000e+00,0.000000e+00,0.000000e+00,0.000000e+00,0.000000e+00
1.000000e+00,0.000000e+00,0.000000e+00,0.000000e+00,0.000000e+00,0.000000e+00,0.000000e+00,0.000000e+00,0.000000e+00,0.000000e+00,0.000000e+00,0.000000e+00,0.000000e+00,0.000000e+00,0.000000e+00
1.000000e+00,0.000000e+00,0.000000e+00,0.000000e+00,0.000000e+00,0.000000e+00,0.000000e+00,0.000000e+00,0.000000e+00,0.000000e+00,0.000000e+00,0.000000e+00,0.000000e+00,0.000000e+00,0.000000e+00
4.338093e-01,2.721893e-02,1.502500e-02,1.360270e-01,3.409667e-02,4.871379e-02,7.091174e-03,3.146878e-02,3.516107e-02,3.467960e-03,9.943176e-02,7.304205e-02,1.591009e-02,3.750662e-03,3.578567e-02
4.153147e-01,3.130660e-02,1.325621e-02,1.311402e-01,4.546149e-02,4.297606e-02,7.194567e-03,3.026518e-02,3.603721e-02,3.408131e-03,1.122471e-01,6.785797e-02,1.515234e-02,4.358892e-03,4.402331e-02
3.645588e-01,4.010770e-02,1.435557e-02,1.437300e-01,4.172739e-02,3.728190e-02,5.663592e-03,2.297632e-02,4.817340e-02,4.858516e-03,1.063838e-01,6.398775e-02,1.538510e-02,4.154230e-03,8.665592e-02
3.727860e-01,5.403938e-02,1.213114e-02,1.161026e-01,3.876239e-02,3.249986e-02,4.583816e-03,1.963930e-02,5.012693e-02,4.151033e-03,1.308375e-01,6.122911e-02,1.703584e-02,3.972037e-03,8.210307e-02
4.371945e-01,5.460292e-02,9.414407e-03,9.146543e-02,3.342061e-02,3.483673e-02,4.651147e-03,1.605093e-02,4.720352e-02,3.244696e-03,1.214985e-01,5.679161e-02,2.256277e-02,3.319084e-03,6.374309e-02
4.865351e-01,5.244724e-02,8.825936e-03,7.007699e-02,3.342865e-02,3.607876e-02,4.110800e-03,1.386693e-02,3.767427e-02,2.485828e-03,1.311619e-01,4.706093e-02,2.181770e-02,3.463442e-03,5.096556e-02
1.000000e+00,0.000000e+00,0.000000e+00,0.000000e+00,0.000000e+00,0.000000e+00,0.000000e+00,0.000000e+00,0.000000e+00,0.000000e+00,0.000000e+00,0.000000e+00,0.000000e+00,0.000000e+00,0.000000e+00
1.000000e+00,0.000000e+00,0.000000e+00,0.000000e+00,0.000000e+00,0.000000e+00,0.000000e+00,0.000000e+00,0.000000e+00,0.000000e+00,0.000000e+00,0.000000e+00,0.000000e+00,0.000000e+00,0.000000e+00
1.000000e+00,0.000000e+00,0.000000e+00,0.000000e+00,0.000000e+00,0.000000e+00,0.000000e+00,0.000000e+00,0.000000e+00,0.000000e+00,0.000000e+00,0.000000e+00,0.000000e+00,0.000000e+00,0.000000e+00
1.000000e+00,0.000000e+00,0.000000e+00,0.000000e+00,0.000000e+00,0.000000e+00,0.000000e+00,0.000000e+00,0.000000e+00,0.000000e+00,0.000000e+00,0.000000e+00,0.000000e+00,0.000000e+00,0.000000e+00
1.000000e+00,0.000000e+00,0.000000e+00,0.000000e+00,0.000000e+00,0.000000e+00,0.000000e+00,0.000000e+00,0.000000e+00,0.000000e+00,0.000000e+00,0.000000e+00,0.000000e+00,0.000000e+00,0.000000e+00
1.000000e+00,0.000000e+00,0.000000e+00,0.000000e+00,0.000000e+00,0.000000e+00,0.000000e+00,0.000000e+00,0.000000e+00,0.000000e+00,0.000000e+00,0.000000e+00,0.000000e+00,0.000000e+00,0.000000e+00
1.000000e+00,0.000000e+00,0.000000e+00,0.000000e+00,0.000000e+00,0.000000e+00,0.000000e+00,0.000000e+00,0.000000e+00,0.000000e+00,0.000000e+00,0.000000e+00,0.000000e+00,0.000000e+00,0.000000e+00
1.000000e+00,0.000000e+00,0.000000e+00,0.000000e+00,0.000000e+00,0.000000e+00,0.000000e+00,0.000000e+00,0.000000e+00,0.000000e+00,0.000000e+00,0.000000e+00,0.000000e+00,0.000000e+00,0.000000e+00
1.000000e+00,0.000000e+00,0.000000e+00,0.000000e+00,0.000000e+00,0.000000e+00,0.000000e+00,0.000000e+00,0.000000e+00,0.000000e+00,0.000000e+00,0.000000e+00,0.000000e+00,0.000000e+00,0.000000e+00
1.000000e+00,0.000000e+00,0.000000e+00,0.000000e+00,0.000000e+00,0.000000e+00,0.000000e+00,0.000000e+00,0.000000e+00,0.000000e+00,0.000000e+00,0.000000e+00,0.000000e+00,0.000000e+00,0.000000e+00
4.867325e-01,1.959921e-02,6.753249e-03,3.180707e-02,1.775700e-02,4.255543e-02,1.134171e-02,9.069847e-03,2.148288e-01,3.593944e-03,1.724439e-02,6.850457e-02,5.524911e-02,2.560961e-03,1.240223e-02
4.632146e-01,1.866992e-02,6.608005e-03,2.443224e-02,3.349853e-02,3.566094e-02,1.247487e-02,8.203839e-03,2.687513e-01,3.611420e-03,1.476847e-02,5.454469e-02,4.293903e-02,2.099662e-03,1.052250e-02
4.864479e-01,1.668859e-02,6.495993e-03,1.997713e-02,4.393877e-02,3.413322e-02,1.425368e-02,7.466700e-03,2.594044e-01,3.394035e-03,1.267849e-02,4.943039e-02,3.424258e-02,1.826350e-03,9.621721e-03
4.230446e-01,2.739826e-02,2.422493e-02,3.156419e-02,7.992291e-02,4.311811e-02,2.338147e-02,9.647138e-03,2.414633e-01,3.501164e-03,1.128411e-02,3.906490e-02,2.812109e-02,1.851972e-03,1.241186e-02
3.609312e-01,3.216462e-02,6.098998e-02,4.337307e-02,1.195498e-01,5.164646e-02,3.035248e-02,1.669179e-02,2.007274e-01,3.822557e-03,1.019351e-02,3.009544e-02,2.594438e-02,1.842387e-03,1.167497e-02
3.536694e-01,3.092680e-02,5.397692e-02,3.674572e-02,1.350830e-01,7.657298e-02,3.222651e-02,1.486940e-02,1.920551e-01,4.299074e-03,9.376414e-03,2.324529e-02,2.241059e-02,1.981958e-03,1.256074e-02
4.037638e-01,3.293078e-02,4.230766e-02,3.130509e-02,1.117664e-01,6.371460e-02,2.515296e-02,1.265954e-02,1.894828e-01,5.051308e-03,1.114715e-02,2.446202e-02,1.937788e-02,4.734189e-03,2.214379e-02
4.288255e-01,3.137759e-02,3.151248e-02,2.932970e-02,1.050561e-01,5.582776e-02,2.098276e-02,1.208387e-02,1.990463e-01,4.530453e-03,1.154688e-02,2.415010e-02,1.648011e-02,5.420387e-03,2.383003e-02
4.157211e-01,2.961051e-02,2.350608e-02,1.142615e-01,1.178852e-01,4.294048e-02,1.569290e-02,1.630471e-02,1.466246e-01,4.112352e-03,1.349478e-02,2.026907e-02,1.514934e-02,4.902632e-03,1.952471e-02
4.534803e-01,2.173326e-02,1.678249e-02,9.218144e-02,1.776387e-01,3.335154e-02,1.166790e-02,1.274746e-02,1.054294e-01,3.774076e-03,2.039818e-02,1.791264e-02,1.430499e-02,4.106859e-03,1.449074e-02
1.000000e+00,0.000000e+00,0.000000e+00,0.000000e+00,0.000000e+00,0.000000e+00,0.000000e+00,0.000000e+00,0.000000e+00,0.000000e+00,0.000000e+00,0.000000e+00,0.000000e+00,0.000000e+00,0.000000e+00
1.000000e+00,0.000000e+00,0.000000e+00,0.000000e+00,0.000000e+00,0.000000e+00,0.000000e+00,0.000000e+00,0.000000e+00,0.000000e+00,0.000000e+00,0.000000e+00,0.000000e+00,0.000000e+00,0.000000e+00
1.000000e+00,0.000000e+00,0.000000e+00,0.000000e+00,0.000000e+00,0.000000e+00,0.000000e+00,0.000000e+00,0.000000e+00,0.000000e+00,0.000000e+00,0.000000e+00,0.000000e+00,0.000000e+00,0.000000e+00
1.000000e+00,0.000000e+00,0.000000e+00,0.000000e+00,0.000000e+00,0.000000e+00,0.000000e+00,0.000000e+00,0.000000e+00,0.000000e+00,0.000000e+00,0.000000e+00,0.000000e+00,0.000000e+00,0.000000e+00
1.000000e+00,0.000000e+00,0.000000e+00,0.000000e+00,0.000000e+00,0.000000e+00,0.000000e+00,0.000000e+00,0.000000e+00,0.000000e+00,0.000000e+00,0.000000e+00,0.000000e+00,0.000000e+00,0.000000e+00
1.000000e+00,0.000000e+00,0.000000e+00,0.000000e+00,0.000000e+00,0.000000e+00,0.000000e+00,0.000000e+00,0.000000e+00,0.000000e+00,0.000000e+00,0.000000e+00,0.000000e+00,0.000000e+00,0.000000e+00
1.000000e+00,0.000000e+00,0.000000e+00,0.000000e+00,0.000000e+00,0.000000e+00,0.000000e+00,0.000000e+00,0.000000e+00,0.000000e+00,0.000000e+00,0.000000e+00,0.000000e+00,0.000000e+00,0.000000e+00
1.000000e+00,0.000000e+00,0.000000e+00,0.000000e+00,0.000000e+00,0.000000e+00,0.000000e+00,0.000000e+00,0.000000e+00,0.000000e+00,0.000000e+00,0.000000e+00,0.000000e+00,0.000000e+00,0.000000e+00
1.000000e+00,0.000000e+00,0.000000e+00,0.000000e+00,0.000000e+00,0.000000e+00,0.000000e+00,0.000000e+00,0.000000e+00,0.000000e+00,0.000000e+00,0.000000e+00,0.000000e+00,0.000000e+00,0.000000e+00
1.000000e+00,0.000000e+00,0.000000e+00,0.000000e+00,0.000000e+00,0.000000e+00,0.000000e+00,0.000000e+00,0.000000e+00,0.000000e+00,0.000000e+00,0.000000e+00,0.000000e+00,0.000000e+00,0.000000e+00
4.316260e-01,1.354648e-02,7.966213e-03,1.214530e-02,1.156616e-01,1.800806e-01,1.179318e-03,5.568731e-03,1.089519e-02,3.661276e-03,1.129432e-01,9.339753e-03,3.006354e-03,4.658833e-02,4.579174e-02
3.058998e-01,1.030865e-02,6.383934e-03,8.772200e-03,8.194692e-02,1.354755e-01,8.879254e-04,4.152183e-03,8.815228e-03,2.930403e-03,2.312791e-01,8.759730e-03,2.319040e-03,1.552351e-01,3.683428e-02
2.199987e-01,7.542169e-03,4.874858e-03,6.343330e-03,5.787271e-02,1.022830e-01,7.559209e-04,3.111427e-03,1.068010e-02,2.493392e-03,2.557491e-01,1.003283e-02,1.880508e-03,2.873392e-01,2.904272e-02
1.552654e-01,5.575877e-03,4.246044e-03,5.150787e-03,4.089011e-02,7.571600e-02,5.764469e-04,2.266335e-03,2.059085e-02,2.616931e-03,2.390947e-01,8.348122e-03,1.475835e-03,4.161183e-01,2.206822e-02
1.092289e-01,4.097196e-03,3.376238e-03,3.898831e-03,2.890036e-02,5.434281e-02,4.356862e-04,1.642442e-03,2.039826e-02,2.812994e-03,2.467510e-01,7.859133e-03,1.128188e-03,4.994436e-01,1.568443e-02
7.712631e-02,3.532956e-03,2.716086e-03,3.004282e-03,2.074705e-02,3.891730e-02,3.367843e-04,1.189984e-03,3.559287e-02,5.559697e-03,2.701622e-01,7.458944e-03,9.260822e-04,5.213499e-01,1.137958e-02
5.444393e-02,4.741766e-03,2.099252e-03,2.945227e-03,1.617889e-02,2.815144e-02,3.011307e-04,9.602358e-04,7.176845e-02,7.719222e-03,3.390037e-01,1.135236e-02,9.655675e-04,4.509759e-01,8.392892e-03
3.833675e-02,4.893951e-03,1.893196e-03,2.316580e-03,1.209613e-02,2.085948e-02,2.582831e-04,7.445842e-04,7.715992e-02,1.103469e-02,3.352447e-01,1.242498e-02,7.789927e-04,4.757057e-01,6.252050e-03
2.717610e-02,5.833437e-03,1.469520e-03,2.034538e-03,9.100467e-03,1.581976e-02,1.978374e-04,6.135985e-04,1.085989e-01,2.100349e-02,3.389355e-01,1.709597e-02,8.764431e-04,4.465327e-01,4.711702e-03
1.951888e-02,6.541349e-03,1.175642e-03,2.179889e-03,7.744172e-03,1.831539e-02,1.764738e-04,6.220607e-04,1.528338e-01,2.197770e-02,2.741290e-01,1.332235e-02,7.873013e-04,4.764408e-01,4.235100e-03
1.408767e-02,6.975175e-03,9.595802e-04,2.004819e-03,5.871305e-03,1.700946e-02,1.411336e-04,5.233215e-04,1.662404e-01,3.370119e-02,2.281175e-01,1.080947e-02,6.823723e-04,5.087035e-01,4.173082e-03
1.201353e-02,6.482153e-02,1.370610e-03,2.733180e-03,5.578810e-03,1.453860e-02,1.206926e-04,5.490002e-04,2.435632e-01,7.032883e-02,1.744132e-01,8.072079e-03,6.822642e-04,3.916114e-01,9.603056e-03
1.060336e-02,8.645418e-02,1.636242e-03,2.716581e-03,5.705363e-03,1.455544e-02,1.183014e-04,6.492262e-04,3.233232e-01,1.142326e-01,1.289476e-01,5.776481e-03,6.124930e-04,2.940026e-01,1.066629e-02
1.164321e-02,1.039606e-01,1.797242e-03,2.539502e-03,6.723577e-03,2.179352e-02,3.031648e-04,9.071780e-04,3.616765e-01,1.536384e-01,9.272017e-02,4.136678e-03,5.149809e-04,2.246794e-01,1.296575e-02
2.612728e-02,1.139851e-01,8.594362e-03,1.851494e-02,1.788230e-02,2.170859e-02,8.633886e-04,2.095001e-02,3.520549e-01,1.504675e-01,6.830731e-02,3.229185e-03,1.058192e-03,1.802963e-01,1.596073e-02
3.745825e-02,1.436509e-01,2.051178e-02,2.842892e-02,2.946090e-02,2.627109e-02,8.753592e-04,2.056594e-02,3.035060e-01,1.765322e-01,5.080373e-02,2.498664e-03,1.179171e-03,1.388268e-01,1.943028e-02
6.489868e-02,1.676571e-01,4.791069e-02,4.318973e-02,3.718667e-02,3.215663e-02,1.685808e-03,2.458234e-02,2.831570e-01,1.292946e-01,3.916230e-02,2.590666e-03,1.700213e-03,1.049120e-01,1.991563e-02
6.719366e-02,1.491723e-01,1.315718e-01,5.495480e-02,3.892566e-02,3.286634e-02,1.459302e-03,2.383274e-02,2.261375e-01,1.296936e-01,3.011715e-02,2.205360e-03,2.133411e-03,7.644987e-02,3.328633e-02
6.604528e-02,1.139347e-01,3.099105e-01,5.465589e-02,3.494943e-02,2.455162e-02,1.293968e-03,2.139583e-02,1.671428e-01,9.716038e-02,2.223907e-02,2.095975e-03,2.064437e-03,5.393784e-02,2.862222e-02
7.443512e-02,8.664483e-02,4.021263e-01,5.937554e-02,3.239414e-02,2.014607e-02,1.157470e-03,1.832704e-02,1.313247e-01,8.588092e-02,1.892365e-02,2.556330e-03,2.486418e-03,4.031457e-02,2.390683e-02
7.262792e-02,6.262787e-02,5.120002e-01,6.279162e-02,2.729110e-02,1.560564e-02,1.102909e-03,1.889803e-02,9.513684e-02,6.461157e-02,1.439073e-02,2.625418e-03,2.330765e-03,2.935367e-02,1.860568e-02
1.211223e-01,4.992344e-02,5.219291e-01,6.240173e-02,2.822908e-02,1.434867e-02,1.219938e-03,1.705196e-02,7.628149e-02,4.794749e-02,1.099330e-02,4.252643e-03,2.210780e-03,2.595690e-02,1.613114e-02
1.786752e-01,3.891179e-02,4.971906e-01,5.807826e-02,2.512933e-02,1.315194e-02,1.459025e-03,1.888819e-02,6.597779e-02,4.222566e-02,8.582541e-03,5.926525e-03,2.523745e-03,2.647594e-02,1.680345e-02
3.137607e-01,3.255048e-02,3.867267e-01,5.951952e-02,2.055978e-02,1.176655e-02,1.705869e-03,1.789739e-02,5.812550e-02,3.831577e-02,8.127304e-03,8.166611e-03,3.177454e-03,2.044128e-02,1.915910e-02
4.300114e-01,2.793877e-02,3.047822e-01,5.431903e-02,1.762694e-02,1.092874e-02,1.551178e-03,1.765442e-02,4.837982e-02,2.980358e-02,9.682976e-03,8.804095e-03,3.454390e-03,1.606798e-02,1.899456e-02
4.983993e-01,2.450719e-02,2.327934e-01,6.361949e-02,1.320944e-02,1.106759e-02,1.401798e-03,1.391901e-02,4.805988e-02,2.470235e-02,1.292260e-02,8.360508e-03,3.640312e-03,1.625012e-02,2.714709e-02
4.498449e-01,2.079732e-02,1.652896e-01,4.843133e-02,9.522002e-03,1.541964e-02,1.188939e-03,1.023571e-02,3.821126e-02,1.514874e-01,2.060035e-02,7.650534e-03,5.535971e-03,2.585351e-02,2.993156e-02
3.519261e-01,1.865892e-02,1.165740e-01,3.634854e-02,7.137130e-03,1.657585e-02,9.253500e-04,7.589452e-03,3.236477e-02,2.958021e-01,4.129845e-02,9.134660e-03,9.882069e-03,2.589652e-02,2.988610e-02
3.202806e-01,1.507355e-02,8.196948e-02,2.657358e-02,5.717509e-03,1.933704e-02,7.627096e-04,5.780297e-03,2.672226e-02,3.743185e-01,5.436897e-02,9.797144e-03,1.208198e-02,2.278335e-02,2.443307e-02
2.955249e-01,1.218821e-02,5.794787e-02,1.939183e-02,4.772030e-03,2.884192e-02,6.684886e-04,4.576607e-03,2.126407e-02,4.317729e-01,6.179563e-02,9.768469e-03,1.044095e-02,2.059369e-02,2.045245e-02
2.496922e-01,1.007270e-02,4.105025e-02,1.393487e-02,3.792718e-03,3.369791e-02,5.816502e-04,3.688618e-03,1.655097e-02,4.920914e-01,7.061710e-02,9.646203e-03,9.454139e-03,1.957406e-02,2.555516e-02
2.311940e-01,1.569875e-02,3.497519e-02,1.373329e-02,4.899914e-03,3.482548e-02,9.002128e-04,7.649021e-03,2.289351e-02,4.192820e-01,7.788586e-02,1.717914e-02,1.152456e-02,4.860181e-02,5.875723e-02
1.869029e-01,1.803955e-02,2.501010e-02,1.160358e-02,3.973628e-03,3.095680e-02,7.886048e-04,6.382556e-03,2.325832e-02,4.637562e-01,1.102426e-01,2.072066e-02,9.798474e-03,3.957792e-02,4.898816e-02
1.953556e-01,2.861746e-02,1.876345e-02,1.566416e-02,3.860528e-03,5.391764e-02,1.123993e-03,8.426138e-03,3.931745e-02,3.969021e-01,1.350087e-01,2.385173e-02,8.449228e-03,3.230128e-02,3.844060e-02
2.419379e-01,2.965729e-02,1.455022e-02,1.698316e-02,5.947825e-03,4.852610e-02,1.328342e-03,9.092456e-03,5.500098e-02,3.645302e-01,1.217784e-01,2.663114e-02,6.824094e-03,2.632220e-02,3.088966e-02
2.594768e-01,4.536907e-02,1.294229e-02,6.849015e-02,6.521364e-03,4.745481e-02,1.364103e-03,9.719801e-03,9.041587e-02,2.649949e-01,1.072004e-01,3.232813e-02,6.684306e-03,2.036479e-02,2.667318e-02
2.577842e-01,8.751176e-02,2.425772e-02,1.042155e-01,9.330509e-03,4.397968e-02,1.363531e-03,9.377633e-03,9.874777e-02,1.956425e-01,8.814698e-02,2.997224e-02,5.809198e-03,1.821507e-02,2.564571e-02
2.366614e-01,1.399712e-01,2.250363e-02,9.450328e-02,1.289041e-02,3.759596e-02,1.601407e-03,8.085213e-03,1.003370e-01,1.718252e-01,9.722266e-02,3.218402e-02,5.939362e-03,1.576877e-02,2.291054e-02
2.773918e-01,1.285863e-01,2.089584e-02,7.368910e-02,1.357929e-02,3.008141e-02,1.650688e-03,7.423622e-03,1.028043e-01,1.634286e-01,9.995461e-02,3.516612e-02,5.515072e-03,1.578021e-02,2.405310e-02
2.611152e-01,1.636137e-01,1.710558e-02,6.037284e-02,1.708141e-02,2.921523e-02,1.484682e-03,9.333078e-03,9.712122e-02,1.660506e-01,9.412280e-02,3.023196e-02,6.228579e-03,1.836528e-02,2.855774e-02
2.515731e-01,2.191813e-01,1.328057e-02,4.890705e-02,2.029100e-02,2.743233e-02,1.217790e-03,7.968046e-03,1.148576e-01,1.283550e-01,8.652087e-02,2.486809e-02,5.251518e-03,2.207833e-02,2.821738e-02
2.833803e-01,2.385094e-01,1.031618e-02,4.344002e-02,2.027770e-02,2.574781e-02,1.353418e-03,8.669036e-03,1.246706e-01,1.014976e-01,7.153890e-02,2.202966e-02,5.020814e-03,1.969134e-02,2.385712e-02
3.169994e-01,2.341637e-01,7.706825e-03,3.435356e-02,1.869914e-02,2.616389e-02,1.233458e-03,7.164423e-03,1.469102e-01,7.934196e-02,6.093126e-02,2.172377e-02,4.501851e-03,1.631629e-02,2.379015e-02
3.440487e-01,2.221276e-01,6.616365e-03,3.401553e-02,2.098525e-02,2.599140e-02,1.657702e-03,8.993071e-03,1.269674e-01,8.093800e-02,6.457710e-02,2.231592e-02,4.694641e-03,1.391646e-02,2.215487e-02
4.336928e-01,1.690725e-01,5.086561e-03,3.062944e-02,1.775444e-02,2.841512e-02,1.828483e-03,8.888826e-03,1.148748e-01,7.488558e-02,5.485832e-02,2.403146e-02,4.676931e-03,1.156233e-02,1.974233e-02
1.000000e+00,0.000000e+00,0.000000e+00,0.000000e+00,0.000000e+00,0.000000e+00,0.000000e+00,0.000000e+00,0.000000e+00,0.000000e+00,0.000000e+00,0.000000e+00,0.000000e+00,0.000000e+00,0.000000e+00
1.000000e+00,0.000000e+00,0.000000e+00,0.000000e+00,0.000000e+00,0.000000e+00,0.000000e+00,0.000000e+00,0.000000e+00,0.000000e+00,0.000000e+00,0.000000e+00,0.000000e+00,0.000000e+00,0.000000e+00
1.000000e+00,0.000000e+00,0.000000e+00,0.000000e+00,0.000000e+00,0.000000e+00,0.000000e+00,0.000000e+00,0.000000e+00,0.000000e+00,0.000000e+00,0.000000e+00,0.000000e+00,0.000000e+00,0.000000e+00
1.000000e+00,0.000000e+00,0.000000e+00,0.000000e+00,0.000000e+00,0.000000e+00,0.000000e+00,0.000000e+00,0.000000e+00,0.000000e+00,0.000000e+00,0.000000e+00,0.000000e+00,0.000000e+00,0.000000e+00
1.000000e+00,0.000000e+00,0.000000e+00,0.000000e+00,0.000000e+00,0.000000e+00,0.000000e+00,0.000000e+00,0.000000e+00,0.000000e+00,0.000000e+00,0.000000e+00,0.000000e+00,0.000000e+00,0.000000e+00
1.000000e+00,0.000000e+00,0.000000e+00,0.000000e+00,0.000000e+00,0.000000e+00,0.000000e+00,0.000000e+00,0.000000e+00,0.000000e+00,0.000000e+00,0.000000e+00,0.000000e+00,0.000000e+00,0.000000e+00
1.000000e+00,0.000000e+00,0.000000e+00,0.000000e+00,0.000000e+00,0.000000e+00,0.000000e+00,0.000000e+00,0.000000e+00,0.000000e+00,0.000000e+00,0.000000e+00,0.000000e+00,0.000000e+00,0.000000e+00
1.000000e+00,0.000000e+00,0.000000e+00,0.000000e+00,0.000000e+00,0.000000e+00,0.000000e+00,0.000000e+00,0.000000e+00,0.000000e+00,0.000000e+00,0.000000e+00,0.000000e+00,0.000000e+00,0.000000e+00
1.000000e+00,0.000000e+00,0.000000e+00,0.000000e+00,0.000000e+00,0.000000e+00,0.000000e+00,0.000000e+00,0.000000e+00,0.000000e+00,0.000000e+00,0.000000e+00,0.000000e+00,0.000000e+00,0.000000e+00
1.000000e+00,0.000000e+00,0.000000e+00,0.000000e+00,0.000000e+00,0.000000e+00,0.000000e+00,0.000000e+00,0.000000e+00,0.000000e+00,0.000000e+00,0.000000e+00,0.000000e+00,0.000000e+00,0.000000e+00
1.000000e+00,0.000000e+00,0.000000e+00,0.000000e+00,0.000000e+00,0.000000e+00,0.000000e+00,0.000000e+00,0.000000e+00,0.000000e+00,0.000000e+00,0.000000e+00,0.000000e+00,0.000000e+00,0.000000e+00
1.000000e+00,0.000000e+00,0.000000e+00,0.000000e+00,0.000000e+00,0.000000e+00,0.000000e+00,0.000000e+00,0.000000e+00,0.000000e+00,0.000000e+00,0.000000e+00,0.000000e+00,0.000000e+00,0.000000e+00
1.000000e+00,0.000000e+00,0.000000e+00,0.000000e+00,0.000000e+00,0.000000e+00,0.000000e+00,0.000000e+00,0.000000e+00,0.000000e+00,0.000000e+00,0.000000e+00,0.000000e+00,0.000000e+00,0.000000e+00
1.000000e+00,0.000000e+00,0.000000e+00,0.000000e+00,0.000000e+00,0.000000e+00,0.000000e+00,0.000000e+00,0.000000e+00,0.000000e+00,0.000000e+00,0.000000e+00,0.000000e+00,0.000000e+00,0.000000e+00
1.000000e+00,0.000000e+00,0.000000e+00,0.000000e+00,0.000000e+00,0.000000e+00,0.000000e+00,0.000000e+00,0.000000e+00,0.000000e+00,0.000000e+00,0.000000e+00,0.000000e+00,0.000000e+00,0.000000e+00
1.000000e+00,0.000000e+00,0.000000e+00,0.000000e+00,0.000000e+00,0.000000e+00,0.000000e+00,0.000000e+00,0.000000e+00,0.000000e+00,0.000000e+00,0.000000e+00,0.000000e+00,0.000000e+00,0.000000e+00
1.000000e+00,0.000000e+00,0.000000e+00,0.000000e+00,0.000000e+00,0.000000e+00,0.000000e+00,0.000000e+00,0.000000e+00,0.000000e+00,0.000000e+00,0.000000e+00,0.000000e+00,0.000000e+00,0.000000e+00
1.000000e+00,0.000000e+00,0.000000e+00,0.000000e+00,0.000000e+00,0.000000e+00,0.000000e+00,0.000000e+00,0.000000e+00,0.000000e+00,0.000000e+00,0.000000e+00,0.000000e+00,0.000000e+00,0.000000e+00
1.000000e+00,0.000000e+00,0.000000e+00,0.000000e+00,0.000000e+00,0.000000e+00,0.000000e+00,0.000000e+00,0.000000e+00,0.000000e+00,0.000000e+00,0.000000e+00,0.000000e+00,0.000000e+00,0.000000e+00
1.000000e+00,0.000000e+00,0.000000e+00,0.000000e+00,0.000000e+00,0.000000e+00,0.000000e+00,0.000000e+00,0.000000e+00,0.000000e+00,0.000000e+00,0.000000e+00,0.000000e+00,0.000000e+00,0.000000e+00
1.000000e+00,0.000000e+00,0.000000e+00,0.000000e+00,0.000000e+00,0.000000e+00,0.000000e+00,0.000000e+00,0.000000e+00,0.000000e+00,0.000000e+00,0.000000e+00,0.000000e+00,0.000000e+00,0.000000e+00
1.000000e+00,0.000000e+00,0.000000e+00,0.000000e+00,0.000000e+00,0.000000e+00,0.000000e+00,0.000000e+00,0.000000e+00,0.000000e+00,0.000000e+00,0.000000e+00,0.000000e+00,0.000000e+00,0.000000e+00
1.000000e+00,0.000000e+00,0.000000e+00,0.000000e+00,0.000000e+00,0.000000e+00,0.000000e+00,0.000000e+00,0.000000e+00,0.000000e+00,0.000000e+00,0.000000e+00,0.000000e+00,0.000000e+00,0.000000e+00
1.000000e+00,0.000000e+00,0.000000e+00,0.000000e+00,0.000000e+00,0.000000e+00,0.000000e+00,0.000000e+00,0.000000e+00,0.000000e+00,0.000000e+00,0.000000e+00,0.000000e+00,0.000000e+00,0.000000e+00
1.000000e+00,0.000000e+00,0.000000e+00,0.000000e+00,0.000000e+00,0.000000e+00,0.000000e+00,0.000000e+00,0.000000e+00,0.000000e+00,0.000000e+00,0.000000e+00,0.000000e+00,0.000000e+00,0.000000e+00
1.000000e+00,0.000000e+00,0.000000e+00,0.000000e+00,0.000000e+00,0.000000e+00,0.000000e+00,0.000000e+00,0.000000e+00,0.000000e+00,0.000000e+00,0.000000e+00,0.000000e+00,0.000000e+00,0.000000e+00
1.000000e+00,0.000000e+00,0.000000e+00,0.000000e+00,0.000000e+00,0.000000e+00,0.000000e+00,0.000000e+00,0.000000e+00,0.000000e+00,0.000000e+00,0.000000e+00,0.000000e+00,0.000000e+00,0.000000e+00
1.000000e+00,0.000000e+00,0.000000e+00,0.000000e+00,0.000000e+00,0.000000e+00,0.000000e+00,0.000000e+00,0.000000e+00,0.000000e+00,0.000000e+00,0.000000e+00,0.000000e+00,0.000000e+00,0.000000e+00
1.000000e+00,0.000000e+00,0.000000e+00,0.000000e+00,0.000000e+00,0.000000e+00,0.000000e+00,0.000000e+00,0.000000e+00,0.000000e+00,0.000000e+00,0.000000e+00,0.000000e+00,0.000000e+00,0.000000e+00
1.000000e+00,0.000000e+00,0.000000e+00,0.000000e+00,0.000000e+00,0.000000e+00,0.000000e+00,0.000000e+00,0.000000e+00,0.000000e+00,0.000000e+00,0.000000e+00,0.000000e+00,0.000000e+00,0.000000e+00
1.000000e+00,0.000000e+00,0.000000e+00,0.000000e+00,0.000000e+00,0.000000e+00,0.000000e+00,0.000000e+00,0.000000e+00,0.000000e+00,0.000000e+00,0.000000e+00,0.000000e+00,0.000000e+00,0.000000e+00
1.000000e+00,0.000000e+00,0.000000e+00,0.000000e+00,0.000000e+00,0.000000e+00,0.000000e+00,0.000000e+00,0.000000e+00,0.000000e+00,0.000000e+00,0.000000e+00,0.000000e+00,0.000000e+00,0.000000e+00
1.000000e+00,0.000000e+00,0.000000e+00,0.000000e+00,0.000000e+00,0.000000e+00,0.000000e+00,0.000000e+00,0.000000e+00,0.000000e+00,0.000000e+00,0.000000e+00,0.000000e+00,0.000000e+00,0.000000e+00
1.000000e+00,0.000000e+00,0.000000e+00,0.000000e+00,0.000000e+00,0.000000e+00,0.000000e+00,0.000000e+00,0.000000e+00,0.000000e+00,0.000000e+00,0.000000e+00,0.000000e+00,0.000000e+00,0.000000e+00
1.000000e+00,0.000000e+00,0.000000e+00,0.000000e+00,0.000000e+00,0.000000e+00,0.000000e+00,0.000000e+00,0.000000e+00,0.000000e+00,0.000000e+00,0.000000e+00,0.000000e+00,0.000000e+00,0.000000e+00
1.000000e+00,0.000000e+00,0.000000e+00,0.000000e+00,0.000000e+00,0.000000e+00,0.000000e+00,0.000000e+00,0.000000e+00,0.000000e+00,0.000000e+00,0.000000e+00,0.000000e+00,0.000000e+00,0.000000e+00
1.000000e+00,0.000000e+00,0.000000e+00,0.000000e+00,0.000000e+00,0.000000e+00,0.000000e+00,0.000000e+00,0.000000e+00,0.000000e+00,0.000000e+00,0.000000e+00,0.000000e+00,0.000000e+00,0.000000e+00
1.000000e+00,0.000000e+00,0.000000e+00,0.000000e+00,0.000000e+00,0.000000e+00,0.000000e+00,0.000000e+00,0.000000e+00,0.000000e+00,0.000000e+00,0.000000e+00,0.000000e+00,0.000000e+00,0.000000e+00
1.000000e+00,0.000000e+00,0.000000e+00,0.000000e+00,0.000000e+00,0.000000e+00,0.000000e+00,0.000000e+00,0.000000e+00,0.000000e+00,0.000000e+00,0.000000e+00,0.000000e+00,0.000000e+00,0.000000e+00
1.000000e+00,0.000000e+00,0.000000e+00,0.000000e+00,0.000000e+00,0.000000e+00,0.000000e+00,0.000000e+00,0.000000e+00,0.000000e+00,0.000000e+00,0.000000e+00,0.000000e+00,0.000000e+00,0.000000e+00
1.000000e+00,0.000000e+00,0.000000e+00,0.000000e+00,0.000000e+00,0.000000e+00,0.000000e+00,0.000000e+00,0.000000e+00,0.000000e+00,0.000000e+00,0.000000e+00,0.000000e+00,0.000000e+00,0.000000e+00
1.000000e+00,0.000000e+00,0.000000e+00,0.000000e+00,0.000000e+00,0.000000e+00,0.000000e+00,0.000000e+00,0.000000e+00,0.000000e+00,0.000000e+00,0.000000e+00,0.000000e+00,0.000000e+00,0.000000e+00
1.000000e+00,0.000000e+00,0.000000e+00,0.000000e+00,0.000000e+00,0.000000e+00,0.000000e+00,0.000000e+00,0.000000e+00,0.000000e+00,0.000000e+00,0.000000e+00,0.000000e+00,0.000000e+00,0.000000e+00
1.000000e+00,0.000000e+00,0.000000e+00,0.000000e+00,0.000000e+00,0.000000e+00,0.000000e+00,0.000000e+00,0.000000e+00,0.000000e+00,0.000000e+00,0.000000e+00,0.000000e+00,0.000000e+00,0.000000e+00
1.000000e+00,0.000000e+00,0.000000e+00,0.000000e+00,0.000000e+00,0.000000e+00,0.000000e+00,0.000000e+00,0.000000e+00,0.000000e+00,0.000000e+00,0.000000e+00,0.000000e+00,0.000000e+00,0.000000e+00
1.000000e+00,0.000000e+00,0.000000e+00,0.000000e+00,0.000000e+00,0.000000e+00,0.000000e+00,0.000000e+00,0.000000e+00,0.000000e+00,0.000000e+00,0.000000e+00,0.000000e+00,0.000000e+00,0.000000e+00
1.000000e+00,0.000000e+00,0.000000e+00,0.000000e+00,0.000000e+00,0.000000e+00,0.000000e+00,0.000000e+00,0.000000e+00,0.000000e+00,0.000000e+00,0.000000e+00,0.000000e+00,0.000000e+00,0.000000e+00
1.000000e+00,0.000000e+00,0.000000e+00,0.000000e+00,0.000000e+00,0.000000e+00,0.000000e+00,0.000000e+00,0.000000e+00,0.000000e+00,0.000000e+00,0.000000e+00,0.000000e+00,0.000000e+00,0.000000e+00
1.000000e+00,0.000000e+00,0.000000e+00,0.000000e+00,0.000000e+00,0.000000e+00,0.000000e+00,0.000000e+00,0.000000e+00,0.000000e+00,0.000000e+00,0.000000e+00,0.000000e+00,0.000000e+00,0.000000e+00
1.000000e+00,0.000000e+00,0.000000e+00,0.000000e+00,0.000000e+00,0.000000e+00,0.000000e+00,0.000000e+00,0.000000e+00,0.000000e+00,0.000000e+00,0.000000e+00,0.000000e+00,0.000000e+00,0.000000e+00
1.000000e+00,0.000000e+00,0.000000e+00,0.000000e+00,0.000000e+00,0.000000e+00,0.000000e+00,0.000000e+00,0.000000e+00,0.000000e+00,0.000000e+00,0.000000e+00,0.000000e+00,0.000000e+00,0.000000e+00
1.000000e+00,0.000000e+00,0.000000e+00,0.000000e+00,0.000000e+00,0.000000e+00,0.000000e+00,0.000000e+00,0.000000e+00,0.000000e+00,0.000000e+00,0.000000e+00,0.000000e+00,0.000000e+00,0.000000e+00
1.000000e+00,0.000000e+00,0.000000e+00,0.000000e+00,0.000000e+00,0.000000e+00,0.000000e+00,0.000000e+00,0.000000e+00,0.000000e+00,0.000000e+00,0.000000e+00,0.000000e+00,0.000000e+00,0.000000e+00
1.000000e+00,0.000000e+00,0.000000e+00,0.000000e+00,0.000000e+00,0.000000e+00,0.000000e+00,0.000000e+00,0.000000e+00,0.000000e+00,0.000000e+00,0.000000e+00,0.000000e+00,0.000000e+00,0.000000e+00
1.000000e+00,0.000000e+00,0.000000e+00,0.000000e+00,0.000000e+00,0.000000e+00,0.000000e+00,0.000000e+00,0.000000e+00,0.000000e+00,0.000000e+00,0.000000e+00,0.000000e+00,0.000000e+00,0.000000e+00
1.000000e+00,0.000000e+00,0.000000e+00,0.000000e+00,0.000000e+00,0.000000e+00,0.000000e+00,0.000000e+00,0.000000e+00,0.000000e+00,0.000000e+00,0.000000e+00,0.000000e+00,0.000000e+00,0.000000e+00
1.000000e+00,0.000000e+00,0.000000e+00,0.000000e+00,0.000000e+00,0.000000e+00,0.000000e+00,0.000000e+00,0.000000e+00,0.000000e+00,0.000000e+00,0.000000e+00,0.000000e+00,0.000000e+00,0.000000e+00
1.000000e+00,0.000000e+00,0.000000e+00,0.000000e+00,0.000000e+00,0.000000e+00,0.000000e+00,0.000000e+00,0.000000e+00,0.000000e+00,0.000000e+00,0.000000e+00,0.000000e+00,0.000000e+00,0.000000e+00
