1.000000e+00,0.000000e+00,0.000000e+00,0.000000e+00,0.000000e+00,0.000000e+00,0.000000e+00,0.000000e+00,0.000000e+00,0.000000e+00,0.000000e+00,0.000000e+00,0.000000e+00,0.000000e+00,0.000000e+00
1.000000e+00,0.000000e+00,0.000000e+00,0.000000e+00,0.000000e+00,0.000000e+00,0.000000e+00,0.000000e+00,0.000000e+00,0.000000e+00,0.000000e+00,0.000000e+00,0.000000e+00,0.000000e+00,0.000000e+00
1.000000e+00,0.000000e+00,0.000000e+00,0.000000e+00,0.000000e+00,0.000000e+00,0.000000e+00,0.000000e+00,0.000000e+00,0.000000e+00,0.000000e+00,0.000000e+00,0.000000e+00,0.000000e+00,0.000000e+00
1.000000e+00,0.000000e+00,0.000000e+00,0.000000e+00,0.000000e+00,0.000000e+00,0.000000e+00,0.000000e+00,0.000000e+00,0.000000e+00,0.000000e+00,0.000000e+00,0.000000e+00,0.000000e+00,0.000000e+00
1.000000e+00,0.000000e+00,0.000000e+00,0.000000e+00,0.000000e+00,0.000000e+00,0.000000e+00,0.000000e+00,0.000000e+00,0.000000e+00,0.000000e+00,0.000000e+00,0.000000e+00,0.000000e+00,0.000000e+00
1.000000e+00,0.000000e+00,0.000000e+00,0.000000e+00,0.000000e+00,0.000000e+00,0.000000e+00,0.000000e+00,0.000000e+00,0.000000e+00,0.000000e+00,0.000000e+00,0.000000e+00,0.000000e+00,0.000000e+00
1.000000e+00,0.000000e+00,0.000000e+00,0.000000e+00,0.000000e+00,0.000000e+00,0.000000e+00,0.000000e+00,0.000000e+00,0.000000e+00,0.000000e+00,0.000000e+00,0.000000e+00,0.000000e+00,0.000000e+00
1.000000e+00,0.000000e+00,0.000000e+00,0.000000e+00,0.000000e+00,0.000000e+00,0.000000e+00,0.000000e+00,0.000000e+00,0.000000e+00,0.000000e+00,0.000000e+00,0.000000e+00,0.000000e+00,0.000000e+00
1.000000e+00,0.000000e+00,0.000000e+00,0.000000e+00,0.000000e+00,0.000000e+00,0.000000e+00,0.000000e+00,0.000000e+00,0.000000e+00,0.000000e+00,0.000000e+00,0.000000e+00,0.000000e+00,0.000000e+00
1.000000e+00,0.000000e+00,0.000000e+00,0.000000e+00,0.000000e+00,0.000000e+00,0.000000e+00,0.000000e+00,0.000000e+00,0.000000e+00,0.000000e+00,0.000000e+00,0.000000e+00,0.000000e+00,0.000000e+00
1.000000e+00,0.000000e+00,0.000000e+00,0.000000e+00,0.000000e+00,0.000000e+00,0.000000e+00,0.000000e+00,0.000000e+00,0.000000e+00,0.000000e+00,0.000000e+00,0.000000e+00,0.000000e+00,0.000000e+00
1.000000e+00,0.000000e+00,0.000000e+00,0.000000e+00,0.000000e+00,0.000000e+00,0.000000e+00,0.000000e+00,0.000000e+00,0.000000e+00,0.000000e+00,0.000000e+00,0.000000e+00,0.000000e+00,0.000000e+00
1.000000e+00,0.000000e+00,0.000000e+00,0.000000e+00,0.000000e+00,0.000000e+00,0.000000e+00,0.000000e+00,0.000000e+00,0.000000e+00,0.000000e+00,0.000000e+00,0.000000e+00,0.000000e+00,0.000000e+00
1.000000e+00,0.000000e+00,0.000000e+00,0.000000e+00,0.000000e+00,0.000000e+00,0.000000e+00,0.000000e+00,0.000000e+00,0.000000e+00,0.000000e+00,0.000000e+00,0.000000e+00,0.000000e+00,0.000000e+00
1.000000e+00,0.000000e+00,0.000000e+00,0.000000e+00,0.000000e+00,0.000000e+00,0.000000e+00,0.000000e+00,0.000000e+00,0.000000e+00,0.000000e+00,0.000000e+00,0.000000e+00,0.000000e+00,0.000000e+00
1.000000e+00,0.000000e+00,0.000000e+00,0.000000e+00,0.000000e+00,0.000000e+00,0.000000e+00,0.000000e+00,0.000000e+00,0.000000e+00,0.000000e+00,0.000000e+00,0.000000e+00,0.000000e+00,0.000000e+00
1.000000e+00,0.000000e+00,0.000000e+00,0.000000e+00,0.000000e+00,0.000000e+00,0.000000e+00,0.000000e+00,0.000000e+00,0.000000e+00,0.000000e+00,0.000000e+00,0.000000e+00,0.000000e+00,0.000000e+00
1.000000e+00,0.000000e+00,0.000000e+00,0.000000e+00,0.000000e+00,0.000000e+00,0.000000e+00,0.000000e+00,0.000000e+00,0.000000e+00,0.000000e+00,0.000000e+00,0.000000e+00,0.000000e+00,0.000000e+00
1.000000e+00,0.000000e+00,0.000000e+00,0.000000e+00,0.000000e+00,0.000000e+00,0.000000e+00,0.000000e+00,0.000000e+00,0.000000e+00,0.000000e+00,0.000000e+00,0.000000e+00,0.000000e+00,0.000000e+00
1.000000e+00,0.000000e+00,0.000000e+00,0.000000e+00,0.000000e+00,0.000000e+00,0.000000e+00,0.000000e+00,0.000000e+00,0.000000e+00,0.000000e+00,0.000000e+00,0.000000e+00,0.000000e+00,0.000000e+00
1.000000e+00,0.000000e+00,0.000000e+00,0.000000e+00,0.000000e+00,0.000000e+00,0.000000e+00,0.000000e+00,0.000000e+00,0.000000e+00,0.000000e+00,0.000000e+00,0.000000e+00,0.000000e+00,0.000000e+00
1.000000e+00,0.000000e+00,0.000000e+00,0.000000e+00,0.000000e+00,0.000000e+00,0.000000e+00,0.000000e+00,0.000000e+00,0.000000e+00,0.000000e+00,0.000000e+00,0.000000e+00,0.000000e+00,0.000000e+00
1.000000e+00,0.000000e+00,0.000000e+00,0.000000e+00,0.000000e+00,0.000000e+00,0.000000e+00,0.000000e+00,0.000000e+00,0.000000e+00,0.000000e+00,0.000000e+00,0.000000e+00,0.000000e+00,0.000000e+00
1.000000e+00,0.000000e+00,0.000000e+00,0.000000e+00,0.000000e+00,0.000000e+00,0.000000e+00,0.000000e+00,0.000000e+00,0.000000e+00,0.000000e+00,0.000000e+00,0.000000e+00,0.000000e+00,0.000000e+00
1.000000e+00,0.000000e+00,0.000000e+00,0.000000e+00,0.000000e+00,0.000000e+00,0.000000e+00,0.000000e+00,0.000000e+00,0.000000e+00,0.000000e+00,0.000000e+00,0.000000e+00,0.000000e+00,0.000000e+00
1.000000e+00,0.000000e+00,0.000000e+00,0.000000e+00,0.000000e+00,0.000000e+00,0.000000e+00,0.000000e+00,0.000000e+00,0.000000e+00,0.000000e+00,0.000000e+00,0.000000e+00,0.000000e+00,0.000000e+00
1.000000e+00,0.000000e+00,0.000000e+00,0.000000e+00,0.000000e+00,0.000000e+00,0.000000e+00,0.000000e+00,0.000000e+00,0.000000e+00,0.000000e+00,0.000000e+00,0.000000e+00,0.000000e+00,0.000000e+00
1.000000e+00,0.000000e+00,0.000000e+00,0.000000e+00,0.000000e+00,0.000000e+00,0.000000e+00,0.000000e+00,0.000000e+00,0.000000e+00,0.000000e+00,0.000000e+00,0.000000e+00,0.000000e+00,0.000000e+00
1.000000e+00,0.000000e+00,0.000000e+00,0.000000e+00,0.000000e+00,0.000000e+00,0.000000e+00,0.000000e+00,0.000000e+00,0.000000e+00,0.000000e+00,0.000000e+00,0.000000e+00,0.000000e+00,0.000000e+00
1.000000e+00,0.000000e+00,0.000000e+00,0.000000e+00,0.000000e+00,0.000000e+00,0.000000e+00,0.000000e+00,0.000000e+00,0.000000e+00,0.000000e+00,0.000000e+00,0.000000e+00,0.000000e+00,0.000000e+00
1.000000e+00,0.000000e+00,0.000000e+00,0.000000e+00,0.000000e+00,0.000000e+00,0.000000e+00,0.000000e+00,0.000000e+00,0.000000e+00,0.000000e+00,0.000000e+00,0.000000e+00,0.000000e+00,0.000000e+00
1.000000e+00,0.000000e+00,0.000000e+00,0.000000e+00,0.000000e+00,0.000000e+00,0.000000e+00,0.000000e+00,0.000000e+00,0.000000e+00,0.000000e+00,0.000000e+00,0.000000e+00,0.000000e+00,0.000000e+00
1.000000e+00,0.000000e+00,0.000000e+00,0.000000e+00,0.000000e+00,0.000000e+00,0.000000e+00,0.000000e+00,0.000000e+00,0.000000e+00,0.000000e+00,0.000000e+00,0.000000e+00,0.000000e+00,0.000000e+00
1.000000e+00,0.000000e+00,0.000000e+00,0.000000e+00,0.000000e+00,0.000000e+00,0.000000e+00,0.000000e+00,0.000000e+00,0.000000e+00,0.000000e+00,0.000000e+00,0.000000e+00,0.000000e+00,0.000000e+00
1.000000e+00,0.000000e+00,0.000000e+00,0.000000e+00,0.000000e+00,0.000000e+00,0.000000e+00,0.000000e+00,0.000000e+00,0.000000e+00,0.000000e+00,0.000000e+00,0.000000e+00,0.000000e+00,0.000000e+00
1.000000e+00,0.000000e+00,0.000000e+00,0.000000e+00,0.000000e+00,0.000000e+00,0.000000e+00,0.000000e+00,0.000000e+00,0.000000e+00,0.000000e+00,0.000000e+00,0.000000e+00,0.000000e+00,0.000000e+00
1.000000e+00,0.000000e+00,0.000000e+00,0.000000e+00,0.000000e+00,0.000000e+00,0.000000e+00,0.000000e+00,0.000000e+00,0.000000e+00,0.000000e+00,0.000000e+00,0.000000e+00,0.000000e+00,0.000000e+00
1.000000e+00,0.000000e+00,0.000000e+00,0.000000e+00,0.000000e+00,0.000000e+00,0.000000e+00,0.000000e+00,0.000000e+00,0.000000e+00,0.000000e+00,0.000000e+00,0.000000e+00,0.000000e+00,0.000000e+00
1.000000e+00,0.000000e+00,0.000000e+00,0.000000e+00,0.000000e+00,0.000000e+00,0.000000e+00,0.000000e+00,0.000000e+00,0.000000e+00,0.000000e+00,0.000000e+00,0.000000e+00,0.000000e+00,0.000000e+00
1.000000e+00,0.000000e+00,0.000000e+00,0.000000e+00,0.000000e+00,0.000000e+00,0.000000e+00,0.000000e+00,0.000000e+00,0.000000e+00,0.000000e+00,0.000000e+00,0.000000e+00,0.000000e+00,0.000000e+00
1.000000e+00,0.000000e+00,0.000000e+00,0.000000e+00,0.000000e+00,0.000000e+00,0.000000e+00,0.000000e+00,0.000000e+00,0.000000e+00,0.000000e+00,0.000000e+00,0.000000e+00,0.000000e+00,0.000000e+00
1.000000e+00,0.000000e+00,0.000000e+00,0.000000e+00,0.000000e+00,0.000000e+00,0.000000e+00,0.000000e+00,0.000000e+00,0.000000e+00,0.000000e+00,0.000000e+00,0.000000e+00,0.000000e+00,0.000000e+00
1.000000e+00,0.000000e+00,0.000000e+00,0.000000e+00,0.000000e+00,0.000000e+00,0.000000e+00,0.000000e+00,0.000000e+00,0.000000e+00,0.000000e+00,0.000000e+00,0.000000e+00,0.000000e+00,0.000000e+00
1.000000e+00,0.000000e+00,0.000000e+00,0.000000e+00,0.000000e+00,0.000000e+00,0.000000e+00,0.000000e+00,0.000000e+00,0.000000e+00,0.000000e+00,0.000000e+00,0.000000e+00,0.000000e+00,0.000000e+00
1.000000e+00,0.000000e+00,0.000000e+00,0.000000e+00,0.000000e+00,0.000000e+00,0.000000e+00,0.000000e+00,0.000000e+00,0.000000e+00,0.000000e+00,0.000000e+00,0.000000e+00,0.000000e+00,0.000000e+00
1.000000e+00,0.000000e+00,0.000000e+00,0.000000e+00,0.000000e+00,0.000000e+00,0.000000e+00,0.000000e+00,0.000000e+00,0.000000e+00,0.000000e+00,0.000000e+00,0.000000e+00,0.000000e+00,0.000000e+00
1.000000e+00,0.000000e+00,0.000000e+00,0.000000e+00,0.000000e+00,0.000000e+00,0.000000e+00,0.000000e+00,0.000000e+00,0.000000e+00,0.000000e+00,0.000000e+00,0.000000e+00,0.000000e+00,0.000000e+00
1.000000e+00,0.000000e+00,0.000000e+00,0.000000e+00,0.000000e+00,0.000000e+00,0.000000e+00,0.000000e+00,0.000000e+00,0.000000e+00,0.000000e+00,0.000000e+00,0.000000e+00,0.000000e+00,0.000000e+00
1.000000e+00,0.000000e+00,0.000000e+00,0.000000e+00,0.000000e+00,0.000000e+00,0.000000e+00,0.000000e+00,0.000000e+00,0.000000e+00,0.000000e+00,0.000000e+00,0.000000e+00,0.000000e+00,0.000000e+00
1.000000e+00,0.000000e+00,0.000000e+00,0.000000e+00,0.000000e+00,0.000000e+00,0.000000e+00,0.000000e+00,0.000000e+00,0.000000e+00,0.000000e+00,0.000000e+00,0.000000e+00,0.000000e+00,0.000000e+00
1.000000e+00,0.000000e+00,0.000000e+00,0.000000e+00,0.000000e+00,0.000000e+00,0.000000e+00,0.000000e+00,0.000000e+00,0.000000e+00,0.000000e+00,0.000000e+00,0.000000e+00,0.000000e+00,0.000000e+00
1.000000e+00,0.000000e+00,0.000000e+00,0.000000e+00,0.000000e+00,0.000000e+00,0.000000e+00,0.000000e+00,0.000000e+00,0.000000e+00,0.000000e+00,0.000000e+00,0.000000e+00,0.000000e+00,0.000000e+00
1.000000e+00,0.000000e+00,0.000000e+00,0.000000e+00,0.000000e+00,0.000000e+00,0.000000e+00,0.000000e+00,0.000000e+00,0.000000e+00,0.000000e+00,0.000000e+00,0.000000e+00,0.000000e+00,0.000000e+00
1.000000e+00,0.000000e+00,0.000000e+00,0.000000e+00,0.000000e+00,0.000000e+00,0.000000e+00,0.000000e+00,0.000000e+00,0.000000e+00,0.000000e+00,0.000000e+00,0.000000e+00,0.000000e+00,0.000000e+00
1.000000e+00,0.000000e+00,0.000000e+00,0.000000e+00,0.000000e+00,0.000000e+00,0.000000e+00,0.000000e+00,0.000000e+00,0.000000e+00,0.000000e+00,0.000000e+00,0.000000e+00,0.000000e+00,0.000000e+00
1.000000e+00,0.000000e+00,0.000000e+00,0.000000e+00,0.000000e+00,0.000000e+00,0.000000e+00,0.000000e+00,0.000000e+00,0.000000e+00,0.000000e+00,0.000000e+00,0.000000e+00,0.000000e+00,0.000000e+00
1.000000e+00,0.000000e+00,0.000000e+00,0.000000e+00,0.000000e+00,0.000000e+00,0.000000e+00,0.000000e+00,0.000000e+00,0.000000e+00,0.000000e+00,0.000000e+00,0.000000e+00,0.000000e+00,0.000000e+00
1.000000e+00,0.000000e+00,0.000000e+00,0.000000e+00,0.000000e+00,0.000000e+00,0.000000e+00,0.000000e+00,0.000000e+00,0.000000e+00,0.000000e+00,0.000000e+00,0.000000e+00,0.000000e+00,0.000000e+00
1.000000e+00,0.000000e+00,0.000000e+00,0.000000e+00,0.000000e+00,0.000000e+00,0.000000e+00,0.000000e+00,0.000000e+00,0.000000e+00,0.000000e+00,0.000000e+00,0.000000e+00,0.000000e+00,0.000000e+00
1.000000e+00,0.000000e+00,0.000000e+00,0.000000e+00,0.000000e+00,0.000000e+00,0.000000e+00,0.000000e+00,0.000000e+00,0.000000e+00,0.000000e+00,0.000000e+00,0.000000e+00,0.000000e+00,0.000000e+00
1.000000e+00,0.000000e+00,0.000000e+00,0.000000e+00,0.000000e+00,0.000000e+00,0.000000e+00,0.000000e+00,0.000000e+00,0.000000e+00,0.000000e+00,0.000000e+00,0.000000e+00,0.000000e+00,0.000000e+00
4.495980e-01,1.387323e-02,1.122227e-01,2.589418e-02,1.566505e-02,1.298163e-01,1.403077e-01,3.363542e-02,4.614285e-03,4.982172e-03,1.068470e-02,2.714428e-02,1.404910e-02,2.816937e-03,1.469589e-02
3.674781e-01,1.260407e-02,1.399139e-01,2.241486e-02,1.394212e-02,1.143430e-01,2.157153e-01,4.014544e-02,4.255406e-03,4.646535e-03,9.666590e-03,2.691925e-02,1.371125e-02,2.215856e-03,1.202831e-02
3.091503e-01,1.086833e-02,1.409055e-01,1.868403e-02,1.188573e-02,9.080808e-02,2.841184e-01,7.123537e-02,3.731392e-03,3.837920e-03,7.797166e-03,2.238299e-02,1.268068e-02,1.842338e-03,1.007181e-02
3.025615e-01,9.366766e-03,1.134548e-01,1.461669e-02,1.021395e-02,7.397000e-02,3.537009e-01,6.786989e-02,3.182086e-03,3.055058e-03,6.067900e-03,1.914832e-02,1.183461e-02,1.600342e-03,9.357182e-03
2.971338e-01,7.357549e-03,1.124413e-01,1.857746e-02,7.900814e-03,5.812553e-02,2.904382e-01,1.639119e-01,2.599766e-03,2.384970e-03,4.923231e-03,1.507713e-02,9.732030e-03,1.396025e-03,8.000230e-03
2.746269e-01,5.734048e-03,1.024653e-01,2.048291e-02,6.065747e-03,4.741677e-02,2.393766e-01,2.682007e-01,2.138034e-03,1.769741e-03,3.845886e-03,1.178416e-02,8.304384e-03,1.151162e-03,6.637693e-03
3.165250e-01,5.496686e-03,7.703467e-02,1.745967e-02,5.122899e-03,4.198576e-02,2.174395e-01,2.853759e-01,1.992445e-03,1.325890e-03,3.325452e-03,1.095401e-02,8.351399e-03,9.662961e-04,6.644284e-03
3.469396e-01,4.977837e-03,5.990947e-02,1.547694e-02,4.385357e-03,3.808559e-02,1.973334e-01,2.996720e-01,1.797933e-03,1.019683e-03,2.831291e-03,1.116582e-02,8.702880e-03,8.668571e-04,6.835314e-03
3.562136e-01,4.280525e-03,4.729141e-02,1.339855e-02,4.200689e-03,3.704910e-02,1.726931e-01,3.246914e-01,1.630458e-03,8.991424e-04,2.561627e-03,1.575452e-02,1.071633e-02,8.782594e-04,7.741229e-03
3.974670e-01,3.958747e-03,3.550205e-02,1.177853e-02,4.062406e-03,3.364332e-02,1.329709e-01,3.299326e-01,1.515286e-03,7.779569e-04,2.955154e-03,2.262203e-02,1.260854e-02,1.219143e-03,8.986305e-03
3.871262e-01,3.961342e-03,2.734988e-02,1.059295e-02,4.570516e-03,3.117082e-02,1.036979e-01,3.680363e-01,1.905562e-03,7.897973e-04,3.708195e-03,2.905778e-02,1.477568e-02,1.964558e-03,1.129242e-02
4.367968e-01,4.297043e-03,2.304713e-02,1.202132e-02,6.488969e-03,2.962979e-02,7.567899e-02,3.264495e-01,2.334122e-03,1.134580e-03,5.426682e-03,4.239170e-02,1.657517e-02,2.646924e-03,1.508117e-02
4.508345e-01,3.742465e-03,2.057821e-02,1.155250e-02,1.214707e-02,2.969018e-02,5.990090e-02,3.234801e-01,2.608442e-03,1.057963e-03,5.491546e-03,4.449483e-02,1.867196e-02,2.884830e-03,1.286456e-02
3.802899e-01,3.488522e-03,2.156994e-02,1.191211e-02,2.268071e-02,2.612303e-02,6.033286e-02,3.945712e-01,2.311640e-03,1.105897e-03,4.717619e-03,3.798963e-02,1.997282e-02,2.361425e-03,1.057274e-02
3.868773e-01,3.039416e-03,2.148862e-02,1.124448e-02,2.082691e-02,2.646986e-02,5.342682e-02,4.004192e-01,2.181673e-03,1.252787e-03,4.375640e-03,3.704121e-02,1.899138e-02,2.287364e-03,1.007730e-02
3.620616e-01,2.761019e-03,1.965951e-02,1.023277e-02,1.891099e-02,2.533501e-02,4.443180e-02,4.412049e-01,2.323368e-03,1.618252e-03,4.056406e-03,3.697165e-02,1.893682e-02,2.139265e-03,9.356519e-03
2.881044e-01,2.134460e-03,1.435237e-02,1.210668e-02,1.822596e-02,1.903294e-02,3.762401e-02,3.924566e-01,5.780721e-03,3.825614e-03,1.288551e-02,5.256861e-02,1.286482e-01,4.772012e-03,7.481914e-03
2.251363e-01,1.837254e-03,1.070779e-02,1.241863e-02,1.572663e-02,1.458587e-02,3.571842e-02,3.059904e-01,7.409016e-03,9.534132e-03,1.470855e-02,8.788656e-02,2.416035e-01,9.953115e-03,6.783785e-03
1.732271e-01,2.065306e-03,8.276550e-03,1.091430e-02,1.316155e-02,1.087792e-02,3.256292e-02,2.229237e-01,1.778514e-02,1.171681e-02,1.850477e-02,1.103173e-01,3.268586e-01,3.119065e-02,9.617391e-03
1.652324e-01,3.801887e-03,6.764275e-03,1.542656e-02,1.170000e-02,1.022270e-02,2.756898e-02,1.589580e-01,2.476556e-02,2.697317e-02,2.832310e-02,1.747355e-01,2.972253e-01,3.718200e-02,1.112055e-02
1.751143e-01,6.035879e-03,5.907747e-03,1.525989e-02,1.231009e-02,9.380044e-03,2.212651e-02,1.131982e-01,2.691654e-02,5.027717e-02,2.868843e-02,2.348960e-01,2.540172e-01,3.570325e-02,1.016866e-02
2.067643e-01,7.274772e-03,5.385700e-03,1.549933e-02,1.492669e-02,8.582123e-03,1.785185e-02,8.128488e-02,3.374402e-02,1.154932e-01,2.719696e-02,2.206557e-01,2.015803e-01,2.947228e-02,1.428779e-02
2.115840e-01,7.731183e-03,5.114488e-03,1.619609e-02,1.812447e-02,7.907777e-03,1.299842e-02,5.893371e-02,3.951070e-02,1.653170e-01,3.379860e-02,2.009955e-01,1.679337e-01,2.770548e-02,2.614896e-02
2.401026e-01,8.339543e-03,5.218992e-03,1.579790e-02,2.005714e-02,8.957058e-03,9.404073e-03,4.307624e-02,4.386811e-02,1.723308e-01,3.934505e-02,1.837563e-01,1.512159e-01,2.830734e-02,3.022303e-02
2.033596e-01,9.320380e-03,6.904581e-03,1.456498e-02,2.513110e-02,9.819233e-03,7.020029e-03,3.108457e-02,4.979415e-02,2.264547e-01,4.168503e-02,1.546642e-01,1.421847e-01,2.996851e-02,4.804432e-02
1.529337e-01,9.620506e-03,6.921059e-03,1.159072e-02,2.580753e-02,1.211250e-02,5.316444e-03,2.216362e-02,5.585638e-02,2.694577e-01,4.094928e-02,1.371726e-01,1.519947e-01,2.947128e-02,6.863214e-02
1.079748e-01,6.953669e-03,5.212722e-03,8.736373e-03,2.025720e-02,9.336220e-03,3.794090e-03,1.565929e-02,6.310444e-02,4.156380e-01,3.831926e-02,1.033757e-01,1.117676e-01,3.653715e-02,5.333351e-02
7.685321e-02,5.091877e-03,4.266370e-03,6.917314e-03,1.634723e-02,7.253586e-03,2.693077e-03,1.116958e-02,6.516214e-02,5.149170e-01,4.459637e-02,7.666278e-02,8.220484e-02,4.282972e-02,4.303490e-02
5.616605e-02,3.860682e-03,3.328455e-03,7.056491e-03,1.427329e-02,6.399573e-03,1.922494e-03,8.462158e-03,6.210773e-02,5.174803e-01,9.091439e-02,7.087564e-02,6.504811e-02,5.922632e-02,3.287838e-02
4.529218e-02,3.682362e-03,3.658147e-03,7.146833e-03,1.620102e-02,5.769381e-03,1.426591e-03,6.756828e-03,7.161486e-02,4.304982e-01,1.403579e-01,7.684408e-02,5.342416e-02,1.080540e-01,2.927357e-02
3.741670e-02,3.545849e-03,3.950320e-03,1.597207e-02,1.756416e-02,4.653123e-03,1.087806e-03,8.861509e-03,1.050069e-01,3.574305e-01,1.808179e-01,8.753167e-02,4.479197e-02,1.056940e-01,2.567558e-02
3.548025e-02,6.532370e-03,6.962777e-03,2.348854e-02,3.620198e-02,5.633335e-03,1.608795e-03,4.678348e-02,1.123148e-01,3.112598e-01,1.771199e-01,8.289018e-02,3.969103e-02,8.992945e-02,2.410335e-02
2.936031e-02,6.491120e-03,7.223221e-03,3.112997e-02,4.625771e-02,7.792597e-03,2.121829e-03,1.131319e-01,1.162523e-01,2.707837e-01,1.585297e-01,8.193242e-02,3.691647e-02,7.234190e-02,1.973483e-02
3.195752e-02,1.194508e-02,1.764211e-02,4.170843e-02,6.207462e-02,1.021849e-02,2.970095e-03,1.879871e-01,1.206995e-01,2.048049e-01,1.302643e-01,6.985320e-02,3.277844e-02,5.648641e-02,1.860976e-02
2.795562e-02,1.137091e-02,2.953535e-02,4.999060e-02,5.100008e-02,1.069675e-02,3.636019e-03,3.150299e-01,1.110233e-01,1.457058e-01,1.027984e-01,5.420158e-02,2.924691e-02,4.300002e-02,1.480869e-02
2.585274e-02,9.293277e-03,6.924659e-02,8.893341e-02,4.537224e-02,9.088817e-03,2.853938e-03,3.399528e-01,1.189433e-01,1.062242e-01,7.900253e-02,3.924083e-02,2.209787e-02,3.163972e-02,1.225772e-02
4.051455e-02,1.779735e-02,8.838516e-02,8.299181e-02,8.172570e-02,1.843669e-02,3.008346e-03,2.553215e-01,1.553481e-01,8.216020e-02,6.969561e-02,3.107250e-02,2.150723e-02,3.099515e-02,2.104012e-02
4.368840e-02,2.491969e-02,7.883926e-02,6.542356e-02,1.022904e-01,2.017208e-02,4.044738e-03,1.982314e-01,2.504158e-01,6.233855e-02,5.965566e-02,2.570023e-02,1.821445e-02,2.798650e-02,1.807938e-02
3.871646e-02,2.276126e-02,7.968788e-02,6.318061e-02,1.194892e-01,1.645678e-02,3.443682e-03,2.583412e-01,2.390125e-01,4.465277e-02,4.693594e-02,1.885382e-02,1.438198e-02,2.090236e-02,1.318359e-02
4.396823e-02,2.068055e-02,8.446114e-02,7.048468e-02,1.218522e-01,1.848512e-02,2.878275e-03,2.650684e-01,2.394193e-01,3.319427e-02,4.317383e-02,1.418102e-02,1.173862e-02,1.897579e-02,1.143860e-02
5.603894e-02,2.451442e-02,1.011047e-01,7.831136e-02,1.031902e-01,2.240739e-02,2.571187e-03,2.324416e-01,2.623795e-01,2.844136e-02,3.722799e-02,1.197069e-02,9.778141e-03,1.733772e-02,1.228482e-02
6.763583e-02,3.988320e-02,9.444235e-02,6.711229e-02,8.906923e-02,2.372678e-02,3.080677e-03,1.923270e-01,2.929098e-01,2.522019e-02,4.877296e-02,1.281029e-02,1.252452e-02,1.921852e-02,1.126634e-02
7.407167e-02,4.044123e-02,8.517145e-02,6.184502e-02,7.505162e-02,2.278635e-02,3.236887e-03,1.576238e-01,3.183715e-01,2.379004e-02,5.550129e-02,2.411813e-02,1.997029e-02,2.549214e-02,1.252865e-02
6.320091e-02,3.023451e-02,1.029362e-01,7.382385e-02,5.686551e-02,2.580740e-02,3.130995e-03,1.134693e-01,2.353188e-01,3.826842e-02,7.798418e-02,7.933794e-02,6.046176e-02,2.156851e-02,1.759179e-02
5.588680e-02,2.292316e-02,7.441209e-02,5.954152e-02,4.278446e-02,3.994552e-02,2.765409e-03,8.050211e-02,1.780017e-01,4.060916e-02,9.459272e-02,1.611212e-01,1.068686e-01,2.296809e-02,1.707734e-02
4.695510e-02,1.685203e-02,5.301192e-02,4.666689e-02,3.115998e-02,4.733129e-02,2.211796e-03,5.667027e-02,1.317957e-01,3.529325e-02,1.087226e-01,2.464065e-01,1.337412e-01,2.731399e-02,1.586749e-02
3.567861e-02,1.295589e-02,3.798231e-02,3.464469e-02,2.221086e-02,3.799887e-02,1.685859e-03,3.991641e-02,1.031321e-01,4.602122e-02,1.031668e-01,3.649720e-01,1.236061e-01,2.249063e-02,1.353769e-02
2.817797e-02,1.147787e-02,2.777403e-02,2.513369e-02,1.597532e-02,3.320114e-02,1.305082e-03,2.809134e-02,7.975785e-02,7.923439e-02,8.724063e-02,4.358131e-01,1.136072e-01,1.923747e-02,1.397293e-02
2.144165e-02,9.670272e-03,2.053762e-02,1.871792e-02,1.207506e-02,2.728388e-02,9.975703e-04,2.015436e-02,6.588878e-02,1.023258e-01,6.901500e-02,5.145292e-01,9.057073e-02,1.558276e-02,1.120948e-02
1.632800e-02,7.494553e-03,1.468975e-02,1.637595e-02,8.870699e-03,2.255405e-02,7.458973e-04,1.433326e-02,6.045587e-02,8.824159e-02,6.184379e-02,5.985543e-01,6.603382e-02,1.408904e-02,9.389480e-03
1.255025e-02,5.773144e-03,1.081359e-02,1.408855e-02,7.464110e-03,2.122389e-02,5.648562e-04,1.084858e-02,5.143107e-02,7.032663e-02,5.394343e-02,6.693515e-01,4.912076e-02,1.420523e-02,8.294486e-03
1.051790e-02,4.658563e-03,8.886275e-03,1.123114e-02,9.749781e-03,1.619706e-02,4.856841e-04,1.283137e-02,4.011611e-02,5.524300e-02,4.719990e-02,7.242322e-01,3.850042e-02,1.379899e-02,6.351622e-03
1.365679e-02,5.521244e-03,1.041891e-02,8.674219e-03,2.918311e-02,1.228657e-02,4.541608e-04,1.590476e-02,3.836566e-02,4.271532e-02,6.977907e-02,6.651511e-01,3.652196e-02,4.363430e-02,7.732837e-03
1.825120e-02,1.935869e-02,1.567430e-02,6.957403e-03,2.458991e-02,9.234346e-03,4.473954e-04,1.484172e-02,4.826844e-02,3.393762e-02,1.064046e-01,5.895721e-01,3.482197e-02,7.031032e-02,7.329970e-03
4.319990e-02,2.692870e-02,3.372900e-02,6.901831e-03,2.633809e-02,8.113674e-03,6.362444e-04,2.355426e-02,5.271642e-02,2.612194e-02,1.086197e-01,5.175477e-01,2.961902e-02,8.846405e-02,7.509455e-03
5.319689e-02,3.845339e-02,5.460294e-02,8.037795e-03,2.762029e-02,9.094797e-03,1.007430e-03,3.510852e-02,1.376951e-01,1.985824e-02,9.001663e-02,4.249821e-01,2.392943e-02,6.991073e-02,6.485651e-03
6.916597e-02,3.215995e-02,6.815079e-02,1.698272e-02,2.171595e-02,8.967316e-03,1.861246e-03,1.475187e-01,1.189697e-01,1.492772e-02,7.334772e-02,3.430653e-01,2.462936e-02,5.192913e-02,6.608368e-03
1.220733e-01,3.250231e-02,1.174978e-01,3.615814e-02,1.828109e-02,1.262201e-02,2.934884e-03,1.580649e-01,1.019200e-01,1.181374e-02,5.758156e-02,2.580847e-01,2.225558e-02,4.011174e-02,8.098183e-03
1.572139e-01,5.547515e-02,1.038609e-01,5.648303e-02,2.178835e-02,1.371494e-02,2.289314e-03,1.182005e-01,1.675735e-01,1.130346e-02,4.581377e-02,1.856879e-01,1.871432e-02,3.148136e-02,1.039966e-02
1.578310e-01,6.807140e-02,9.922656e-02,7.340191e-02,3.074034e-02,1.498154e-02,2.019768e-03,1.200907e-01,1.998875e-01,9.447668e-03,4.159801e-02,1.316190e-01,1.642868e-02,2.549880e-02,9.157124e-03
1.570464e-01,9.309603e-02,9.413365e-02,8.154161e-02,4.216380e-02,1.420266e-02,1.641021e-03,8.863758e-02,2.352988e-01,8.430129e-03,3.980953e-02,9.378357e-02,1.322992e-02,2.738973e-02,9.595487e-03
1.431207e-01,8.403015e-02,8.594187e-02,1.294625e-01,3.923500e-02,1.325669e-02,1.297649e-03,6.647555e-02,2.712504e-01,7.273744e-03,4.972465e-02,6.741534e-02,1.025112e-02,2.227021e-02,8.994433e-03
1.385636e-01,8.813920e-02,6.605155e-02,1.163949e-01,4.696088e-02,1.377431e-02,1.083884e-03,4.835680e-02,3.250977e-01,6.153363e-03,5.196245e-02,4.939006e-02,8.313402e-03,2.677429e-02,1.298346e-02
1.065789e-01,6.843136e-02,4.744128e-02,8.925593e-02,3.714804e-02,1.310776e-02,9.654844e-04,3.706577e-02,4.483179e-01,6.373142e-03,5.771594e-02,3.722222e-02,1.248043e-02,2.477597e-02,1.311988e-02
9.195191e-02,5.797172e-02,3.438437e-02,6.368842e-02,3.357281e-02,1.265145e-02,8.114107e-04,2.764378e-02,4.843149e-01,5.207224e-03,1.073939e-01,3.048975e-02,1.058169e-02,2.835863e-02,1.097801e-02
6.633183e-02,4.164997e-02,2.413792e-02,4.783156e-02,2.384056e-02,8.943657e-03,5.751401e-04,1.954964e-02,6.269476e-01,4.120894e-03,7.836199e-02,2.211571e-02,7.623468e-03,2.003171e-02,7.938330e-03
4.751744e-02,3.015504e-02,1.709040e-02,3.393621e-02,1.671351e-02,6.354905e-03,4.161736e-04,1.370092e-02,7.077336e-01,3.413360e-03,7.613292e-02,1.721982e-02,5.654583e-03,1.766064e-02,6.300427e-03
3.455929e-02,2.218034e-02,1.285608e-02,2.541107e-02,1.195646e-02,5.225271e-03,3.785504e-04,9.663685e-03,6.467057e-01,3.383345e-03,1.015302e-01,1.510017e-02,5.119188e-03,9.869670e-02,7.233941e-03
2.441786e-02,1.567462e-02,9.211088e-03,1.836660e-02,8.681853e-03,4.170049e-03,2.880847e-04,6.795354e-03,4.688507e-01,2.542461e-03,1.240210e-01,1.319774e-02,4.297009e-03,2.938967e-01,5.588811e-03
1.713035e-02,1.121783e-02,6.620381e-03,1.318525e-02,6.777386e-03,3.577075e-03,2.212919e-04,4.767683e-03,3.319385e-01,2.087978e-03,1.480193e-01,1.080249e-02,3.296742e-03,4.357224e-01,4.635347e-03
1.201044e-02,9.243183e-03,5.363853e-03,9.465290e-03,6.726178e-03,3.043037e-03,1.617740e-04,3.344272e-03,2.531301e-01,1.923731e-03,1.240513e-01,8.993925e-03,2.635493e-03,5.560088e-01,3.898623e-03
8.440794e-03,1.033228e-02,5.730320e-03,6.737164e-03,5.419085e-03,8.426342e-03,1.269614e-04,2.348223e-03,2.187373e-01,1.777273e-03,9.625775e-02,6.741222e-03,1.980528e-03,6.236360e-01,3.308750e-03
5.946315e-03,9.876890e-03,4.814113e-03,4.773888e-03,4.737162e-03,8.173116e-03,9.469310e-05,1.645935e-03,2.382280e-01,1.653700e-03,7.266340e-02,4.932502e-03,1.492960e-03,6.380807e-01,2.886714e-03
4.352310e-03,8.378983e-03,3.571747e-03,3.433233e-03,3.449366e-03,7.968440e-03,8.326724e-05,1.157128e-03,2.532422e-01,1.465298e-03,5.823178e-02,3.956059e-03,1.095815e-03,6.469746e-01,2.639824e-03
3.097016e-03,7.052239e-03,2.652190e-03,2.457297e-03,2.526105e-03,6.127407e-03,6.741223e-05,8.120485e-04,2.865700e-01,1.177517e-03,4.229518e-02,2.997200e-03,7.857326e-04,6.391082e-01,2.274546e-03
2.197789e-03,5.831995e-03,1.979815e-03,1.816798e-03,1.809878e-03,5.105782e-03,5.792710e-05,5.704786e-04,3.340918e-01,1.218814e-03,3.105402e-02,2.376485e-03,5.961001e-04,6.087793e-01,2.513006e-03
1.582751e-03,1.045770e-02,2.807077e-03,1.959873e-03,1.382536e-03,1.064024e-02,9.527020e-05,4.225307e-04,4.269377e-01,2.115159e-03,2.704224e-02,2.553674e-03,8.522987e-04,4.924328e-01,1.871825e-02
1.261902e-03,8.598897e-03,2.412948e-03,2.051999e-03,1.053401e-03,1.157433e-02,1.368604e-04,3.482364e-04,4.923029e-01,5.919433e-03,3.085045e-02,2.514073e-03,1.125002e-03,4.115888e-01,2.826084e-02
1.115237e-03,6.887118e-03,2.222562e-03,2.364341e-03,7.884447e-04,1.169711e-02,1.144033e-04,3.106461e-04,5.296339e-01,7.574657e-03,4.633126e-02,2.100151e-03,1.600550e-03,3.508785e-01,3.638120e-02
8.094496e-04,4.960892e-03,2.868327e-03,1.927930e-03,5.932713e-04,9.082477e-03,8.465882e-05,2.340080e-04,4.904094e-01,6.456899e-03,4.142098e-02,1.841982e-03,1.331228e-03,4.094587e-01,2.851980e-02
1.163791e-03,5.621662e-03,2.283637e-02,3.088766e-03,8.386760e-04,4.687327e-02,1.477217e-04,5.486534e-04,4.609326e-01,7.976887e-03,4.534256e-02,1.585403e-03,1.215799e-03,3.773129e-01,2.451494e-02
1.886552e-03,1.854641e-02,2.578260e-02,3.205689e-03,8.031420e-04,5.016182e-02,1.353601e-04,6.169920e-04,3.878432e-01,8.033393e-03,3.507116e-02,1.426794e-03,1.220641e-03,4.386541e-01,2.661218e-02
6.279852e-03,1.997908e-02,2.859033e-02,7.602852e-03,2.541562e-03,7.491856e-02,3.303858e-04,1.630146e-03,3.545395e-01,1.524888e-02,2.842675e-02,1.885426e-03,4.838839e-03,4.167618e-01,3.642597e-02
1.054303e-02,1.514999e-02,2.210767e-02,1.365430e-02,5.781765e-02,1.011216e-01,3.936947e-03,2.514775e-02,3.108850e-01,2.074916e-02,2.706022e-02,2.990099e-03,9.171858e-03,3.523521e-01,2.731272e-02
1.194019e-02,1.095842e-02,2.352364e-02,1.819978e-02,5.226118e-02,7.819000e-02,3.241114e-02,2.140049e-01,2.235800e-01,1.719628e-02,2.047678e-02,2.530955e-03,7.603165e-03,2.674466e-01,1.967703e-02
1.155602e-02,7.831564e-03,1.912478e-02,2.109452e-02,4.112756e-02,6.886165e-02,5.761933e-02,3.701479e-01,1.579536e-01,1.423721e-02,1.503275e-02,2.120093e-03,7.259496e-03,1.919591e-01,1.407436e-02
1.484350e-02,6.269925e-03,2.314313e-02,3.181697e-02,3.324710e-02,5.985605e-02,7.222741e-02,4.610374e-01,1.136051e-01,1.204800e-02,1.136273e-02,1.771759e-03,8.706439e-03,1.390325e-01,1.103198e-02
1.391766e-02,4.779513e-03,2.929506e-02,5.079330e-02,2.776950e-02,5.370175e-02,1.351645e-01,4.630940e-01,8.240001e-02,8.925939e-03,8.467294e-03,1.383979e-03,1.078958e-02,9.969123e-02,9.826669e-03
1.382892e-02,4.059270e-03,3.458973e-02,4.118299e-02,2.218781e-02,4.219145e-02,1.256872e-01,5.472625e-01,6.461556e-02,6.856107e-03,8.015528e-03,1.320638e-03,8.494327e-03,7.178125e-02,7.926741e-03
2.137316e-02,5.737661e-03,3.363062e-02,4.661284e-02,1.688810e-02,3.131075e-02,1.285476e-01,5.738695e-01,4.851475e-02,5.893991e-03,6.733104e-03,1.287116e-03,7.093166e-03,5.235300e-02,2.015470e-02
3.315181e-02,7.315216e-03,3.337863e-02,4.431982e-02,1.302109e-02,2.487904e-02,1.527733e-01,5.732660e-01,3.859869e-02,5.240046e-03,6.085177e-03,1.973469e-03,9.557728e-03,3.755587e-02,1.888412e-02
3.577911e-02,6.309164e-03,4.139352e-02,3.453434e-02,1.053518e-02,1.972046e-02,1.486923e-01,6.132427e-01,2.932095e-02,4.339338e-03,5.062344e-03,2.324941e-03,8.112868e-03,2.700790e-02,1.362479e-02
4.415999e-02,6.624059e-03,5.012821e-02,2.656853e-02,9.902662e-03,1.862357e-02,1.736164e-01,5.969632e-01,2.224966e-02,4.119311e-03,4.270119e-03,3.320139e-03,8.261248e-03,2.004430e-02,1.114851e-02
5.057168e-02,6.536949e-03,5.426529e-02,2.310398e-02,1.093432e-02,1.867686e-02,1.566395e-01,6.177484e-01,1.765887e-02,3.261803e-03,3.577440e-03,3.349797e-03,7.944833e-03,1.629079e-02,9.439513e-03
6.587135e-02,6.105498e-03,7.281648e-02,2.007003e-02,1.417989e-02,1.953258e-02,1.493244e-01,5.956448e-01,1.631854e-02,2.792313e-03,3.327906e-03,4.117886e-03,8.442928e-03,1.285165e-02,8.603792e-03
7.328781e-02,6.846377e-03,1.003939e-01,1.905153e-02,1.613300e-02,2.830429e-02,1.366186e-01,5.614277e-01,1.592234e-02,3.368860e-03,3.871436e-03,5.591526e-03,1.022402e-02,9.997102e-03,8.961465e-03
7.620403e-02,5.806440e-03,9.460732e-02,2.546682e-02,1.591555e-02,2.752363e-02,1.060090e-01,5.965310e-01,1.421579e-02,3.591637e-03,3.763383e-03,5.582988e-03,8.992191e-03,7.686010e-03,8.104177e-03
7.958192e-02,4.879859e-03,7.814046e-02,3.785858e-02,1.635041e-02,2.344024e-02,8.123612e-02,6.292999e-01,1.249506e-02,4.387447e-03,4.243115e-03,6.727913e-03,7.711784e-03,6.152759e-03,7.494408e-03
8.268394e-02,4.347261e-03,5.656423e-02,3.675079e-02,2.276261e-02,2.011329e-02,5.971875e-02,6.664668e-01,1.073848e-02,4.115015e-03,6.838196e-03,6.554309e-03,9.228407e-03,5.086079e-03,8.031819e-03
9.952231e-02,5.780228e-03,4.168699e-02,3.489254e-02,3.324009e-02,1.838347e-02,5.349261e-02,6.084170e-01,1.646707e-02,1.234017e-02,3.592627e-02,1.066373e-02,1.321135e-02,6.088395e-03,9.887710e-03
1.314482e-01,7.132415e-03,3.116045e-02,2.875457e-02,3.427615e-02,2.460074e-02,4.788282e-02,4.849414e-01,2.775137e-02,2.128812e-02,8.996530e-02,2.471872e-02,2.618593e-02,8.408481e-03,1.148532e-02
1.879884e-01,6.145000e-03,2.487713e-02,3.502090e-02,3.823386e-02,2.529095e-02,4.287186e-02,3.925391e-01,3.713562e-02,2.323968e-02,9.944181e-02,3.955451e-02,2.503472e-02,1.019925e-02,1.242722e-02
2.334861e-01,6.199263e-03,2.025320e-02,4.345093e-02,3.761576e-02,2.543010e-02,3.399576e-02,3.093380e-01,3.946491e-02,2.355470e-02,1.162379e-01,5.673299e-02,2.831472e-02,1.280415e-02,1.312153e-02
2.409568e-01,6.844682e-03,1.568635e-02,4.247497e-02,3.875965e-02,2.062690e-02,2.480409e-02,2.405528e-01,6.792419e-02,1.825887e-02,1.229880e-01,1.075604e-01,2.976391e-02,1.023475e-02,1.256362e-02
2.139107e-01,6.133489e-03,1.216617e-02,3.579818e-02,3.482822e-02,1.549334e-02,1.773700e-02,1.818343e-01,2.199901e-01,1.417290e-02,1.081464e-01,9.739354e-02,2.336892e-02,8.050966e-03,1.097585e-02
1.605930e-01,7.699016e-03,9.272258e-03,3.069511e-02,3.205753e-02,1.189388e-02,1.268052e-02,1.286023e-01,4.017787e-01,1.040427e-02,8.367859e-02,7.608633e-02,1.765599e-02,6.458937e-03,1.044355e-02
1.142382e-01,6.310319e-03,7.030300e-03,2.281112e-02,3.313404e-02,8.923663e-03,8.938398e-03,9.191690e-02,5.572221e-01,7.628757e-03,6.181687e-02,5.363116e-02,1.254422e-02,4.892180e-03,8.961841e-03
8.277159e-02,7.320499e-03,5.484427e-03,1.911925e-02,3.750309e-02,7.449957e-03,6.320833e-03,6.743631e-02,6.563424e-01,5.776670e-03,4.555538e-02,3.776661e-02,9.000112e-03,3.562229e-03,8.590737e-03
7.565567e-02,9.496887e-03,4.572831e-03,2.275692e-02,3.984484e-02,6.377786e-03,4.546741e-03,5.914655e-02,6.953496e-01,4.447306e-03,3.377266e-02,2.686179e-02,6.523831e-03,2.630374e-03,8.016265e-03
6.652960e-02,8.501644e-03,4.100301e-03,3.717147e-02,3.717778e-02,5.852639e-03,3.316910e-03,1.061136e-01,6.666567e-01,4.329013e-03,2.675824e-02,1.947347e-02,4.889448e-03,2.022363e-03,7.106890e-03
5.233825e-02,1.001110e-02,4.939666e-03,2.165588e-01,3.396184e-02,4.550724e-03,2.366750e-03,8.247053e-02,5.385621e-01,3.971951e-03,2.266966e-02,1.409849e-02,3.728818e-03,1.711374e-03,8.059923e-03
3.688710e-02,9.576190e-03,5.690688e-03,2.958856e-01,3.089790e-02,3.252350e-03,1.697850e-03,5.792984e-02,3.834087e-01,2.973588e-03,1.481187e-01,1.196967e-02,4.170616e-03,1.362033e-03,6.179085e-03
2.585147e-02,6.896136e-03,4.281795e-03,3.189684e-01,2.494511e-02,2.306204e-03,1.196661e-03,4.086526e-02,2.698658e-01,2.279702e-03,2.805442e-01,1.092142e-02,4.918135e-03,1.768668e-03,4.391046e-03
1.821356e-02,4.876629e-03,3.376777e-03,2.569757e-01,1.979417e-02,1.840220e-03,8.616006e-04,2.947405e-02,1.896462e-01,2.183403e-03,3.786299e-01,8.062024e-02,5.268288e-03,5.124616e-03,3.114731e-03
1.317872e-02,3.439353e-03,2.459869e-03,1.872191e-01,2.484034e-02,1.570511e-03,6.189128e-04,2.073587e-02,1.331321e-01,1.937144e-03,4.347628e-01,7.667479e-02,4.348475e-03,9.286297e-02,2.219166e-03
9.653272e-03,2.450094e-03,1.776191e-03,1.331660e-01,1.972204e-02,1.598814e-03,4.482546e-04,1.458791e-02,9.344398e-02,1.647128e-03,3.889735e-01,6.651297e-02,3.324322e-03,2.611050e-01,1.590492e-03
8.021442e-03,2.522826e-03,1.561922e-03,9.388717e-02,1.844786e-02,1.900638e-03,3.348162e-04,1.030965e-02,6.606417e-02,1.637989e-03,4.281926e-01,5.257996e-02,3.120273e-03,3.101121e-01,1.306575e-03
7.535948e-03,2.202746e-03,1.241565e-03,6.695357e-02,1.748535e-02,3.935067e-03,2.624365e-04,7.291682e-03,4.685763e-02,1.585539e-03,5.236827e-01,4.650142e-02,6.362751e-03,2.670117e-01,1.089866e-03
5.930386e-03,2.031716e-03,1.160396e-03,4.739388e-02,1.911285e-02,5.735387e-02,5.385511e-04,6.123676e-03,3.417323e-02,3.994333e-03,5.613889e-01,4.305141e-02,8.882008e-03,2.079214e-01,9.434652e-04
4.465502e-03,1.664042e-03,1.064693e-03,3.656287e-02,4.697820e-02,4.598215e-02,6.961895e-04,4.527953e-03,2.619492e-02,8.605088e-03,6.059076e-01,4.420666e-02,1.180071e-02,1.601853e-01,1.158173e-03
4.827986e-03,4.374503e-03,2.570591e-03,2.687841e-02,1.519209e-01,3.722656e-02,8.774291e-04,3.481394e-03,3.705281e-02,3.334358e-02,5.279517e-01,3.582492e-02,1.268111e-02,1.191881e-01,1.800096e-03
6.875752e-03,3.593274e-03,3.690229e-03,1.910886e-02,2.878509e-01,1.042557e-01,1.351778e-03,2.931533e-03,3.123879e-02,3.551079e-02,3.813424e-01,2.658393e-02,9.387859e-03,8.413067e-02,2.147522e-03
8.817391e-03,3.237692e-03,3.608435e-03,1.365330e-02,4.208564e-01,1.017640e-01,3.269680e-03,2.153730e-03,3.737942e-02,3.615253e-02,2.817061e-01,1.897759e-02,6.952003e-03,5.960718e-02,1.864608e-03
1.519816e-02,3.237852e-03,4.538073e-03,1.008152e-02,4.422231e-01,1.202875e-01,2.064178e-02,1.743692e-03,8.685176e-02,3.181613e-02,2.010928e-01,1.380771e-02,5.173016e-03,4.186533e-02,1.441571e-03
1.373554e-02,3.177642e-03,6.040750e-03,7.406941e-03,4.617843e-01,1.754910e-01,5.002035e-02,1.904425e-03,7.135405e-02,2.401864e-02,1.411002e-01,9.705134e-03,3.775537e-03,2.934873e-02,1.136824e-03
2.089669e-02,8.766308e-03,9.537736e-03,6.156640e-03,4.385252e-01,2.212704e-01,6.123710e-02,1.697874e-03,6.504256e-02,2.802870e-02,1.001258e-01,7.038290e-03,4.463529e-03,2.070397e-02,6.509291e-03
3.866454e-02,2.267799e-02,1.223347e-02,6.704690e-03,4.207448e-01,2.257788e-01,5.229256e-02,1.537456e-03,6.492718e-02,4.065256e-02,7.228193e-02,5.161961e-03,3.662453e-03,1.498989e-02,1.768970e-02
5.874439e-02,2.626822e-02,1.171303e-02,6.257324e-03,4.498273e-01,2.012447e-01,4.272662e-02,1.452950e-03,7.196711e-02,4.535567e-02,5.164937e-02,4.294437e-03,3.270560e-03,1.089177e-02,1.433658e-02
5.768340e-02,5.297910e-02,2.130922e-02,5.494794e-02,4.087880e-01,2.142860e-01,3.331022e-02,3.134016e-03,5.183900e-02,3.503935e-02,3.712067e-02,4.206403e-03,2.642664e-03,8.026220e-03,1.468792e-02
5.488475e-02,6.788970e-02,7.202604e-02,7.684901e-02,3.780788e-01,1.711338e-01,2.608182e-02,6.633416e-03,3.909133e-02,5.318423e-02,2.807355e-02,4.779581e-03,2.678845e-03,5.858876e-03,1.275622e-02
6.749870e-02,5.703274e-02,6.127749e-02,9.556867e-02,4.103368e-01,1.458899e-01,2.154634e-02,2.324831e-02,2.942981e-02,4.487137e-02,2.109416e-02,4.250255e-03,2.714571e-03,4.363600e-03,1.087728e-02
5.482996e-02,4.328031e-02,4.570314e-02,6.865636e-02,4.753498e-01,1.208513e-01,5.322579e-02,4.428548e-02,2.246212e-02,3.887966e-02,1.567777e-02,3.441561e-03,2.255279e-03,3.153841e-03,7.947567e-03
4.312443e-02,3.078070e-02,3.238889e-02,4.874063e-02,5.329668e-01,8.730570e-02,1.008160e-01,3.274476e-02,1.599259e-02,5.015677e-02,1.158082e-02,2.978603e-03,1.960024e-03,2.345954e-03,6.117256e-03
3.112858e-02,2.209949e-02,2.370212e-02,3.465275e-02,4.575320e-01,6.389520e-02,1.034776e-01,2.475324e-02,1.141798e-02,1.712541e-01,3.245712e-02,3.635257e-03,2.817847e-03,1.770609e-03,1.540598e-02
2.547372e-02,1.778083e-02,1.744925e-02,2.551840e-02,4.258071e-01,5.827839e-02,1.631348e-01,1.907520e-02,8.619674e-03,1.466853e-01,6.559972e-02,7.912703e-03,2.558543e-03,4.045162e-03,1.206136e-02
2.017027e-02,1.337827e-02,1.295182e-02,1.945023e-02,3.608347e-01,5.594404e-02,2.290472e-01,1.536918e-02,6.604619e-03,1.316283e-01,9.751049e-02,1.875592e-02,2.824346e-03,6.658652e-03,8.871906e-03
2.714933e-02,1.106698e-02,1.000543e-02,1.445626e-02,3.638116e-01,5.454083e-02,2.018623e-01,1.221353e-02,4.998913e-03,9.737717e-02,1.569332e-01,2.648036e-02,2.909807e-03,9.425242e-03,6.769032e-03
3.695297e-02,9.061927e-03,7.831725e-03,1.056244e-02,3.459127e-01,5.608110e-02,1.659909e-01,9.299258e-03,3.862827e-03,7.030087e-02,2.320422e-01,3.129223e-02,3.014124e-03,1.274749e-02,5.047308e-03
5.911555e-02,8.384331e-03,6.417772e-03,8.961069e-03,3.037970e-01,5.719297e-02,1.944590e-01,7.768341e-03,3.460625e-03,5.299284e-02,2.487413e-01,2.742042e-02,3.433738e-03,1.306725e-02,4.787794e-03
1.340769e-01,1.038417e-02,7.077693e-03,9.185037e-03,2.613134e-01,5.835976e-02,1.601323e-01,9.766127e-03,3.757152e-03,4.178529e-02,2.534984e-01,2.636035e-02,4.439639e-03,1.357715e-02,6.286584e-03
9.687606e-02,9.545467e-03,6.087906e-03,6.642511e-03,2.065410e-01,1.703000e-01,1.176638e-01,7.301408e-03,3.070184e-03,3.287426e-02,2.805471e-01,2.424951e-02,3.862110e-03,2.808319e-02,6.355633e-03
6.867649e-02,7.395702e-03,4.907880e-03,4.762589e-03,1.494343e-01,1.725712e-01,8.303797e-02,5.351376e-03,2.362777e-03,2.513536e-02,4.025823e-01,2.286672e-02,2.922994e-03,4.302261e-02,4.969744e-03
4.845391e-02,5.880415e-03,4.225320e-03,3.414652e-03,1.053836e-01,1.277359e-01,5.829795e-02,3.872660e-03,2.119001e-03,1.801280e-02,5.441622e-01,3.330742e-02,2.178010e-03,3.823490e-02,4.721352e-03
3.423437e-02,4.706860e-03,6.627371e-03,3.970342e-03,7.494936e-02,9.371855e-02,4.125873e-02,3.239690e-03,1.309788e-02,1.900780e-02,5.785589e-01,7.139587e-02,1.942231e-03,4.365398e-02,9.638112e-03
2.401314e-02,4.022387e-03,6.063379e-03,2.915903e-03,5.391433e-02,6.702035e-02,2.892846e-02,2.464799e-03,3.715518e-02,3.029322e-02,6.006987e-01,7.796767e-02,1.629177e-03,5.519196e-02,7.721376e-03
1.684792e-02,3.251706e-03,4.658717e-03,2.112316e-03,3.812630e-02,4.771532e-02,2.027423e-02,1.821282e-03,8.042266e-02,2.894919e-02,5.848364e-01,7.310128e-02,1.278362e-03,9.088936e-02,5.715016e-03
1.185939e-02,1.016894e-02,5.041376e-03,1.529006e-03,2.700431e-02,3.460811e-02,1.419959e-02,1.393914e-03,1.175930e-01,4.853246e-02,5.516213e-01,5.660796e-02,9.984352e-04,1.145115e-01,4.330808e-03
8.572299e-03,7.986913e-03,3.738709e-03,1.183786e-03,1.910035e-02,3.110585e-02,9.987151e-03,1.545562e-03,1.259941e-01,3.916358e-02,4.972287e-01,4.286759e-02,9.328749e-04,2.072393e-01,3.353394e-03
6.220736e-03,6.853631e-03,2.754980e-03,8.821887e-04,1.345503e-02,2.570708e-02,7.015105e-03,1.417737e-03,1.051136e-01,2.870728e-02,3.889706e-01,3.819105e-02,9.534629e-04,3.707774e-01,2.980144e-03
4.701973e-03,1.822382e-02,2.725250e-03,7.172264e-04,9.604667e-03,2.085905e-02,4.946047e-03,1.164785e-03,9.919991e-02,2.205554e-02,3.362009e-01,3.864879e-02,9.649398e-04,4.372470e-01,2.740104e-03
3.916165e-03,2.094876e-02,3.434135e-03,1.233077e-03,7.132412e-03,3.405184e-02,3.574953e-03,1.375076e-03,1.007252e-01,2.221241e-02,2.999147e-01,5.300485e-02,1.807779e-03,4.408550e-01,5.813578e-03
3.105881e-03,2.966364e-02,4.478092e-03,2.394459e-03,5.364126e-03,3.439191e-02,2.562237e-03,1.385348e-03,1.525416e-01,1.795731e-02,2.317134e-01,4.966123e-02,2.566740e-03,4.503090e-01,1.190501e-02
2.612041e-03,3.293479e-02,3.617157e-03,2.310534e-03,4.197536e-03,2.853590e-02,1.848866e-03,1.601623e-03,1.454742e-01,1.475032e-02,1.845373e-01,4.250356e-02,4.159288e-03,5.195805e-01,1.133636e-02
3.269637e-03,2.758473e-02,2.676838e-03,2.896333e-03,7.240273e-03,2.137071e-02,1.415153e-03,2.200346e-03,2.766508e-01,1.223046e-02,1.461216e-01,4.531585e-02,1.081515e-02,4.296122e-01,1.059988e-02
4.185282e-03,2.182215e-02,2.253206e-03,6.725496e-03,1.189079e-02,3.358973e-02,1.714151e-03,2.557864e-02,2.815618e-01,1.138600e-02,1.131133e-01,3.536956e-02,1.356090e-02,4.277557e-01,9.493342e-03
1.041254e-02,1.740280e-02,2.825258e-03,1.195404e-02,4.063236e-02,5.318394e-02,1.345588e-02,7.172071e-02,2.488674e-01,1.215771e-02,8.977287e-02,2.668355e-02,1.828081e-02,3.734792e-01,9.170910e-03
1.257312e-02,1.704145e-02,5.487158e-03,1.729398e-02,3.589915e-02,4.459433e-02,9.542072e-03,5.248100e-02,4.075264e-01,9.596134e-03,6.640909e-02,1.953437e-02,1.482031e-02,2.779576e-01,9.243865e-03
1.717246e-02,1.551389e-02,1.433031e-02,3.813864e-02,4.217935e-02,3.818914e-02,6.931396e-03,5.137392e-02,4.752448e-01,7.292220e-03,5.238543e-02,1.472908e-02,1.566264e-02,2.035854e-01,7.271358e-03
1.682325e-02,1.240972e-02,2.482345e-02,2.053795e-01,3.166878e-02,3.088177e-02,4.901089e-03,3.704249e-02,4.120412e-01,6.869757e-03,4.023603e-02,1.326903e-02,1.338866e-02,1.427659e-01,7.499311e-03
2.610090e-02,2.021806e-02,3.865810e-02,1.975468e-01,4.806922e-02,3.616301e-02,4.203779e-03,4.332993e-02,3.606133e-01,5.461682e-03,4.730589e-02,1.753728e-02,4.330307e-02,1.019668e-01,9.522036e-03
4.388177e-02,1.857197e-02,3.675897e-02,1.516379e-01,1.316813e-01,4.994998e-02,5.186833e-03,3.871165e-02,3.220270e-01,5.125616e-03,5.582887e-02,1.598562e-02,3.922037e-02,7.445348e-02,1.097855e-02
6.450352e-02,1.515871e-02,4.876597e-02,1.219407e-01,1.864256e-01,4.377525e-02,5.543905e-03,1.060664e-01,2.551384e-01,3.732418e-03,4.357707e-02,1.301724e-02,3.097313e-02,5.276824e-02,8.613463e-03
8.577615e-02,1.245431e-02,5.849542e-02,1.163115e-01,2.589927e-01,4.249927e-02,4.280531e-03,8.997730e-02,2.097890e-01,2.746628e-03,3.633108e-02,1.219163e-02,2.546661e-02,3.762807e-02,7.059717e-03
7.229996e-02,8.775583e-03,4.765528e-02,8.719058e-02,1.858323e-01,3.190198e-02,3.149003e-03,3.273663e-01,1.475958e-01,1.935792e-03,2.755278e-02,9.003327e-03,1.842336e-02,2.635465e-02,4.963247e-03
5.319766e-02,6.182292e-03,3.415687e-02,6.212420e-02,1.308830e-01,2.270275e-02,2.268317e-03,5.225639e-01,1.034062e-01,1.375787e-03,1.976446e-02,6.359479e-03,1.306900e-02,1.845384e-02,3.492147e-03
4.369822e-02,4.476245e-03,2.419098e-02,4.534342e-02,9.353589e-02,1.794681e-02,1.819679e-03,6.482744e-01,7.262504e-02,1.102624e-03,1.636669e-02,4.758589e-03,1.041855e-02,1.293386e-02,2.508912e-03
3.590554e-02,3.234074e-03,1.768935e-02,3.423770e-02,6.668934e-02,1.505037e-02,1.885210e-03,7.376232e-01,5.107035e-02,8.900419e-04,1.228069e-02,3.901332e-03,8.555861e-03,9.143762e-03,1.843192e-03
4.169149e-02,2.394500e-03,1.264638e-02,2.568167e-02,4.776334e-02,2.791001e-02,1.757467e-03,7.168736e-01,3.625079e-02,9.878755e-04,1.909280e-02,9.233426e-03,4.951115e-02,6.763100e-03,1.442328e-03
3.909640e-02,1.886913e-03,8.998220e-03,1.915600e-02,3.483512e-02,4.424821e-02,1.883935e-03,5.499201e-01,2.700167e-02,8.719461e-04,2.909571e-02,2.424312e-02,2.119252e-01,5.097547e-03,1.739915e-03
4.246026e-02,1.577754e-03,6.409422e-03,1.407312e-02,2.528240e-02,3.309235e-02,1.561337e-03,4.006148e-01,2.092469e-02,8.711194e-04,8.148351e-02,4.762750e-02,3.183435e-01,3.832491e-03,1.845759e-03
3.899860e-02,1.425841e-03,4.859850e-03,1.206032e-02,2.210233e-02,3.012868e-02,2.004280e-03,3.162762e-01,1.866322e-02,8.739114e-04,1.084622e-01,1.306274e-01,3.088719e-01,3.184152e-03,1.461099e-03
2.778743e-02,1.186996e-03,3.518627e-03,8.965792e-03,1.693731e-02,2.209238e-02,1.468625e-03,2.227164e-01,1.620427e-02,1.103298e-03,1.062752e-01,2.938791e-01,2.733469e-01,3.395145e-03,1.122471e-03
2.005164e-02,1.014265e-03,2.530761e-03,6.451044e-03,1.247444e-02,1.582977e-02,1.061008e-03,1.566819e-01,1.426056e-02,1.689227e-03,8.320303e-02,4.290805e-01,2.491087e-01,5.639018e-03,9.241882e-04
1.445959e-02,1.214669e-03,2.442916e-03,4.664708e-03,1.131414e-02,1.162738e-02,7.946538e-04,1.104580e-01,1.455594e-02,1.944188e-03,8.612821e-02,5.438963e-01,1.876871e-01,8.091451e-03,7.207574e-04
1.176019e-02,1.216975e-03,2.458740e-03,3.740625e-03,1.051995e-02,1.048184e-02,6.737340e-04,7.857042e-02,1.406449e-02,3.636782e-03,9.609617e-02,6.232030e-01,1.342738e-01,8.655583e-03,6.476720e-04
9.307327e-03,1.269792e-03,2.367639e-03,3.574644e-03,1.139957e-02,1.078244e-02,5.734370e-04,5.650599e-02,1.289564e-02,5.389433e-03,9.482148e-02,6.858795e-01,9.572021e-02,8.885148e-03,6.277069e-04
9.081332e-03,1.678484e-03,2.193118e-03,3.036687e-03,9.490325e-03,9.503666e-03,5.231075e-04,4.006552e-02,1.264610e-02,5.207381e-03,1.191655e-01,7.074179e-01,6.812072e-02,1.110920e-02,7.609224e-04
8.981934e-03,1.835126e-03,1.855114e-03,2.642905e-03,8.332537e-03,8.098228e-03,4.112377e-04,2.831692e-02,1.211756e-02,5.389122e-03,1.182384e-01,7.434422e-01,4.854535e-02,1.099893e-02,7.943774e-04
1.253887e-02,1.914208e-03,1.525705e-03,2.553715e-03,7.325904e-03,7.727111e-03,3.204755e-04,2.003125e-02,9.457284e-03,4.986453e-03,2.111580e-01,6.693869e-01,3.492643e-02,1.497803e-02,1.169556e-03
1.217077e-02,2.091842e-03,1.220903e-03,2.178733e-03,7.733507e-03,6.891772e-03,2.817184e-04,1.412498e-02,7.702528e-03,5.269776e-03,2.967716e-01,5.985501e-01,2.528852e-02,1.853878e-02,1.184423e-03
1.278902e-02,1.892356e-03,9.909966e-04,1.669975e-03,5.977830e-03,5.828134e-03,2.147426e-04,9.948388e-03,6.901478e-03,5.170528e-03,2.934974e-01,6.153985e-01,1.847613e-02,2.013254e-02,1.111938e-03
1.264627e-02,1.948003e-03,1.385135e-03,1.280469e-03,6.740783e-03,6.304401e-03,2.944373e-04,7.263938e-03,5.747003e-03,5.546753e-03,3.194214e-01,5.895970e-01,1.374445e-02,2.711527e-02,9.646592e-04
1.415345e-02,4.099188e-03,6.373522e-03,1.367220e-03,7.036769e-03,8.865116e-03,3.850411e-04,7.109477e-03,6.364336e-03,7.553492e-03,2.638068e-01,6.232319e-01,1.041783e-02,3.830957e-02,9.262621e-04
2.200126e-02,4.525224e-03,6.542223e-03,1.359580e-03,9.302020e-03,1.180930e-02,3.635695e-04,5.915548e-03,2.044228e-02,8.777402e-03,2.730443e-01,5.680770e-01,8.375394e-03,5.779017e-02,1.674692e-03
2.931315e-02,5.136616e-03,6.408482e-03,1.230296e-03,9.940357e-03,1.436907e-02,3.928215e-04,5.410491e-03,3.054046e-02,9.922736e-03,3.149635e-01,4.935983e-01,6.465471e-03,7.031472e-02,1.993525e-03
3.693572e-02,7.147012e-03,9.696776e-03,1.736305e-03,2.026147e-02,1.547650e-02,6.834351e-04,8.611248e-03,3.058120e-02,1.185145e-02,3.214546e-01,4.671372e-01,5.186826e-03,6.062507e-02,2.615183e-03
3.562934e-02,9.402536e-03,8.608346e-03,1.473454e-03,1.739150e-02,1.280409e-02,6.123551e-04,7.490430e-03,3.690754e-02,1.207096e-02,3.919532e-01,3.808098e-01,3.969705e-03,7.833593e-02,2.540753e-03
4.721098e-02,1.396824e-02,7.986909e-03,1.611210e-03,1.669905e-02,1.065669e-02,5.611547e-04,7.278265e-03,3.897263e-02,1.211196e-02,4.297016e-01,3.034457e-01,3.244676e-03,1.036934e-01,2.857480e-03
4.064855e-02,1.351683e-02,6.395715e-03,1.470724e-03,1.459643e-02,8.582989e-03,4.736900e-04,6.092375e-03,4.996940e-02,1.255589e-02,5.029797e-01,2.234700e-01,2.634109e-03,1.137889e-01,2.824688e-03
2.978331e-02,1.061855e-02,4.879913e-03,1.354992e-03,1.314095e-02,7.877179e-03,4.146882e-04,4.993783e-03,4.797913e-02,1.125847e-02,5.719535e-01,1.635474e-01,2.176413e-03,1.277145e-01,2.307149e-03
2.360839e-02,1.292116e-02,4.624668e-03,1.366476e-03,1.881183e-02,1.043725e-02,8.003998e-04,4.239161e-03,4.989294e-02,1.176205e-02,5.850207e-01,1.190812e-01,1.778008e-03,1.531532e-01,2.502451e-03
2.795349e-02,1.312264e-02,6.613427e-03,1.989943e-03,2.134716e-02,1.511919e-02,1.050961e-03,5.298477e-03,4.646013e-02,1.157906e-02,6.124576e-01,8.679896e-02,1.666987e-03,1.456854e-01,2.856475e-03
2.707447e-02,1.182257e-02,5.334228e-03,1.661485e-03,2.000989e-02,2.316794e-02,1.030641e-03,4.431941e-03,4.418879e-02,1.044705e-02,5.679106e-01,6.351770e-02,1.889526e-03,2.151819e-01,2.331314e-03
3.364453e-02,1.462859e-02,8.117218e-02,1.338728e-02,4.982162e-02,1.724342e-02,2.043763e-03,7.355949e-02,4.129549e-02,1.015646e-02,4.421595e-01,4.612716e-02,4.108698e-03,1.688560e-01,1.795790e-03
4.524250e-02,1.223651e-02,1.962816e-01,2.949921e-02,5.969987e-02,1.545277e-02,2.427628e-03,9.159075e-02,4.596300e-02,9.789215e-03,3.277428e-01,3.353754e-02,3.580875e-03,1.253695e-01,1.586245e-03
5.547002e-02,1.084150e-02,2.854570e-01,4.343037e-02,6.358808e-02,1.605711e-02,2.743886e-03,1.119930e-01,4.036107e-02,8.521491e-03,2.378810e-01,2.455432e-02,3.010741e-03,9.454275e-02,1.547577e-03
8.963326e-02,4.218752e-02,2.731148e-01,3.647644e-02,6.887584e-02,2.171028e-02,3.700857e-03,8.943769e-02,9.482721e-02,7.408301e-03,1.727512e-01,1.798985e-02,4.884702e-03,7.315464e-02,3.847367e-03
1.060157e-01,6.299312e-02,2.679792e-01,3.297700e-02,7.708520e-02,3.169915e-02,3.990733e-03,6.948220e-02,1.201582e-01,7.027121e-03,1.334728e-01,1.383993e-02,5.254547e-03,6.097566e-02,7.049479e-03
1.285540e-01,8.142269e-02,2.120760e-01,3.107921e-02,1.115437e-01,5.204999e-02,4.722026e-03,5.573646e-02,1.304152e-01,7.047905e-03,1.039085e-01,1.121795e-02,8.202520e-03,4.823769e-02,1.378611e-02
1.301464e-01,8.069748e-02,1.674110e-01,3.664161e-02,1.160098e-01,6.854384e-02,4.462431e-03,7.422660e-02,1.389316e-01,5.931010e-03,7.534492e-02,8.779004e-03,4.355920e-02,3.528357e-02,1.403160e-02
1.379439e-01,7.794537e-02,1.329656e-01,3.539674e-02,1.060478e-01,1.370761e-01,3.963089e-03,5.945484e-02,1.402573e-01,6.169069e-03,5.819472e-02,9.029953e-03,5.320714e-02,2.605838e-02,1.628989e-02
1.329611e-01,7.994124e-02,1.099798e-01,3.296340e-02,8.529018e-02,2.108432e-01,3.475965e-03,5.176554e-02,1.374002e-01,7.933227e-03,4.549936e-02,7.708639e-03,5.266543e-02,2.111288e-02,2.045975e-02
1.327082e-01,8.685128e-02,8.929291e-02,2.859003e-02,7.921726e-02,2.430108e-01,2.886689e-03,5.857077e-02,1.320939e-01,8.778329e-03,3.533598e-02,6.306198e-03,4.889216e-02,2.406529e-02,2.340015e-02
1.042456e-01,7.257769e-02,6.914517e-02,2.839693e-02,5.876021e-02,1.838886e-01,2.318240e-03,4.391704e-02,2.987661e-01,9.055516e-03,2.800990e-02,5.739525e-03,5.639859e-02,1.747742e-02,2.130347e-02
8.978181e-02,6.435838e-02,5.210213e-02,2.170443e-02,4.513964e-02,1.340536e-01,2.098102e-03,3.535608e-02,2.487782e-01,6.916489e-03,2.610985e-02,1.205525e-02,2.312459e-01,1.300471e-02,1.729544e-02
7.957354e-02,5.220881e-02,3.735396e-02,1.712712e-02,3.409227e-02,1.003162e-01,1.874313e-03,2.702157e-02,2.156330e-01,5.376112e-03,2.515362e-02,2.735648e-02,3.534200e-01,9.362295e-03,1.413073e-02
5.969507e-02,3.861722e-02,2.712921e-02,1.275009e-02,2.631403e-02,7.160290e-02,1.626494e-03,2.176013e-02,1.589903e-01,3.880036e-03,2.050044e-02,5.529009e-02,4.842728e-01,6.805038e-03,1.076615e-02
5.134641e-02,2.943863e-02,2.022737e-02,1.046470e-02,2.154904e-02,5.388831e-02,1.597761e-03,2.211284e-02,1.251082e-01,2.843269e-03,1.796099e-02,1.181751e-01,5.110644e-01,5.437929e-03,8.785086e-03
3.842876e-02,2.226253e-02,1.503114e-02,7.789657e-03,1.605176e-02,3.857316e-02,1.243481e-03,1.768876e-02,9.283713e-02,2.124518e-03,1.307830e-02,1.019999e-01,6.221219e-01,4.062536e-03,6.706447e-03
2.799937e-02,1.619169e-02,1.065909e-02,5.632945e-03,1.197000e-02,2.763129e-02,9.275872e-04,1.262407e-02,6.698436e-02,1.540604e-03,9.357154e-03,7.566950e-02,7.250308e-01,2.912608e-03,4.868966e-03
2.015980e-02,1.181633e-02,7.622926e-03,4.086833e-03,9.336411e-03,1.965521e-02,7.090373e-04,8.961260e-03,4.900305e-02,1.135480e-03,6.686081e-03,5.766267e-02,7.973393e-01,2.062761e-03,3.762838e-03
1.511019e-02,8.799193e-03,5.770645e-03,2.954946e-03,8.351063e-03,1.398557e-02,7.328751e-04,6.622403e-03,3.569303e-02,8.551000e-04,4.787809e-03,4.366680e-02,8.481929e-01,1.472284e-03,3.005161e-03
1.207034e-02,8.511630e-03,4.658457e-03,2.172569e-03,8.027711e-03,1.037553e-02,6.669456e-04,5.038015e-03,2.969947e-02,6.349569e-04,3.425011e-03,3.656536e-02,8.745978e-01,1.066203e-03,2.490041e-03
9.795960e-03,1.190593e-02,4.676499e-03,1.791328e-03,7.591201e-03,7.689509e-03,6.053589e-04,4.182330e-03,2.856331e-02,5.647581e-04,2.540455e-03,2.776799e-02,8.892173e-01,8.134447e-04,2.294697e-03
7.896896e-03,1.960498e-02,5.052843e-03,1.310634e-03,7.290078e-03,6.843424e-03,6.268854e-04,4.638188e-03,3.352028e-02,4.511991e-04,1.857445e-03,2.077377e-02,8.867416e-01,6.652989e-04,2.726517e-03
9.335172e-03,1.688408e-02,1.636538e-02,1.049973e-03,1.242147e-02,6.490645e-03,9.304018e-04,7.736248e-03,2.985897e-02,3.371540e-04,1.360602e-03,1.648770e-02,8.777713e-01,5.490195e-04,2.421943e-03
1.772557e-02,1.431340e-02,5.001873e-02,2.978036e-03,2.804394e-02,9.398296e-03,1.677941e-03,2.705484e-02,2.775587e-02,3.536642e-04,1.146059e-03,1.273377e-02,8.036780e-01,6.069550e-04,2.514874e-03
3.254452e-02,1.578826e-02,6.318701e-02,7.436249e-03,4.383454e-02,1.367684e-02,2.445275e-03,2.846579e-02,4.946871e-02,4.389064e-04,1.130905e-03,9.767797e-03,7.276740e-01,6.518863e-04,3.489261e-03
5.751622e-02,2.012634e-02,6.210167e-02,9.256870e-03,7.412925e-02,3.021907e-02,7.337318e-03,2.386016e-02,4.675505e-02,4.131147e-04,1.204948e-03,7.487784e-03,6.538858e-01,5.721317e-04,5.134244e-03
6.745315e-02,4.400615e-02,6.867984e-02,2.885810e-02,9.323652e-02,3.735899e-02,1.128346e-02,2.258383e-02,7.460125e-02,9.281762e-04,1.345371e-03,6.467981e-03,5.330226e-01,5.505643e-04,9.624038e-03
7.579904e-02,8.229658e-02,5.864318e-02,5.028642e-02,9.060653e-02,4.479357e-02,9.528376e-03,1.964763e-02,1.185169e-01,1.806049e-03,1.610422e-03,6.151137e-03,4.232854e-01,4.634585e-04,1.656536e-02
6.063721e-02,6.159021e-02,6.220242e-02,2.632447e-01,6.966178e-02,3.237154e-02,6.878418e-03,2.433308e-02,9.273967e-02,2.182491e-03,2.479010e-03,5.641514e-03,3.011672e-01,3.904280e-04,1.448030e-02
5.656681e-02,4.430158e-02,5.080977e-02,2.279711e-01,6.720687e-02,2.698483e-02,5.109251e-03,1.915556e-01,9.121092e-02,1.557793e-03,2.645784e-03,4.191222e-03,2.193234e-01,3.110155e-04,1.025394e-02
4.824167e-02,3.178133e-02,3.748085e-02,1.672128e-01,4.897879e-02,2.045421e-02,3.777739e-03,4.054986e-01,6.655811e-02,1.112044e-03,2.570727e-03,2.969927e-03,1.558714e-01,2.550066e-04,7.236887e-03
3.748240e-02,2.237405e-02,2.731285e-02,1.176700e-01,3.495090e-02,1.486446e-02,3.037967e-03,5.754836e-01,4.744514e-02,7.906476e-04,1.889828e-03,2.091195e-03,1.093320e-01,1.919208e-04,5.083086e-03
2.953043e-02,1.574721e-02,2.046641e-02,8.289002e-02,2.503546e-02,1.078834e-02,2.533430e-03,6.956494e-01,3.352202e-02,5.701933e-04,1.377950e-03,1.483868e-03,7.666390e-02,1.460333e-04,3.595324e-03
3.318386e-02,1.112599e-02,1.632427e-02,5.881320e-02,1.782784e-02,1.018278e-02,2.639496e-03,7.663667e-01,2.373941e-02,4.100726e-04,1.094068e-03,1.309017e-03,5.405950e-02,1.922139e-04,2.731553e-03
4.882030e-02,8.000954e-03,1.360896e-02,4.195795e-02,1.289945e-02,1.013894e-02,2.360778e-03,8.018782e-01,1.721632e-02,3.040226e-04,8.890872e-04,1.184386e-03,3.816775e-02,3.020613e-04,2.270851e-03
9.975234e-02,6.634852e-03,1.177895e-02,3.135527e-02,9.375473e-03,1.079111e-02,2.051847e-03,7.701968e-01,1.377215e-02,5.742679e-04,3.607785e-03,5.174335e-03,3.016829e-02,9.987934e-04,3.767712e-03
1.336961e-01,5.420173e-03,9.829850e-03,2.460705e-02,7.254053e-03,9.905228e-03,1.685734e-03,7.575411e-01,1.256007e-02,5.837666e-04,3.750241e-03,5.924298e-03,2.222278e-02,1.058341e-03,3.961224e-03
1.625521e-01,4.331521e-03,8.389101e-03,1.994154e-02,6.019567e-03,8.913841e-03,1.589424e-03,7.412818e-01,1.320687e-02,5.478643e-04,4.013130e-03,7.113038e-03,1.693410e-02,1.113525e-03,4.052534e-03
2.701245e-01,4.427920e-03,1.053664e-02,3.038191e-02,6.400166e-03,1.424281e-02,2.173730e-03,5.887026e-01,1.431908e-02,8.464677e-04,7.921609e-03,2.204456e-02,1.807705e-02,2.650896e-03,7.149953e-03
3.191988e-01,5.840843e-03,1.051989e-02,3.646737e-02,1.262654e-02,1.601189e-02,2.980147e-03,5.012772e-01,1.598602e-02,9.508897e-04,9.393193e-03,3.605347e-02,2.067338e-02,3.243147e-03,8.777096e-03
3.900258e-01,6.289400e-03,1.165697e-02,3.434186e-02,1.040002e-02,1.838813e-02,2.781220e-03,4.116769e-01,1.495592e-02,2.100417e-03,1.230914e-02,4.623731e-02,2.184567e-02,4.038474e-03,1.295266e-02
3.966123e-01,7.480249e-03,1.093443e-02,4.293327e-02,9.579875e-03,2.839754e-02,2.717138e-03,3.029416e-01,1.996231e-02,3.513630e-03,1.967888e-02,9.643389e-02,3.504105e-02,4.770041e-03,1.900372e-02
3.741483e-01,7.378070e-03,1.032508e-02,4.539038e-02,8.507614e-03,4.468962e-02,2.713596e-03,2.348937e-01,2.354557e-02,4.148714e-03,2.692405e-02,1.272188e-01,6.221119e-02,4.920640e-03,2.298471e-02
3.185208e-01,6.435185e-03,8.057755e-03,3.645602e-02,8.383349e-03,3.782023e-02,2.452296e-03,1.813239e-01,6.023300e-02,4.028037e-03,4.222022e-02,1.599445e-01,1.080378e-01,4.966935e-03,2.112003e-02
2.638720e-01,5.503476e-03,6.283768e-03,3.048335e-02,7.638244e-03,3.006695e-02,2.148338e-03,1.455679e-01,1.001651e-01,4.043088e-03,4.027704e-02,1.925504e-01,1.479979e-01,4.684071e-03,1.871840e-02
2.032610e-01,4.117601e-03,5.666307e-03,2.978732e-02,7.428833e-03,2.274693e-02,1.581208e-03,1.982051e-01,9.586287e-02,4.895298e-03,5.597919e-02,1.764899e-01,1.678184e-01,4.447298e-03,2.171268e-02
1.618934e-01,2.988100e-03,5.798172e-03,2.412355e-02,6.453798e-03,1.624777e-02,1.155075e-03,3.610220e-01,7.965955e-02,4.491590e-03,5.123991e-02,1.353348e-01,1.278946e-01,3.425034e-03,1.827274e-02
1.215258e-01,2.146858e-03,4.910574e-03,1.944511e-02,5.278759e-03,1.178788e-02,8.328803e-04,5.111114e-01,6.081974e-02,3.418966e-03,4.597832e-02,1.025044e-01,9.412999e-02,2.556182e-03,1.355309e-02
8.543836e-02,1.518459e-03,3.771877e-03,1.381205e-02,4.063400e-03,8.333350e-03,6.084855e-04,6.539158e-01,4.313837e-02,2.405340e-03,3.301064e-02,7.222343e-02,6.624835e-02,1.804891e-03,9.707259e-03
6.037050e-02,1.078609e-03,2.770342e-03,9.982114e-03,3.433285e-03,6.219346e-03,4.764863e-04,7.540083e-01,3.057639e-02,1.695205e-03,2.375951e-02,5.088462e-02,4.660859e-02,1.290163e-03,6.846562e-03
4.253041e-02,7.670670e-04,2.037091e-03,7.196321e-03,5.767561e-03,4.587754e-03,3.932535e-04,8.227581e-01,2.155114e-02,1.198029e-03,1.686036e-02,3.566317e-02,3.289505e-02,9.604177e-04,4.834329e-03
3.049513e-02,5.638156e-04,1.671263e-03,5.405427e-03,5.939399e-03,3.459129e-03,2.848657e-04,8.716642e-01,1.515600e-02,8.772427e-04,1.201327e-02,2.500265e-02,2.318152e-02,8.723710e-04,3.413725e-03
2.510547e-02,5.486246e-04,2.821631e-03,5.482450e-03,4.897156e-03,3.323255e-03,2.056404e-04,8.980863e-01,1.148156e-02,6.784140e-04,9.330266e-03,1.768962e-02,1.662595e-02,1.179581e-03,2.544043e-03
2.213408e-02,1.705786e-03,2.440704e-03,1.415461e-02,3.565155e-03,3.742818e-03,1.478345e-04,8.241506e-01,1.058562e-02,1.203392e-03,4.426081e-02,4.105897e-02,2.468877e-02,3.812689e-03,2.348111e-03
1.903733e-02,2.498626e-03,2.182047e-03,2.138837e-02,2.983235e-03,3.843958e-03,1.229393e-04,7.109242e-01,8.337371e-03,3.603084e-03,7.906787e-02,1.103118e-01,2.490187e-02,8.909361e-03,1.887951e-03
1.369504e-02,1.942986e-03,2.271003e-03,2.695129e-02,3.993281e-03,3.380566e-03,2.167551e-04,5.170012e-01,1.190737e-02,3.361844e-03,1.211199e-01,2.571528e-01,2.563867e-02,9.815426e-03,1.551818e-03
1.014056e-02,1.453001e-03,2.348760e-03,2.207009e-02,3.156493e-03,6.686601e-03,1.891305e-04,3.656900e-01,9.639405e-03,2.486201e-03,1.012132e-01,4.444124e-01,2.089037e-02,8.349843e-03,1.273944e-03
7.412297e-03,1.096289e-03,2.137954e-03,1.668534e-02,2.751313e-03,8.975757e-03,1.824507e-04,2.593552e-01,8.031122e-03,1.862885e-03,9.990572e-02,5.681643e-01,1.587992e-02,6.507664e-03,1.051682e-03
5.282719e-03,9.898095e-04,1.799055e-03,1.246112e-02,4.830327e-03,7.304762e-03,2.054702e-04,1.828798e-01,6.941453e-03,1.531626e-03,7.708304e-02,6.810732e-01,1.191043e-02,4.861063e-03,8.460631e-04
3.933378e-03,8.263241e-04,1.394292e-03,9.184667e-03,5.950801e-03,6.392971e-03,1.889281e-04,1.293171e-01,5.292351e-03,1.396017e-03,6.515104e-02,7.579643e-01,8.749100e-03,3.576258e-03,6.824871e-04
3.073279e-03,9.049802e-04,1.218326e-03,6.622238e-03,4.886798e-02,5.450123e-03,1.955659e-04,9.090632e-02,4.080818e-03,1.352126e-03,5.083381e-02,7.768077e-01,6.475660e-03,2.636675e-03,5.744856e-04
2.423877e-03,7.217251e-04,9.178782e-04,4.912089e-03,9.809903e-02,4.972741e-03,1.585476e-04,6.374363e-02,2.971351e-03,1.426695e-03,4.691893e-02,7.649920e-01,5.077520e-03,2.200493e-03,4.635520e-04
1.859246e-03,7.413007e-04,1.022703e-03,3.668557e-03,1.441791e-01,4.826136e-03,1.478714e-04,4.472428e-02,2.352547e-03,1.687992e-03,3.725841e-02,7.507824e-01,4.008843e-03,2.169540e-03,5.711222e-04
1.940421e-03,6.396463e-04,9.600237e-04,2.742738e-03,1.324787e-01,5.671403e-03,4.262918e-04,3.147849e-02,2.129656e-03,2.003901e-03,3.565575e-02,7.772448e-01,3.674882e-03,2.437385e-03,5.159637e-04
4.439803e-03,6.351518e-04,1.212667e-03,2.236932e-03,1.376152e-01,7.711124e-03,2.075613e-03,2.337291e-02,1.975030e-03,2.279029e-03,3.266208e-02,7.775825e-01,3.384945e-03,2.376297e-03,4.407600e-04
1.728440e-02,1.303416e-03,2.907891e-03,2.939932e-03,1.323026e-01,3.355174e-02,1.551184e-02,3.281764e-02,1.379338e-02,2.769207e-03,2.803623e-02,7.111700e-01,3.303495e-03,1.883033e-03,4.252885e-04
2.111451e-02,1.471457e-03,3.083806e-03,2.835330e-03,1.304285e-01,3.871639e-02,1.280880e-02,2.819356e-02,1.760474e-02,3.347116e-03,3.030545e-02,7.029003e-01,4.824343e-03,1.831597e-03,5.341608e-04
3.211302e-02,2.068809e-03,3.965097e-03,3.834936e-03,1.346368e-01,4.781559e-02,1.003890e-02,2.453328e-02,2.543161e-02,4.457839e-03,3.867972e-02,6.621568e-01,7.055462e-03,2.304790e-03,9.074723e-04
2.731391e-02,3.575309e-03,5.211321e-03,5.484845e-03,2.405511e-01,4.534823e-02,9.130627e-03,2.760376e-02,3.780489e-02,4.765214e-03,3.124462e-02,5.466449e-01,1.238809e-02,2.011067e-03,9.221717e-04
2.124522e-02,4.825678e-03,7.110560e-03,6.706574e-03,2.955396e-01,3.855783e-02,1.034518e-02,2.686814e-02,1.243930e-01,3.865859e-03,2.496290e-02,4.210204e-01,1.225538e-02,1.561654e-03,7.421715e-04
1.589531e-02,4.993095e-03,6.226412e-03,6.321590e-03,2.279713e-01,3.912908e-02,8.227873e-03,2.101512e-02,3.367541e-01,2.953253e-03,1.905619e-02,2.986254e-01,1.038671e-02,1.171892e-03,1.272713e-03
1.454161e-02,3.855715e-03,5.077651e-03,6.017865e-03,2.277294e-01,2.962429e-02,6.271944e-03,1.560700e-01,3.002896e-01,2.138865e-03,1.659381e-02,2.137361e-01,1.619457e-02,9.071731e-04,9.514699e-04
1.229546e-02,2.848963e-03,3.997832e-03,4.652323e-03,1.727433e-01,2.091987e-02,4.459482e-03,3.666879e-01,2.250703e-01,1.529229e-03,1.566996e-02,1.507608e-01,1.704179e-02,6.474060e-04,6.754777e-04
9.215967e-03,2.017413e-03,2.900528e-03,3.446971e-03,1.236050e-01,1.503368e-02,3.194888e-03,5.501294e-01,1.577506e-01,1.111168e-03,1.198686e-02,1.058520e-01,1.281681e-02,4.572534e-04,4.815104e-04
7.192184e-03,1.434299e-03,2.117209e-03,2.587819e-03,9.244875e-02,1.087524e-02,2.351270e-03,6.770325e-01,1.104822e-01,7.947378e-04,8.640978e-03,7.414882e-02,9.225450e-03,3.282388e-04,3.404332e-04
7.108733e-03,1.031089e-03,1.593512e-03,1.954950e-03,6.711729e-02,9.034278e-03,1.705059e-03,7.671474e-01,7.739251e-02,5.669921e-04,6.169091e-03,5.195976e-02,6.729113e-03,2.467717e-04,2.435225e-04
1.084009e-02,7.352835e-04,1.139938e-03,1.559340e-03,4.959315e-02,7.542389e-03,1.214101e-03,8.267574e-01,5.420057e-02,4.053625e-04,4.399737e-03,3.640337e-02,4.854473e-03,1.813456e-04,1.734934e-04
2.355861e-02,5.681723e-04,8.387826e-04,2.001182e-03,4.873415e-02,6.281179e-03,8.690691e-04,8.459108e-01,3.801546e-02,2.977014e-04,3.335747e-03,2.564879e-02,3.674414e-03,1.392641e-04,1.266978e-04
3.425801e-02,4.310304e-04,6.173978e-04,2.244669e-03,4.235081e-02,4.810093e-03,6.533283e-04,8.641688e-01,2.673365e-02,2.120881e-04,2.489844e-03,1.809926e-02,2.736306e-03,1.025340e-04,9.220772e-05
3.549780e-02,3.212331e-04,4.496202e-04,1.891772e-03,3.430008e-02,3.588730e-03,4.929429e-04,8.877044e-01,1.878286e-02,1.496000e-04,1.839149e-03,1.276143e-02,2.079025e-03,7.471310e-05,6.660084e-05
3.239794e-02,2.499473e-04,3.296472e-04,1.571093e-03,2.740138e-02,2.692082e-03,4.075213e-04,9.094348e-01,1.319795e-02,1.066120e-04,1.386188e-03,9.007898e-03,1.709732e-03,5.616380e-05,5.099104e-05
2.705239e-02,2.133447e-04,2.619070e-04,1.265334e-03,2.024478e-02,2.088882e-03,3.435792e-04,9.300864e-01,9.298354e-03,7.763550e-05,1.033972e-03,6.459722e-03,1.471997e-03,4.998825e-05,5.168749e-05
2.459722e-02,2.059867e-04,2.451970e-04,1.092171e-03,1.489364e-02,2.288285e-03,3.076656e-04,9.416350e-01,6.569790e-03,6.315320e-05,9.756302e-04,5.059072e-03,1.886424e-03,6.877637e-05,1.119523e-04
2.514147e-02,2.101252e-04,3.751396e-04,1.332823e-03,1.156611e-02,1.793233e-03,3.124147e-04,9.481208e-01,4.666191e-03,6.000615e-05,8.126416e-04,3.682206e-03,1.638376e-03,7.000411e-05,2.185254e-04
4.717294e-02,3.377318e-04,4.796579e-04,1.236906e-03,8.850468e-03,2.477970e-03,4.890554e-04,8.528724e-01,3.636363e-03,2.285489e-04,7.005314e-03,2.430164e-02,4.989841e-02,6.318663e-04,3.807525e-04
3.537666e-02,3.181428e-04,3.779627e-04,1.408125e-03,6.588694e-03,4.011811e-03,5.545596e-04,6.251148e-01,3.053600e-03,1.825894e-03,1.080676e-02,2.475767e-01,5.882804e-02,3.774051e-03,3.842492e-04
2.577487e-02,2.815198e-04,3.326367e-04,1.223471e-03,5.514370e-03,4.141371e-03,8.113636e-04,4.436556e-01,3.356431e-03,1.368584e-03,2.922677e-02,4.340700e-01,4.607607e-02,3.818441e-03,3.485837e-04
1.911837e-02,2.526601e-04,2.744574e-04,9.773695e-04,5.184247e-03,4.136369e-03,6.882561e-04,3.146238e-01,3.946163e-03,1.073830e-03,1.043218e-01,5.071406e-01,3.453266e-02,3.332583e-03,3.968426e-04
1.480256e-02,8.553455e-04,3.306593e-04,8.143425e-04,5.746259e-03,6.123446e-03,6.016895e-04,2.208365e-01,3.575032e-03,1.325118e-03,8.734571e-02,6.293864e-01,2.522686e-02,2.534776e-03,4.953445e-04
1.066716e-02,9.829537e-04,2.796765e-04,6.079572e-04,6.835467e-03,5.733555e-03,4.427129e-04,1.547169e-01,2.960850e-03,1.270828e-03,7.544710e-02,7.196670e-01,1.806982e-02,1.913424e-03,4.046191e-04
8.755189e-03,1.104412e-03,2.939592e-04,4.441024e-04,6.460745e-03,5.222877e-03,3.421327e-04,1.083969e-01,2.303077e-03,1.399292e-03,7.575315e-02,7.748176e-01,1.292591e-02,1.446180e-03,3.343457e-04
6.295510e-03,1.198980e-03,2.527288e-04,3.230485e-04,7.760334e-03,3.892954e-03,2.496611e-04,7.594391e-02,1.715989e-03,1.289616e-03,1.445011e-01,7.451680e-01,9.182284e-03,1.971740e-03,2.541333e-04
5.235941e-03,1.186029e-03,2.178314e-04,2.492101e-04,8.306413e-03,3.143211e-03,1.872748e-04,5.319999e-02,1.309447e-03,1.381103e-03,1.195637e-01,7.974070e-01,6.574166e-03,1.835934e-03,2.027326e-04
3.959228e-03,1.383409e-03,2.860549e-04,2.125328e-04,2.739694e-02,2.922951e-03,1.561269e-04,3.729672e-02,1.079942e-03,1.175152e-03,1.002245e-01,8.174766e-01,4.706526e-03,1.557051e-03,1.662731e-04
3.135044e-03,1.892407e-03,3.791366e-04,1.915744e-04,3.535368e-02,2.728674e-03,1.518200e-04,2.617800e-02,9.489160e-04,9.565278e-04,8.733661e-02,8.359171e-01,3.385726e-03,1.304053e-03,1.407441e-04
3.230270e-03,5.024417e-03,8.379328e-04,2.721465e-04,3.945106e-02,3.344934e-03,1.613624e-04,1.848412e-02,9.441042e-04,1.129329e-03,8.120742e-02,8.419063e-01,2.489386e-03,1.308637e-03,2.085541e-04
2.468923e-03,3.918306e-03,7.637787e-04,2.469131e-04,3.625486e-02,2.610878e-03,1.393271e-04,1.304180e-02,8.220513e-04,9.652301e-04,6.526510e-02,8.702239e-01,1.820729e-03,1.271992e-03,1.862618e-04
2.263850e-03,3.590180e-03,8.477458e-04,2.469283e-04,3.506676e-02,2.125522e-03,1.114404e-04,9.219079e-03,6.862347e-04,8.718100e-04,1.043236e-01,8.376904e-01,1.342356e-03,1.401680e-03,2.125465e-04
2.781312e-03,2.123783e-02,8.391986e-03,5.653774e-04,4.137488e-02,4.085656e-03,1.426991e-04,7.989864e-03,7.403826e-04,1.597323e-03,1.490834e-01,7.592705e-01,1.057730e-03,1.396114e-03,2.849277e-04
6.686449e-03,2.969106e-02,1.638877e-02,1.469581e-03,3.543372e-02,5.099140e-03,2.575385e-04,8.739940e-03,1.022569e-03,2.012622e-03,1.739545e-01,7.160360e-01,8.651617e-04,1.799486e-03,5.434683e-04
1.373142e-02,2.419777e-02,1.481807e-01,9.127968e-03,2.836546e-02,8.097254e-03,5.361997e-04,1.835234e-02,1.489267e-03,2.397321e-03,1.429886e-01,5.993902e-01,7.019344e-04,1.694706e-03,7.488902e-04
1.451447e-02,2.113902e-02,1.119724e-01,8.699692e-03,2.339249e-02,7.425328e-03,4.808150e-04,1.635285e-02,2.830882e-03,2.217331e-03,1.145495e-01,6.729264e-01,5.862250e-04,2.148303e-03,7.644123e-04
2.757490e-02,2.021918e-02,1.958460e-01,1.602086e-02,1.838554e-02,1.532662e-02,7.160291e-04,2.147245e-02,3.317242e-03,2.839911e-03,1.074159e-01,5.673112e-01,5.698469e-04,2.238024e-03,7.463676e-04
2.619417e-02,1.699556e-02,2.045093e-01,4.242238e-02,1.599987e-02,1.348846e-02,9.103428e-04,7.592764e-02,8.834567e-03,4.066781e-03,1.543068e-01,4.332665e-01,4.595525e-04,2.016200e-03,6.018523e-04
2.820573e-02,1.322672e-02,1.940369e-01,6.570534e-02,1.331024e-02,1.089285e-02,8.351714e-04,1.832868e-01,1.169931e-02,4.972206e-03,1.456660e-01,3.254260e-01,4.428394e-04,1.830143e-03,4.638521e-04
2.745410e-02,1.058855e-02,1.758484e-01,1.238981e-01,1.192542e-02,8.954566e-03,8.426291e-04,2.319136e-01,1.386940e-02,8.535576e-03,1.368778e-01,2.464437e-01,3.570870e-04,2.121087e-03,3.699845e-04
3.319094e-02,9.180753e-03,1.389088e-01,1.530498e-01,1.064961e-02,7.559404e-03,1.008012e-03,2.049244e-01,3.381054e-02,1.777170e-02,1.891807e-01,1.911783e-01,2.923366e-04,8.850872e-03,4.437910e-04
3.723700e-02,8.533955e-03,1.208299e-01,1.617312e-01,9.786151e-03,6.934685e-03,1.015415e-03,1.934026e-01,5.375139e-02,2.293416e-02,2.183639e-01,1.462174e-01,2.600772e-04,1.822174e-02,7.804070e-04
3.323067e-02,6.698258e-03,8.833348e-02,1.232058e-01,1.150968e-02,6.013236e-03,8.466732e-04,1.542567e-01,7.242436e-02,2.696137e-02,3.113990e-01,1.054443e-01,2.437017e-04,5.838748e-02,1.045177e-03
3.133862e-02,5.508511e-03,6.594539e-02,1.008735e-01,1.345357e-02,5.723080e-03,6.670537e-04,1.330043e-01,9.362273e-02,2.380650e-02,3.466848e-01,7.625221e-02,3.432631e-04,1.017645e-01,1.011994e-03
4.164156e-02,4.632601e-03,4.889014e-02,7.874931e-02,1.184210e-02,7.320625e-03,5.186339e-04,9.658565e-02,1.073010e-01,2.333407e-02,3.712376e-01,5.551858e-02,5.124773e-04,1.502366e-01,1.679121e-03
8.613268e-02,4.612890e-03,3.631185e-02,6.061723e-02,1.033474e-02,1.152087e-02,4.511730e-04,6.871514e-02,1.228627e-01,2.371424e-02,3.407626e-01,4.087501e-02,7.254286e-04,1.885669e-01,3.796655e-03
1.362762e-01,6.683212e-03,3.107392e-02,5.288599e-02,1.720787e-02,3.565000e-02,5.723943e-04,5.060025e-02,1.081470e-01,2.012930e-02,3.295658e-01,3.123028e-02,9.671553e-04,1.718644e-01,7.146340e-03
1.664849e-01,8.583616e-03,4.407456e-02,6.359583e-02,3.450901e-02,6.115446e-02,7.310410e-04,3.806785e-02,9.131812e-02,1.659901e-02,2.726928e-01,2.394722e-02,1.001078e-03,1.688853e-01,8.355280e-03
2.187440e-01,1.069943e-02,6.638354e-02,8.539765e-02,4.999752e-02,6.472701e-02,1.136825e-03,3.039843e-02,7.170944e-02,1.267719e-02,2.118959e-01,1.907920e-02,1.193987e-03,1.461308e-01,9.829184e-03
2.473681e-01,3.138017e-02,1.393712e-01,6.396049e-02,3.788090e-02,5.736048e-02,9.153589e-04,2.229761e-02,5.323882e-02,9.568314e-03,1.547068e-01,1.497767e-02,1.235956e-03,1.496236e-01,1.611447e-02
2.309644e-01,2.583619e-02,2.495147e-01,6.476735e-02,2.811660e-02,4.280618e-02,8.380817e-04,1.755000e-02,3.932773e-02,7.681326e-03,1.134157e-01,1.194368e-02,1.277132e-03,1.527474e-01,1.321360e-02
2.299475e-01,2.125286e-02,2.763031e-01,6.446101e-02,2.549257e-02,3.847453e-02,1.064243e-03,1.587091e-02,3.315183e-02,6.272317e-03,9.196945e-02,1.114485e-02,1.732215e-03,1.687135e-01,1.414918e-02
2.696370e-01,1.845641e-02,2.307664e-01,5.236161e-02,2.795186e-02,4.442594e-02,1.475686e-03,1.882330e-02,2.718496e-02,5.196461e-03,1.050924e-01,1.447361e-02,4.476829e-03,1.627069e-01,1.697073e-02
2.449602e-01,1.524592e-02,2.158105e-01,4.067839e-02,2.466291e-02,4.830479e-02,1.365771e-03,1.823426e-02,2.064593e-02,4.057655e-03,1.808997e-01,1.432174e-02,4.924013e-03,1.504491e-01,1.543918e-02
2.019591e-01,1.413289e-02,1.542081e-01,3.309884e-02,2.670901e-02,3.843686e-02,1.248141e-03,1.540873e-02,1.834551e-02,4.274498e-03,2.354148e-01,1.315302e-02,4.762948e-03,2.182996e-01,2.054807e-02
1.738189e-01,1.100939e-02,1.088530e-01,2.540011e-02,2.384599e-02,2.851075e-02,1.240578e-03,1.152678e-02,1.574628e-02,4.704870e-03,2.535486e-01,1.439774e-02,4.184034e-03,3.017875e-01,2.142555e-02
1.439863e-01,8.292948e-03,7.652789e-02,1.922200e-02,1.982475e-02,2.075203e-02,1.242926e-03,8.609800e-03,1.270958e-02,4.735751e-03,2.956336e-01,1.269405e-02,3.485626e-03,3.543970e-01,1.788579e-02
1.053430e-01,6.281901e-03,5.383506e-02,1.414707e-02,1.748359e-02,1.574418e-02,1.338582e-03,6.858224e-03,1.058673e-02,6.453323e-03,3.606466e-01,1.292100e-02,2.677441e-03,3.718793e-01,1.380406e-02
8.141318e-02,5.080577e-03,3.811723e-02,1.078782e-02,1.843404e-02,1.303725e-02,1.325704e-03,5.951230e-03,9.376816e-03,7.780882e-03,3.742242e-01,1.329550e-02,2.274217e-03,4.080888e-01,1.081252e-02
5.814460e-02,3.713288e-03,2.699544e-02,7.850861e-03,1.594497e-02,9.962913e-03,1.132691e-03,4.918243e-03,7.259611e-03,7.152888e-03,4.607576e-01,1.291311e-02,1.865858e-03,3.734035e-01,7.984343e-03
4.199180e-02,2.825538e-03,1.927238e-02,5.712147e-03,1.320799e-02,7.742972e-03,9.592641e-04,3.731187e-03,5.632191e-03,8.243673e-03,5.092549e-01,1.284441e-02,1.742725e-03,3.606204e-01,6.218500e-03
3.307367e-02,2.304553e-03,1.419082e-02,4.411001e-03,1.177114e-02,6.468022e-03,9.751720e-04,3.195855e-03,4.393438e-03,8.551059e-03,5.762584e-01,1.297980e-02,1.853132e-03,3.147932e-01,4.780698e-03
2.388752e-02,1.908199e-03,1.033862e-02,3.287402e-03,1.469620e-02,5.519689e-03,8.389428e-04,2.621717e-03,3.699323e-03,8.044434e-03,6.527232e-01,1.386222e-02,1.686060e-03,2.533197e-01,3.566712e-03
1.801873e-02,1.495137e-03,7.502293e-03,2.426672e-03,1.243403e-02,4.373294e-03,6.264207e-04,2.051657e-03,3.915078e-03,8.265005e-03,6.950463e-01,2.029866e-02,1.527989e-03,2.194177e-01,2.601013e-03
1.569123e-02,1.263187e-03,5.992501e-03,2.006445e-03,9.839138e-03,3.794833e-03,6.115946e-04,3.134050e-03,3.691990e-03,7.150351e-03,7.392279e-01,2.412381e-02,1.385755e-03,1.800945e-01,1.992730e-03
2.922070e-02,1.800553e-03,6.622458e-03,2.683250e-03,1.102642e-02,6.267292e-03,1.441795e-03,8.390609e-03,3.420695e-03,6.362026e-03,7.325687e-01,3.746898e-02,1.592466e-03,1.493034e-01,1.830680e-03
3.036059e-02,1.746024e-03,5.117944e-03,2.459907e-03,1.239702e-02,6.612888e-03,1.394433e-03,7.667781e-03,3.259315e-03,5.650661e-03,7.269652e-01,6.009446e-02,1.665242e-03,1.331553e-01,1.453142e-03
5.176314e-02,3.419508e-03,5.097681e-03,3.266778e-03,1.348330e-02,9.300856e-03,1.956900e-03,1.130727e-02,3.768642e-03,4.752942e-03,6.556506e-01,1.250239e-01,1.790227e-03,1.078802e-01,1.538024e-03
9.560779e-02,4.740150e-03,5.520796e-03,3.782962e-03,1.452615e-02,9.711231e-03,2.035328e-03,1.261933e-02,4.473119e-03,4.021572e-03,5.749652e-01,1.757255e-01,1.950427e-03,8.839411e-02,1.926281e-03
1.420567e-01,5.499065e-03,6.697994e-03,3.948634e-03,1.376352e-02,1.396758e-02,1.836627e-03,1.255398e-02,4.468224e-03,3.154559e-03,5.068797e-01,2.098845e-01,1.871597e-03,7.146726e-02,1.949951e-03
1.563804e-01,5.092133e-03,5.820638e-03,3.791882e-03,1.167943e-02,1.738894e-02,1.860832e-03,9.796051e-03,4.609232e-03,3.541074e-03,5.094216e-01,2.020834e-01,1.866966e-03,6.447836e-02,2.189029e-03
1.807972e-01,6.591299e-03,6.996399e-03,4.199164e-03,1.179413e-02,2.104174e-02,2.097366e-03,8.198959e-03,5.560554e-03,5.319521e-03,4.932164e-01,1.917152e-01,2.075888e-03,5.735487e-02,3.041308e-03
2.367982e-01,8.574363e-03,1.057833e-02,6.796643e-03,1.136722e-02,2.197593e-02,2.819969e-03,7.685584e-03,6.421215e-03,6.636761e-03,4.330807e-01,1.940403e-01,2.156327e-03,4.639619e-02,4.672284e-03
3.031177e-01,9.286609e-03,1.256914e-02,7.811939e-03,1.176273e-02,2.244548e-02,3.345101e-03,7.310874e-03,7.047646e-03,8.871359e-03,3.764864e-01,1.808630e-01,2.329580e-03,3.997327e-02,6.779216e-03
3.626021e-01,1.214768e-02,1.709634e-02,8.499024e-03,1.392257e-02,2.248930e-02,3.982518e-03,7.077221e-03,6.638918e-03,1.278484e-02,3.135362e-01,1.735010e-01,2.215957e-03,3.550643e-02,7.999845e-03
3.679852e-01,1.207398e-02,1.898937e-02,7.627210e-03,1.308954e-02,2.547953e-02,4.542105e-03,7.033663e-03,7.129883e-03,3.335806e-02,2.896313e-01,1.676881e-01,1.998743e-03,3.380707e-02,9.566270e-03
3.603289e-01,1.338592e-02,2.225097e-02,8.381972e-03,1.455838e-02,3.215603e-02,5.649664e-03,7.833838e-03,9.082931e-03,4.777873e-02,2.501107e-01,1.815191e-01,1.994450e-03,3.408807e-02,1.088038e-02
3.721762e-01,1.347132e-02,1.938587e-02,1.063995e-02,1.468176e-02,3.154380e-02,4.875298e-03,8.226437e-03,1.228984e-02,4.580916e-02,2.080043e-01,2.113591e-01,2.654130e-03,3.259707e-02,1.228570e-02
3.332099e-01,1.475526e-02,1.654745e-02,1.222863e-02,1.778562e-02,3.553829e-02,3.794839e-03,6.771696e-03,1.592867e-02,5.619172e-02,1.953845e-01,2.408451e-01,3.025597e-03,3.353917e-02,1.445361e-02
3.140022e-01,2.242116e-02,1.881257e-02,1.213351e-02,2.114271e-02,3.249446e-02,4.671692e-03,9.239617e-03,2.126987e-02,7.062753e-02,2.141767e-01,2.090264e-01,2.844577e-03,3.047820e-02,1.665884e-02
2.612754e-01,1.871295e-02,7.584651e-02,5.732192e-02,3.242200e-02,3.551897e-02,5.590081e-03,4.304025e-02,1.969385e-02,7.435383e-02,1.590599e-01,1.787893e-01,2.750497e-03,2.291733e-02,1.270717e-02
2.538282e-01,1.821479e-02,6.457080e-02,5.523199e-02,4.360918e-02,3.214816e-02,5.327862e-03,3.579576e-02,3.108827e-02,7.320844e-02,1.689905e-01,1.771249e-01,3.026194e-03,2.434313e-02,1.349177e-02
2.333449e-01,1.693945e-02,7.876208e-02,1.043070e-01,8.888449e-02,2.747196e-02,5.909789e-03,4.807857e-02,3.312612e-02,5.648854e-02,1.266453e-01,1.462323e-01,3.141101e-03,2.030434e-02,1.036405e-02
2.372929e-01,1.632708e-02,6.974454e-02,1.009232e-01,1.234660e-01,5.015260e-02,7.440053e-03,3.729486e-02,3.247169e-02,4.682518e-02,1.146960e-01,1.221450e-01,3.693257e-03,2.664167e-02,1.088580e-02
2.910942e-01,1.653313e-02,5.806909e-02,9.408472e-02,1.189575e-01,5.145295e-02,6.123355e-03,3.630588e-02,3.326560e-02,3.661918e-02,1.032107e-01,1.094272e-01,4.701303e-03,2.753208e-02,1.262317e-02
3.218359e-01,1.707015e-02,6.661043e-02,9.436461e-02,1.115556e-01,5.134364e-02,5.634581e-03,3.405957e-02,2.893022e-02,2.659356e-02,9.706943e-02,1.029486e-01,4.897259e-03,2.543980e-02,1.164647e-02
4.000476e-01,1.455383e-02,5.229127e-02,8.157139e-02,9.522934e-02,4.437703e-02,4.994946e-03,2.684585e-02,2.880708e-02,1.950852e-02,9.087320e-02,9.769592e-02,5.010414e-03,2.572043e-02,1.247316e-02
4.227228e-01,1.611334e-02,4.897158e-02,9.528348e-02,9.767595e-02,3.965550e-02,3.915349e-03,2.137788e-02,3.038261e-02,1.506998e-02,7.372902e-02,8.631051e-02,4.988564e-03,2.963094e-02,1.417244e-02
4.347140e-01,1.567827e-02,4.409629e-02,9.079742e-02,9.999017e-02,3.768223e-02,3.180463e-03,1.791954e-02,3.029855e-02,1.229612e-02,6.820428e-02,8.650469e-02,5.479642e-03,3.622614e-02,1.693213e-02
4.437231e-01,1.925541e-02,3.931812e-02,1.326464e-01,8.286706e-02,3.219550e-02,2.683498e-03,1.528718e-02,3.008687e-02,9.789200e-03,5.423830e-02,7.233086e-02,5.292430e-03,4.213848e-02,1.814768e-02
4.379333e-01,1.541975e-02,3.639819e-02,2.141468e-01,6.290324e-02,2.525681e-02,2.246785e-03,1.264328e-02,2.588096e-02,7.797277e-03,4.301212e-02,5.802280e-02,5.077330e-03,3.928092e-02,1.398045e-02
4.774317e-01,1.323254e-02,3.419467e-02,2.185897e-01,4.847743e-02,1.971684e-02,2.497476e-03,1.392222e-02,2.194508e-02,5.891916e-03,3.402217e-02,5.839613e-02,6.200783e-03,3.419920e-02,1.128213e-02
1.000000e+00,0.000000e+00,0.000000e+00,0.000000e+00,0.000000e+00,0.000000e+00,0.000000e+00,0.000000e+00,0.000000e+00,0.000000e+00,0.000000e+00,0.000000e+00,0.000000e+00,0.000000e+00,0.000000e+00
1.000000e+00,0.000000e+00,0.000000e+00,0.000000e+00,0.000000e+00,0.000000e+00,0.000000e+00,0.000000e+00,0.000000e+00,0.000000e+00,0.000000e+00,0.000000e+00,0.000000e+00,0.000000e+00,0.000000e+00
1.000000e+00,0.000000e+00,0.000000e+00,0.000000e+00,0.000000e+00,0.000000e+00,0.000000e+00,0.000000e+00,0.000000e+00,0.000000e+00,0.000000e+00,0.000000e+00,0.000000e+00,0.000000e+00,0.000000e+00
1.000000e+00,0.000000e+00,0.000000e+00,0.000000e+00,0.000000e+00,0.000000e+00,0.000000e+00,0.000000e+00,0.000000e+00,0.000000e+00,0.000000e+00,0.000000e+00,0.000000e+00,0.000000e+00,0.000000e+00
1.000000e+00,0.000000e+00,0.000000e+00,0.000000e+00,0.000000e+00,0.000000e+00,0.000000e+00,0.000000e+00,0.000000e+00,0.000000e+00,0.000000e+00,0.000000e+00,0.000000e+00,0.000000e+00,0.000000e+00
1.000000e+00,0.000000e+00,0.000000e+00,0.000000e+00,0.000000e+00,0.000000e+00,0.000000e+00,0.000000e+00,0.000000e+00,0.000000e+00,0.000000e+00,0.000000e+00,0.000000e+00,0.000000e+00,0.000000e+00
1.000000e+00,0.000000e+00,0.000000e+00,0.000000e+00,0.000000e+00,0.000000e+00,0.000000e+00,0.000000e+00,0.000000e+00,0.000000e+00,0.000000e+00,0.000000e+00,0.000000e+00,0.000000e+00,0.000000e+00
1.000000e+00,0.000000e+00,0.000000e+00,0.000000e+00,0.000000e+00,0.000000e+00,0.000000e+00,0.000000e+00,0.000000e+00,0.000000e+00,0.000000e+00,0.000000e+00,0.000000e+00,0.000000e+00,0.000000e+00
1.000000e+00,0.000000e+00,0.000000e+00,0.000000e+00,0.000000e+00,0.000000e+00,0.000000e+00,0.000000e+00,0.000000e+00,0.000000e+00,0.000000e+00,0.000000e+00,0.000000e+00,0.000000e+00,0.000000e+00
1.000000e+00,0.000000e+00,0.000000e+00,0.000000e+00,0.000000e+00,0.000000e+00,0.000000e+00,0.000000e+00,0.000000e+00,0.000000e+00,0.000000e+00,0.000000e+00,0.000000e+00,0.000000e+00,0.000000e+00
1.000000e+00,0.000000e+00,0.000000e+00,0.000000e+00,0.000000e+00,0.000000e+00,0.000000e+00,0.000000e+00,0.000000e+00,0.000000e+00,0.000000e+00,0.000000e+00,0.000000e+00,0.000000e+00,0.000000e+00
1.000000e+00,0.000000e+00,0.000000e+00,0.000000e+00,0.000000e+00,0.000000e+00,0.000000e+00,0.000000e+00,0.000000e+00,0.000000e+00,0.000000e+00,0.000000e+00,0.000000e+00,0.000000e+00,0.000000e+00
1.000000e+00,0.000000e+00,0.000000e+00,0.000000e+00,0.000000e+00,0.000000e+00,0.000000e+00,0.000000e+00,0.000000e+00,0.000000e+00,0.000000e+00,0.000000e+00,0.000000e+00,0.000000e+00,0.000000e+00
1.000000e+00,0.000000e+00,0.000000e+00,0.000000e+00,0.000000e+00,0.000000e+00,0.000000e+00,0.000000e+00,0.000000e+00,0.000000e+00,0.000000e+00,0.000000e+00,0.000000e+00,0.000000e+00,0.000000e+00
1.000000e+00,0.000000e+00,0.000000e+00,0.000000e+00,0.000000e+00,0.000000e+00,0.000000e+00,0.000000e+00,0.000000e+00,0.000000e+00,0.000000e+00,0.000000e+00,0.000000e+00,0.000000e+00,0.000000e+00
1.000000e+00,0.000000e+00,0.000000e+00,0.000000e+00,0.000000e+00,0.000000e+00,0.000000e+00,0.000000e+00,0.000000e+00,0.000000e+00,0.000000e+00,0.000000e+00,0.000000e+00,0.000000e+00,0.000000e+00
1.000000e+00,0.000000e+00,0.000000e+00,0.000000e+00,0.000000e+00,0.000000e+00,0.000000e+00,0.000000e+00,0.000000e+00,0.000000e+00,0.000000e+00,0.000000e+00,0.000000e+00,0.000000e+00,0.000000e+00
1.000000e+00,0.000000e+00,0.000000e+00,0.000000e+00,0.000000e+00,0.000000e+00,0.000000e+00,0.000000e+00,0.000000e+00,0.000000e+00,0.000000e+00,0.000000e+00,0.000000e+00,0.000000e+00,0.000000e+00
1.000000e+00,0.000000e+00,0.000000e+00,0.000000e+00,0.000000e+00,0.000000e+00,0.000000e+00,0.000000e+00,0.000000e+00,0.000000e+00,0.000000e+00,0.000000e+00,0.000000e+00,0.000000e+00,0.000000e+00
1.000000e+00,0.000000e+00,0.000000e+00,0.000000e+00,0.000000e+00,0.000000e+00,0.000000e+00,0.000000e+00,0.000000e+00,0.000000e+00,0.000000e+00,0.000000e+00,0.000000e+00,0.000000e+00,0.000000e+00
1.000000e+00,0.000000e+00,0.000000e+00,0.000000e+00,0.000000e+00,0.000000e+00,0.000000e+00,0.000000e+00,0.000000e+00,0.000000e+00,0.000000e+00,0.000000e+00,0.000000e+00,0.000000e+00,0.000000e+00
1.000000e+00,0.000000e+00,0.000000e+00,0.000000e+00,0.000000e+00,0.000000e+00,0.000000e+00,0.000000e+00,0.000000e+00,0.000000e+00,0.000000e+00,0.000000e+00,0.000000e+00,0.000000e+00,0.000000e+00
1.000000e+00,0.000000e+00,0.000000e+00,0.000000e+00,0.000000e+00,0.000000e+00,0.000000e+00,0.000000e+00,0.000000e+00,0.000000e+00,0.000000e+00,0.000000e+00,0.000000e+00,0.000000e+00,0.000000e+00
1.000000e+00,0.000000e+00,0.000000e+00,0.000000e+00,0.000000e+00,0.000000e+00,0.000000e+00,0.000000e+00,0.000000e+00,0.000000e+00,0.000000e+00,0.000000e+00,0.000000e+00,0.000000e+00,0.000000e+00
1.000000e+00,0.000000e+00,0.000000e+00,0.000000e+00,0.000000e+00,0.000000e+00,0.000000e+00,0.000000e+00,0.000000e+00,0.000000e+00,0.000000e+00,0.000000e+00,0.000000e+00,0.000000e+00,0.000000e+00
1.000000e+00,0.000000e+00,0.000000e+00,0.000000e+00,0.000000e+00,0.000000e+00,0.000000e+00,0.000000e+00,0.000000e+00,0.000000e+00,0.000000e+00,0.000000e+00,0.000000e+00,0.000000e+00,0.000000e+00
1.000000e+00,0.000000e+00,0.000000e+00,0.000000e+00,0.000000e+00,0.000000e+00,0.000000e+00,0.000000e+00,0.000000e+00,0.000000e+00,0.000000e+00,0.000000e+00,0.000000e+00,0.000000e+00,0.000000e+00
1.000000e+00,0.000000e+00,0.000000e+00,0.000000e+00,0.000000e+00,0.000000e+00,0.000000e+00,0.000000e+00,0.000000e+00,0.000000e+00,0.000000e+00,0.000000e+00,0.000000e+00,0.000000e+00,0.000000e+00
1.000000e+00,0.000000e+00,0.000000e+00,0.000000e+00,0.000000e+00,0.000000e+00,0.000000e+00,0.000000e+00,0.000000e+00,0.000000e+00,0.000000e+00,0.000000e+00,0.000000e+00,0.000000e+00,0.000000e+00
1.000000e+00,0.000000e+00,0.000000e+00,0.000000e+00,0.000000e+00,0.000000e+00,0.000000e+00,0.000000e+00,0.000000e+00,0.000000e+00,0.000000e+00,0.000000e+00,0.000000e+00,0.000000e+00,0.000000e+00
1.000000e+00,0.000000e+00,0.000000e+00,0.000000e+00,0.000000e+00,0.000000e+00,0.000000e+00,0.000000e+00,0.000000e+00,0.000000e+00,0.000000e+00,0.000000e+00,0.000000e+00,0.000000e+00,0.000000e+00
1.000000e+00,0.000000e+00,0.000000e+00,0.000000e+00,0.000000e+00,0.000000e+00,0.000000e+00,0.000000e+00,0.000000e+00,0.000000e+00,0.000000e+00,0.000000e+00,0.000000e+00,0.000000e+00,0.000000e+00
1.000000e+00,0.000000e+00,0.000000e+00,0.000000e+00,0.000000e+00,0.000000e+00,0.000000e+00,0.000000e+00,0.000000e+00,0.000000e+00,0.000000e+00,0.000000e+00,0.000000e+00,0.000000e+00,0.000000e+00
1.000000e+00,0.000000e+00,0.000000e+00,0.000000e+00,0.000000e+00,0.000000e+00,0.000000e+00,0.000000e+00,0.000000e+00,0.000000e+00,0.000000e+00,0.000000e+00,0.000000e+00,0.000000e+00,0.000000e+00
1.000000e+00,0.000000e+00,0.000000e+00,0.000000e+00,0.000000e+00,0.000000e+00,0.000000e+00,0.000000e+00,0.000000e+00,0.000000e+00,0.000000e+00,0.000000e+00,0.000000e+00,0.000000e+00,0.000000e+00
1.000000e+00,0.000000e+00,0.000000e+00,0.000000e+00,0.000000e+00,0.000000e+00,0.000000e+00,0.000000e+00,0.000000e+00,0.000000e+00,0.000000e+00,0.000000e+00,0.000000e+00,0.000000e+00,0.000000e+00
1.000000e+00,0.000000e+00,0.000000e+00,0.000000e+00,0.000000e+00,0.000000e+00,0.000000e+00,0.000000e+00,0.000000e+00,0.000000e+00,0.000000e+00,0.000000e+00,0.000000e+00,0.000000e+00,0.000000e+00
1.000000e+00,0.000000e+00,0.000000e+00,0.000000e+00,0.000000e+00,0.000000e+00,0.000000e+00,0.000000e+00,0.000000e+00,0.000000e+00,0.000000e+00,0.000000e+00,0.000000e+00,0.000000e+00,0.000000e+00
1.000000e+00,0.000000e+00,0.000000e+00,0.000000e+00,0.000000e+00,0.000000e+00,0.000000e+00,0.000000e+00,0.000000e+00,0.000000e+00,0.000000e+00,0.000000e+00,0.000000e+00,0.000000e+00,0.000000e+00
1.000000e+00,0.000000e+00,0.000000e+00,0.000000e+00,0.000000e+00,0.000000e+00,0.000000e+00,0.000000e+00,0.000000e+00,0.000000e+00,0.000000e+00,0.000000e+00,0.000000e+00,0.000000e+00,0.000000e+00
1.000000e+00,0.000000e+00,0.000000e+00,0.000000e+00,0.000000e+00,0.000000e+00,0.000000e+00,0.000000e+00,0.000000e+00,0.000000e+00,0.000000e+00,0.000000e+00,0.000000e+00,0.000000e+00,0.000000e+00
1.000000e+00,0.000000e+00,0.000000e+00,0.000000e+00,0.000000e+00,0.000000e+00,0.000000e+00,0.000000e+00,0.000000e+00,0.000000e+00,0.000000e+00,0.000000e+00,0.000000e+00,0.000000e+00,0.000000e+00
1.000000e+00,0.000000e+00,0.000000e+00,0.000000e+00,0.000000e+00,0.000000e+00,0.000000e+00,0.000000e+00,0.000000e+00,0.000000e+00,0.000000e+00,0.000000e+00,0.000000e+00,0.000000e+00,0.000000e+00
1.000000e+00,0.000000e+00,0.000000e+00,0.000000e+00,0.000000e+00,0.000000e+00,0.000000e+00,0.000000e+00,0.000000e+00,0.000000e+00,0.000000e+00,0.000000e+00,0.000000e+00,0.000000e+00,0.000000e+00
1.000000e+00,0.000000e+00,0.000000e+00,0.000000e+00,0.000000e+00,0.000000e+00,0.000000e+00,0.000000e+00,0.000000e+00,0.000000e+00,0.000000e+00,0.000000e+00,0.000000e+00,0.000000e+00,0.000000e+00
1.000000e+00,0.000000e+00,0.000000e+00,0.000000e+00,0.000000e+00,0.000000e+00,0.000000e+00,0.000000e+00,0.000000e+00,0.000000e+00,0.000000e+00,0.000000e+00,0.000000e+00,0.000000e+00,0.000000e+00
1.000000e+00,0.000000e+00,0.000000e+00,0.000000e+00,0.000000e+00,0.000000e+00,0.000000e+00,0.000000e+00,0.000000e+00,0.000000e+00,0.000000e+00,0.000000e+00,0.000000e+00,0.000000e+00,0.000000e+00
1.000000e+00,0.000000e+00,0.000000e+00,0.000000e+00,0.000000e+00,0.000000e+00,0.000000e+00,0.000000e+00,0.000000e+00,0.000000e+00,0.000000e+00,0.000000e+00,0.000000e+00,0.000000e+00,0.000000e+00
1.000000e+00,0.000000e+00,0.000000e+00,0.000000e+00,0.000000e+00,0.000000e+00,0.000000e+00,0.000000e+00,0.000000e+00,0.000000e+00,0.000000e+00,0.000000e+00,0.000000e+00,0.000000e+00,0.000000e+00
1.000000e+00,0.000000e+00,0.000000e+00,0.000000e+00,0.000000e+00,0.000000e+00,0.000000e+00,0.000000e+00,0.000000e+00,0.000000e+00,0.000000e+00,0.000000e+00,0.000000e+00,0.000000e+00,0.000000e+00
1.000000e+00,0.000000e+00,0.000000e+00,0.000000e+00,0.000000e+00,0.000000e+00,0.000000e+00,0.000000e+00,0.000000e+00,0.000000e+00,0.000000e+00,0.000000e+00,0.000000e+00,0.000000e+00,0.000000e+00
1.000000e+00,0.000000e+00,0.000000e+00,0.000000e+00,0.000000e+00,0.000000e+00,0.000000e+00,0.000000e+00,0.000000e+00,0.000000e+00,0.000000e+00,0.000000e+00,0.000000e+00,0.000000e+00,0.000000e+00
1.000000e+00,0.000000e+00,0.000000e+00,0.000000e+00,0.000000e+00,0.000000e+00,0.000000e+00,0.000000e+00,0.000000e+00,0.000000e+00,0.000000e+00,0.000000e+00,0.000000e+00,0.000000e+00,0.000000e+00
1.000000e+00,0.000000e+00,0.000000e+00,0.000000e+00,0.000000e+00,0.000000e+00,0.000000e+00,0.000000e+00,0.000000e+00,0.000000e+00,0.000000e+00,0.000000e+00,0.000000e+00,0.000000e+00,0.000000e+00
1.000000e+00,0.000000e+00,0.000000e+00,0.000000e+00,0.000000e+00,0.000000e+00,0.000000e+00,0.000000e+00,0.000000e+00,0.000000e+00,0.000000e+00,0.000000e+00,0.000000e+00,0.000000e+00,0.000000e+00
1.000000e+00,0.000000e+00,0.000000e+00,0.000000e+00,0.000000e+00,0.000000e+00,0.000000e+00,0.000000e+00,0.000000e+00,0.000000e+00,0.000000e+00,0.000000e+00,0.000000e+00,0.000000e+00,0.000000e+00
1.000000e+00,0.000000e+00,0.000000e+00,0.000000e+00,0.000000e+00,0.000000e+00,0.000000e+00,0.000000e+00,0.000000e+00,0.000000e+00,0.000000e+00,0.000000e+00,0.000000e+00,0.000000e+00,0.000000e+00
