1.000000e+00,0.000000e+00,0.000000e+00,0.000000e+00,0.000000e+00,0.000000e+00,0.000000e+00,0.000000e+00,0.000000e+00,0.000000e+00,0.000000e+00,0.000000e+00,0.000000e+00,0.000000e+00,0.000000e+00
1.000000e+00,0.000000e+00,0.000000e+00,0.000000e+00,0.000000e+00,0.000000e+00,0.000000e+00,0.000000e+00,0.000000e+00,0.000000e+00,0.000000e+00,0.000000e+00,0.000000e+00,0.000000e+00,0.000000e+00
1.000000e+00,0.000000e+00,0.000000e+00,0.000000e+00,0.000000e+00,0.000000e+00,0.000000e+00,0.000000e+00,0.000000e+00,0.000000e+00,0.000000e+00,0.000000e+00,0.000000e+00,0.000000e+00,0.000000e+00
1.000000e+00,0.000000e+00,0.000000e+00,0.000000e+00,0.000000e+00,0.000000e+00,0.000000e+00,0.000000e+00,0.000000e+00,0.000000e+00,0.000000e+00,0.000000e+00,0.000000e+00,0.000000e+00,0.000000e+00
1.000000e+00,0.000000e+00,0.000000e+00,0.000000e+00,0.000000e+00,0.000000e+00,0.000000e+00,0.000000e+00,0.000000e+00,0.000000e+00,0.000000e+00,0.000000e+00,0.000000e+00,0.000000e+00,0.000000e+00
1.000000e+00,0.000000e+00,0.000000e+00,0.000000e+00,0.000000e+00,0.000000e+00,0.000000e+00,0.000000e+00,0.000000e+00,0.000000e+00,0.000000e+00,0.000000e+00,0.000000e+00,0.000000e+00,0.000000e+00
1.000000e+00,0.000000e+00,0.000000e+00,0.000000e+00,0.000000e+00,0.000000e+00,0.000000e+00,0.000000e+00,0.000000e+00,0.000000e+00,0.000000e+00,0.000000e+00,0.000000e+00,0.000000e+00,0.000000e+00
1.000000e+00,0.000000e+00,0.000000e+00,0.000000e+00,0.000000e+00,0.000000e+00,0.000000e+00,0.000000e+00,0.000000e+00,0.000000e+00,0.000000e+00,0.000000e+00,0.000000e+00,0.000000e+00,0.000000e+00
1.000000e+00,0.000000e+00,0.000000e+00,0.000000e+00,0.000000e+00,0.000000e+00,0.000000e+00,0.000000e+00,0.000000e+00,0.000000e+00,0.000000e+00,0.000000e+00,0.000000e+00,0.000000e+00,0.000000e+00
1.000000e+00,0.000000e+00,0.000000e+00,0.000000e+00,0.000000e+00,0.000000e+00,0.000000e+00,0.000000e+00,0.000000e+00,0.000000e+00,0.000000e+00,0.000000e+00,0.000000e+00,0.000000e+00,0.000000e+00
1.000000e+00,0.000000e+00,0.000000e+00,0.000000e+00,0.000000e+00,0.000000e+00,0.000000e+00,0.000000e+00,0.000000e+00,0.000000e+00,0.000000e+00,0.000000e+00,0.000000e+00,0.000000e+00,0.000000e+00
1.000000e+00,0.000000e+00,0.000000e+00,0.000000e+00,0.000000e+00,0.000000e+00,0.000000e+00,0.000000e+00,0.000000e+00,0.000000e+00,0.000000e+00,0.000000e+00,0.000000e+00,0.000000e+00,0.000000e+00
1.000000e+00,0.000000e+00,0.000000e+00,0.000000e+00,0.000000e+00,0.000000e+00,0.000000e+00,0.000000e+00,0.000000e+00,0.000000e+00,0.000000e+00,0.000000e+00,0.000000e+00,0.000000e+00,0.000000e+00
1.000000e+00,0.000000e+00,0.000000e+00,0.000000e+00,0.000000e+00,0.000000e+00,0.000000e+00,0.000000e+00,0.000000e+00,0.000000e+00,0.000000e+00,0.000000e+00,0.000000e+00,0.000000e+00,0.000000e+00
1.000000e+00,0.000000e+00,0.000000e+00,0.000000e+00,0.000000e+00,0.000000e+00,0.000000e+00,0.000000e+00,0.000000e+00,0.000000e+00,0.000000e+00,0.000000e+00,0.000000e+00,0.000000e+00,0.000000e+00
1.000000e+00,0.000000e+00,0.000000e+00,0.000000e+00,0.000000e+00,0.000000e+00,0.000000e+00,0.000000e+00,0.000000e+00,0.000000e+00,0.000000e+00,0.000000e+00,0.000000e+00,0.000000e+00,0.000000e+00
1.000000e+00,0.000000e+00,0.000000e+00,0.000000e+00,0.000000e+00,0.000000e+00,0.000000e+00,0.000000e+00,0.000000e+00,0.000000e+00,0.000000e+00,0.000000e+00,0.000000e+00,0.000000e+00,0.000000e+00
1.000000e+00,0.000000e+00,0.000000e+00,0.000000e+00,0.000000e+00,0.000000e+00,0.000000e+00,0.000000e+00,0.000000e+00,0.000000e+00,0.000000e+00,0.000000e+00,0.000000e+00,0.000000e+00,0.000000e+00
1.000000e+00,0.000000e+00,0.000000e+00,0.000000e+00,0.000000e+00,0.000000e+00,0.000000e+00,0.000000e+00,0.000000e+00,0.000000e+00,0.000000e+00,0.000000e+00,0.000000e+00,0.000000e+00,0.000000e+00
1.000000e+00,0.000000e+00,0.000000e+00,0.000000e+00,0.000000e+00,0.000000e+00,0.000000e+00,0.000000e+00,0.000000e+00,0.000000e+00,0.000000e+00,0.000000e+00,0.000000e+00,0.000000e+00,0.000000e+00
1.000000e+00,0.000000e+00,0.000000e+00,0.000000e+00,0.000000e+00,0.000000e+00,0.000000e+00,0.000000e+00,0.000000e+00,0.000000e+00,0.000000e+00,0.000000e+00,0.000000e+00,0.000000e+00,0.000000e+00
1.000000e+00,0.000000e+00,0.000000e+00,0.000000e+00,0.000000e+00,0.000000e+00,0.000000e+00,0.000000e+00,0.000000e+00,0.000000e+00,0.000000e+00,0.000000e+00,0.000000e+00,0.000000e+00,0.000000e+00
1.000000e+00,0.000000e+00,0.000000e+00,0.000000e+00,0.000000e+00,0.000000e+00,0.000000e+00,0.000000e+00,0.000000e+00,0.000000e+00,0.000000e+00,0.000000e+00,0.000000e+00,0.000000e+00,0.000000e+00
1.000000e+00,0.000000e+00,0.000000e+00,0.000000e+00,0.000000e+00,0.000000e+00,0.000000e+00,0.000000e+00,0.000000e+00,0.000000e+00,0.000000e+00,0.000000e+00,0.000000e+00,0.000000e+00,0.000000e+00
1.000000e+00,0.000000e+00,0.000000e+00,0.000000e+00,0.000000e+00,0.000000e+00,0.000000e+00,0.000000e+00,0.000000e+00,0.000000e+00,0.000000e+00,0.000000e+00,0.000000e+00,0.000000e+00,0.000000e+00
1.000000e+00,0.000000e+00,0.000000e+00,0.000000e+00,0.000000e+00,0.000000e+00,0.000000e+00,0.000000e+00,0.000000e+00,0.000000e+00,0.000000e+00,0.000000e+00,0.000000e+00,0.000000e+00,0.000000e+00
1.000000e+00,0.000000e+00,0.000000e+00,0.000000e+00,0.000000e+00,0.000000e+00,0.000000e+00,0.000000e+00,0.000000e+00,0.000000e+00,0.000000e+00,0.000000e+00,0.000000e+00,0.000000e+00,0.000000e+00
1.000000e+00,0.000000e+00,0.000000e+00,0.000000e+00,0.000000e+00,0.000000e+00,0.000000e+00,0.000000e+00,0.000000e+00,0.000000e+00,0.000000e+00,0.000000e+00,0.000000e+00,0.000000e+00,0.000000e+00
1.000000e+00,0.000000e+00,0.000000e+00,0.000000e+00,0.000000e+00,0.000000e+00,0.000000e+00,0.000000e+00,0.000000e+00,0.000000e+00,0.000000e+00,0.000000e+00,0.000000e+00,0.000000e+00,0.000000e+00
1.000000e+00,0.000000e+00,0.000000e+00,0.000000e+00,0.000000e+00,0.000000e+00,0.000000e+00,0.000000e+00,0.000000e+00,0.000000e+00,0.000000e+00,0.000000e+00,0.000000e+00,0.000000e+00,0.000000e+00
1.000000e+00,0.000000e+00,0.000000e+00,0.000000e+00,0.000000e+00,0.000000e+00,0.000000e+00,0.000000e+00,0.000000e+00,0.000000e+00,0.000000e+00,0.000000e+00,0.000000e+00,0.000000e+00,0.000000e+00
1.000000e+00,0.000000e+00,0.000000e+00,0.000000e+00,0.000000e+00,0.000000e+00,0.000000e+00,0.000000e+00,0.000000e+00,0.000000e+00,0.000000e+00,0.000000e+00,0.000000e+00,0.000000e+00,0.000000e+00
1.000000e+00,0.000000e+00,0.000000e+00,0.000000e+00,0.000000e+00,0.000000e+00,0.000000e+00,0.000000e+00,0.000000e+00,0.000000e+00,0.000000e+00,0.000000e+00,0.000000e+00,0.000000e+00,0.000000e+00
1.000000e+00,0.000000e+00,0.000000e+00,0.000000e+00,0.000000e+00,0.000000e+00,0.000000e+00,0.000000e+00,0.000000e+00,0.000000e+00,0.000000e+00,0.000000e+00,0.000000e+00,0.000000e+00,0.000000e+00
1.000000e+00,0.000000e+00,0.000000e+00,0.000000e+00,0.000000e+00,0.000000e+00,0.000000e+00,0.000000e+00,0.000000e+00,0.000000e+00,0.000000e+00,0.000000e+00,0.000000e+00,0.000000e+00,0.000000e+00
1.000000e+00,0.000000e+00,0.000000e+00,0.000000e+00,0.000000e+00,0.000000e+00,0.000000e+00,0.000000e+00,0.000000e+00,0.000000e+00,0.000000e+00,0.000000e+00,0.000000e+00,0.000000e+00,0.000000e+00
1.000000e+00,0.000000e+00,0.000000e+00,0.000000e+00,0.000000e+00,0.000000e+00,0.000000e+00,0.000000e+00,0.000000e+00,0.000000e+00,0.000000e+00,0.000000e+00,0.000000e+00,0.000000e+00,0.000000e+00
1.000000e+00,0.000000e+00,0.000000e+00,0.000000e+00,0.000000e+00,0.000000e+00,0.000000e+00,0.000000e+00,0.000000e+00,0.000000e+00,0.000000e+00,0.000000e+00,0.000000e+00,0.000000e+00,0.000000e+00
1.000000e+00,0.000000e+00,0.000000e+00,0.000000e+00,0.000000e+00,0.000000e+00,0.000000e+00,0.000000e+00,0.000000e+00,0.000000e+00,0.000000e+00,0.000000e+00,0.000000e+00,0.000000e+00,0.000000e+00
1.000000e+00,0.000000e+00,0.000000e+00,0.000000e+00,0.000000e+00,0.000000e+00,0.000000e+00,0.000000e+00,0.000000e+00,0.000000e+00,0.000000e+00,0.000000e+00,0.000000e+00,0.000000e+00,0.000000e+00
1.000000e+00,0.000000e+00,0.000000e+00,0.000000e+00,0.000000e+00,0.000000e+00,0.000000e+00,0.000000e+00,0.000000e+00,0.000000e+00,0.000000e+00,0.000000e+00,0.000000e+00,0.000000e+00,0.000000e+00
1.000000e+00,0.000000e+00,0.000000e+00,0.000000e+00,0.000000e+00,0.000000e+00,0.000000e+00,0.000000e+00,0.000000e+00,0.000000e+00,0.000000e+00,0.000000e+00,0.000000e+00,0.000000e+00,0.000000e+00
1.000000e+00,0.000000e+00,0.000000e+00,0.000000e+00,0.000000e+00,0.000000e+00,0.000000e+00,0.000000e+00,0.000000e+00,0.000000e+00,0.000000e+00,0.000000e+00,0.000000e+00,0.000000e+00,0.000000e+00
1.000000e+00,0.000000e+00,0.000000e+00,0.000000e+00,0.000000e+00,0.000000e+00,0.000000e+00,0.000000e+00,0.000000e+00,0.000000e+00,0.000000e+00,0.000000e+00,0.000000e+00,0.000000e+00,0.000000e+00
1.000000e+00,0.000000e+00,0.000000e+00,0.000000e+00,0.000000e+00,0.000000e+00,0.000000e+00,0.000000e+00,0.000000e+00,0.000000e+00,0.000000e+00,0.000000e+00,0.000000e+00,0.000000e+00,0.000000e+00
1.000000e+00,0.000000e+00,0.000000e+00,0.000000e+00,0.000000e+00,0.000000e+00,0.000000e+00,0.000000e+00,0.000000e+00,0.000000e+00,0.000000e+00,0.000000e+00,0.000000e+00,0.000000e+00,0.000000e+00
1.000000e+00,0.000000e+00,0.000000e+00,0.000000e+00,0.000000e+00,0.000000e+00,0.000000e+00,0.000000e+00,0.000000e+00,0.000000e+00,0.000000e+00,0.000000e+00,0.000000e+00,0.000000e+00,0.000000e+00
1.000000e+00,0.000000e+00,0.000000e+00,0.000000e+00,0.000000e+00,0.000000e+00,0.000000e+00,0.000000e+00,0.000000e+00,0.000000e+00,0.000000e+00,0.000000e+00,0.000000e+00,0.000000e+00,0.000000e+00
1.000000e+00,0.000000e+00,0.000000e+00,0.000000e+00,0.000000e+00,0.000000e+00,0.000000e+00,0.000000e+00,0.000000e+00,0.000000e+00,0.000000e+00,0.000000e+00,0.000000e+00,0.000000e+00,0.000000e+00
1.000000e+00,0.000000e+00,0.000000e+00,0.000000e+00,0.000000e+00,0.000000e+00,0.000000e+00,0.000000e+00,0.000000e+00,0.000000e+00,0.000000e+00,0.000000e+00,0.000000e+00,0.000000e+00,0.000000e+00
1.000000e+00,0.000000e+00,0.000000e+00,0.000000e+00,0.000000e+00,0.000000e+00,0.000000e+00,0.000000e+00,0.000000e+00,0.000000e+00,0.000000e+00,0.000000e+00,0.000000e+00,0.000000e+00,0.000000e+00
1.000000e+00,0.000000e+00,0.000000e+00,0.000000e+00,0.000000e+00,0.000000e+00,0.000000e+00,0.000000e+00,0.000000e+00,0.000000e+00,0.000000e+00,0.000000e+00,0.000000e+00,0.000000e+00,0.000000e+00
1.000000e+00,0.000000e+00,0.000000e+00,0.000000e+00,0.000000e+00,0.000000e+00,0.000000e+00,0.000000e+00,0.000000e+00,0.000000e+00,0.000000e+00,0.000000e+00,0.000000e+00,0.000000e+00,0.000000e+00
1.000000e+00,0.000000e+00,0.000000e+00,0.000000e+00,0.000000e+00,0.000000e+00,0.000000e+00,0.000000e+00,0.000000e+00,0.000000e+00,0.000000e+00,0.000000e+00,0.000000e+00,0.000000e+00,0.000000e+00
1.000000e+00,0.000000e+00,0.000000e+00,0.000000e+00,0.000000e+00,0.000000e+00,0.000000e+00,0.000000e+00,0.000000e+00,0.000000e+00,0.000000e+00,0.000000e+00,0.000000e+00,0.000000e+00,0.000000e+00
1.000000e+00,0.000000e+00,0.000000e+00,0.000000e+00,0.000000e+00,0.000000e+00,0.000000e+00,0.000000e+00,0.000000e+00,0.000000e+00,0.000000e+00,0.000000e+00,0.000000e+00,0.000000e+00,0.000000e+00
1.000000e+00,0.000000e+00,0.000000e+00,0.000000e+00,0.000000e+00,0.000000e+00,0.000000e+00,0.000000e+00,0.000000e+00,0.000000e+00,0.000000e+00,0.000000e+00,0.000000e+00,0.000000e+00,0.000000e+00
1.000000e+00,0.000000e+00,0.000000e+00,0.000000e+00,0.000000e+00,0.000000e+00,0.000000e+00,0.000000e+00,0.000000e+00,0.000000e+00,0.000000e+00,0.000000e+00,0.000000e+00,0.000000e+00,0.000000e+00
1.000000e+00,0.000000e+00,0.000000e+00,0.000000e+00,0.000000e+00,0.000000e+00,0.000000e+00,0.000000e+00,0.000000e+00,0.000000e+00,0.000000e+00,0.000000e+00,0.000000e+00,0.000000e+00,0.000000e+00
1.000000e+00,0.000000e+00,0.000000e+00,0.000000e+00,0.000000e+00,0.000000e+00,0.000000e+00,0.000000e+00,0.000000e+00,0.000000e+00,0.000000e+00,0.000000e+00,0.000000e+00,0.000000e+00,0.000000e+00
1.000000e+00,0.000000e+00,0.000000e+00,0.000000e+00,0.000000e+00,0.000000e+00,0.000000e+00,0.000000e+00,0.000000e+00,0.000000e+00,0.000000e+00,0.000000e+00,0.000000e+00,0.000000e+00,0.000000e+00
1.000000e+00,0.000000e+00,0.000000e+00,0.000000e+00,0.000000e+00,0.000000e+00,0.000000e+00,0.000000e+00,0.000000e+00,0.000000e+00,0.000000e+00,0.000000e+00,0.000000e+00,0.000000e+00,0.000000e+00
1.000000e+00,0.000000e+00,0.000000e+00,0.000000e+00,0.000000e+00,0.000000e+00,0.000000e+00,0.000000e+00,0.000000e+00,0.000000e+00,0.000000e+00,0.000000e+00,0.000000e+00,0.000000e+00,0.000000e+00
1.000000e+00,0.000000e+00,0.000000e+00,0.000000e+00,0.000000e+00,0.000000e+00,0.000000e+00,0.000000e+00,0.000000e+00,0.000000e+00,0.000000e+00,0.000000e+00,0.000000e+00,0.000000e+00,0.000000e+00
1.000000e+00,0.000000e+00,0.000000e+00,0.000000e+00,0.000000e+00,0.000000e+00,0.000000e+00,0.000000e+00,0.000000e+00,0.000000e+00,0.000000e+00,0.000000e+00,0.000000e+00,0.000000e+00,0.000000e+00
1.000000e+00,0.000000e+00,0.000000e+00,0.000000e+00,0.000000e+00,0.000000e+00,0.000000e+00,0.000000e+00,0.000000e+00,0.000000e+00,0.000000e+00,0.000000e+00,0.000000e+00,0.000000e+00,0.000000e+00
1.000000e+00,0.000000e+00,0.000000e+00,0.000000e+00,0.000000e+00,0.000000e+00,0.000000e+00,0.000000e+00,0.000000e+00,0.000000e+00,0.000000e+00,0.000000e+00,0.000000e+00,0.000000e+00,0.000000e+00
1.000000e+00,0.000000e+00,0.000000e+00,0.000000e+00,0.000000e+00,0.000000e+00,0.000000e+00,0.000000e+00,0.000000e+00,0.000000e+00,0.000000e+00,0.000000e+00,0.000000e+00,0.000000e+00,0.000000e+00
1.000000e+00,0.000000e+00,0.000000e+00,0.000000e+00,0.000000e+00,0.000000e+00,0.000000e+00,0.000000e+00,0.000000e+00,0.000000e+00,0.000000e+00,0.000000e+00,0.000000e+00,0.000000e+00,0.000000e+00
4.116003e-01,1.044948e-02,1.571904e-01,1.212924e-01,2.602383e-03,3.300714e-02,2.408288e-03,6.994834e-03,3.098582e-02,1.664054e-03,5.443724e-02,1.243633e-01,7.781163e-03,6.779203e-03,2.844398e-02
2.906909e-01,8.785838e-03,1.289406e-01,1.174208e-01,2.098751e-03,2.611139e-02,2.084706e-03,5.042520e-03,2.448991e-02,2.062482e-03,5.359666e-02,2.978324e-01,1.143640e-02,5.229797e-03,2.417684e-02
2.040812e-01,7.408861e-03,9.319858e-02,1.109124e-01,4.437205e-03,2.112645e-02,1.705982e-03,3.684483e-03,3.146552e-02,2.683731e-03,5.365182e-02,4.277695e-01,1.629250e-02,3.952413e-03,1.762936e-02
1.428890e-01,5.310284e-03,6.542295e-02,7.793763e-02,3.187934e-03,1.584114e-02,1.253448e-03,2.594461e-03,2.394631e-02,2.046696e-03,3.978395e-02,5.909055e-01,1.347811e-02,2.999742e-03,1.240275e-02
1.000441e-01,3.831591e-03,4.585425e-02,5.477404e-02,2.390567e-03,1.250132e-02,9.100140e-04,1.834768e-03,2.122193e-02,1.602600e-03,3.052839e-02,7.019488e-01,1.154892e-02,2.295563e-03,8.713157e-03
7.004824e-02,2.814810e-03,3.211140e-02,3.842061e-02,1.970489e-03,1.770557e-02,7.347609e-04,1.364957e-03,4.716033e-02,1.316974e-03,2.911159e-02,7.322621e-01,1.685428e-02,1.892264e-03,6.231600e-03
4.903886e-02,2.028571e-03,2.249104e-02,2.691719e-02,1.419806e-03,2.397688e-02,5.462624e-04,9.826567e-04,3.451930e-02,1.077111e-03,2.181329e-02,7.941291e-01,1.497764e-02,1.707639e-03,4.374624e-03
3.434713e-02,1.575720e-03,1.575622e-02,1.888188e-02,1.503282e-03,9.188206e-02,4.104626e-04,7.554275e-04,4.148451e-02,8.945240e-04,1.809138e-02,7.528292e-01,1.699337e-02,1.518349e-03,3.076494e-03
2.405703e-02,1.195004e-03,1.112790e-02,1.326480e-02,2.090554e-03,8.182864e-02,3.355912e-04,6.050821e-04,5.603546e-02,7.331709e-04,1.533714e-02,7.729189e-01,1.669401e-02,1.597310e-03,2.179351e-03
1.685958e-02,9.028576e-04,7.992801e-03,9.332074e-03,2.368267e-03,6.920503e-02,2.803408e-04,5.428456e-04,5.471091e-02,6.162655e-04,1.279735e-02,8.036601e-01,1.748845e-02,1.701648e-03,1.541478e-03
1.188118e-02,6.732021e-04,5.965013e-03,6.582783e-03,7.320837e-03,5.424975e-02,3.317463e-04,5.960293e-04,5.951910e-02,6.091042e-04,1.323900e-02,8.112626e-01,2.497746e-02,1.691849e-03,1.100354e-03
8.465435e-03,4.960299e-04,4.890074e-03,4.667154e-03,1.953825e-02,4.263882e-02,4.916930e-04,2.230568e-03,5.110197e-02,5.852277e-04,1.447145e-02,8.014057e-01,4.685825e-02,1.362207e-03,7.971523e-04
6.129907e-03,3.705953e-04,4.189767e-03,3.400465e-03,3.413209e-02,3.240104e-02,8.878821e-04,1.572055e-02,4.682824e-02,5.708888e-04,1.772299e-02,7.531610e-01,8.287016e-02,1.035172e-03,5.792302e-04
4.988790e-03,2.874538e-04,3.332775e-03,2.661849e-03,3.362533e-02,2.331170e-02,1.430244e-03,1.078092e-01,5.960772e-02,4.823371e-04,1.458917e-02,6.396767e-01,1.070409e-01,7.374233e-04,4.183943e-04
5.607242e-03,3.970037e-04,2.619359e-03,2.234698e-03,4.053693e-02,2.102118e-02,3.202817e-03,1.305509e-01,1.269812e-01,4.610007e-04,1.302047e-02,5.333657e-01,1.191589e-01,5.338912e-04,3.086495e-04
8.969927e-03,5.313213e-04,3.183669e-03,6.649084e-03,3.843975e-02,2.338172e-02,4.522169e-03,2.706797e-01,1.298112e-01,4.506232e-04,9.606350e-03,4.109339e-01,9.216964e-02,4.046561e-04,2.663170e-04
2.042451e-02,8.890462e-04,3.768561e-03,1.195439e-02,3.629795e-02,1.015413e-01,8.865972e-03,2.567807e-01,1.479989e-01,4.208804e-04,7.158647e-03,3.361016e-01,6.721493e-02,3.053244e-04,2.771599e-04
3.521921e-02,1.560644e-03,3.353055e-03,1.286247e-02,9.988401e-02,8.127858e-02,3.286470e-02,1.848044e-01,1.850490e-01,3.370380e-04,5.832179e-03,3.040202e-01,5.243880e-02,2.300274e-04,2.656572e-04
3.869357e-02,2.358135e-03,3.001350e-03,4.107803e-02,1.475695e-01,6.134615e-02,4.879054e-02,1.831762e-01,2.003855e-01,3.415674e-04,4.509500e-03,2.303670e-01,3.798470e-02,1.748665e-04,2.234912e-04
4.128977e-02,3.031875e-03,2.389634e-03,1.347992e-01,1.741581e-01,4.812451e-02,3.821509e-02,1.628007e-01,1.922074e-01,3.455087e-04,4.078304e-03,1.706333e-01,2.757196e-02,1.414031e-04,2.133298e-04
6.777696e-02,8.096031e-03,2.412346e-03,1.067059e-01,2.058834e-01,4.128838e-02,3.229805e-02,1.191415e-01,1.782526e-01,4.623244e-04,5.612350e-03,1.969011e-01,3.387111e-02,4.456626e-04,8.523925e-04
6.373224e-02,7.580319e-03,1.978041e-03,8.517161e-02,1.485353e-01,7.850058e-02,2.271079e-02,8.495986e-02,1.673958e-01,6.057044e-04,6.491469e-02,2.166208e-01,5.537539e-02,8.469953e-04,1.071931e-03
5.499037e-02,9.019287e-03,2.356392e-03,7.232334e-02,1.080830e-01,1.492154e-01,1.599903e-02,6.031911e-02,1.454942e-01,7.165523e-04,8.121655e-02,2.508910e-01,4.655227e-02,1.162363e-03,1.661008e-03
4.675152e-02,9.548241e-03,3.648737e-03,6.849134e-02,7.877313e-02,1.498075e-01,1.136818e-02,4.336418e-02,1.138468e-01,1.615216e-03,1.300078e-01,2.917173e-01,4.115035e-02,6.721341e-03,3.188385e-03
4.412319e-02,8.776158e-03,4.125183e-03,6.756011e-02,5.949546e-02,1.696793e-01,8.306514e-03,3.174830e-02,9.802517e-02,2.698585e-03,1.569825e-01,3.009395e-01,3.513811e-02,9.574058e-03,2.827952e-03
5.263507e-02,8.346599e-03,6.109575e-03,6.142379e-02,4.513028e-02,2.473611e-01,7.061006e-03,2.801187e-02,7.260051e-02,3.189753e-03,1.593939e-01,2.637763e-01,2.891044e-02,1.328471e-02,2.765109e-03
4.083858e-02,6.191154e-03,4.636460e-03,4.394570e-02,3.661305e-02,4.159642e-01,5.470053e-03,2.040034e-02,5.160778e-02,2.338934e-03,1.257115e-01,2.131215e-01,2.094529e-02,1.019291e-02,2.022502e-03
3.445929e-02,4.736985e-03,3.603291e-03,3.163043e-02,3.187800e-02,4.860925e-01,4.480414e-03,1.512488e-02,3.761065e-02,1.713374e-03,1.086734e-01,2.147505e-01,1.522975e-02,8.484792e-03,1.531810e-03
4.210502e-02,4.091868e-03,3.111015e-03,2.711713e-02,5.036131e-02,4.838185e-01,3.834602e-03,1.217315e-02,2.821682e-02,1.381974e-03,9.134191e-02,2.321330e-01,1.114327e-02,7.408503e-03,1.762011e-03
4.098439e-02,3.806262e-03,2.857375e-03,2.209650e-02,5.601072e-02,4.584450e-01,3.301816e-03,9.410491e-03,2.080279e-02,1.143424e-03,7.753736e-02,2.868733e-01,8.072096e-03,6.803281e-03,1.855201e-03
8.173364e-02,8.299692e-03,5.337458e-03,1.861918e-02,1.117341e-01,3.323802e-01,3.842901e-03,1.038053e-02,1.649250e-02,1.307316e-03,7.665087e-02,3.157441e-01,6.151402e-03,8.982650e-03,2.343454e-03
6.904127e-02,6.579544e-03,4.704669e-03,1.329020e-02,8.122519e-02,3.589207e-01,3.195048e-03,8.269033e-03,1.226268e-02,1.438463e-03,1.543529e-01,2.684781e-01,4.586706e-03,1.112487e-02,2.530554e-03
6.389507e-02,5.120890e-03,3.973287e-03,9.682003e-03,5.906268e-02,3.349618e-01,2.790007e-03,6.444756e-03,9.198224e-03,1.524369e-03,2.123066e-01,2.739740e-01,3.637910e-03,1.084700e-02,2.581317e-03
5.646680e-02,3.904870e-03,3.587891e-03,7.046553e-03,4.231884e-02,2.483786e-01,2.333975e-03,5.026192e-03,6.752030e-03,1.445123e-03,3.427337e-01,2.633518e-01,2.880747e-03,1.161066e-02,2.162242e-03
5.418602e-02,3.139299e-03,4.153321e-03,5.141604e-03,3.034954e-02,1.892207e-01,2.154448e-03,4.014766e-03,4.912977e-03,1.478604e-03,3.987460e-01,2.832810e-01,2.506876e-03,1.480210e-02,1.912674e-03
3.822741e-02,2.473809e-03,3.293340e-03,3.623684e-03,2.152712e-02,1.341422e-01,1.548389e-03,2.855428e-03,3.521238e-03,1.156314e-03,4.672930e-01,3.045710e-01,1.866539e-03,1.250249e-02,1.398025e-03
2.683835e-02,1.956861e-03,2.543237e-03,2.555978e-03,1.520742e-02,9.416939e-02,1.093578e-03,2.039913e-03,2.696682e-03,9.056633e-04,5.565051e-01,2.814615e-01,1.324273e-03,9.690904e-03,1.011156e-03
1.883887e-02,1.836924e-03,2.080251e-03,1.824355e-03,1.106714e-02,6.601756e-02,7.829482e-04,1.508653e-03,2.990796e-03,7.689361e-04,5.975174e-01,2.855973e-01,9.340291e-04,7.475477e-03,7.592747e-04
1.328720e-02,1.646899e-03,4.573893e-03,1.415577e-03,9.260001e-03,4.678144e-02,8.395879e-04,1.603596e-03,8.511908e-03,2.226542e-03,5.878769e-01,3.135502e-01,6.825740e-04,7.095650e-03,6.480441e-04
9.367421e-03,3.134050e-03,1.256044e-02,1.123996e-03,7.851103e-03,3.293786e-02,6.590206e-04,1.547077e-03,1.323237e-02,2.593188e-03,5.902901e-01,3.168719e-01,5.200956e-04,6.809485e-03,5.018887e-04
7.102391e-03,2.606413e-03,1.054831e-02,1.007065e-03,5.688066e-03,2.344672e-02,4.883263e-04,1.854991e-03,1.765814e-02,2.600632e-03,6.615809e-01,2.571890e-01,4.183618e-04,7.434636e-03,3.760357e-04
5.556854e-03,2.308817e-03,1.398399e-02,1.487914e-03,6.780170e-03,1.830558e-02,3.832218e-04,2.266415e-03,2.964361e-02,2.843391e-03,6.859825e-01,2.233006e-01,4.841271e-04,6.263619e-03,4.091966e-04
4.377692e-03,3.526231e-03,1.240571e-02,2.611284e-03,5.525691e-03,1.316319e-02,2.925186e-04,3.965834e-03,4.537261e-02,2.381550e-03,7.122301e-01,1.837381e-01,4.713627e-04,9.618662e-03,3.195012e-04
3.618937e-03,5.453927e-03,1.531489e-02,3.191934e-03,6.280187e-03,1.039245e-02,2.805890e-04,6.312343e-03,1.152683e-01,3.762302e-03,6.457512e-01,1.522286e-01,4.820411e-04,3.119976e-02,4.623993e-04
3.548150e-03,4.454602e-03,1.216959e-02,2.748385e-03,5.860195e-03,7.931096e-03,2.284809e-04,5.482827e-03,1.664834e-01,4.271298e-03,6.123371e-01,1.173441e-01,4.865048e-04,5.612677e-02,5.274741e-04
6.339919e-03,1.121922e-02,1.072674e-02,2.426569e-03,5.331421e-03,7.142180e-03,1.954984e-04,4.362780e-03,1.762975e-01,4.525883e-03,5.341901e-01,8.451740e-02,4.644014e-04,1.509625e-01,1.297899e-03
8.661775e-03,1.031569e-02,1.206307e-02,4.266405e-03,4.825913e-03,8.588130e-03,2.829335e-04,3.806288e-03,2.764031e-01,7.173660e-03,4.142781e-01,6.087004e-02,1.439160e-03,1.742485e-01,1.277724e-02
1.249803e-02,9.214802e-03,1.054732e-02,3.848714e-03,5.578848e-03,6.819502e-03,2.776995e-04,3.421925e-03,3.914677e-01,6.403331e-03,3.248391e-01,4.350090e-02,1.368804e-03,1.695331e-01,1.068028e-02
1.743390e-02,8.253848e-03,8.879982e-03,3.434047e-03,5.374219e-03,5.522490e-03,2.262433e-04,3.197510e-03,4.448876e-01,5.126705e-03,2.657026e-01,3.086867e-02,1.528106e-03,1.903503e-01,9.213703e-03
1.998765e-02,7.705029e-03,1.498913e-02,4.142741e-03,4.966205e-03,8.493551e-03,2.400566e-04,5.626948e-03,5.164678e-01,4.263024e-03,2.047795e-01,2.175620e-02,1.473332e-03,1.770178e-01,8.091089e-03
2.277713e-02,8.642879e-03,2.278003e-02,4.052240e-03,6.086851e-03,9.390824e-03,2.131473e-04,1.924932e-02,4.994961e-01,3.495646e-03,1.926980e-01,1.540155e-02,1.266986e-03,1.870853e-01,7.363991e-03
2.578808e-02,9.473339e-03,5.289511e-02,6.527103e-03,9.326235e-03,9.797925e-03,4.113709e-04,3.691645e-02,4.999565e-01,2.847420e-03,1.586789e-01,1.089750e-02,1.244015e-03,1.685981e-01,6.641957e-03
2.592008e-02,7.626900e-03,1.066645e-01,1.094144e-02,9.277476e-03,7.846720e-03,4.053934e-04,7.611239e-02,4.706059e-01,2.113696e-03,1.283468e-01,7.685435e-03,1.007209e-03,1.406390e-01,4.807001e-03
2.870296e-02,8.791798e-03,1.062475e-01,1.237145e-02,9.290487e-03,6.262015e-03,3.325771e-04,7.085809e-02,4.484863e-01,1.576312e-03,1.344055e-01,5.454300e-03,1.097821e-03,1.622562e-01,3.866594e-03
2.687064e-02,9.286175e-03,8.079350e-02,9.485803e-03,7.429964e-03,4.700623e-03,2.673718e-04,5.659388e-02,3.688486e-01,1.160000e-03,1.184529e-01,3.876781e-03,9.347246e-04,3.082628e-01,3.036261e-03
3.342471e-02,1.195960e-02,7.669723e-02,8.854530e-03,1.286494e-02,4.215887e-03,5.055150e-04,1.123916e-01,3.317221e-01,9.350081e-04,1.076309e-01,3.182131e-03,8.687194e-04,2.920386e-01,2.708479e-03
4.029668e-02,1.027806e-02,6.735740e-02,7.389975e-03,1.388132e-02,5.478892e-03,9.861818e-04,1.559418e-01,3.027485e-01,7.244624e-04,9.668054e-02,3.125048e-03,8.952389e-04,2.919030e-01,2.312884e-03
4.631490e-02,8.733684e-03,5.574573e-02,6.483227e-03,1.017618e-02,6.136948e-03,1.154200e-03,2.487534e-01,2.321207e-01,8.493008e-04,7.348464e-02,7.693591e-03,4.223607e-03,2.943515e-01,3.778348e-03
5.525159e-02,8.807521e-03,4.329284e-02,7.003995e-03,7.306836e-03,1.046401e-02,9.785081e-04,2.116687e-01,1.710447e-01,3.569794e-03,7.809046e-02,1.360695e-02,1.428825e-02,3.597606e-01,1.486526e-02
5.521854e-02,7.257929e-03,3.122616e-02,6.495945e-03,5.413110e-03,1.326566e-02,8.463240e-04,1.530655e-01,1.258059e-01,7.503254e-03,6.793397e-02,1.345236e-02,1.482721e-02,4.670192e-01,3.066898e-02
6.659769e-02,6.305892e-03,2.829807e-02,7.039688e-03,4.819836e-03,1.226318e-02,8.943238e-04,1.124299e-01,1.505455e-01,1.013217e-02,6.916812e-02,1.296349e-02,1.975726e-02,4.556495e-01,4.313543e-02
9.156266e-02,1.466899e-02,4.397748e-02,1.347763e-02,4.266755e-03,6.578971e-02,1.466467e-03,9.013624e-02,1.577788e-01,8.707770e-03,5.514054e-02,1.186109e-02,1.814247e-02,3.796021e-01,4.342127e-02
8.625808e-02,1.490068e-02,9.602521e-02,1.179139e-02,4.809326e-03,5.309514e-02,1.196985e-03,6.832444e-02,2.133099e-01,7.963548e-03,4.636478e-02,9.663928e-03,1.371433e-02,3.370419e-01,3.554031e-02
1.183776e-01,1.166020e-02,1.383094e-01,1.559171e-02,7.581367e-03,6.707001e-02,3.108038e-03,7.102771e-02,2.234477e-01,6.403090e-03,3.554303e-02,8.796747e-03,1.134351e-02,2.559312e-01,2.580868e-02
1.790230e-01,1.458234e-02,1.069068e-01,1.752582e-02,2.227531e-02,7.231160e-02,4.218391e-03,5.438872e-02,2.632568e-01,5.510456e-03,2.693118e-02,1.382076e-02,1.207469e-02,1.850615e-01,2.211269e-02
1.335924e-01,2.416138e-02,7.609778e-02,2.116980e-02,3.407683e-02,5.708220e-02,3.167554e-03,4.435175e-02,4.151078e-01,4.750450e-03,1.999481e-02,1.038130e-02,9.985816e-03,1.299846e-01,1.609550e-02
1.245763e-01,2.654503e-02,5.474276e-02,1.961556e-02,3.579747e-02,7.090301e-02,3.047501e-03,3.220945e-02,4.848345e-01,3.525120e-03,1.813191e-02,1.054393e-02,1.120219e-02,9.204504e-02,1.228025e-02
1.092104e-01,3.647019e-02,3.898629e-02,4.302798e-02,2.786732e-02,8.506200e-02,2.517835e-03,2.372637e-02,4.560328e-01,3.281314e-03,5.875793e-02,1.413408e-02,2.368257e-02,6.526920e-02,1.197366e-02
1.338441e-01,4.105152e-02,2.945291e-02,3.486549e-02,2.535072e-02,8.432859e-02,2.105435e-03,1.889106e-02,4.600044e-01,3.380460e-03,6.730661e-02,1.500655e-02,2.117182e-02,4.973734e-02,1.350292e-02
1.259782e-01,4.356564e-02,2.252150e-02,2.691818e-02,2.898482e-02,6.920543e-02,1.651715e-03,1.632437e-02,5.228329e-01,3.577909e-03,5.868125e-02,1.273932e-02,1.769004e-02,3.699986e-02,1.232881e-02
1.580157e-01,4.028038e-02,2.159206e-02,2.601836e-02,3.248809e-02,5.702101e-02,2.344940e-03,3.123420e-02,5.036287e-01,3.290423e-03,5.356374e-02,1.337947e-02,1.666687e-02,2.938679e-02,1.108923e-02
1.635786e-01,5.105850e-02,1.776287e-02,2.306863e-02,2.737536e-02,5.222657e-02,2.203691e-03,2.623278e-02,5.165756e-01,4.258229e-03,4.669671e-02,1.525851e-02,1.353238e-02,2.672401e-02,1.344753e-02
1.705576e-01,6.683137e-02,1.540430e-02,3.072255e-02,2.544078e-02,5.763002e-02,2.569110e-03,2.547665e-02,4.594219e-01,5.513063e-03,5.599856e-02,2.480559e-02,1.474950e-02,2.384802e-02,2.103087e-02
1.574190e-01,6.475530e-02,1.273044e-02,3.364245e-02,2.041810e-02,5.148320e-02,2.820886e-03,2.102006e-02,4.793337e-01,5.056561e-03,5.026910e-02,3.025895e-02,1.421992e-02,2.190430e-02,3.466801e-02
1.471240e-01,6.289847e-02,1.028911e-02,3.958010e-02,1.667040e-02,4.864623e-02,2.741100e-03,1.763914e-02,4.606394e-01,6.850564e-03,4.515504e-02,3.801040e-02,1.682896e-02,2.168128e-02,6.524583e-02
1.050624e-01,4.773066e-02,7.615292e-03,3.828341e-02,1.207620e-02,3.528329e-02,2.062199e-03,1.305578e-02,5.597754e-01,1.240888e-02,3.614046e-02,2.893838e-02,1.397476e-02,1.789505e-02,6.969789e-02
1.194469e-01,4.764637e-02,6.912075e-03,5.795658e-02,1.834324e-02,3.150702e-02,1.908547e-03,1.829708e-02,5.204307e-01,2.202531e-02,3.340394e-02,2.737072e-02,1.411126e-02,1.464606e-02,6.599423e-02
8.869358e-02,3.545325e-02,5.722410e-03,4.815026e-02,1.470648e-02,2.335094e-02,1.400526e-03,1.869126e-01,4.300663e-01,1.737661e-02,3.736213e-02,2.331704e-02,2.353605e-02,1.088922e-02,5.306261e-02
6.543942e-02,2.495555e-02,4.195156e-03,3.421180e-02,1.113778e-02,1.653557e-02,1.001756e-03,4.128446e-01,3.061601e-01,1.228632e-02,3.110029e-02,1.697954e-02,1.773793e-02,7.713673e-03,3.770057e-02
4.670537e-02,1.750433e-02,3.013847e-03,2.414668e-02,8.098978e-03,1.196269e-02,7.164687e-04,5.861673e-01,2.146304e-01,8.612572e-03,2.211784e-02,1.195586e-02,1.248961e-02,5.431877e-03,2.644612e-02
3.401456e-02,1.228511e-02,2.193743e-03,1.704340e-02,5.997864e-03,9.388002e-03,5.052067e-04,7.070631e-01,1.503102e-01,6.032845e-03,1.554277e-02,8.447840e-03,8.823640e-03,3.830273e-03,1.852142e-02
2.535580e-02,9.469271e-03,1.661583e-03,1.396574e-02,4.296028e-03,1.117150e-02,3.568991e-04,6.376881e-01,1.078525e-01,4.341569e-03,3.311717e-02,6.840123e-02,6.507212e-02,4.059311e-03,1.319123e-02
1.884856e-02,7.107982e-03,1.210883e-03,1.124392e-02,3.243446e-03,1.072953e-02,2.792045e-04,5.565602e-01,7.620174e-02,3.170775e-03,3.364573e-02,2.035580e-01,6.046303e-02,4.438574e-03,9.298583e-03
1.347467e-02,5.201208e-03,9.606876e-04,9.024770e-03,2.529092e-03,9.279419e-03,2.069098e-04,4.034552e-01,5.408400e-02,2.437608e-03,5.535760e-02,3.753240e-01,5.381398e-02,8.288641e-03,6.562325e-03
9.549341e-03,3.797282e-03,7.828610e-04,7.055448e-03,2.171265e-03,7.652940e-03,1.565715e-04,2.873448e-01,3.849483e-02,1.899627e-03,8.208400e-02,4.975713e-01,4.391247e-02,1.288770e-02,4.639544e-03
7.071226e-03,2.758097e-03,1.926181e-03,5.544490e-03,3.669152e-03,1.839829e-02,1.616470e-04,2.069677e-01,2.812430e-02,1.624457e-03,9.690899e-02,5.802044e-01,3.260542e-02,1.062594e-02,3.409761e-03
5.050015e-03,1.991423e-03,1.560663e-03,4.195726e-03,5.233693e-03,1.661067e-02,1.401444e-04,1.454901e-01,2.001629e-02,1.302617e-03,8.833534e-02,6.763402e-01,2.340135e-02,7.870117e-03,2.461664e-03
3.654321e-03,1.505857e-03,1.253454e-03,3.337188e-03,5.410091e-03,1.323974e-02,1.373458e-04,1.024603e-01,1.423150e-02,1.081615e-03,8.239827e-02,7.466813e-01,1.698327e-02,5.811970e-03,1.813765e-03
2.727910e-03,1.162442e-03,1.030383e-03,2.459472e-03,5.022455e-03,1.005117e-02,1.024681e-04,7.184567e-02,1.007626e-02,1.033825e-03,1.474849e-01,7.287905e-01,1.250959e-02,4.340199e-03,1.362746e-03
2.463329e-03,9.530202e-04,8.007867e-04,1.801125e-03,6.731137e-03,8.146969e-03,9.276731e-05,5.035810e-02,7.126180e-03,9.183157e-04,1.263480e-01,7.802666e-01,9.278219e-03,3.625598e-03,1.089892e-03
2.861441e-03,9.114597e-04,6.515317e-04,1.344104e-03,1.427645e-02,7.114943e-03,8.010362e-05,3.528634e-02,5.073927e-03,7.991618e-04,1.190342e-01,8.007283e-01,6.981429e-03,3.831361e-03,1.025267e-03
8.409022e-03,9.090940e-04,4.993869e-04,1.025631e-03,2.343074e-02,5.899344e-03,8.236186e-05,2.472352e-02,3.627220e-03,6.924112e-04,1.171300e-01,8.014750e-01,5.517837e-03,5.525772e-03,1.052570e-03
2.769095e-02,2.691345e-03,1.000879e-03,1.264337e-03,1.402243e-01,1.727180e-02,7.182145e-04,1.757743e-02,2.822761e-03,2.138846e-03,9.168220e-02,6.825371e-01,4.775797e-03,5.820936e-03,1.783137e-03
3.250566e-02,3.845369e-03,1.191801e-03,1.338011e-03,1.317541e-01,1.745583e-02,1.027687e-03,1.256438e-02,2.320407e-03,2.280616e-03,7.955845e-02,7.004116e-01,4.072860e-03,6.839519e-03,2.833708e-03
4.422203e-02,4.770719e-03,1.328919e-03,1.414290e-03,1.287301e-01,1.416868e-02,8.418233e-04,9.257580e-03,1.971499e-03,1.957438e-03,8.288015e-02,6.957834e-01,3.279945e-03,6.597133e-03,2.796342e-03
3.341516e-02,4.870980e-03,1.318753e-03,1.423656e-03,1.803392e-01,1.086674e-02,6.723854e-04,6.864801e-03,1.874113e-03,1.680765e-03,7.365222e-02,6.718363e-01,2.470367e-03,5.666552e-03,3.048082e-03
2.547035e-02,5.712831e-03,1.736013e-03,1.376216e-03,2.474774e-01,8.953285e-03,1.113896e-03,6.352154e-03,2.449443e-03,1.389957e-03,5.986647e-02,6.283870e-01,1.887395e-03,4.928160e-03,2.899508e-03
2.295203e-02,9.024818e-03,2.132138e-03,1.469418e-03,3.745903e-01,1.423909e-02,1.948135e-03,6.455816e-03,3.316823e-03,1.034860e-03,4.357458e-02,5.121385e-01,1.377699e-03,3.592027e-03,2.153836e-03
1.827426e-02,6.906132e-03,1.182072e-02,2.596604e-03,4.163422e-01,1.320528e-02,2.938487e-03,1.043271e-01,3.737094e-03,7.897971e-04,3.119904e-02,3.825842e-01,1.059534e-03,2.674959e-03,1.544730e-03
1.646727e-02,6.201156e-03,1.472275e-02,2.421179e-03,5.374822e-01,1.316441e-02,4.314251e-03,8.776411e-02,1.032719e-02,8.432462e-04,2.300858e-02,2.790231e-01,8.672934e-04,2.056154e-03,1.337243e-03
2.499865e-02,9.877411e-03,6.023677e-02,2.930955e-03,5.753643e-01,1.402370e-02,5.112291e-03,6.370624e-02,2.152530e-02,2.003827e-03,1.869865e-02,1.968898e-01,9.409550e-04,1.791997e-03,1.899201e-03
3.396246e-02,1.449900e-02,1.014553e-01,9.934232e-03,5.348637e-01,2.564414e-02,4.941761e-03,8.397309e-02,2.881847e-02,2.612134e-03,1.553827e-02,1.385310e-01,1.439903e-03,1.571067e-03,2.215488e-03
4.076602e-02,1.753857e-02,1.938936e-01,4.489802e-02,4.449903e-01,2.733640e-02,4.452118e-03,8.137426e-02,2.605089e-02,2.290424e-03,1.350703e-02,9.813973e-02,1.729048e-03,1.254559e-03,1.778996e-03
4.553137e-02,1.754792e-02,3.521056e-01,3.337536e-02,3.533750e-01,2.405108e-02,3.462604e-03,5.762772e-02,2.523408e-02,2.171297e-03,1.039481e-02,6.995868e-02,1.756072e-03,1.245542e-03,2.162902e-03
1.126096e-01,2.411864e-02,3.156419e-01,3.653568e-02,3.358391e-01,2.662104e-02,3.851024e-03,4.214394e-02,2.965599e-02,3.523673e-03,9.257202e-03,5.201165e-02,2.323175e-03,2.149121e-03,3.718271e-03
1.114894e-01,2.802699e-02,3.319383e-01,3.869424e-02,3.168347e-01,3.750850e-02,1.054104e-02,3.016049e-02,2.918180e-02,4.041741e-03,7.854298e-03,4.119372e-02,6.241596e-03,1.992607e-03,4.300613e-03
1.113922e-01,2.626968e-02,3.620895e-01,4.002920e-02,2.662661e-01,3.375908e-02,5.789253e-02,2.436531e-02,2.372699e-02,5.134196e-03,6.177259e-03,3.101838e-02,5.884957e-03,1.688419e-03,4.306158e-03
1.316068e-01,2.099803e-02,3.001700e-01,4.866318e-02,2.078259e-01,5.731869e-02,5.053265e-02,2.079130e-02,2.121539e-02,5.851981e-03,6.063341e-03,2.583564e-02,9.691650e-02,1.292598e-03,4.917979e-03
1.325078e-01,1.730778e-02,2.310943e-01,5.757453e-02,1.601125e-01,1.018161e-01,4.931695e-02,1.768520e-02,1.741489e-02,6.659138e-03,5.254356e-03,1.942052e-02,1.770865e-01,1.132753e-03,5.616692e-03
1.413160e-01,1.553365e-02,1.824598e-01,5.793149e-02,1.262821e-01,1.457306e-01,4.343116e-02,1.705356e-02,1.460854e-02,5.837520e-03,4.753921e-03,1.601237e-02,2.213891e-01,1.264271e-03,6.395850e-03
2.020873e-01,1.351023e-02,1.534230e-01,6.171762e-02,9.702305e-02,1.733276e-01,3.772137e-02,1.478378e-02,1.204803e-02,4.677132e-03,4.326745e-03,1.486553e-02,2.026065e-01,1.301319e-03,6.580698e-03
2.589101e-01,1.139330e-02,1.211304e-01,5.600569e-02,7.851461e-02,1.701193e-01,4.940435e-02,1.856200e-02,9.442679e-03,3.673788e-03,4.263610e-03,1.412968e-02,1.963341e-01,1.215127e-03,6.901163e-03
1.899410e-01,8.951606e-03,9.330841e-02,4.103258e-02,5.565672e-02,2.087257e-01,3.549696e-02,1.364891e-02,8.817159e-03,4.102416e-03,6.141960e-03,1.193432e-02,3.092369e-01,1.700555e-03,1.130487e-02
1.823869e-01,8.940471e-03,7.250828e-02,2.987159e-02,4.034062e-02,2.490797e-01,2.634061e-02,1.087653e-02,9.879028e-03,4.808183e-03,1.036405e-02,2.025812e-02,2.443912e-01,3.801384e-02,5.194083e-02
1.704513e-01,1.079834e-02,5.630666e-02,2.139997e-02,3.010012e-02,2.350094e-01,2.001455e-02,8.306257e-03,1.540691e-02,7.083144e-03,1.208061e-02,1.810172e-02,1.941191e-01,7.557732e-02,1.252446e-01
1.246491e-01,1.396051e-02,4.072449e-02,1.539566e-02,2.186373e-02,2.050923e-01,1.583706e-02,5.977699e-03,4.028017e-02,9.496307e-03,2.078557e-02,3.356146e-02,1.601612e-01,1.392570e-01,1.529578e-01
9.056287e-02,1.183746e-02,2.891873e-02,1.183973e-02,1.707172e-02,1.523461e-01,1.228387e-02,4.471473e-03,4.176759e-02,1.258204e-02,3.191292e-02,1.574792e-01,1.797561e-01,1.251085e-01,1.220617e-01
7.563528e-02,9.111861e-03,2.071108e-02,8.833776e-03,1.245095e-02,1.126428e-01,9.265164e-03,3.369026e-03,3.402049e-02,1.284245e-02,2.624374e-02,2.404148e-01,1.730935e-01,1.711060e-01,9.025911e-02
5.516215e-02,6.742795e-03,1.460300e-02,6.415244e-03,8.861644e-03,8.689480e-02,6.753526e-03,2.422405e-03,3.363682e-02,1.077675e-02,2.087332e-02,3.718857e-01,1.702737e-01,1.366236e-01,6.807463e-02
3.921004e-02,5.130502e-03,1.039204e-02,4.746606e-03,6.352046e-03,1.061970e-01,4.934019e-03,1.717379e-03,3.128323e-02,8.387568e-03,1.556346e-02,4.436585e-01,1.761039e-01,9.698645e-02,4.933733e-02
2.748151e-02,3.646131e-03,7.337480e-03,3.369833e-03,4.522567e-03,8.876580e-02,3.519328e-03,1.207867e-03,2.587831e-02,6.015528e-03,1.136153e-02,5.834252e-01,1.308114e-01,6.802599e-02,3.463171e-02
1.928640e-02,2.664234e-03,5.243687e-03,2.384169e-03,3.301139e-03,6.619823e-02,2.597920e-03,8.560171e-04,2.219881e-02,4.781542e-03,8.561408e-03,6.821570e-01,1.075730e-01,4.778274e-02,2.441382e-02
1.354326e-02,1.930227e-03,3.711544e-03,1.686911e-03,2.470618e-03,4.803435e-02,1.990932e-03,6.297683e-04,2.186608e-02,3.771219e-03,6.551542e-03,7.527528e-01,9.018476e-02,3.359840e-02,1.727767e-02
9.500815e-03,1.372879e-03,2.610047e-03,1.183312e-03,1.810446e-03,3.569274e-02,1.480869e-03,4.521758e-04,1.786364e-02,3.008527e-03,4.893820e-03,8.174958e-01,6.680108e-02,2.366771e-02,1.216618e-02
6.698264e-03,9.960020e-04,1.848081e-03,8.368418e-04,1.417553e-03,2.837530e-02,1.128087e-03,3.521247e-04,1.521763e-02,2.843657e-03,3.989690e-03,8.599672e-01,5.084056e-02,1.691501e-02,8.574061e-03
4.712848e-03,7.997109e-04,1.306353e-03,5.905306e-04,1.242517e-03,3.245918e-02,8.347867e-04,2.782512e-04,2.050094e-02,2.360690e-03,3.825724e-03,8.748129e-01,3.814129e-02,1.211172e-02,6.022647e-03
3.344655e-03,6.490216e-04,9.317889e-04,4.194373e-04,1.176312e-03,2.754015e-02,6.177478e-04,2.325618e-04,1.980622e-02,2.191485e-03,4.490294e-03,8.977152e-01,2.773447e-02,8.923874e-03,4.226789e-03
2.397347e-03,6.925389e-04,7.220617e-04,3.039898e-04,1.161382e-03,2.491528e-02,4.938083e-04,2.154713e-04,2.032914e-02,2.109292e-03,5.406731e-03,9.104880e-01,2.079917e-02,6.985288e-03,2.980450e-03
1.917630e-03,1.700326e-03,1.028497e-03,3.379533e-04,1.414600e-02,4.263088e-02,8.091665e-04,8.170700e-04,5.894530e-02,1.960247e-03,7.358246e-03,8.430561e-01,1.752673e-02,5.616619e-03,2.149226e-03
1.851170e-03,2.019957e-03,9.582007e-04,3.225143e-04,1.444658e-02,4.139158e-02,7.666533e-04,1.025760e-03,5.280591e-02,1.702404e-03,6.310531e-03,8.564565e-01,1.396986e-02,4.403728e-03,1.568657e-03
3.844682e-03,2.537973e-03,1.219856e-03,3.298725e-04,1.232305e-02,4.302983e-02,9.941403e-04,1.649836e-03,4.124627e-02,1.384482e-03,5.163476e-03,8.696992e-01,1.208786e-02,3.295385e-03,1.194032e-03
6.595648e-03,2.509749e-03,1.823418e-03,3.466741e-04,1.001056e-02,4.178831e-02,2.289382e-03,1.346504e-02,3.069273e-02,1.100983e-03,4.100075e-03,8.730183e-01,8.894950e-03,2.480409e-03,8.837310e-04
8.460093e-03,3.570843e-03,1.901331e-03,3.407237e-04,8.772316e-03,4.473029e-02,1.863393e-03,1.187015e-02,2.722326e-02,8.852993e-04,4.724653e-03,8.759652e-01,7.082199e-03,1.909178e-03,7.010447e-04
2.487999e-02,5.009521e-03,1.220575e-02,3.874032e-03,1.273433e-02,8.190203e-02,2.335269e-03,3.637250e-02,2.653335e-02,9.663180e-04,1.029170e-02,7.729006e-01,7.238104e-03,1.954892e-03,8.016059e-04
3.740687e-02,4.906282e-03,9.914049e-03,4.872330e-03,1.620204e-02,1.077493e-01,3.130295e-03,3.507842e-02,3.133385e-02,8.475173e-04,2.642200e-02,7.090526e-01,1.000086e-02,2.214358e-03,8.692747e-04
4.095596e-02,5.997608e-03,1.166410e-02,1.293739e-02,1.946317e-02,2.148929e-01,3.728526e-03,4.912774e-02,7.478458e-02,1.223728e-03,3.101072e-02,5.207532e-01,1.061427e-02,1.914572e-03,9.316100e-04
5.396459e-02,5.901915e-03,9.484614e-03,1.365118e-02,3.073304e-02,2.062998e-01,4.042284e-03,4.099791e-02,1.112729e-01,1.431988e-03,6.127732e-02,4.383475e-01,1.561742e-02,5.555396e-03,1.422168e-03
5.850345e-02,6.177609e-03,7.866895e-03,1.737677e-02,4.661226e-02,1.660459e-01,4.065076e-03,6.078081e-02,2.182924e-01,1.357452e-03,5.077693e-02,3.407073e-01,1.481955e-02,5.256217e-03,1.361363e-03
6.879626e-02,5.888019e-03,1.225165e-02,5.735962e-02,4.263409e-02,1.180573e-01,3.194782e-03,5.027106e-02,3.460136e-01,1.500559e-03,3.648520e-02,2.409506e-01,1.137118e-02,3.854025e-03,1.372056e-03
9.134142e-02,5.418103e-03,1.162750e-02,5.612275e-02,5.182607e-02,9.994609e-02,3.391086e-03,7.042381e-02,3.771038e-01,1.279907e-03,3.215234e-02,1.838621e-01,1.076959e-02,3.376446e-03,1.358955e-03
1.576705e-01,6.035272e-03,9.585758e-03,4.358793e-02,4.144154e-02,8.789939e-02,2.830312e-03,5.405024e-02,4.195887e-01,1.059477e-03,2.430372e-02,1.332036e-01,1.401722e-02,3.002522e-03,1.723832e-03
2.101238e-01,7.121229e-03,8.515808e-03,3.502055e-02,3.317985e-02,9.274209e-02,3.173470e-03,4.133711e-02,4.111951e-01,9.865700e-04,1.858471e-02,9.797420e-02,3.350456e-02,2.721050e-03,3.819879e-03
2.651275e-01,7.627082e-03,7.668466e-03,3.231684e-02,2.653622e-02,1.297787e-01,4.050191e-03,3.438473e-02,3.417189e-01,9.854679e-04,1.429357e-02,7.636274e-02,5.192020e-02,2.355685e-03,4.873604e-03
3.743508e-01,8.461535e-03,9.908559e-03,3.060835e-02,2.152299e-02,1.204826e-01,4.897891e-03,2.577482e-02,2.640067e-01,9.188544e-04,1.093189e-02,5.696627e-02,6.168069e-02,2.082233e-03,7.405634e-03
4.551590e-01,9.352204e-03,8.840268e-03,2.510207e-02,1.830191e-02,1.387815e-01,5.255704e-03,1.977935e-02,1.932482e-01,7.520681e-04,8.556060e-03,4.235847e-02,6.532910e-02,1.773795e-03,7.410396e-03
1.000000e+00,0.000000e+00,0.000000e+00,0.000000e+00,0.000000e+00,0.000000e+00,0.000000e+00,0.000000e+00,0.000000e+00,0.000000e+00,0.000000e+00,0.000000e+00,0.000000e+00,0.000000e+00,0.000000e+00
1.000000e+00,0.000000e+00,0.000000e+00,0.000000e+00,0.000000e+00,0.000000e+00,0.000000e+00,0.000000e+00,0.000000e+00,0.000000e+00,0.000000e+00,0.000000e+00,0.000000e+00,0.000000e+00,0.000000e+00
1.000000e+00,0.000000e+00,0.000000e+00,0.000000e+00,0.000000e+00,0.000000e+00,0.000000e+00,0.000000e+00,0.000000e+00,0.000000e+00,0.000000e+00,0.000000e+00,0.000000e+00,0.000000e+00,0.000000e+00
4.906038e-01,7.672853e-03,1.266613e-02,1.316312e-02,9.326034e-03,1.326445e-01,5.986680e-03,7.792491e-03,5.323492e-02,1.192238e-02,3.053235e-02,6.086679e-02,1.188126e-01,6.657176e-03,3.811823e-02
4.231733e-01,9.386092e-03,1.376775e-02,1.068889e-02,9.294415e-03,1.008351e-01,4.699630e-03,5.572673e-03,4.002795e-02,1.386248e-02,2.926603e-02,5.223338e-02,1.126381e-01,1.427788e-02,1.602764e-01
3.067524e-01,7.112550e-03,1.047189e-02,7.551541e-03,1.017694e-02,7.278702e-02,3.372688e-03,4.046883e-03,2.916768e-02,1.102215e-02,2.446548e-02,3.697016e-02,8.174740e-02,1.589153e-02,3.784637e-01
2.196292e-01,5.733296e-03,8.295912e-03,5.331343e-03,7.917927e-03,5.366796e-02,2.404818e-03,2.858495e-03,2.100883e-02,8.830764e-03,1.825229e-02,2.594672e-02,5.770992e-02,1.302994e-02,5.493826e-01
1.595546e-01,4.965330e-03,6.155604e-03,3.761551e-03,5.863877e-03,3.904978e-02,1.724409e-03,2.015874e-03,1.535539e-02,7.774008e-03,1.363600e-02,1.821706e-02,4.065585e-02,1.157277e-02,6.696979e-01
1.155272e-01,4.978454e-03,5.089431e-03,2.691386e-03,4.482895e-03,3.357638e-02,1.276222e-03,1.441568e-03,1.341796e-02,6.870084e-03,1.071350e-02,1.287469e-02,2.885459e-02,1.324426e-02,7.449614e-01
8.598212e-02,5.953333e-03,4.404711e-03,1.962214e-03,3.831115e-03,2.761654e-02,9.655267e-04,1.025635e-03,1.136768e-02,6.937584e-03,8.719867e-03,9.110749e-03,2.079005e-02,2.503451e-02,7.862983e-01
9.383003e-02,5.712719e-03,4.117806e-03,1.466593e-03,3.313727e-03,2.189324e-02,7.617105e-04,7.683334e-04,1.048809e-02,8.813834e-03,8.397895e-03,6.601029e-03,1.557015e-02,4.816653e-02,7.700983e-01
6.986184e-02,4.921563e-03,9.217484e-03,1.204765e-03,2.386387e-03,1.717334e-02,5.894118e-04,5.702716e-04,1.291589e-02,1.201726e-02,6.482196e-03,4.774516e-03,1.172833e-02,3.718710e-02,8.089696e-01
5.755918e-02,6.142548e-03,7.509406e-03,1.285782e-03,2.101007e-03,1.547664e-02,4.471150e-04,4.902193e-04,1.635029e-02,1.127004e-02,5.825932e-03,3.484246e-03,9.874130e-03,4.193211e-02,8.202513e-01
5.478034e-02,9.021228e-03,1.241285e-02,2.040614e-03,1.862094e-03,1.647905e-02,5.906187e-04,7.039800e-04,1.617691e-02,1.256873e-02,7.071669e-03,3.057261e-03,9.720550e-03,5.385347e-02,7.996607e-01
6.309373e-02,1.053874e-02,1.260461e-02,2.754059e-03,2.259320e-03,1.703992e-02,5.161601e-04,6.238588e-04,1.460179e-02,1.172041e-02,6.689148e-03,2.563034e-03,1.010148e-02,5.613295e-02,7.887608e-01
1.165766e-01,1.255307e-02,1.110789e-02,3.467686e-03,4.099935e-03,1.827895e-02,5.692362e-04,6.482192e-04,1.802887e-02,1.169029e-02,8.397343e-03,3.359264e-03,1.121066e-02,7.412346e-02,7.058885e-01
1.617936e-01,1.448097e-02,2.964373e-02,5.346590e-02,9.690624e-03,1.752287e-02,8.213636e-04,9.275776e-04,4.318256e-02,1.098959e-02,9.063344e-03,3.712124e-03,8.993310e-03,7.565580e-02,5.600566e-01
1.960051e-01,1.421680e-02,3.665872e-02,5.646496e-02,1.091718e-02,1.545181e-02,1.160075e-03,1.327554e-03,7.455102e-02,1.068554e-02,9.278500e-03,3.320338e-03,6.943549e-03,9.067339e-02,4.723455e-01
1.393821e-01,1.070970e-02,9.949004e-02,4.085984e-02,8.299458e-03,1.166006e-02,8.341255e-04,1.016315e-03,6.642015e-02,9.197010e-03,8.673104e-03,2.504181e-03,5.005186e-03,2.115113e-01,3.844373e-01
9.799390e-02,8.284651e-03,1.055023e-01,2.881083e-02,6.140298e-03,8.770731e-03,5.989805e-04,7.250525e-04,6.156021e-02,7.490341e-03,1.130755e-02,2.072328e-03,4.015696e-03,3.491697e-01,3.075574e-01
6.885077e-02,6.264199e-03,8.688454e-02,2.185578e-02,4.496462e-03,6.639787e-03,4.300023e-04,5.282070e-04,6.414273e-02,7.434940e-03,1.492870e-02,2.796046e-03,4.108896e-03,4.036348e-01,3.070042e-01
4.848064e-02,4.603420e-03,7.234266e-02,1.706860e-02,3.303962e-03,4.810506e-03,3.079574e-04,3.763225e-04,6.158318e-02,9.161872e-03,1.361945e-02,2.512952e-03,3.444679e-03,5.183687e-01,2.400151e-01
3.409182e-02,3.296215e-03,5.336275e-02,1.205407e-02,2.388584e-03,3.407129e-03,2.227651e-04,2.666543e-04,4.857564e-02,8.334001e-03,1.024623e-02,1.824246e-03,2.459163e-03,6.456609e-01,1.738098e-01
2.396614e-02,2.367982e-03,3.891717e-02,8.496548e-03,1.756011e-03,2.412849e-03,2.215074e-04,1.950696e-04,3.785129e-02,1.269934e-02,7.741328e-03,1.329179e-03,1.754877e-03,7.328165e-01,1.274742e-01
1.684369e-02,1.701542e-03,2.785139e-02,5.979642e-03,1.293236e-03,1.710770e-03,2.042235e-04,1.425917e-04,3.133462e-02,1.500871e-02,5.683508e-03,9.640434e-04,1.255455e-03,7.955393e-01,9.448734e-02
1.210747e-02,1.322766e-03,1.986313e-02,4.343080e-03,1.227383e-03,1.264836e-03,1.758554e-04,1.272328e-04,3.207006e-02,1.782471e-02,4.705174e-03,7.623773e-04,9.263981e-04,8.349792e-01,6.830040e-02
1.033098e-02,1.294020e-03,1.680981e-02,3.438963e-03,1.511976e-03,1.470412e-03,2.485627e-04,1.377818e-04,2.597639e-02,2.164984e-02,3.942231e-03,6.094362e-04,7.116387e-04,8.587896e-01,5.307844e-02
8.056129e-03,1.423707e-03,1.232398e-02,2.469117e-03,1.286170e-03,1.504012e-03,2.091129e-04,1.173302e-04,2.147974e-02,2.864841e-02,4.065009e-03,5.219165e-04,5.997090e-04,8.549598e-01,6.233587e-02
6.567267e-03,1.214591e-03,9.207676e-03,2.031173e-03,1.451602e-03,1.504386e-03,1.952441e-04,1.338907e-04,2.002995e-02,6.376691e-02,7.696518e-03,5.115220e-04,4.826461e-04,8.360088e-01,4.919781e-02
4.978971e-03,1.026434e-03,7.403741e-03,1.473821e-03,1.222544e-03,1.274643e-03,1.532254e-04,1.218522e-04,1.838449e-02,1.652687e-01,7.392452e-03,5.742842e-04,4.391336e-04,7.420352e-01,4.825053e-02
3.654838e-03,8.087241e-04,5.587147e-03,1.149653e-03,1.333388e-03,1.052670e-03,1.273732e-04,1.075444e-04,1.480972e-02,2.055411e-01,9.979283e-03,6.509292e-04,6.264690e-04,7.128037e-01,4.176749e-02
3.022397e-03,8.356319e-04,6.721847e-03,9.138818e-04,2.015882e-03,1.103931e-03,2.165614e-04,1.973857e-04,1.359279e-02,3.093548e-01,3.257357e-02,6.710510e-03,4.274259e-03,5.589421e-01,5.952445e-02
5.975058e-03,9.396701e-04,7.141181e-03,1.218928e-03,3.072163e-03,2.042538e-03,6.655660e-04,5.277577e-04,4.987366e-02,3.542142e-01,7.241075e-02,1.440524e-02,4.440123e-03,4.264416e-01,5.663159e-02
8.051294e-03,1.131642e-03,5.347263e-03,1.954450e-03,2.795076e-03,1.958897e-03,1.396854e-03,5.530840e-04,7.848650e-02,2.848708e-01,1.403421e-01,1.171088e-01,4.574034e-03,3.056145e-01,4.581466e-02
7.056882e-03,9.255945e-04,3.869422e-03,1.882522e-03,2.354500e-03,1.833385e-03,1.508622e-03,4.588123e-04,8.072352e-02,2.131728e-01,1.671175e-01,2.637046e-01,4.502479e-03,2.179794e-01,3.290991e-02
6.010937e-03,6.892664e-04,2.756321e-03,1.426345e-03,2.088469e-03,1.823956e-03,1.564550e-03,4.162157e-04,6.011683e-02,1.499220e-01,2.205687e-01,3.716000e-01,3.919885e-03,1.539358e-01,2.316066e-02
4.607459e-03,4.970299e-04,1.962007e-03,1.022251e-03,1.654029e-03,2.398616e-03,1.133596e-03,3.106003e-04,4.325113e-02,1.050534e-01,1.691098e-01,5.417408e-01,2.913717e-03,1.081011e-01,1.624448e-02
4.717823e-03,3.934432e-04,1.430286e-03,7.742322e-04,1.559456e-03,3.477911e-03,8.381950e-04,2.567593e-04,3.065006e-02,7.359948e-02,1.286530e-01,6.640958e-01,2.129423e-03,7.600792e-02,1.141615e-02
6.298338e-03,3.580874e-04,1.078603e-03,7.060399e-04,2.137066e-03,3.333119e-03,8.081716e-04,3.606438e-04,2.154742e-02,5.163775e-02,1.004054e-01,7.481847e-01,1.578371e-03,5.353003e-02,8.036320e-03
1.210256e-02,4.065515e-04,9.470751e-04,7.207284e-04,2.957932e-03,3.937166e-03,8.602436e-04,6.144049e-04,1.516277e-02,3.633163e-02,8.167405e-02,7.994577e-01,1.208614e-03,3.790965e-02,5.708930e-03
2.115025e-02,6.864935e-04,8.911708e-04,1.100635e-03,3.350586e-03,7.078765e-03,9.739316e-04,8.070092e-04,1.073213e-02,2.553223e-02,6.968779e-02,8.253645e-01,9.944346e-04,2.711989e-02,4.530191e-03
2.839191e-02,7.739367e-04,7.132725e-04,1.111612e-03,3.134835e-03,7.643284e-03,9.533590e-04,8.235050e-04,7.569301e-03,1.797672e-02,5.758082e-02,8.496513e-01,8.401866e-04,1.938233e-02,3.453580e-03
2.519486e-02,7.714571e-04,6.194767e-04,9.577168e-04,2.705573e-03,7.062828e-03,7.516529e-04,7.035136e-04,5.339396e-03,1.270381e-02,4.788570e-02,8.783072e-01,6.638492e-04,1.379830e-02,2.534658e-03
2.003808e-02,9.811760e-04,9.852045e-04,7.563854e-04,3.952927e-03,8.501841e-03,1.033047e-03,2.583569e-03,3.925748e-03,9.674054e-03,3.981248e-02,8.952363e-01,5.317059e-04,1.007803e-02,1.909457e-03
1.595446e-02,1.100890e-03,1.058938e-03,5.958962e-04,6.004149e-03,9.629362e-03,1.150501e-03,3.497904e-03,3.059177e-03,7.468568e-03,3.285652e-02,9.083439e-01,4.441307e-04,7.429971e-03,1.405574e-03
1.166307e-02,1.693479e-03,1.636367e-03,4.529119e-04,1.947298e-02,1.129879e-02,1.496428e-03,3.624656e-03,3.176075e-03,6.255053e-03,3.747418e-02,8.938856e-01,4.153657e-04,6.353633e-03,1.101401e-03
9.158355e-03,1.861926e-03,3.055949e-03,4.325823e-04,2.641371e-02,1.253723e-02,2.818580e-03,5.371905e-03,6.776960e-03,5.925866e-03,4.783175e-02,8.709921e-01,6.490740e-04,5.095508e-03,1.078556e-03
7.402875e-03,2.223729e-03,7.092318e-03,5.871836e-04,9.714448e-02,1.266188e-02,3.939366e-03,1.461223e-02,1.990477e-02,4.822872e-03,4.161833e-02,7.820431e-01,1.000808e-03,4.000121e-03,9.459615e-04
6.839915e-03,2.265849e-03,6.438926e-03,8.029887e-04,2.024689e-01,1.509354e-02,5.159503e-03,1.453011e-02,2.662846e-02,3.755853e-03,3.622806e-02,6.743302e-01,1.661394e-03,2.885668e-03,9.106144e-04
9.162445e-03,3.352933e-03,6.661489e-03,1.028098e-03,2.262995e-01,1.511020e-02,4.493357e-03,1.329276e-02,3.735363e-02,3.159378e-03,3.111119e-02,6.425276e-01,3.296532e-03,2.191163e-03,9.597521e-04
1.228280e-02,1.121720e-02,3.452351e-02,1.269431e-03,2.415388e-01,1.490664e-02,3.792652e-03,1.199172e-02,1.035434e-01,3.177776e-03,3.972425e-02,5.118667e-01,6.533964e-03,1.926694e-03,1.704305e-03
1.639949e-02,1.197755e-02,1.431469e-01,2.041694e-03,1.914807e-01,1.659970e-02,3.052161e-03,6.675974e-02,8.993477e-02,3.047469e-03,6.236606e-02,3.818766e-01,6.831145e-03,1.894838e-03,2.591274e-03
2.396480e-02,1.048646e-02,1.516494e-01,3.612749e-03,1.864373e-01,2.712260e-02,2.726801e-03,7.160985e-02,9.003094e-02,2.528743e-03,1.212830e-01,2.969245e-01,6.822859e-03,2.183805e-03,2.616167e-03
3.628891e-02,8.712200e-03,1.399793e-01,4.946787e-03,1.692701e-01,3.111214e-02,2.259159e-03,5.890143e-02,6.839964e-02,2.103344e-03,1.926536e-01,2.681299e-01,1.205477e-02,2.693692e-03,2.495044e-03
5.715419e-02,7.099569e-03,1.060014e-01,5.614250e-03,1.387971e-01,2.412837e-02,1.735432e-03,4.571388e-02,5.757628e-02,1.744468e-03,1.736649e-01,3.483369e-01,2.677991e-02,3.567650e-03,2.085628e-03
4.260615e-02,5.840692e-03,7.462969e-02,4.252560e-03,9.935189e-02,1.792987e-02,1.246384e-03,3.345161e-02,6.025140e-02,1.302839e-03,1.371150e-01,4.753319e-01,4.246807e-02,2.707194e-03,1.514681e-03
3.063504e-02,4.932564e-03,5.243472e-02,3.558879e-03,7.028925e-02,1.472239e-02,9.067202e-04,2.615894e-02,9.947321e-02,1.154631e-03,1.094492e-01,4.829500e-01,9.998719e-02,2.123890e-03,1.223380e-03
2.180363e-02,3.980068e-03,3.678205e-02,2.915674e-03,4.959358e-02,1.106334e-02,6.614786e-04,2.147004e-02,1.105964e-01,9.811701e-04,8.606087e-02,4.927086e-01,1.588376e-01,1.577254e-03,9.682149e-04
1.548505e-02,3.110161e-03,2.582555e-02,2.125994e-03,4.174529e-02,7.943980e-03,4.919616e-04,1.532880e-02,1.545950e-01,7.876892e-04,6.881729e-02,4.533141e-01,2.085824e-01,1.130338e-03,7.164051e-04
1.111298e-02,4.045173e-03,1.856609e-02,1.745110e-03,3.574198e-02,6.389118e-03,4.123868e-04,1.102196e-02,1.643503e-01,1.476482e-03,5.909640e-02,4.119788e-01,2.726258e-01,8.380326e-04,5.994458e-04
8.832632e-03,7.964935e-03,1.349121e-02,2.629422e-03,3.136579e-02,7.919934e-03,3.559998e-04,9.262634e-03,2.619551e-01,2.956829e-03,5.103661e-02,3.581637e-01,2.427955e-01,6.548180e-04,6.148659e-04
6.746886e-03,7.966012e-03,9.634176e-03,2.198368e-03,2.339656e-02,9.671575e-03,3.102579e-04,6.852842e-03,2.227465e-01,3.357006e-03,5.043024e-02,4.409993e-01,2.145839e-01,5.225498e-04,5.838833e-04
5.350491e-03,6.856999e-03,7.074934e-03,2.261801e-03,1.769747e-02,1.041599e-02,2.975527e-04,5.153349e-03,2.016580e-01,2.990350e-03,4.416001e-02,5.250431e-01,1.700600e-01,4.639335e-04,5.160451e-04
4.420914e-03,5.457295e-03,5.121189e-03,1.678346e-03,2.380371e-02,8.144582e-03,1.895821e-03,4.366558e-03,2.531925e-01,2.727855e-03,3.911491e-02,4.829967e-01,1.662068e-01,4.111167e-04,4.616480e-04
5.268631e-03,4.649767e-03,3.747599e-03,1.307505e-03,2.203436e-02,8.206118e-03,1.630923e-03,3.460341e-03,2.292077e-01,3.269143e-03,3.989895e-02,5.253140e-01,1.510315e-01,5.174117e-04,4.560182e-04
6.524888e-03,3.721369e-03,2.802076e-03,1.045417e-03,2.910232e-02,6.526820e-03,1.787584e-03,3.211017e-03,2.135257e-01,2.790495e-03,3.839269e-02,5.457653e-01,1.439714e-01,4.655128e-04,3.673568e-04
5.339609e-03,3.106550e-03,2.070977e-03,7.699701e-04,2.249803e-02,5.678159e-03,1.306566e-03,2.507856e-03,1.705971e-01,2.817373e-03,3.104512e-02,6.405664e-01,1.109977e-01,4.171497e-04,2.814132e-04
7.996830e-03,3.282902e-03,1.597330e-03,6.269639e-04,1.909911e-02,5.418443e-03,1.139791e-03,2.436141e-03,2.057870e-01,2.827273e-03,2.510192e-02,6.384463e-01,8.560172e-02,3.791190e-04,2.590731e-04
7.783605e-03,2.605247e-03,1.138400e-03,4.656270e-04,1.724397e-02,4.150278e-03,1.016406e-03,2.636185e-03,2.661842e-01,2.552165e-03,2.002297e-02,6.033495e-01,7.034515e-02,3.114693e-04,1.948229e-04
1.198925e-02,2.245040e-03,8.168339e-04,3.710306e-04,1.547668e-02,3.465725e-03,8.502440e-04,3.751483e-03,2.633657e-01,2.974168e-03,1.622497e-02,6.172726e-01,6.078323e-02,2.592353e-04,1.538097e-04
1.028904e-02,2.296729e-03,6.447139e-04,3.344589e-04,3.832276e-02,2.585163e-03,7.872133e-04,3.938290e-03,3.825790e-01,2.384972e-03,1.239830e-02,4.943118e-01,4.881516e-02,1.981454e-04,1.142248e-04
1.069651e-02,1.668144e-03,4.733668e-04,2.659989e-04,2.870254e-02,2.859940e-03,6.004852e-04,3.367478e-03,2.822477e-01,2.250513e-03,1.091559e-02,6.179183e-01,3.776664e-02,1.761662e-04,9.071363e-05
1.357788e-02,1.313719e-03,3.788671e-04,2.373565e-04,4.292686e-02,2.533022e-03,8.988221e-04,3.591162e-03,3.593687e-01,2.130567e-03,8.371954e-03,5.344163e-01,3.003960e-02,1.387043e-04,7.649006e-05
1.076856e-02,1.116138e-03,6.190686e-04,2.023537e-04,5.684038e-02,2.060528e-03,7.781152e-04,4.390592e-03,3.251860e-01,2.789490e-03,6.885856e-03,5.641370e-01,2.403737e-02,1.233734e-04,6.507966e-05
8.201638e-03,8.421436e-04,4.585243e-04,1.577966e-04,4.654383e-02,1.628575e-03,6.076093e-04,4.381999e-03,2.643194e-01,2.622942e-03,6.295335e-03,6.446627e-01,1.912583e-02,1.025203e-04,4.899505e-05
6.359650e-03,1.089659e-03,4.469774e-04,1.194857e-04,3.953265e-02,1.168984e-03,4.809173e-04,4.304699e-03,2.736519e-01,2.930932e-03,5.671788e-03,6.493699e-01,1.475612e-02,7.802159e-05,3.823325e-05
1.020042e-02,1.691916e-03,1.552335e-03,4.523112e-04,9.264831e-02,1.443637e-03,8.658494e-04,9.310039e-03,3.756740e-01,2.856634e-03,5.249167e-03,4.864171e-01,1.152374e-02,7.408390e-05,4.030552e-05
1.567134e-02,2.930403e-03,2.067710e-03,5.169220e-04,8.803242e-02,1.181182e-03,7.400358e-04,1.095634e-02,4.244229e-01,2.850748e-03,5.855530e-03,4.351172e-01,9.519948e-03,7.748239e-05,5.972858e-05
2.087795e-02,3.311889e-03,3.598083e-03,1.036833e-03,7.428983e-02,2.261190e-03,6.118492e-04,1.499486e-02,3.639503e-01,8.031540e-03,7.564244e-03,4.909149e-01,8.317185e-03,1.448955e-04,9.440471e-05
3.124514e-02,3.344966e-03,4.023599e-03,1.650375e-03,6.255119e-02,2.288862e-03,5.317459e-04,1.884970e-02,3.193852e-01,1.478378e-02,1.078767e-02,5.230764e-01,7.132472e-03,2.225441e-04,1.263558e-04
3.937445e-02,4.385050e-03,3.548125e-03,1.805913e-03,1.022736e-01,5.999552e-03,9.687430e-04,2.463778e-02,3.743958e-01,1.348486e-02,1.106218e-02,4.111775e-01,6.390101e-03,2.226060e-04,2.737257e-04
6.117362e-02,3.640740e-03,4.768887e-03,6.458144e-03,1.942449e-01,6.162610e-03,1.698358e-03,8.701316e-02,2.987656e-01,1.059643e-02,1.141116e-02,3.067430e-01,6.620282e-03,3.394580e-04,3.636561e-04
6.260109e-02,3.296134e-03,3.718889e-03,6.432160e-03,2.719324e-01,6.738400e-03,3.552264e-03,8.354923e-02,3.057874e-01,8.124146e-03,1.031164e-02,2.271967e-01,6.058809e-03,3.235931e-04,3.771053e-04
6.080091e-02,3.677719e-03,2.946678e-03,7.878302e-03,3.761370e-01,1.066584e-02,7.652331e-03,8.217357e-02,2.602405e-01,9.579214e-03,9.277006e-03,1.630125e-01,5.189495e-03,3.710663e-04,3.978237e-04
6.533910e-02,4.177097e-03,2.357746e-03,8.037337e-03,4.420568e-01,1.019254e-02,8.198475e-03,6.999027e-02,2.328030e-01,2.094808e-02,1.208401e-02,1.176452e-01,4.999777e-03,5.443525e-04,6.262951e-04
8.641644e-02,7.662404e-03,2.104850e-03,1.149361e-02,4.290494e-01,1.134474e-02,7.866965e-03,8.265099e-02,1.907881e-01,2.939329e-02,4.401557e-02,8.905684e-02,5.065172e-03,1.993687e-03,1.097967e-03
1.196446e-01,1.514750e-02,1.793867e-03,1.156285e-02,3.918414e-01,1.157519e-02,6.486159e-03,7.455666e-02,1.676632e-01,5.639219e-02,6.438788e-02,6.657699e-02,5.553786e-03,5.404565e-03,1.413315e-03
1.428512e-01,1.280823e-02,2.775491e-03,1.612114e-02,3.616791e-01,1.532187e-02,6.585315e-03,9.685874e-02,1.302057e-01,9.589448e-02,5.554093e-02,5.142167e-02,5.470436e-03,4.947276e-03,1.518429e-03
2.505084e-01,1.228411e-02,2.515848e-03,1.463750e-02,2.736672e-01,1.604154e-02,5.361276e-03,7.499460e-02,1.052127e-01,1.379752e-01,5.100860e-02,4.180435e-02,5.389275e-03,6.028955e-03,2.570407e-03
3.393915e-01,9.986087e-03,3.987938e-03,1.875773e-02,2.208859e-01,1.745635e-02,4.796860e-03,7.039087e-02,8.209752e-02,1.158421e-01,6.173012e-02,3.891917e-02,5.916482e-03,5.878767e-03,3.962557e-03
4.623674e-01,7.771666e-03,4.239570e-03,2.539456e-02,1.686080e-01,1.777779e-02,3.992441e-03,5.528193e-02,6.239493e-02,9.073949e-02,5.218515e-02,3.336884e-02,5.567537e-03,5.656844e-03,4.653830e-03
1.000000e+00,0.000000e+00,0.000000e+00,0.000000e+00,0.000000e+00,0.000000e+00,0.000000e+00,0.000000e+00,0.000000e+00,0.000000e+00,0.000000e+00,0.000000e+00,0.000000e+00,0.000000e+00,0.000000e+00
1.000000e+00,0.000000e+00,0.000000e+00,0.000000e+00,0.000000e+00,0.000000e+00,0.000000e+00,0.000000e+00,0.000000e+00,0.000000e+00,0.000000e+00,0.000000e+00,0.000000e+00,0.000000e+00,0.000000e+00
1.000000e+00,0.000000e+00,0.000000e+00,0.000000e+00,0.000000e+00,0.000000e+00,0.000000e+00,0.000000e+00,0.000000e+00,0.000000e+00,0.000000e+00,0.000000e+00,0.000000e+00,0.000000e+00,0.000000e+00
1.000000e+00,0.000000e+00,0.000000e+00,0.000000e+00,0.000000e+00,0.000000e+00,0.000000e+00,0.000000e+00,0.000000e+00,0.000000e+00,0.000000e+00,0.000000e+00,0.000000e+00,0.000000e+00,0.000000e+00
1.000000e+00,0.000000e+00,0.000000e+00,0.000000e+00,0.000000e+00,0.000000e+00,0.000000e+00,0.000000e+00,0.000000e+00,0.000000e+00,0.000000e+00,0.000000e+00,0.000000e+00,0.000000e+00,0.000000e+00
1.000000e+00,0.000000e+00,0.000000e+00,0.000000e+00,0.000000e+00,0.000000e+00,0.000000e+00,0.000000e+00,0.000000e+00,0.000000e+00,0.000000e+00,0.000000e+00,0.000000e+00,0.000000e+00,0.000000e+00
1.000000e+00,0.000000e+00,0.000000e+00,0.000000e+00,0.000000e+00,0.000000e+00,0.000000e+00,0.000000e+00,0.000000e+00,0.000000e+00,0.000000e+00,0.000000e+00,0.000000e+00,0.000000e+00,0.000000e+00
1.000000e+00,0.000000e+00,0.000000e+00,0.000000e+00,0.000000e+00,0.000000e+00,0.000000e+00,0.000000e+00,0.000000e+00,0.000000e+00,0.000000e+00,0.000000e+00,0.000000e+00,0.000000e+00,0.000000e+00
1.000000e+00,0.000000e+00,0.000000e+00,0.000000e+00,0.000000e+00,0.000000e+00,0.000000e+00,0.000000e+00,0.000000e+00,0.000000e+00,0.000000e+00,0.000000e+00,0.000000e+00,0.000000e+00,0.000000e+00
1.000000e+00,0.000000e+00,0.000000e+00,0.000000e+00,0.000000e+00,0.000000e+00,0.000000e+00,0.000000e+00,0.000000e+00,0.000000e+00,0.000000e+00,0.000000e+00,0.000000e+00,0.000000e+00,0.000000e+00
1.000000e+00,0.000000e+00,0.000000e+00,0.000000e+00,0.000000e+00,0.000000e+00,0.000000e+00,0.000000e+00,0.000000e+00,0.000000e+00,0.000000e+00,0.000000e+00,0.000000e+00,0.000000e+00,0.000000e+00
1.000000e+00,0.000000e+00,0.000000e+00,0.000000e+00,0.000000e+00,0.000000e+00,0.000000e+00,0.000000e+00,0.000000e+00,0.000000e+00,0.000000e+00,0.000000e+00,0.000000e+00,0.000000e+00,0.000000e+00
1.000000e+00,0.000000e+00,0.000000e+00,0.000000e+00,0.000000e+00,0.000000e+00,0.000000e+00,0.000000e+00,0.000000e+00,0.000000e+00,0.000000e+00,0.000000e+00,0.000000e+00,0.000000e+00,0.000000e+00
1.000000e+00,0.000000e+00,0.000000e+00,0.000000e+00,0.000000e+00,0.000000e+00,0.000000e+00,0.000000e+00,0.000000e+00,0.000000e+00,0.000000e+00,0.000000e+00,0.000000e+00,0.000000e+00,0.000000e+00
1.000000e+00,0.000000e+00,0.000000e+00,0.000000e+00,0.000000e+00,0.000000e+00,0.000000e+00,0.000000e+00,0.000000e+00,0.000000e+00,0.000000e+00,0.000000e+00,0.000000e+00,0.000000e+00,0.000000e+00
1.000000e+00,0.000000e+00,0.000000e+00,0.000000e+00,0.000000e+00,0.000000e+00,0.000000e+00,0.000000e+00,0.000000e+00,0.000000e+00,0.000000e+00,0.000000e+00,0.000000e+00,0.000000e+00,0.000000e+00
1.000000e+00,0.000000e+00,0.000000e+00,0.000000e+00,0.000000e+00,0.000000e+00,0.000000e+00,0.000000e+00,0.000000e+00,0.000000e+00,0.000000e+00,0.000000e+00,0.000000e+00,0.000000e+00,0.000000e+00
1.000000e+00,0.000000e+00,0.000000e+00,0.000000e+00,0.000000e+00,0.000000e+00,0.000000e+00,0.000000e+00,0.000000e+00,0.000000e+00,0.000000e+00,0.000000e+00,0.000000e+00,0.000000e+00,0.000000e+00
1.000000e+00,0.000000e+00,0.000000e+00,0.000000e+00,0.000000e+00,0.000000e+00,0.000000e+00,0.000000e+00,0.000000e+00,0.000000e+00,0.000000e+00,0.000000e+00,0.000000e+00,0.000000e+00,0.000000e+00
1.000000e+00,0.000000e+00,0.000000e+00,0.000000e+00,0.000000e+00,0.000000e+00,0.000000e+00,0.000000e+00,0.000000e+00,0.000000e+00,0.000000e+00,0.000000e+00,0.000000e+00,0.000000e+00,0.000000e+00
1.000000e+00,0.000000e+00,0.000000e+00,0.000000e+00,0.000000e+00,0.000000e+00,0.000000e+00,0.000000e+00,0.000000e+00,0.000000e+00,0.000000e+00,0.000000e+00,0.000000e+00,0.000000e+00,0.000000e+00
1.000000e+00,0.000000e+00,0.000000e+00,0.000000e+00,0.000000e+00,0.000000e+00,0.000000e+00,0.000000e+00,0.000000e+00,0.000000e+00,0.000000e+00,0.000000e+00,0.000000e+00,0.000000e+00,0.000000e+00
1.000000e+00,0.000000e+00,0.000000e+00,0.000000e+00,0.000000e+00,0.000000e+00,0.000000e+00,0.000000e+00,0.000000e+00,0.000000e+00,0.000000e+00,0.000000e+00,0.000000e+00,0.000000e+00,0.000000e+00
1.000000e+00,0.000000e+00,0.000000e+00,0.000000e+00,0.000000e+00,0.000000e+00,0.000000e+00,0.000000e+00,0.000000e+00,0.000000e+00,0.000000e+00,0.000000e+00,0.000000e+00,0.000000e+00,0.000000e+00
1.000000e+00,0.000000e+00,0.000000e+00,0.000000e+00,0.000000e+00,0.000000e+00,0.000000e+00,0.000000e+00,0.000000e+00,0.000000e+00,0.000000e+00,0.000000e+00,0.000000e+00,0.000000e+00,0.000000e+00
1.000000e+00,0.000000e+00,0.000000e+00,0.000000e+00,0.000000e+00,0.000000e+00,0.000000e+00,0.000000e+00,0.000000e+00,0.000000e+00,0.000000e+00,0.000000e+00,0.000000e+00,0.000000e+00,0.000000e+00
1.000000e+00,0.000000e+00,0.000000e+00,0.000000e+00,0.000000e+00,0.000000e+00,0.000000e+00,0.000000e+00,0.000000e+00,0.000000e+00,0.000000e+00,0.000000e+00,0.000000e+00,0.000000e+00,0.000000e+00
1.000000e+00,0.000000e+00,0.000000e+00,0.000000e+00,0.000000e+00,0.000000e+00,0.000000e+00,0.000000e+00,0.000000e+00,0.000000e+00,0.000000e+00,0.000000e+00,0.000000e+00,0.000000e+00,0.000000e+00
1.000000e+00,0.000000e+00,0.000000e+00,0.000000e+00,0.000000e+00,0.000000e+00,0.000000e+00,0.000000e+00,0.000000e+00,0.000000e+00,0.000000e+00,0.000000e+00,0.000000e+00,0.000000e+00,0.000000e+00
1.000000e+00,0.000000e+00,0.000000e+00,0.000000e+00,0.000000e+00,0.000000e+00,0.000000e+00,0.000000e+00,0.000000e+00,0.000000e+00,0.000000e+00,0.000000e+00,0.000000e+00,0.000000e+00,0.000000e+00
1.000000e+00,0.000000e+00,0.000000e+00,0.000000e+00,0.000000e+00,0.000000e+00,0.000000e+00,0.000000e+00,0.000000e+00,0.000000e+00,0.000000e+00,0.000000e+00,0.000000e+00,0.000000e+00,0.000000e+00
1.000000e+00,0.000000e+00,0.000000e+00,0.000000e+00,0.000000e+00,0.000000e+00,0.000000e+00,0.000000e+00,0.000000e+00,0.000000e+00,0.000000e+00,0.000000e+00,0.000000e+00,0.000000e+00,0.000000e+00
1.000000e+00,0.000000e+00,0.000000e+00,0.000000e+00,0.000000e+00,0.000000e+00,0.000000e+00,0.000000e+00,0.000000e+00,0.000000e+00,0.000000e+00,0.000000e+00,0.000000e+00,0.000000e+00,0.000000e+00
1.000000e+00,0.000000e+00,0.000000e+00,0.000000e+00,0.000000e+00,0.000000e+00,0.000000e+00,0.000000e+00,0.000000e+00,0.000000e+00,0.000000e+00,0.000000e+00,0.000000e+00,0.000000e+00,0.000000e+00
1.000000e+00,0.000000e+00,0.000000e+00,0.000000e+00,0.000000e+00,0.000000e+00,0.000000e+00,0.000000e+00,0.000000e+00,0.000000e+00,0.000000e+00,0.000000e+00,0.000000e+00,0.000000e+00,0.000000e+00
1.000000e+00,0.000000e+00,0.000000e+00,0.000000e+00,0.000000e+00,0.000000e+00,0.000000e+00,0.000000e+00,0.000000e+00,0.000000e+00,0.000000e+00,0.000000e+00,0.000000e+00,0.000000e+00,0.000000e+00
1.000000e+00,0.000000e+00,0.000000e+00,0.000000e+00,0.000000e+00,0.000000e+00,0.000000e+00,0.000000e+00,0.000000e+00,0.000000e+00,0.000000e+00,0.000000e+00,0.000000e+00,0.000000e+00,0.000000e+00
1.000000e+00,0.000000e+00,0.000000e+00,0.000000e+00,0.000000e+00,0.000000e+00,0.000000e+00,0.000000e+00,0.000000e+00,0.000000e+00,0.000000e+00,0.000000e+00,0.000000e+00,0.000000e+00,0.000000e+00
1.000000e+00,0.000000e+00,0.000000e+00,0.000000e+00,0.000000e+00,0.000000e+00,0.000000e+00,0.000000e+00,0.000000e+00,0.000000e+00,0.000000e+00,0.000000e+00,0.000000e+00,0.000000e+00,0.000000e+00
1.000000e+00,0.000000e+00,0.000000e+00,0.000000e+00,0.000000e+00,0.000000e+00,0.000000e+00,0.000000e+00,0.000000e+00,0.000000e+00,0.000000e+00,0.000000e+00,0.000000e+00,0.000000e+00,0.000000e+00
1.000000e+00,0.000000e+00,0.000000e+00,0.000000e+00,0.000000e+00,0.000000e+00,0.000000e+00,0.000000e+00,0.000000e+00,0.000000e+00,0.000000e+00,0.000000e+00,0.000000e+00,0.000000e+00,0.000000e+00
1.000000e+00,0.000000e+00,0.000000e+00,0.000000e+00,0.000000e+00,0.000000e+00,0.000000e+00,0.000000e+00,0.000000e+00,0.000000e+00,0.000000e+00,0.000000e+00,0.000000e+00,0.000000e+00,0.000000e+00
1.000000e+00,0.000000e+00,0.000000e+00,0.000000e+00,0.000000e+00,0.000000e+00,0.000000e+00,0.000000e+00,0.000000e+00,0.000000e+00,0.000000e+00,0.000000e+00,0.000000e+00,0.000000e+00,0.000000e+00
1.000000e+00,0.000000e+00,0.000000e+00,0.000000e+00,0.000000e+00,0.000000e+00,0.000000e+00,0.000000e+00,0.000000e+00,0.000000e+00,0.000000e+00,0.000000e+00,0.000000e+00,0.000000e+00,0.000000e+00
1.000000e+00,0.000000e+00,0.000000e+00,0.000000e+00,0.000000e+00,0.000000e+00,0.000000e+00,0.000000e+00,0.000000e+00,0.000000e+00,0.000000e+00,0.000000e+00,0.000000e+00,0.000000e+00,0.000000e+00
1.000000e+00,0.000000e+00,0.000000e+00,0.000000e+00,0.000000e+00,0.000000e+00,0.000000e+00,0.000000e+00,0.000000e+00,0.000000e+00,0.000000e+00,0.000000e+00,0.000000e+00,0.000000e+00,0.000000e+00
1.000000e+00,0.000000e+00,0.000000e+00,0.000000e+00,0.000000e+00,0.000000e+00,0.000000e+00,0.000000e+00,0.000000e+00,0.000000e+00,0.000000e+00,0.000000e+00,0.000000e+00,0.000000e+00,0.000000e+00
1.000000e+00,0.000000e+00,0.000000e+00,0.000000e+00,0.000000e+00,0.000000e+00,0.000000e+00,0.000000e+00,0.000000e+00,0.000000e+00,0.000000e+00,0.000000e+00,0.000000e+00,0.000000e+00,0.000000e+00
1.000000e+00,0.000000e+00,0.000000e+00,0.000000e+00,0.000000e+00,0.000000e+00,0.000000e+00,0.000000e+00,0.000000e+00,0.000000e+00,0.000000e+00,0.000000e+00,0.000000e+00,0.000000e+00,0.000000e+00
1.000000e+00,0.000000e+00,0.000000e+00,0.000000e+00,0.000000e+00,0.000000e+00,0.000000e+00,0.000000e+00,0.000000e+00,0.000000e+00,0.000000e+00,0.000000e+00,0.000000e+00,0.000000e+00,0.000000e+00
1.000000e+00,0.000000e+00,0.000000e+00,0.000000e+00,0.000000e+00,0.000000e+00,0.000000e+00,0.000000e+00,0.000000e+00,0.000000e+00,0.000000e+00,0.000000e+00,0.000000e+00,0.000000e+00,0.000000e+00
1.000000e+00,0.000000e+00,0.000000e+00,0.000000e+00,0.000000e+00,0.000000e+00,0.000000e+00,0.000000e+00,0.000000e+00,0.000000e+00,0.000000e+00,0.000000e+00,0.000000e+00,0.000000e+00,0.000000e+00
1.000000e+00,0.000000e+00,0.000000e+00,0.000000e+00,0.000000e+00,0.000000e+00,0.000000e+00,0.000000e+00,0.000000e+00,0.000000e+00,0.000000e+00,0.000000e+00,0.000000e+00,0.000000e+00,0.000000e+00
1.000000e+00,0.000000e+00,0.000000e+00,0.000000e+00,0.000000e+00,0.000000e+00,0.000000e+00,0.000000e+00,0.000000e+00,0.000000e+00,0.000000e+00,0.000000e+00,0.000000e+00,0.000000e+00,0.000000e+00
1.000000e+00,0.000000e+00,0.000000e+00,0.000000e+00,0.000000e+00,0.000000e+00,0.000000e+00,0.000000e+00,0.000000e+00,0.000000e+00,0.000000e+00,0.000000e+00,0.000000e+00,0.000000e+00,0.000000e+00
1.000000e+00,0.000000e+00,0.000000e+00,0.000000e+00,0.000000e+00,0.000000e+00,0.000000e+00,0.000000e+00,0.000000e+00,0.000000e+00,0.000000e+00,0.000000e+00,0.000000e+00,0.000000e+00,0.000000e+00
1.000000e+00,0.000000e+00,0.000000e+00,0.000000e+00,0.000000e+00,0.000000e+00,0.000000e+00,0.000000e+00,0.000000e+00,0.000000e+00,0.000000e+00,0.000000e+00,0.000000e+00,0.000000e+00,0.000000e+00
1.000000e+00,0.000000e+00,0.000000e+00,0.000000e+00,0.000000e+00,0.000000e+00,0.000000e+00,0.000000e+00,0.000000e+00,0.000000e+00,0.000000e+00,0.000000e+00,0.000000e+00,0.000000e+00,0.000000e+00
1.000000e+00,0.000000e+00,0.000000e+00,0.000000e+00,0.000000e+00,0.000000e+00,0.000000e+00,0.000000e+00,0.000000e+00,0.000000e+00,0.000000e+00,0.000000e+00,0.000000e+00,0.000000e+00,0.000000e+00
1.000000e+00,0.000000e+00,0.000000e+00,0.000000e+00,0.000000e+00,0.000000e+00,0.000000e+00,0.000000e+00,0.000000e+00,0.000000e+00,0.000000e+00,0.000000e+00,0.000000e+00,0.000000e+00,0.000000e+00
