1.000000e+00,0.000000e+00,0.000000e+00,0.000000e+00,0.000000e+00,0.000000e+00,0.000000e+00,0.000000e+00,0.000000e+00,0.000000e+00,0.000000e+00,0.000000e+00,0.000000e+00,0.000000e+00,0.000000e+00
1.000000e+00,0.000000e+00,0.000000e+00,0.000000e+00,0.000000e+00,0.000000e+00,0.000000e+00,0.000000e+00,0.000000e+00,0.000000e+00,0.000000e+00,0.000000e+00,0.000000e+00,0.000000e+00,0.000000e+00
1.000000e+00,0.000000e+00,0.000000e+00,0.000000e+00,0.000000e+00,0.000000e+00,0.000000e+00,0.000000e+00,0.000000e+00,0.000000e+00,0.000000e+00,0.000000e+00,0.000000e+00,0.000000e+00,0.000000e+00
1.000000e+00,0.000000e+00,0.000000e+00,0.000000e+00,0.000000e+00,0.000000e+00,0.000000e+00,0.000000e+00,0.000000e+00,0.000000e+00,0.000000e+00,0.000000e+00,0.000000e+00,0.000000e+00,0.000000e+00
1.000000e+00,0.000000e+00,0.000000e+00,0.000000e+00,0.000000e+00,0.000000e+00,0.000000e+00,0.000000e+00,0.000000e+00,0.000000e+00,0.000000e+00,0.000000e+00,0.000000e+00,0.000000e+00,0.000000e+00
1.000000e+00,0.000000e+00,0.000000e+00,0.000000e+00,0.000000e+00,0.000000e+00,0.000000e+00,0.000000e+00,0.000000e+00,0.000000e+00,0.000000e+00,0.000000e+00,0.000000e+00,0.000000e+00,0.000000e+00
1.000000e+00,0.000000e+00,0.000000e+00,0.000000e+00,0.000000e+00,0.000000e+00,0.000000e+00,0.000000e+00,0.000000e+00,0.000000e+00,0.000000e+00,0.000000e+00,0.000000e+00,0.000000e+00,0.000000e+00
1.000000e+00,0.000000e+00,0.000000e+00,0.000000e+00,0.000000e+00,0.000000e+00,0.000000e+00,0.000000e+00,0.000000e+00,0.000000e+00,0.000000e+00,0.000000e+00,0.000000e+00,0.000000e+00,0.000000e+00
1.000000e+00,0.000000e+00,0.000000e+00,0.000000e+00,0.000000e+00,0.000000e+00,0.000000e+00,0.000000e+00,0.000000e+00,0.000000e+00,0.000000e+00,0.000000e+00,0.000000e+00,0.000000e+00,0.000000e+00
1.000000e+00,0.000000e+00,0.000000e+00,0.000000e+00,0.000000e+00,0.000000e+00,0.000000e+00,0.000000e+00,0.000000e+00,0.000000e+00,0.000000e+00,0.000000e+00,0.000000e+00,0.000000e+00,0.000000e+00
1.000000e+00,0.000000e+00,0.000000e+00,0.000000e+00,0.000000e+00,0.000000e+00,0.000000e+00,0.000000e+00,0.000000e+00,0.000000e+00,0.000000e+00,0.000000e+00,0.000000e+00,0.000000e+00,0.000000e+00
1.000000e+00,0.000000e+00,0.000000e+00,0.000000e+00,0.000000e+00,0.000000e+00,0.000000e+00,0.000000e+00,0.000000e+00,0.000000e+00,0.000000e+00,0.000000e+00,0.000000e+00,0.000000e+00,0.000000e+00
1.000000e+00,0.000000e+00,0.000000e+00,0.000000e+00,0.000000e+00,0.000000e+00,0.000000e+00,0.000000e+00,0.000000e+00,0.000000e+00,0.000000e+00,0.000000e+00,0.000000e+00,0.000000e+00,0.000000e+00
1.000000e+00,0.000000e+00,0.000000e+00,0.000000e+00,0.000000e+00,0.000000e+00,0.000000e+00,0.000000e+00,0.000000e+00,0.000000e+00,0.000000e+00,0.000000e+00,0.000000e+00,0.000000e+00,0.000000e+00
1.000000e+00,0.000000e+00,0.000000e+00,0.000000e+00,0.000000e+00,0.000000e+00,0.000000e+00,0.000000e+00,0.000000e+00,0.000000e+00,0.000000e+00,0.000000e+00,0.000000e+00,0.000000e+00,0.000000e+00
1.000000e+00,0.000000e+00,0.000000e+00,0.000000e+00,0.000000e+00,0.000000e+00,0.000000e+00,0.000000e+00,0.000000e+00,0.000000e+00,0.000000e+00,0.000000e+00,0.000000e+00,0.000000e+00,0.000000e+00
1.000000e+00,0.000000e+00,0.000000e+00,0.000000e+00,0.000000e+00,0.000000e+00,0.000000e+00,0.000000e+00,0.000000e+00,0.000000e+00,0.000000e+00,0.000000e+00,0.000000e+00,0.000000e+00,0.000000e+00
1.000000e+00,0.000000e+00,0.000000e+00,0.000000e+00,0.000000e+00,0.000000e+00,0.000000e+00,0.000000e+00,0.000000e+00,0.000000e+00,0.000000e+00,0.000000e+00,0.000000e+00,0.000000e+00,0.000000e+00
1.000000e+00,0.000000e+00,0.000000e+00,0.000000e+00,0.000000e+00,0.000000e+00,0.000000e+00,0.000000e+00,0.000000e+00,0.000000e+00,0.000000e+00,0.000000e+00,0.000000e+00,0.000000e+00,0.000000e+00
1.000000e+00,0.000000e+00,0.000000e+00,0.000000e+00,0.000000e+00,0.000000e+00,0.000000e+00,0.000000e+00,0.000000e+00,0.000000e+00,0.000000e+00,0.000000e+00,0.000000e+00,0.000000e+00,0.000000e+00
1.000000e+00,0.000000e+00,0.000000e+00,0.000000e+00,0.000000e+00,0.000000e+00,0.000000e+00,0.000000e+00,0.000000e+00,0.000000e+00,0.000000e+00,0.000000e+00,0.000000e+00,0.000000e+00,0.000000e+00
1.000000e+00,0.000000e+00,0.000000e+00,0.000000e+00,0.000000e+00,0.000000e+00,0.000000e+00,0.000000e+00,0.000000e+00,0.000000e+00,0.000000e+00,0.000000e+00,0.000000e+00,0.000000e+00,0.000000e+00
1.000000e+00,0.000000e+00,0.000000e+00,0.000000e+00,0.000000e+00,0.000000e+00,0.000000e+00,0.000000e+00,0.000000e+00,0.000000e+00,0.000000e+00,0.000000e+00,0.000000e+00,0.000000e+00,0.000000e+00
1.000000e+00,0.000000e+00,0.000000e+00,0.000000e+00,0.000000e+00,0.000000e+00,0.000000e+00,0.000000e+00,0.000000e+00,0.000000e+00,0.000000e+00,0.000000e+00,0.000000e+00,0.000000e+00,0.000000e+00
1.000000e+00,0.000000e+00,0.000000e+00,0.000000e+00,0.000000e+00,0.000000e+00,0.000000e+00,0.000000e+00,0.000000e+00,0.000000e+00,0.000000e+00,0.000000e+00,0.000000e+00,0.000000e+00,0.000000e+00
1.000000e+00,0.000000e+00,0.000000e+00,0.000000e+00,0.000000e+00,0.000000e+00,0.000000e+00,0.000000e+00,0.000000e+00,0.000000e+00,0.000000e+00,0.000000e+00,0.000000e+00,0.000000e+00,0.000000e+00
1.000000e+00,0.000000e+00,0.000000e+00,0.000000e+00,0.000000e+00,0.000000e+00,0.000000e+00,0.000000e+00,0.000000e+00,0.000000e+00,0.000000e+00,0.000000e+00,0.000000e+00,0.000000e+00,0.000000e+00
1.000000e+00,0.000000e+00,0.000000e+00,0.000000e+00,0.000000e+00,0.000000e+00,0.000000e+00,0.000000e+00,0.000000e+00,0.000000e+00,0.000000e+00,0.000000e+00,0.000000e+00,0.000000e+00,0.000000e+00
1.000000e+00,0.000000e+00,0.000000e+00,0.000000e+00,0.000000e+00,0.000000e+00,0.000000e+00,0.000000e+00,0.000000e+00,0.000000e+00,0.000000e+00,0.000000e+00,0.000000e+00,0.000000e+00,0.000000e+00
1.000000e+00,0.000000e+00,0.000000e+00,0.000000e+00,0.000000e+00,0.000000e+00,0.000000e+00,0.000000e+00,0.000000e+00,0.000000e+00,0.000000e+00,0.000000e+00,0.000000e+00,0.000000e+00,0.000000e+00
1.000000e+00,0.000000e+00,0.000000e+00,0.000000e+00,0.000000e+00,0.000000e+00,0.000000e+00,0.000000e+00,0.000000e+00,0.000000e+00,0.000000e+00,0.000000e+00,0.000000e+00,0.000000e+00,0.000000e+00
1.000000e+00,0.000000e+00,0.000000e+00,0.000000e+00,0.000000e+00,0.000000e+00,0.000000e+00,0.000000e+00,0.000000e+00,0.000000e+00,0.000000e+00,0.000000e+00,0.000000e+00,0.000000e+00,0.000000e+00
1.000000e+00,0.000000e+00,0.000000e+00,0.000000e+00,0.000000e+00,0.000000e+00,0.000000e+00,0.000000e+00,0.000000e+00,0.000000e+00,0.000000e+00,0.000000e+00,0.000000e+00,0.000000e+00,0.000000e+00
1.000000e+00,0.000000e+00,0.000000e+00,0.000000e+00,0.000000e+00,0.000000e+00,0.000000e+00,0.000000e+00,0.000000e+00,0.000000e+00,0.000000e+00,0.000000e+00,0.000000e+00,0.000000e+00,0.000000e+00
1.000000e+00,0.000000e+00,0.000000e+00,0.000000e+00,0.000000e+00,0.000000e+00,0.000000e+00,0.000000e+00,0.000000e+00,0.000000e+00,0.000000e+00,0.000000e+00,0.000000e+00,0.000000e+00,0.000000e+00
1.000000e+00,0.000000e+00,0.000000e+00,0.000000e+00,0.000000e+00,0.000000e+00,0.000000e+00,0.000000e+00,0.000000e+00,0.000000e+00,0.000000e+00,0.000000e+00,0.000000e+00,0.000000e+00,0.000000e+00
1.000000e+00,0.000000e+00,0.000000e+00,0.000000e+00,0.000000e+00,0.000000e+00,0.000000e+00,0.000000e+00,0.000000e+00,0.000000e+00,0.000000e+00,0.000000e+00,0.000000e+00,0.000000e+00,0.000000e+00
1.000000e+00,0.000000e+00,0.000000e+00,0.000000e+00,0.000000e+00,0.000000e+00,0.000000e+00,0.000000e+00,0.000000e+00,0.000000e+00,0.000000e+00,0.000000e+00,0.000000e+00,0.000000e+00,0.000000e+00
1.000000e+00,0.000000e+00,0.000000e+00,0.000000e+00,0.000000e+00,0.000000e+00,0.000000e+00,0.000000e+00,0.000000e+00,0.000000e+00,0.000000e+00,0.000000e+00,0.000000e+00,0.000000e+00,0.000000e+00
1.000000e+00,0.000000e+00,0.000000e+00,0.000000e+00,0.000000e+00,0.000000e+00,0.000000e+00,0.000000e+00,0.000000e+00,0.000000e+00,0.000000e+00,0.000000e+00,0.000000e+00,0.000000e+00,0.000000e+00
1.000000e+00,0.000000e+00,0.000000e+00,0.000000e+00,0.000000e+00,0.000000e+00,0.000000e+00,0.000000e+00,0.000000e+00,0.000000e+00,0.000000e+00,0.000000e+00,0.000000e+00,0.000000e+00,0.000000e+00
1.000000e+00,0.000000e+00,0.000000e+00,0.000000e+00,0.000000e+00,0.000000e+00,0.000000e+00,0.000000e+00,0.000000e+00,0.000000e+00,0.000000e+00,0.000000e+00,0.000000e+00,0.000000e+00,0.000000e+00
1.000000e+00,0.000000e+00,0.000000e+00,0.000000e+00,0.000000e+00,0.000000e+00,0.000000e+00,0.000000e+00,0.000000e+00,0.000000e+00,0.000000e+00,0.000000e+00,0.000000e+00,0.000000e+00,0.000000e+00
1.000000e+00,0.000000e+00,0.000000e+00,0.000000e+00,0.000000e+00,0.000000e+00,0.000000e+00,0.000000e+00,0.000000e+00,0.000000e+00,0.000000e+00,0.000000e+00,0.000000e+00,0.000000e+00,0.000000e+00
1.000000e+00,0.000000e+00,0.000000e+00,0.000000e+00,0.000000e+00,0.000000e+00,0.000000e+00,0.000000e+00,0.000000e+00,0.000000e+00,0.000000e+00,0.000000e+00,0.000000e+00,0.000000e+00,0.000000e+00
1.000000e+00,0.000000e+00,0.000000e+00,0.000000e+00,0.000000e+00,0.000000e+00,0.000000e+00,0.000000e+00,0.000000e+00,0.000000e+00,0.000000e+00,0.000000e+00,0.000000e+00,0.000000e+00,0.000000e+00
1.000000e+00,0.000000e+00,0.000000e+00,0.000000e+00,0.000000e+00,0.000000e+00,0.000000e+00,0.000000e+00,0.000000e+00,0.000000e+00,0.000000e+00,0.000000e+00,0.000000e+00,0.000000e+00,0.000000e+00
1.000000e+00,0.000000e+00,0.000000e+00,0.000000e+00,0.000000e+00,0.000000e+00,0.000000e+00,0.000000e+00,0.000000e+00,0.000000e+00,0.000000e+00,0.000000e+00,0.000000e+00,0.000000e+00,0.000000e+00
1.000000e+00,0.000000e+00,0.000000e+00,0.000000e+00,0.000000e+00,0.000000e+00,0.000000e+00,0.000000e+00,0.000000e+00,0.000000e+00,0.000000e+00,0.000000e+00,0.000000e+00,0.000000e+00,0.000000e+00
1.000000e+00,0.000000e+00,0.000000e+00,0.000000e+00,0.000000e+00,0.000000e+00,0.000000e+00,0.000000e+00,0.000000e+00,0.000000e+00,0.000000e+00,0.000000e+00,0.000000e+00,0.000000e+00,0.000000e+00
1.000000e+00,0.000000e+00,0.000000e+00,0.000000e+00,0.000000e+00,0.000000e+00,0.000000e+00,0.000000e+00,0.000000e+00,0.000000e+00,0.000000e+00,0.000000e+00,0.000000e+00,0.000000e+00,0.000000e+00
1.000000e+00,0.000000e+00,0.000000e+00,0.000000e+00,0.000000e+00,0.000000e+00,0.000000e+00,0.000000e+00,0.000000e+00,0.000000e+00,0.000000e+00,0.000000e+00,0.000000e+00,0.000000e+00,0.000000e+00
1.000000e+00,0.000000e+00,0.000000e+00,0.000000e+00,0.000000e+00,0.000000e+00,0.000000e+00,0.000000e+00,0.000000e+00,0.000000e+00,0.000000e+00,0.000000e+00,0.000000e+00,0.000000e+00,0.000000e+00
1.000000e+00,0.000000e+00,0.000000e+00,0.000000e+00,0.000000e+00,0.000000e+00,0.000000e+00,0.000000e+00,0.000000e+00,0.000000e+00,0.000000e+00,0.000000e+00,0.000000e+00,0.000000e+00,0.000000e+00
1.000000e+00,0.000000e+00,0.000000e+00,0.000000e+00,0.000000e+00,0.000000e+00,0.000000e+00,0.000000e+00,0.000000e+00,0.000000e+00,0.000000e+00,0.000000e+00,0.000000e+00,0.000000e+00,0.000000e+00
1.000000e+00,0.000000e+00,0.000000e+00,0.000000e+00,0.000000e+00,0.000000e+00,0.000000e+00,0.000000e+00,0.000000e+00,0.000000e+00,0.000000e+00,0.000000e+00,0.000000e+00,0.000000e+00,0.000000e+00
1.000000e+00,0.000000e+00,0.000000e+00,0.000000e+00,0.000000e+00,0.000000e+00,0.000000e+00,0.000000e+00,0.000000e+00,0.000000e+00,0.000000e+00,0.000000e+00,0.000000e+00,0.000000e+00,0.000000e+00
1.000000e+00,0.000000e+00,0.000000e+00,0.000000e+00,0.000000e+00,0.000000e+00,0.000000e+00,0.000000e+00,0.000000e+00,0.000000e+00,0.000000e+00,0.000000e+00,0.000000e+00,0.000000e+00,0.000000e+00
1.000000e+00,0.000000e+00,0.000000e+00,0.000000e+00,0.000000e+00,0.000000e+00,0.000000e+00,0.000000e+00,0.000000e+00,0.000000e+00,0.000000e+00,0.000000e+00,0.000000e+00,0.000000e+00,0.000000e+00
1.000000e+00,0.000000e+00,0.000000e+00,0.000000e+00,0.000000e+00,0.000000e+00,0.000000e+00,0.000000e+00,0.000000e+00,0.000000e+00,0.000000e+00,0.000000e+00,0.000000e+00,0.000000e+00,0.000000e+00
1.000000e+00,0.000000e+00,0.000000e+00,0.000000e+00,0.000000e+00,0.000000e+00,0.000000e+00,0.000000e+00,0.000000e+00,0.000000e+00,0.000000e+00,0.000000e+00,0.000000e+00,0.000000e+00,0.000000e+00
1.000000e+00,0.000000e+00,0.000000e+00,0.000000e+00,0.000000e+00,0.000000e+00,0.000000e+00,0.000000e+00,0.000000e+00,0.000000e+00,0.000000e+00,0.000000e+00,0.000000e+00,0.000000e+00,0.000000e+00
1.000000e+00,0.000000e+00,0.000000e+00,0.000000e+00,0.000000e+00,0.000000e+00,0.000000e+00,0.000000e+00,0.000000e+00,0.000000e+00,0.000000e+00,0.000000e+00,0.000000e+00,0.000000e+00,0.000000e+00
1.000000e+00,0.000000e+00,0.000000e+00,0.000000e+00,0.000000e+00,0.000000e+00,0.000000e+00,0.000000e+00,0.000000e+00,0.000000e+00,0.000000e+00,0.000000e+00,0.000000e+00,0.000000e+00,0.000000e+00
1.000000e+00,0.000000e+00,0.000000e+00,0.000000e+00,0.000000e+00,0.000000e+00,0.000000e+00,0.000000e+00,0.000000e+00,0.000000e+00,0.000000e+00,0.000000e+00,0.000000e+00,0.000000e+00,0.000000e+00
1.000000e+00,0.000000e+00,0.000000e+00,0.000000e+00,0.000000e+00,0.000000e+00,0.000000e+00,0.000000e+00,0.000000e+00,0.000000e+00,0.000000e+00,0.000000e+00,0.000000e+00,0.000000e+00,0.000000e+00
1.000000e+00,0.000000e+00,0.000000e+00,0.000000e+00,0.000000e+00,0.000000e+00,0.000000e+00,0.000000e+00,0.000000e+00,0.000000e+00,0.000000e+00,0.000000e+00,0.000000e+00,0.000000e+00,0.000000e+00
4.121622e-01,3.795691e-02,1.835493e-02,4.047765e-01,4.830590e-03,1.044818e-02,2.779312e-03,6.069107e-03,8.006548e-03,2.554378e-03,1.090774e-02,1.388125e-02,1.473524e-02,3.830735e-03,4.870640e-02
3.177866e-01,4.172261e-02,8.596902e-02,3.025093e-01,5.141933e-03,1.062489e-02,2.371779e-03,5.784716e-03,6.878906e-03,3.327291e-03,9.592052e-03,1.203613e-02,1.479271e-02,9.934905e-03,1.715271e-01
2.246743e-01,3.016728e-02,6.116152e-02,2.120313e-01,3.663941e-03,7.877859e-03,1.676412e-03,4.144176e-03,6.861181e-03,5.044030e-03,6.550946e-02,2.071511e-02,1.132726e-02,3.382128e-02,3.113249e-01
1.584335e-01,2.174784e-02,4.355833e-02,1.491621e-01,2.821094e-03,6.092329e-03,1.192722e-03,3.120799e-03,2.988310e-02,4.762011e-02,8.321777e-02,1.743397e-02,9.802177e-03,1.270390e-01,2.988752e-01
1.130507e-01,1.609442e-02,3.108303e-02,1.052462e-01,7.242672e-03,6.080761e-03,9.250011e-04,2.783142e-03,3.359426e-02,1.381640e-01,1.094999e-01,1.797364e-02,1.344900e-02,1.701621e-01,2.346512e-01
1.132852e-01,1.279041e-02,2.929885e-02,9.142223e-02,9.776644e-02,1.227915e-02,2.263912e-03,3.328542e-02,3.835968e-02,1.308136e-01,8.611475e-02,1.678170e-02,2.698714e-02,1.355475e-01,1.730040e-01
1.332864e-01,1.100205e-02,2.425054e-02,1.426879e-01,9.177511e-02,2.034383e-02,2.332113e-03,2.856134e-02,6.865814e-02,1.068794e-01,6.964169e-02,2.730824e-02,4.351179e-02,1.036833e-01,1.260781e-01
1.019726e-01,1.104380e-02,2.807471e-02,1.147818e-01,7.387234e-02,2.890029e-02,1.940992e-03,2.057350e-02,1.130967e-01,1.698462e-01,5.898950e-02,2.741629e-02,3.799060e-02,9.231425e-02,1.191865e-01
1.779428e-01,1.036929e-02,2.229950e-02,1.049546e-01,5.345727e-02,3.541133e-02,2.117238e-03,1.530767e-02,9.277790e-02,1.269043e-01,8.735713e-02,5.100648e-02,3.923086e-02,6.980184e-02,1.110618e-01
1.773246e-01,1.080676e-02,1.747196e-02,9.308104e-02,4.099495e-02,3.713578e-02,1.874061e-03,1.238513e-02,7.344704e-02,9.708593e-02,1.184199e-01,1.112078e-01,5.048785e-02,5.743040e-02,1.008467e-01
2.308867e-01,1.035267e-02,1.399525e-02,8.217645e-02,3.130594e-02,3.722920e-02,2.180837e-03,1.634997e-02,6.735401e-02,7.500156e-02,1.144268e-01,1.249608e-01,6.141430e-02,4.551614e-02,8.684943e-02
1.889115e-01,1.098464e-02,1.239937e-02,7.584577e-02,2.684500e-02,3.241706e-02,2.414034e-03,1.919243e-02,1.692636e-01,5.810625e-02,1.220970e-01,1.183172e-01,6.205058e-02,3.360063e-02,6.755506e-02
1.704694e-01,3.017526e-02,1.027713e-02,7.255590e-02,2.562244e-02,2.863683e-02,2.697335e-03,2.332408e-02,2.694400e-01,4.473290e-02,9.534419e-02,9.066263e-02,4.934957e-02,2.512013e-02,6.159224e-02
1.285901e-01,3.025447e-02,7.439467e-03,6.626576e-02,2.628511e-02,2.182331e-02,2.283070e-03,1.676940e-02,4.348324e-01,3.208998e-02,6.802046e-02,6.515656e-02,3.624072e-02,1.813369e-02,4.581554e-02
1.185070e-01,2.603224e-02,5.371080e-03,5.542795e-02,4.002112e-02,2.348608e-02,2.388466e-03,1.198965e-02,5.188277e-01,2.283171e-02,4.845683e-02,4.700484e-02,2.890972e-02,1.310201e-02,3.764358e-02
9.301813e-02,2.194494e-02,5.000279e-03,6.243741e-02,6.781246e-02,2.082077e-02,4.270888e-03,1.219930e-02,5.676943e-01,1.682201e-02,3.460858e-02,3.333998e-02,2.213315e-02,9.476973e-03,2.842084e-02
8.023587e-02,2.338073e-02,4.216831e-03,5.860702e-02,1.183717e-01,2.787451e-02,5.278110e-03,1.196355e-02,5.571236e-01,1.255649e-02,2.455465e-02,2.373386e-02,2.128711e-02,6.930405e-03,2.388557e-02
7.880938e-02,3.012135e-02,3.674926e-03,6.128685e-02,1.393141e-01,2.782733e-02,5.354219e-03,9.006426e-03,5.254266e-01,1.065126e-02,1.804451e-02,1.773526e-02,2.677538e-02,5.080510e-03,4.089200e-02
7.032397e-02,2.724762e-02,3.597664e-03,8.590080e-02,1.634838e-01,3.873763e-02,8.053622e-03,9.835524e-03,4.731057e-01,1.090534e-02,1.392139e-02,1.401475e-02,2.796727e-02,3.765052e-03,4.913984e-02
1.230619e-01,2.573537e-02,2.968456e-03,8.937075e-02,1.840130e-01,5.607709e-02,1.091426e-02,9.241981e-03,3.916364e-01,8.650308e-03,1.064466e-02,1.154567e-02,2.666923e-02,2.821424e-03,4.664947e-02
1.135566e-01,3.174041e-02,2.904936e-03,1.671859e-01,1.987714e-01,4.515236e-02,1.041033e-02,2.089323e-02,3.193589e-01,6.549753e-03,9.063147e-03,9.924365e-03,2.095430e-02,2.081441e-03,4.145293e-02
1.155477e-01,3.339010e-02,4.855366e-03,2.020297e-01,1.811480e-01,4.624734e-02,9.670958e-03,2.020435e-02,2.645035e-01,7.289725e-03,7.219688e-03,8.207616e-03,2.082535e-02,1.694846e-03,7.716565e-02
1.702703e-01,4.097793e-02,9.950073e-03,1.782967e-01,1.712154e-01,4.380649e-02,9.043644e-03,1.873958e-02,2.456845e-01,6.466607e-03,7.214914e-03,8.242276e-03,1.777229e-02,1.882574e-03,7.043664e-02
1.684284e-01,4.964869e-02,2.937068e-02,2.455526e-01,1.440719e-01,3.495716e-02,9.148489e-03,1.818350e-02,1.919421e-01,9.013949e-03,6.810121e-03,7.517437e-03,1.722763e-02,1.691133e-03,6.643621e-02
1.501032e-01,6.131217e-02,2.291754e-02,1.834814e-01,1.091213e-01,2.721163e-02,7.139153e-03,1.364118e-02,2.829600e-01,1.859530e-02,7.348435e-03,6.009997e-03,2.068199e-02,1.822771e-03,8.765404e-02
1.350999e-01,7.327979e-02,2.058186e-02,1.999385e-01,9.897678e-02,2.693169e-02,6.876938e-03,1.527895e-02,2.932953e-01,1.719932e-02,1.089517e-02,8.670960e-03,2.276455e-02,1.870078e-03,6.834030e-02
1.521297e-01,6.179786e-02,1.593490e-02,2.406702e-01,7.934586e-02,2.213349e-02,5.246635e-03,1.163632e-02,2.244392e-01,1.625523e-02,2.499660e-02,1.440836e-02,3.660751e-02,6.485614e-03,8.791262e-02
1.967695e-01,5.063903e-02,1.233419e-02,2.017403e-01,6.473084e-02,2.269793e-02,4.627367e-03,9.475159e-03,1.928882e-01,1.606007e-02,2.655042e-02,6.224164e-02,3.577149e-02,7.829860e-03,9.564404e-02
2.027968e-01,3.986172e-02,9.557047e-03,1.736097e-01,5.169307e-02,2.200300e-02,3.523253e-03,9.334164e-03,1.484248e-01,1.460522e-02,4.877258e-02,1.388629e-01,5.138693e-02,9.541996e-03,7.602687e-02
2.046077e-01,3.254475e-02,7.671447e-03,1.542240e-01,4.791534e-02,2.708356e-02,2.800964e-03,8.011974e-03,1.187843e-01,1.226523e-02,6.266080e-02,1.907837e-01,5.500922e-02,1.247250e-02,6.316465e-02
2.225097e-01,2.432712e-02,1.480374e-02,1.147822e-01,5.015884e-02,3.536479e-02,3.716534e-03,3.604262e-02,9.363820e-02,1.009271e-02,6.094636e-02,2.302203e-01,4.621902e-02,1.203788e-02,4.514004e-02
3.008978e-01,1.997655e-02,1.271718e-02,8.544972e-02,5.405500e-02,3.119151e-02,3.291565e-03,3.101503e-02,7.567936e-02,1.017784e-02,7.093057e-02,2.186035e-01,3.752144e-02,1.553269e-02,3.296022e-02
3.612253e-01,2.023896e-02,1.633799e-02,6.559652e-02,5.380668e-02,3.525802e-02,4.075478e-03,3.136989e-02,5.807299e-02,8.344980e-03,6.420203e-02,2.175853e-01,2.768595e-02,1.225866e-02,2.394122e-02
3.427764e-01,1.629291e-02,1.848126e-02,5.416640e-02,6.395862e-02,3.463002e-02,4.615508e-03,4.977210e-02,4.266248e-02,6.215892e-03,6.653872e-02,2.529623e-01,2.059632e-02,9.346534e-03,1.698449e-02
3.366515e-01,1.360605e-02,1.446352e-02,4.128367e-02,6.612422e-02,2.827088e-02,3.936275e-03,3.917216e-02,3.362520e-02,4.626719e-03,6.925897e-02,3.143629e-01,1.567674e-02,6.913872e-03,1.202723e-02
3.221356e-01,1.530882e-02,2.019714e-02,3.548986e-02,6.480639e-02,2.319923e-02,3.834454e-03,7.041021e-02,2.914189e-02,3.773825e-03,6.285717e-02,3.214762e-01,1.293093e-02,5.430626e-03,9.007653e-03
3.807784e-01,1.510311e-02,2.030543e-02,3.043406e-02,5.891605e-02,2.239395e-02,3.847528e-03,5.855496e-02,2.797807e-02,3.559494e-03,5.567716e-02,2.972251e-01,1.275225e-02,4.570198e-03,7.904262e-03
4.176110e-01,1.753007e-02,1.904599e-02,2.938205e-02,6.058392e-02,2.303564e-02,4.165696e-03,4.903120e-02,3.043145e-02,3.850805e-03,4.842509e-02,2.680411e-01,1.295138e-02,4.213179e-03,1.170146e-02
3.785083e-01,1.550170e-02,2.835123e-02,3.091558e-02,9.162103e-02,2.558187e-02,1.779470e-02,9.029161e-02,2.396341e-02,4.518397e-03,3.914815e-02,2.287042e-01,1.216922e-02,4.195040e-03,8.735571e-03
4.459653e-01,1.762843e-02,2.623871e-02,3.438974e-02,7.041527e-02,2.847125e-02,1.458303e-02,7.171580e-02,2.108202e-02,4.050348e-03,3.515292e-02,2.041559e-01,1.268277e-02,4.037347e-03,9.431181e-03
4.940546e-01,2.186871e-02,2.264851e-02,3.863860e-02,5.396852e-02,2.831934e-02,1.196042e-02,5.609008e-02,1.984950e-02,4.036964e-03,4.006439e-02,1.727594e-01,1.392970e-02,5.756024e-03,1.605520e-02
1.000000e+00,0.000000e+00,0.000000e+00,0.000000e+00,0.000000e+00,0.000000e+00,0.000000e+00,0.000000e+00,0.000000e+00,0.000000e+00,0.000000e+00,0.000000e+00,0.000000e+00,0.000000e+00,0.000000e+00
4.430674e-01,2.319302e-02,9.674081e-02,8.136755e-02,5.330592e-02,2.524612e-02,1.034393e-02,4.737580e-02,1.404100e-02,3.146424e-03,3.862936e-02,1.323861e-01,1.232746e-02,5.272839e-03,1.355625e-02
4.530137e-01,2.232642e-02,1.043477e-01,7.120353e-02,7.378799e-02,2.094023e-02,8.178377e-03,3.740611e-02,1.131986e-02,3.923967e-03,3.524195e-02,1.314633e-01,1.072318e-02,5.679083e-03,1.044460e-02
1.000000e+00,0.000000e+00,0.000000e+00,0.000000e+00,0.000000e+00,0.000000e+00,0.000000e+00,0.000000e+00,0.000000e+00,0.000000e+00,0.000000e+00,0.000000e+00,0.000000e+00,0.000000e+00,0.000000e+00
4.848982e-01,2.974499e-02,1.003805e-01,5.078531e-02,8.618701e-02,2.670750e-02,6.549897e-03,2.472483e-02,9.011829e-03,4.806512e-03,3.170847e-02,1.143754e-01,1.128237e-02,6.721128e-03,1.211605e-02
1.000000e+00,0.000000e+00,0.000000e+00,0.000000e+00,0.000000e+00,0.000000e+00,0.000000e+00,0.000000e+00,0.000000e+00,0.000000e+00,0.000000e+00,0.000000e+00,0.000000e+00,0.000000e+00,0.000000e+00
4.402100e-01,3.711773e-02,9.269319e-02,8.582155e-02,1.075586e-01,3.793799e-02,7.162539e-03,1.882441e-02,1.114759e-02,3.950736e-03,2.632163e-02,1.000888e-01,1.432902e-02,6.375964e-03,1.046025e-02
4.263596e-01,3.815943e-02,9.207224e-02,7.897519e-02,1.373350e-01,3.955787e-02,6.496412e-03,1.746647e-02,1.464896e-02,7.993335e-03,2.467945e-02,8.673555e-02,1.402379e-02,6.257427e-03,9.239302e-03
4.516876e-01,3.525764e-02,9.445797e-02,8.842607e-02,1.217428e-01,3.631841e-02,5.679417e-03,1.540009e-02,1.683946e-02,1.167527e-02,2.320623e-02,7.118674e-02,1.246487e-02,6.130294e-03,9.527202e-03
4.972774e-01,3.045964e-02,1.104700e-01,7.625222e-02,9.992842e-02,3.147747e-02,5.110472e-03,1.294672e-02,1.540641e-02,1.043842e-02,2.332179e-02,5.758033e-02,1.243182e-02,6.354734e-03,1.054415e-02
4.730283e-01,5.558751e-02,8.341928e-02,7.808582e-02,1.009144e-01,3.829889e-02,5.737276e-03,1.188292e-02,1.230320e-02,7.978856e-03,3.326934e-02,7.335279e-02,1.170561e-02,5.281337e-03,9.154459e-03
3.711165e-01,5.789912e-02,6.238905e-02,6.144693e-02,7.715850e-02,1.952391e-01,4.601714e-03,1.438164e-02,9.215717e-03,6.200996e-03,4.029144e-02,7.672708e-02,1.108203e-02,4.587454e-03,7.662778e-03
3.098628e-01,7.129164e-02,5.125767e-02,5.907311e-02,6.228499e-02,2.725707e-01,3.986949e-03,2.529163e-02,1.947504e-02,6.820220e-03,3.594720e-02,5.882891e-02,1.145749e-02,4.706086e-03,7.145596e-03
3.000558e-01,8.368801e-02,3.987042e-02,4.778920e-02,4.884082e-02,3.234594e-01,3.401287e-03,2.357198e-02,2.719979e-02,6.905464e-03,2.797627e-02,4.479758e-02,1.046595e-02,4.218486e-03,7.759507e-03
3.530973e-01,8.123431e-02,3.170883e-02,4.070742e-02,3.754080e-02,3.023436e-01,3.700254e-03,1.904540e-02,2.711402e-02,6.133410e-03,2.458138e-02,4.548377e-02,1.284052e-02,4.538748e-03,9.930223e-03
3.933369e-01,8.430239e-02,2.764883e-02,3.260748e-02,2.980140e-02,2.831996e-01,4.963604e-03,1.692824e-02,2.452522e-02,5.897966e-03,2.069284e-02,4.269589e-02,1.794142e-02,4.288653e-03,1.116956e-02
4.382233e-01,6.452914e-02,2.103633e-02,2.707155e-02,2.380441e-02,2.852927e-01,5.049200e-03,1.458159e-02,1.955963e-02,5.125841e-03,1.841047e-02,3.625682e-02,2.360927e-02,4.324087e-03,1.312569e-02
4.848926e-01,5.597869e-02,1.756716e-02,2.071611e-02,1.907169e-02,2.724094e-01,4.632443e-03,1.113271e-02,1.466104e-02,4.191136e-03,1.548631e-02,3.865064e-02,2.163358e-02,5.228907e-03,1.374751e-02
1.000000e+00,0.000000e+00,0.000000e+00,0.000000e+00,0.000000e+00,0.000000e+00,0.000000e+00,0.000000e+00,0.000000e+00,0.000000e+00,0.000000e+00,0.000000e+00,0.000000e+00,0.000000e+00,0.000000e+00
1.000000e+00,0.000000e+00,0.000000e+00,0.000000e+00,0.000000e+00,0.000000e+00,0.000000e+00,0.000000e+00,0.000000e+00,0.000000e+00,0.000000e+00,0.000000e+00,0.000000e+00,0.000000e+00,0.000000e+00
1.000000e+00,0.000000e+00,0.000000e+00,0.000000e+00,0.000000e+00,0.000000e+00,0.000000e+00,0.000000e+00,0.000000e+00,0.000000e+00,0.000000e+00,0.000000e+00,0.000000e+00,0.000000e+00,0.000000e+00
1.000000e+00,0.000000e+00,0.000000e+00,0.000000e+00,0.000000e+00,0.000000e+00,0.000000e+00,0.000000e+00,0.000000e+00,0.000000e+00,0.000000e+00,0.000000e+00,0.000000e+00,0.000000e+00,0.000000e+00
1.000000e+00,0.000000e+00,0.000000e+00,0.000000e+00,0.000000e+00,0.000000e+00,0.000000e+00,0.000000e+00,0.000000e+00,0.000000e+00,0.000000e+00,0.000000e+00,0.000000e+00,0.000000e+00,0.000000e+00
1.000000e+00,0.000000e+00,0.000000e+00,0.000000e+00,0.000000e+00,0.000000e+00,0.000000e+00,0.000000e+00,0.000000e+00,0.000000e+00,0.000000e+00,0.000000e+00,0.000000e+00,0.000000e+00,0.000000e+00
1.000000e+00,0.000000e+00,0.000000e+00,0.000000e+00,0.000000e+00,0.000000e+00,0.000000e+00,0.000000e+00,0.000000e+00,0.000000e+00,0.000000e+00,0.000000e+00,0.000000e+00,0.000000e+00,0.000000e+00
1.000000e+00,0.000000e+00,0.000000e+00,0.000000e+00,0.000000e+00,0.000000e+00,0.000000e+00,0.000000e+00,0.000000e+00,0.000000e+00,0.000000e+00,0.000000e+00,0.000000e+00,0.000000e+00,0.000000e+00
1.000000e+00,0.000000e+00,0.000000e+00,0.000000e+00,0.000000e+00,0.000000e+00,0.000000e+00,0.000000e+00,0.000000e+00,0.000000e+00,0.000000e+00,0.000000e+00,0.000000e+00,0.000000e+00,0.000000e+00
1.000000e+00,0.000000e+00,0.000000e+00,0.000000e+00,0.000000e+00,0.000000e+00,0.000000e+00,0.000000e+00,0.000000e+00,0.000000e+00,0.000000e+00,0.000000e+00,0.000000e+00,0.000000e+00,0.000000e+00
1.000000e+00,0.000000e+00,0.000000e+00,0.000000e+00,0.000000e+00,0.000000e+00,0.000000e+00,0.000000e+00,0.000000e+00,0.000000e+00,0.000000e+00,0.000000e+00,0.000000e+00,0.000000e+00,0.000000e+00
1.000000e+00,0.000000e+00,0.000000e+00,0.000000e+00,0.000000e+00,0.000000e+00,0.000000e+00,0.000000e+00,0.000000e+00,0.000000e+00,0.000000e+00,0.000000e+00,0.000000e+00,0.000000e+00,0.000000e+00
1.000000e+00,0.000000e+00,0.000000e+00,0.000000e+00,0.000000e+00,0.000000e+00,0.000000e+00,0.000000e+00,0.000000e+00,0.000000e+00,0.000000e+00,0.000000e+00,0.000000e+00,0.000000e+00,0.000000e+00
1.000000e+00,0.000000e+00,0.000000e+00,0.000000e+00,0.000000e+00,0.000000e+00,0.000000e+00,0.000000e+00,0.000000e+00,0.000000e+00,0.000000e+00,0.000000e+00,0.000000e+00,0.000000e+00,0.000000e+00
1.000000e+00,0.000000e+00,0.000000e+00,0.000000e+00,0.000000e+00,0.000000e+00,0.000000e+00,0.000000e+00,0.000000e+00,0.000000e+00,0.000000e+00,0.000000e+00,0.000000e+00,0.000000e+00,0.000000e+00
1.000000e+00,0.000000e+00,0.000000e+00,0.000000e+00,0.000000e+00,0.000000e+00,0.000000e+00,0.000000e+00,0.000000e+00,0.000000e+00,0.000000e+00,0.000000e+00,0.000000e+00,0.000000e+00,0.000000e+00
1.000000e+00,0.000000e+00,0.000000e+00,0.000000e+00,0.000000e+00,0.000000e+00,0.000000e+00,0.000000e+00,0.000000e+00,0.000000e+00,0.000000e+00,0.000000e+00,0.000000e+00,0.000000e+00,0.000000e+00
1.000000e+00,0.000000e+00,0.000000e+00,0.000000e+00,0.000000e+00,0.000000e+00,0.000000e+00,0.000000e+00,0.000000e+00,0.000000e+00,0.000000e+00,0.000000e+00,0.000000e+00,0.000000e+00,0.000000e+00
1.000000e+00,0.000000e+00,0.000000e+00,0.000000e+00,0.000000e+00,0.000000e+00,0.000000e+00,0.000000e+00,0.000000e+00,0.000000e+00,0.000000e+00,0.000000e+00,0.000000e+00,0.000000e+00,0.000000e+00
1.000000e+00,0.000000e+00,0.000000e+00,0.000000e+00,0.000000e+00,0.000000e+00,0.000000e+00,0.000000e+00,0.000000e+00,0.000000e+00,0.000000e+00,0.000000e+00,0.000000e+00,0.000000e+00,0.000000e+00
1.000000e+00,0.000000e+00,0.000000e+00,0.000000e+00,0.000000e+00,0.000000e+00,0.000000e+00,0.000000e+00,0.000000e+00,0.000000e+00,0.000000e+00,0.000000e+00,0.000000e+00,0.000000e+00,0.000000e+00
1.000000e+00,0.000000e+00,0.000000e+00,0.000000e+00,0.000000e+00,0.000000e+00,0.000000e+00,0.000000e+00,0.000000e+00,0.000000e+00,0.000000e+00,0.000000e+00,0.000000e+00,0.000000e+00,0.000000e+00
1.000000e+00,0.000000e+00,0.000000e+00,0.000000e+00,0.000000e+00,0.000000e+00,0.000000e+00,0.000000e+00,0.000000e+00,0.000000e+00,0.000000e+00,0.000000e+00,0.000000e+00,0.000000e+00,0.000000e+00
1.000000e+00,0.000000e+00,0.000000e+00,0.000000e+00,0.000000e+00,0.000000e+00,0.000000e+00,0.000000e+00,0.000000e+00,0.000000e+00,0.000000e+00,0.000000e+00,0.000000e+00,0.000000e+00,0.000000e+00
1.000000e+00,0.000000e+00,0.000000e+00,0.000000e+00,0.000000e+00,0.000000e+00,0.000000e+00,0.000000e+00,0.000000e+00,0.000000e+00,0.000000e+00,0.000000e+00,0.000000e+00,0.000000e+00,0.000000e+00
1.000000e+00,0.000000e+00,0.000000e+00,0.000000e+00,0.000000e+00,0.000000e+00,0.000000e+00,0.000000e+00,0.000000e+00,0.000000e+00,0.000000e+00,0.000000e+00,0.000000e+00,0.000000e+00,0.000000e+00
1.000000e+00,0.000000e+00,0.000000e+00,0.000000e+00,0.000000e+00,0.000000e+00,0.000000e+00,0.000000e+00,0.000000e+00,0.000000e+00,0.000000e+00,0.000000e+00,0.000000e+00,0.000000e+00,0.000000e+00
1.000000e+00,0.000000e+00,0.000000e+00,0.000000e+00,0.000000e+00,0.000000e+00,0.000000e+00,0.000000e+00,0.000000e+00,0.000000e+00,0.000000e+00,0.000000e+00,0.000000e+00,0.000000e+00,0.000000e+00
1.000000e+00,0.000000e+00,0.000000e+00,0.000000e+00,0.000000e+00,0.000000e+00,0.000000e+00,0.000000e+00,0.000000e+00,0.000000e+00,0.000000e+00,0.000000e+00,0.000000e+00,0.000000e+00,0.000000e+00
1.000000e+00,0.000000e+00,0.000000e+00,0.000000e+00,0.000000e+00,0.000000e+00,0.000000e+00,0.000000e+00,0.000000e+00,0.000000e+00,0.000000e+00,0.000000e+00,0.000000e+00,0.000000e+00,0.000000e+00
1.000000e+00,0.000000e+00,0.000000e+00,0.000000e+00,0.000000e+00,0.000000e+00,0.000000e+00,0.000000e+00,0.000000e+00,0.000000e+00,0.000000e+00,0.000000e+00,0.000000e+00,0.000000e+00,0.000000e+00
1.000000e+00,0.000000e+00,0.000000e+00,0.000000e+00,0.000000e+00,0.000000e+00,0.000000e+00,0.000000e+00,0.000000e+00,0.000000e+00,0.000000e+00,0.000000e+00,0.000000e+00,0.000000e+00,0.000000e+00
1.000000e+00,0.000000e+00,0.000000e+00,0.000000e+00,0.000000e+00,0.000000e+00,0.000000e+00,0.000000e+00,0.000000e+00,0.000000e+00,0.000000e+00,0.000000e+00,0.000000e+00,0.000000e+00,0.000000e+00
1.000000e+00,0.000000e+00,0.000000e+00,0.000000e+00,0.000000e+00,0.000000e+00,0.000000e+00,0.000000e+00,0.000000e+00,0.000000e+00,0.000000e+00,0.000000e+00,0.000000e+00,0.000000e+00,0.000000e+00
1.000000e+00,0.000000e+00,0.000000e+00,0.000000e+00,0.000000e+00,0.000000e+00,0.000000e+00,0.000000e+00,0.000000e+00,0.000000e+00,0.000000e+00,0.000000e+00,0.000000e+00,0.000000e+00,0.000000e+00
1.000000e+00,0.000000e+00,0.000000e+00,0.000000e+00,0.000000e+00,0.000000e+00,0.000000e+00,0.000000e+00,0.000000e+00,0.000000e+00,0.000000e+00,0.000000e+00,0.000000e+00,0.000000e+00,0.000000e+00
1.000000e+00,0.000000e+00,0.000000e+00,0.000000e+00,0.000000e+00,0.000000e+00,0.000000e+00,0.000000e+00,0.000000e+00,0.000000e+00,0.000000e+00,0.000000e+00,0.000000e+00,0.000000e+00,0.000000e+00
1.000000e+00,0.000000e+00,0.000000e+00,0.000000e+00,0.000000e+00,0.000000e+00,0.000000e+00,0.000000e+00,0.000000e+00,0.000000e+00,0.000000e+00,0.000000e+00,0.000000e+00,0.000000e+00,0.000000e+00
1.000000e+00,0.000000e+00,0.000000e+00,0.000000e+00,0.000000e+00,0.000000e+00,0.000000e+00,0.000000e+00,0.000000e+00,0.000000e+00,0.000000e+00,0.000000e+00,0.000000e+00,0.000000e+00,0.000000e+00
1.000000e+00,0.000000e+00,0.000000e+00,0.000000e+00,0.000000e+00,0.000000e+00,0.000000e+00,0.000000e+00,0.000000e+00,0.000000e+00,0.000000e+00,0.000000e+00,0.000000e+00,0.000000e+00,0.000000e+00
4.955879e-01,1.089579e-02,1.877956e-02,1.778208e-02,1.540118e-02,2.450358e-02,1.283701e-02,3.277381e-01,9.782186e-03,5.370985e-03,1.067315e-02,2.136978e-02,9.463770e-03,5.059886e-03,1.475500e-02
1.000000e+00,0.000000e+00,0.000000e+00,0.000000e+00,0.000000e+00,0.000000e+00,0.000000e+00,0.000000e+00,0.000000e+00,0.000000e+00,0.000000e+00,0.000000e+00,0.000000e+00,0.000000e+00,0.000000e+00
1.000000e+00,0.000000e+00,0.000000e+00,0.000000e+00,0.000000e+00,0.000000e+00,0.000000e+00,0.000000e+00,0.000000e+00,0.000000e+00,0.000000e+00,0.000000e+00,0.000000e+00,0.000000e+00,0.000000e+00
4.447263e-01,6.613017e-03,1.542524e-02,1.389067e-02,9.944562e-03,1.713221e-02,8.846181e-03,4.250198e-01,1.031549e-02,3.866625e-03,6.368886e-03,1.542508e-02,5.804542e-03,3.817634e-03,1.280378e-02
3.223177e-01,5.379862e-03,1.148834e-02,1.248170e-02,8.078049e-03,1.637570e-02,7.316949e-03,3.779763e-01,9.061154e-03,3.347000e-03,1.266646e-02,1.602997e-01,3.864639e-02,4.904667e-03,9.659928e-03
2.431943e-01,5.297036e-03,8.824657e-03,1.069542e-02,6.401318e-03,1.727645e-02,6.156695e-03,2.984820e-01,2.784859e-02,8.081900e-03,1.769752e-02,2.782608e-01,5.452160e-02,7.728155e-03,9.533626e-03
2.257984e-01,5.457088e-03,9.074775e-03,1.368830e-02,6.504735e-03,1.395341e-02,4.604046e-03,2.233994e-01,8.471830e-02,1.116305e-02,3.208608e-02,2.684347e-01,7.735199e-02,1.368673e-02,1.007894e-02
2.968656e-01,5.692123e-03,8.296456e-03,1.249197e-02,5.416443e-03,1.302727e-02,3.843599e-03,1.694489e-01,8.110049e-02,1.197499e-02,2.912366e-02,2.505285e-01,7.611710e-02,2.571966e-02,1.035329e-02
3.762732e-01,6.666804e-03,7.055004e-03,9.801983e-03,4.768207e-03,1.205322e-02,3.482682e-03,1.476278e-01,7.509292e-02,1.057690e-02,2.474668e-02,2.190369e-01,6.622887e-02,2.752912e-02,9.059760e-03
3.842974e-01,9.017805e-03,5.892996e-03,1.464329e-02,3.948847e-03,1.134695e-02,2.811052e-03,1.118497e-01,6.891635e-02,1.283089e-02,6.417364e-02,1.952495e-01,7.491495e-02,2.936774e-02,1.073889e-02
4.749240e-01,1.016899e-02,5.587649e-03,1.553367e-02,4.515739e-03,1.037657e-02,2.328378e-03,8.344618e-02,7.249565e-02,1.201959e-02,5.805000e-02,1.510494e-01,6.139528e-02,2.782149e-02,1.028749e-02
1.000000e+00,0.000000e+00,0.000000e+00,0.000000e+00,0.000000e+00,0.000000e+00,0.000000e+00,0.000000e+00,0.000000e+00,0.000000e+00,0.000000e+00,0.000000e+00,0.000000e+00,0.000000e+00,0.000000e+00
1.000000e+00,0.000000e+00,0.000000e+00,0.000000e+00,0.000000e+00,0.000000e+00,0.000000e+00,0.000000e+00,0.000000e+00,0.000000e+00,0.000000e+00,0.000000e+00,0.000000e+00,0.000000e+00,0.000000e+00
1.000000e+00,0.000000e+00,0.000000e+00,0.000000e+00,0.000000e+00,0.000000e+00,0.000000e+00,0.000000e+00,0.000000e+00,0.000000e+00,0.000000e+00,0.000000e+00,0.000000e+00,0.000000e+00,0.000000e+00
1.000000e+00,0.000000e+00,0.000000e+00,0.000000e+00,0.000000e+00,0.000000e+00,0.000000e+00,0.000000e+00,0.000000e+00,0.000000e+00,0.000000e+00,0.000000e+00,0.000000e+00,0.000000e+00,0.000000e+00
1.000000e+00,0.000000e+00,0.000000e+00,0.000000e+00,0.000000e+00,0.000000e+00,0.000000e+00,0.000000e+00,0.000000e+00,0.000000e+00,0.000000e+00,0.000000e+00,0.000000e+00,0.000000e+00,0.000000e+00
1.000000e+00,0.000000e+00,0.000000e+00,0.000000e+00,0.000000e+00,0.000000e+00,0.000000e+00,0.000000e+00,0.000000e+00,0.000000e+00,0.000000e+00,0.000000e+00,0.000000e+00,0.000000e+00,0.000000e+00
1.000000e+00,0.000000e+00,0.000000e+00,0.000000e+00,0.000000e+00,0.000000e+00,0.000000e+00,0.000000e+00,0.000000e+00,0.000000e+00,0.000000e+00,0.000000e+00,0.000000e+00,0.000000e+00,0.000000e+00
1.000000e+00,0.000000e+00,0.000000e+00,0.000000e+00,0.000000e+00,0.000000e+00,0.000000e+00,0.000000e+00,0.000000e+00,0.000000e+00,0.000000e+00,0.000000e+00,0.000000e+00,0.000000e+00,0.000000e+00
1.000000e+00,0.000000e+00,0.000000e+00,0.000000e+00,0.000000e+00,0.000000e+00,0.000000e+00,0.000000e+00,0.000000e+00,0.000000e+00,0.000000e+00,0.000000e+00,0.000000e+00,0.000000e+00,0.000000e+00
4.833268e-01,2.255806e-02,1.751899e-02,1.366543e-01,1.554669e-02,3.770744e-02,4.537237e-03,1.750379e-02,7.065831e-02,9.336820e-03,2.884729e-02,5.640801e-02,2.874777e-02,1.129220e-02,5.935624e-02
4.000221e-01,2.619470e-02,4.698842e-02,1.857069e-01,1.417228e-02,3.100838e-02,4.029823e-03,1.552933e-02,8.633754e-02,1.003658e-02,2.310989e-02,4.220755e-02,2.238271e-02,8.460038e-03,8.381376e-02
3.946512e-01,2.967729e-02,4.324520e-02,1.585265e-01,1.595584e-02,2.546205e-02,3.191740e-03,1.268669e-02,9.828854e-02,1.141761e-02,2.443461e-02,3.453398e-02,1.929874e-02,8.185010e-03,1.204451e-01
3.419513e-01,2.697829e-02,4.166730e-02,2.191038e-01,1.334617e-02,2.072904e-02,2.696435e-03,1.083305e-02,1.232122e-01,1.003210e-02,1.970758e-02,2.597740e-02,1.488269e-02,6.542700e-03,1.223400e-01
3.927137e-01,2.204845e-02,5.245760e-02,2.200835e-01,1.126774e-02,1.808710e-02,2.699179e-03,9.187355e-03,1.012279e-01,8.440841e-03,1.595873e-02,2.054587e-02,1.157861e-02,6.403254e-03,1.073001e-01
4.810460e-01,1.785093e-02,4.184468e-02,1.819776e-01,1.083015e-02,1.527491e-02,2.396008e-03,7.268753e-03,8.443037e-02,7.562606e-03,2.006273e-02,1.736813e-02,1.028632e-02,7.256677e-03,9.454404e-02
4.499548e-01,1.966688e-02,5.526440e-02,2.159206e-01,9.930540e-03,1.293872e-02,2.134457e-03,7.467424e-03,7.877986e-02,7.086605e-03,1.751357e-02,1.474823e-02,8.586315e-03,7.321105e-03,9.268644e-02
4.969723e-01,1.812223e-02,4.480568e-02,1.811536e-01,8.079588e-03,1.148386e-02,2.248888e-03,7.372573e-03,7.496025e-02,6.998884e-03,1.820391e-02,1.331329e-02,9.208394e-03,9.343524e-03,9.773304e-02
1.000000e+00,0.000000e+00,0.000000e+00,0.000000e+00,0.000000e+00,0.000000e+00,0.000000e+00,0.000000e+00,0.000000e+00,0.000000e+00,0.000000e+00,0.000000e+00,0.000000e+00,0.000000e+00,0.000000e+00
1.000000e+00,0.000000e+00,0.000000e+00,0.000000e+00,0.000000e+00,0.000000e+00,0.000000e+00,0.000000e+00,0.000000e+00,0.000000e+00,0.000000e+00,0.000000e+00,0.000000e+00,0.000000e+00,0.000000e+00
1.000000e+00,0.000000e+00,0.000000e+00,0.000000e+00,0.000000e+00,0.000000e+00,0.000000e+00,0.000000e+00,0.000000e+00,0.000000e+00,0.000000e+00,0.000000e+00,0.000000e+00,0.000000e+00,0.000000e+00
1.000000e+00,0.000000e+00,0.000000e+00,0.000000e+00,0.000000e+00,0.000000e+00,0.000000e+00,0.000000e+00,0.000000e+00,0.000000e+00,0.000000e+00,0.000000e+00,0.000000e+00,0.000000e+00,0.000000e+00
1.000000e+00,0.000000e+00,0.000000e+00,0.000000e+00,0.000000e+00,0.000000e+00,0.000000e+00,0.000000e+00,0.000000e+00,0.000000e+00,0.000000e+00,0.000000e+00,0.000000e+00,0.000000e+00,0.000000e+00
1.000000e+00,0.000000e+00,0.000000e+00,0.000000e+00,0.000000e+00,0.000000e+00,0.000000e+00,0.000000e+00,0.000000e+00,0.000000e+00,0.000000e+00,0.000000e+00,0.000000e+00,0.000000e+00,0.000000e+00
1.000000e+00,0.000000e+00,0.000000e+00,0.000000e+00,0.000000e+00,0.000000e+00,0.000000e+00,0.000000e+00,0.000000e+00,0.000000e+00,0.000000e+00,0.000000e+00,0.000000e+00,0.000000e+00,0.000000e+00
1.000000e+00,0.000000e+00,0.000000e+00,0.000000e+00,0.000000e+00,0.000000e+00,0.000000e+00,0.000000e+00,0.000000e+00,0.000000e+00,0.000000e+00,0.000000e+00,0.000000e+00,0.000000e+00,0.000000e+00
1.000000e+00,0.000000e+00,0.000000e+00,0.000000e+00,0.000000e+00,0.000000e+00,0.000000e+00,0.000000e+00,0.000000e+00,0.000000e+00,0.000000e+00,0.000000e+00,0.000000e+00,0.000000e+00,0.000000e+00
1.000000e+00,0.000000e+00,0.000000e+00,0.000000e+00,0.000000e+00,0.000000e+00,0.000000e+00,0.000000e+00,0.000000e+00,0.000000e+00,0.000000e+00,0.000000e+00,0.000000e+00,0.000000e+00,0.000000e+00
1.000000e+00,0.000000e+00,0.000000e+00,0.000000e+00,0.000000e+00,0.000000e+00,0.000000e+00,0.000000e+00,0.000000e+00,0.000000e+00,0.000000e+00,0.000000e+00,0.000000e+00,0.000000e+00,0.000000e+00
1.000000e+00,0.000000e+00,0.000000e+00,0.000000e+00,0.000000e+00,0.000000e+00,0.000000e+00,0.000000e+00,0.000000e+00,0.000000e+00,0.000000e+00,0.000000e+00,0.000000e+00,0.000000e+00,0.000000e+00
1.000000e+00,0.000000e+00,0.000000e+00,0.000000e+00,0.000000e+00,0.000000e+00,0.000000e+00,0.000000e+00,0.000000e+00,0.000000e+00,0.000000e+00,0.000000e+00,0.000000e+00,0.000000e+00,0.000000e+00
1.000000e+00,0.000000e+00,0.000000e+00,0.000000e+00,0.000000e+00,0.000000e+00,0.000000e+00,0.000000e+00,0.000000e+00,0.000000e+00,0.000000e+00,0.000000e+00,0.000000e+00,0.000000e+00,0.000000e+00
3.944344e-01,7.882752e-03,1.019954e-01,2.052838e-02,2.616342e-02,7.148317e-02,2.720682e-03,5.883730e-02,4.163671e-03,2.788658e-01,5.506453e-03,6.874534e-03,4.216156e-03,3.212285e-03,1.311553e-02
2.796898e-01,6.174132e-03,7.286783e-02,1.455644e-02,1.856478e-02,5.111293e-02,2.200478e-03,4.261537e-02,1.383683e-02,4.209256e-01,1.871387e-02,5.345332e-03,5.950625e-03,1.996175e-02,2.748430e-02
2.050028e-01,5.311901e-03,5.166791e-02,1.076444e-02,1.321475e-02,3.769195e-02,2.075341e-03,3.071527e-02,2.600486e-02,4.856423e-01,2.200893e-02,4.623262e-03,8.031785e-03,4.640589e-02,5.083870e-02
1.706990e-01,7.015732e-03,3.957057e-02,8.981572e-03,1.023157e-02,3.182741e-02,1.802528e-03,2.432669e-02,5.693809e-02,4.023690e-01,4.416986e-02,1.442559e-02,2.970714e-02,6.370126e-02,9.423408e-02
1.557581e-01,6.404675e-03,3.068351e-02,7.083591e-03,7.890363e-03,2.760098e-02,1.598897e-03,1.737532e-02,5.197578e-02,3.080266e-01,3.593922e-02,1.078688e-02,2.193305e-02,1.436155e-01,1.733276e-01
1.599904e-01,5.515234e-03,2.320749e-02,5.173017e-03,6.201611e-03,2.178086e-02,1.291829e-03,1.225496e-02,4.240686e-02,2.275903e-01,3.357491e-02,7.964314e-03,1.591408e-02,1.738164e-01,2.633178e-01
2.238579e-01,6.812182e-03,4.694330e-02,5.147984e-03,4.970287e-03,2.277136e-02,1.260884e-03,8.872109e-03,4.432422e-02,1.798443e-01,2.909866e-02,6.034226e-03,1.204565e-02,1.690715e-01,2.389454e-01
2.700346e-01,7.069026e-03,3.711790e-02,3.936888e-03,5.719474e-03,2.062818e-02,1.002265e-03,6.403712e-03,3.813573e-02,1.394482e-01,2.777191e-02,4.531899e-03,8.917173e-03,2.293885e-01,1.998946e-01
2.277186e-01,7.161300e-03,3.322378e-02,3.065100e-03,6.222052e-03,2.295968e-02,1.041329e-03,4.786609e-03,7.967956e-02,1.133337e-01,3.004150e-02,3.462523e-03,7.122204e-03,2.773865e-01,1.827956e-01
1.806593e-01,1.149068e-02,2.440926e-02,2.207258e-03,5.133366e-03,1.723037e-02,8.446271e-04,3.423946e-03,8.956379e-02,2.155274e-01,2.742229e-02,2.542289e-03,5.306038e-03,2.708037e-01,1.434357e-01
1.388886e-01,1.042584e-02,1.759275e-02,1.589833e-03,4.277401e-03,1.501610e-02,6.560190e-04,2.510344e-03,1.312288e-01,2.611981e-01,2.385670e-02,1.904013e-03,4.014533e-03,2.707269e-01,1.161140e-01
9.818934e-02,9.107163e-03,2.905178e-02,3.388774e-03,3.273467e-03,1.073710e-02,4.759478e-04,1.789208e-03,2.970923e-01,2.117988e-01,1.710529e-02,1.456626e-03,2.916763e-03,2.028211e-01,1.107963e-01
7.182281e-02,9.181199e-03,1.432218e-01,7.388057e-03,3.145181e-03,7.869548e-03,3.486997e-04,1.317389e-03,2.955612e-01,1.911589e-01,1.258474e-02,1.160383e-03,2.182503e-03,1.476531e-01,1.054044e-01
5.408697e-02,1.438310e-02,1.531208e-01,6.552844e-03,3.565935e-03,6.022065e-03,2.600975e-04,1.043815e-03,3.041858e-01,2.160655e-01,9.537686e-03,8.820533e-04,1.709296e-03,1.199927e-01,1.085914e-01
3.905632e-02,1.688807e-02,1.434277e-01,6.160681e-03,2.640788e-03,4.364606e-03,1.900362e-04,7.504734e-04,3.291222e-01,1.989209e-01,7.098735e-03,7.286480e-04,1.343183e-03,9.113858e-02,1.581691e-01
4.180712e-02,1.746298e-02,1.317767e-01,6.368062e-03,3.026347e-03,3.578341e-03,1.763801e-04,7.913004e-04,3.161550e-01,2.107456e-01,5.800683e-03,6.498093e-04,1.569845e-03,8.109865e-02,1.789932e-01
4.613946e-02,1.480971e-02,1.574947e-01,6.855257e-03,3.681115e-03,3.149630e-03,1.569552e-04,1.166109e-03,2.716024e-01,1.930217e-01,4.530279e-03,5.376613e-04,1.477466e-03,6.860005e-02,2.267775e-01
5.531301e-02,1.542703e-02,1.280929e-01,1.634383e-02,4.975628e-03,2.800496e-03,2.148857e-04,1.643887e-03,2.921010e-01,1.746995e-01,3.813852e-03,5.495484e-04,1.879959e-03,5.049783e-02,2.516467e-01
1.551740e-01,1.676052e-02,9.725683e-02,2.935059e-02,1.821785e-02,3.909651e-03,5.940150e-04,2.845152e-03,2.699995e-01,1.494759e-01,3.535447e-03,8.029755e-04,2.700010e-03,3.771483e-02,2.116627e-01
2.642543e-01,1.729938e-02,7.153855e-02,3.421836e-02,1.661947e-02,5.893618e-03,1.401757e-03,3.297335e-03,2.784905e-01,1.077843e-01,3.605939e-03,1.492857e-03,3.010412e-03,2.782245e-02,1.632708e-01
4.118812e-01,1.547763e-02,5.099314e-02,3.145389e-02,1.452878e-02,7.091516e-03,1.479822e-03,3.172857e-03,2.299054e-01,7.793075e-02,4.832255e-03,2.381753e-03,2.923872e-03,2.215314e-02,1.237940e-01
4.782317e-01,2.098882e-02,4.202227e-02,3.906429e-02,1.773865e-02,1.316811e-02,3.915885e-03,5.900100e-03,1.960351e-01,5.607684e-02,6.321653e-03,4.072011e-03,3.513863e-03,1.913692e-02,9.381383e-02
4.805383e-01,3.123439e-02,3.923087e-02,3.363808e-02,1.862859e-02,3.210049e-02,5.883944e-03,1.116693e-02,1.800481e-01,4.067458e-02,7.940304e-03,2.049708e-02,7.507013e-03,2.104337e-02,6.986792e-02
4.714921e-01,3.258485e-02,3.748828e-02,2.813758e-02,1.893391e-02,4.236703e-02,4.337585e-02,2.312595e-02,1.421064e-01,2.980177e-02,8.108743e-03,3.492090e-02,1.792915e-02,1.710036e-02,5.252708e-02
4.237461e-01,2.638017e-02,4.676126e-02,2.105115e-02,1.780709e-02,3.631327e-02,1.680515e-01,2.385396e-02,1.068808e-01,2.328175e-02,6.626692e-03,2.821782e-02,1.699639e-02,1.437073e-02,3.966141e-02
3.780990e-01,2.183247e-02,3.847030e-02,1.558122e-02,1.550667e-02,2.963173e-02,2.828667e-01,2.437918e-02,8.440526e-02,2.047478e-02,5.815669e-03,2.587247e-02,1.446145e-02,1.194948e-02,3.065368e-02
3.745097e-01,1.759509e-02,3.627127e-02,1.234240e-02,1.297772e-02,2.729835e-02,3.257515e-01,3.151600e-02,6.458047e-02,1.576818e-02,5.333233e-03,2.774196e-02,1.356806e-02,9.314721e-03,2.543136e-02
4.159561e-01,1.496846e-02,3.452995e-02,1.282379e-02,1.221649e-02,3.095638e-02,3.048977e-01,3.515450e-02,4.945876e-02,1.210317e-02,5.210962e-03,2.727946e-02,1.438810e-02,7.107905e-03,2.294835e-02
4.284589e-01,1.209752e-02,3.367969e-02,1.135214e-02,1.128014e-02,3.071236e-02,3.142850e-01,3.864751e-02,4.008601e-02,9.413600e-03,4.812437e-03,2.444840e-02,1.441914e-02,5.649084e-03,2.065813e-02
3.777141e-01,9.140639e-03,3.889089e-02,9.115817e-03,1.002459e-02,2.741189e-02,3.864354e-01,4.436043e-02,3.078970e-02,7.239760e-03,4.197732e-03,2.081877e-02,1.323451e-02,4.556666e-03,1.606918e-02
3.308063e-01,6.669167e-03,3.840600e-02,7.812780e-03,8.162672e-03,2.398926e-02,4.583266e-01,4.896592e-02,2.268336e-02,5.654229e-03,3.462515e-03,1.831380e-02,1.096402e-02,3.560351e-03,1.222307e-02
2.928674e-01,5.167883e-03,3.082162e-02,6.063815e-03,7.153939e-03,2.609187e-02,5.169518e-01,4.678139e-02,1.729893e-02,4.793807e-03,3.609096e-03,1.805209e-02,1.113511e-02,2.716997e-03,1.049421e-02
3.719002e-01,5.832615e-03,2.354273e-02,9.218085e-03,8.616460e-03,4.094995e-02,4.168631e-01,4.877508e-02,1.549011e-02,4.914448e-03,4.224778e-03,2.193817e-02,1.305907e-02,2.326530e-03,1.234872e-02
4.052005e-01,6.216599e-03,1.781901e-02,9.725402e-03,9.922606e-03,4.237676e-02,3.763944e-01,5.426177e-02,1.282308e-02,4.916970e-03,5.540161e-03,2.528363e-02,1.375716e-02,2.047651e-03,1.371424e-02
4.767127e-01,7.177920e-03,1.411810e-02,1.070010e-02,1.163913e-02,4.324441e-02,3.027040e-01,5.236933e-02,9.733267e-03,4.805701e-03,7.231837e-03,2.866009e-02,1.363507e-02,2.136967e-03,1.513133e-02
4.987977e-01,9.311719e-03,1.340740e-02,1.656554e-02,1.241766e-02,4.822226e-02,2.415281e-01,5.176888e-02,9.134719e-03,4.805266e-03,1.767666e-02,3.446890e-02,2.176452e-02,3.992476e-03,1.613820e-02
1.000000e+00,0.000000e+00,0.000000e+00,0.000000e+00,0.000000e+00,0.000000e+00,0.000000e+00,0.000000e+00,0.000000e+00,0.000000e+00,0.000000e+00,0.000000e+00,0.000000e+00,0.000000e+00,0.000000e+00
1.000000e+00,0.000000e+00,0.000000e+00,0.000000e+00,0.000000e+00,0.000000e+00,0.000000e+00,0.000000e+00,0.000000e+00,0.000000e+00,0.000000e+00,0.000000e+00,0.000000e+00,0.000000e+00,0.000000e+00
1.000000e+00,0.000000e+00,0.000000e+00,0.000000e+00,0.000000e+00,0.000000e+00,0.000000e+00,0.000000e+00,0.000000e+00,0.000000e+00,0.000000e+00,0.000000e+00,0.000000e+00,0.000000e+00,0.000000e+00
1.000000e+00,0.000000e+00,0.000000e+00,0.000000e+00,0.000000e+00,0.000000e+00,0.000000e+00,0.000000e+00,0.000000e+00,0.000000e+00,0.000000e+00,0.000000e+00,0.000000e+00,0.000000e+00,0.000000e+00
1.000000e+00,0.000000e+00,0.000000e+00,0.000000e+00,0.000000e+00,0.000000e+00,0.000000e+00,0.000000e+00,0.000000e+00,0.000000e+00,0.000000e+00,0.000000e+00,0.000000e+00,0.000000e+00,0.000000e+00
1.000000e+00,0.000000e+00,0.000000e+00,0.000000e+00,0.000000e+00,0.000000e+00,0.000000e+00,0.000000e+00,0.000000e+00,0.000000e+00,0.000000e+00,0.000000e+00,0.000000e+00,0.000000e+00,0.000000e+00
1.000000e+00,0.000000e+00,0.000000e+00,0.000000e+00,0.000000e+00,0.000000e+00,0.000000e+00,0.000000e+00,0.000000e+00,0.000000e+00,0.000000e+00,0.000000e+00,0.000000e+00,0.000000e+00,0.000000e+00
1.000000e+00,0.000000e+00,0.000000e+00,0.000000e+00,0.000000e+00,0.000000e+00,0.000000e+00,0.000000e+00,0.000000e+00,0.000000e+00,0.000000e+00,0.000000e+00,0.000000e+00,0.000000e+00,0.000000e+00
1.000000e+00,0.000000e+00,0.000000e+00,0.000000e+00,0.000000e+00,0.000000e+00,0.000000e+00,0.000000e+00,0.000000e+00,0.000000e+00,0.000000e+00,0.000000e+00,0.000000e+00,0.000000e+00,0.000000e+00
1.000000e+00,0.000000e+00,0.000000e+00,0.000000e+00,0.000000e+00,0.000000e+00,0.000000e+00,0.000000e+00,0.000000e+00,0.000000e+00,0.000000e+00,0.000000e+00,0.000000e+00,0.000000e+00,0.000000e+00
4.344541e-01,1.515693e-02,4.730067e-02,9.031402e-02,9.704701e-03,3.495232e-02,1.056147e-02,1.004669e-02,7.989625e-02,8.600340e-03,7.057054e-02,7.781493e-02,4.339704e-02,2.572901e-02,4.150106e-02
3.610612e-01,1.468091e-02,5.152935e-02,7.459358e-02,9.857626e-03,3.069475e-02,9.545176e-03,1.232999e-02,1.355941e-01,1.504895e-02,7.413289e-02,7.177093e-02,6.521377e-02,3.440370e-02,3.954318e-02
3.287562e-01,1.473356e-02,4.875189e-02,5.763119e-02,9.274083e-03,2.699575e-02,7.155709e-03,1.102861e-02,1.179417e-01,1.590896e-02,7.629836e-02,7.262106e-02,8.850747e-02,8.417853e-02,4.021692e-02
3.517608e-01,1.816986e-02,4.833460e-02,5.506748e-02,1.061324e-02,3.394844e-02,6.240802e-03,1.139128e-02,9.100777e-02,1.443607e-02,6.735380e-02,7.669766e-02,7.890024e-02,7.525114e-02,6.082685e-02
4.118252e-01,1.824185e-02,4.293004e-02,5.038021e-02,1.178499e-02,3.646611e-02,5.926574e-03,1.242944e-02,7.133404e-02,1.310395e-02,5.563112e-02,7.065093e-02,6.736612e-02,6.694750e-02,6.498188e-02
3.715580e-01,3.034974e-02,5.995931e-02,9.339805e-02,1.309831e-02,3.402223e-02,7.730224e-03,1.651402e-02,6.203319e-02,1.038534e-02,4.787821e-02,8.051629e-02,6.018598e-02,5.281495e-02,5.955616e-02
3.976542e-01,2.693097e-02,9.802623e-02,1.083281e-01,1.195270e-02,3.040894e-02,6.504087e-03,1.456014e-02,4.807786e-02,8.434396e-03,3.863858e-02,7.150867e-02,4.822203e-02,3.857765e-02,5.217554e-02
1.000000e+00,0.000000e+00,0.000000e+00,0.000000e+00,0.000000e+00,0.000000e+00,0.000000e+00,0.000000e+00,0.000000e+00,0.000000e+00,0.000000e+00,0.000000e+00,0.000000e+00,0.000000e+00,0.000000e+00
1.000000e+00,0.000000e+00,0.000000e+00,0.000000e+00,0.000000e+00,0.000000e+00,0.000000e+00,0.000000e+00,0.000000e+00,0.000000e+00,0.000000e+00,0.000000e+00,0.000000e+00,0.000000e+00,0.000000e+00
1.000000e+00,0.000000e+00,0.000000e+00,0.000000e+00,0.000000e+00,0.000000e+00,0.000000e+00,0.000000e+00,0.000000e+00,0.000000e+00,0.000000e+00,0.000000e+00,0.000000e+00,0.000000e+00,0.000000e+00
1.000000e+00,0.000000e+00,0.000000e+00,0.000000e+00,0.000000e+00,0.000000e+00,0.000000e+00,0.000000e+00,0.000000e+00,0.000000e+00,0.000000e+00,0.000000e+00,0.000000e+00,0.000000e+00,0.000000e+00
1.000000e+00,0.000000e+00,0.000000e+00,0.000000e+00,0.000000e+00,0.000000e+00,0.000000e+00,0.000000e+00,0.000000e+00,0.000000e+00,0.000000e+00,0.000000e+00,0.000000e+00,0.000000e+00,0.000000e+00
1.000000e+00,0.000000e+00,0.000000e+00,0.000000e+00,0.000000e+00,0.000000e+00,0.000000e+00,0.000000e+00,0.000000e+00,0.000000e+00,0.000000e+00,0.000000e+00,0.000000e+00,0.000000e+00,0.000000e+00
1.000000e+00,0.000000e+00,0.000000e+00,0.000000e+00,0.000000e+00,0.000000e+00,0.000000e+00,0.000000e+00,0.000000e+00,0.000000e+00,0.000000e+00,0.000000e+00,0.000000e+00,0.000000e+00,0.000000e+00
1.000000e+00,0.000000e+00,0.000000e+00,0.000000e+00,0.000000e+00,0.000000e+00,0.000000e+00,0.000000e+00,0.000000e+00,0.000000e+00,0.000000e+00,0.000000e+00,0.000000e+00,0.000000e+00,0.000000e+00
1.000000e+00,0.000000e+00,0.000000e+00,0.000000e+00,0.000000e+00,0.000000e+00,0.000000e+00,0.000000e+00,0.000000e+00,0.000000e+00,0.000000e+00,0.000000e+00,0.000000e+00,0.000000e+00,0.000000e+00
4.475040e-01,1.183337e-02,1.480782e-02,1.631224e-02,1.622474e-02,4.346773e-02,3.723689e-03,5.973196e-03,3.098142e-02,3.260061e-03,1.452808e-02,9.473631e-02,2.552871e-01,9.357326e-03,3.200292e-02
3.764538e-01,8.946017e-03,1.338792e-02,2.309310e-02,1.581789e-02,4.409045e-02,2.828940e-03,5.481154e-03,3.362038e-02,5.086719e-03,2.558112e-02,1.508529e-01,2.557102e-01,1.118943e-02,2.785992e-02
3.071197e-01,8.806976e-03,1.265499e-02,2.225354e-02,1.336140e-02,3.596007e-02,2.112619e-03,5.612798e-03,5.761713e-02,1.154349e-02,5.325246e-02,1.770697e-01,2.545508e-01,1.427333e-02,2.381082e-02
2.612189e-01,1.030418e-02,2.084156e-02,2.797644e-02,3.238457e-02,2.826945e-02,1.964576e-03,8.531643e-03,9.738938e-02,1.545177e-02,7.593703e-02,1.770477e-01,2.077074e-01,1.387282e-02,2.110247e-02
2.109776e-01,1.781445e-02,8.086755e-02,3.237056e-02,5.043907e-02,3.237952e-02,2.630554e-03,7.582619e-03,1.500411e-01,1.174032e-02,6.815895e-02,1.303824e-01,1.499439e-01,1.161347e-02,4.305779e-02
1.502026e-01,2.008002e-02,8.769734e-02,2.071532e-01,4.536001e-02,2.389977e-02,2.085323e-03,6.261243e-03,1.575591e-01,9.136724e-03,4.929240e-02,9.143446e-02,1.052263e-01,8.536003e-03,3.607553e-02
1.130357e-01,2.913171e-02,1.260957e-01,2.795687e-01,5.217035e-02,2.228786e-02,2.767604e-03,6.124215e-03,1.485189e-01,7.100139e-03,3.591571e-02,6.428604e-02,7.429956e-02,6.767505e-03,3.193022e-02
1.005954e-01,3.984547e-02,1.278727e-01,3.187349e-01,6.983744e-02,3.292039e-02,1.116628e-02,1.000792e-02,1.208593e-01,5.449511e-03,2.734457e-02,4.565506e-02,5.390700e-02,6.547026e-03,2.925703e-02
1.381093e-01,5.198722e-02,1.455198e-01,2.764285e-01,7.251719e-02,3.692801e-02,1.387697e-02,1.190951e-02,9.690906e-02,4.897539e-03,2.329226e-02,3.319115e-02,4.121980e-02,8.807169e-03,4.440651e-02
1.594137e-01,8.379304e-02,1.672684e-01,2.193559e-01,6.993157e-02,3.374547e-02,1.197463e-02,1.493972e-02,9.421994e-02,4.519394e-03,2.249926e-02,2.421565e-02,3.493743e-02,1.371024e-02,4.547557e-02
1.885872e-01,9.741847e-02,1.496060e-01,2.586442e-01,5.994118e-02,2.831069e-02,8.832264e-03,1.755302e-02,7.696284e-02,3.507769e-03,1.962199e-02,1.791096e-02,2.607261e-02,1.205702e-02,3.497378e-02
2.082917e-01,9.640764e-02,1.652884e-01,2.762721e-01,5.301433e-02,2.341243e-02,6.341622e-03,1.473136e-02,6.817968e-02,2.744782e-03,1.620863e-02,1.304015e-02,1.912814e-02,1.043418e-02,2.650486e-02
2.133297e-01,7.978533e-02,1.557691e-01,2.893686e-01,9.062892e-02,1.997855e-02,5.151448e-03,2.901674e-02,5.119396e-02,2.021518e-03,1.229048e-02,9.955669e-03,1.433489e-02,7.683086e-03,1.949204e-02
2.531731e-01,6.398468e-02,1.864822e-01,2.498647e-01,1.043907e-01,1.746771e-02,4.187490e-03,2.509798e-02,4.171541e-02,1.653281e-03,9.917181e-03,8.470787e-03,1.134092e-02,6.028595e-03,1.622536e-02
2.675519e-01,5.683714e-02,1.527361e-01,2.884371e-01,1.073272e-01,1.504628e-02,3.591593e-03,2.189611e-02,3.648074e-02,1.999122e-03,9.184484e-03,9.873763e-03,9.604238e-03,4.617908e-03,1.481624e-02
3.231997e-01,5.090113e-02,1.336078e-01,2.771348e-01,8.436377e-02,1.403947e-02,3.063236e-03,2.070255e-02,3.067303e-02,4.345271e-03,1.223507e-02,1.327029e-02,9.135795e-03,5.044030e-03,1.828408e-02
4.367085e-01,4.346980e-02,1.168150e-01,2.106060e-01,6.612391e-02,1.334428e-02,2.707310e-03,1.666437e-02,2.383254e-02,1.024576e-02,1.162898e-02,1.439833e-02,8.075445e-03,4.707044e-03,2.067281e-02
3.694790e-01,4.749971e-02,9.690353e-02,2.964587e-01,5.026321e-02,1.115246e-02,2.512776e-03,1.785853e-02,2.919191e-02,9.941120e-03,1.527485e-02,1.412980e-02,1.028250e-02,4.097359e-03,2.495450e-02
4.174862e-01,3.920747e-02,7.387757e-02,2.552610e-01,3.693410e-02,1.134896e-02,2.237107e-03,1.534287e-02,3.116072e-02,9.677554e-03,1.771154e-02,1.650030e-02,1.713583e-02,5.402897e-03,5.071590e-02
4.582312e-01,3.422907e-02,6.240420e-02,1.944835e-01,2.747901e-02,1.051666e-02,1.981088e-03,1.230724e-02,4.716844e-02,1.453030e-02,1.795071e-02,1.452873e-02,1.919616e-02,6.316193e-03,7.867754e-02
3.439070e-01,3.037000e-02,1.043327e-01,3.179976e-01,2.043463e-02,8.662942e-03,1.699230e-03,9.691368e-03,4.196125e-02,1.177139e-02,1.469735e-02,1.163739e-02,1.495500e-02,4.709879e-03,6.317239e-02
2.551953e-01,2.525365e-02,1.790007e-01,3.721139e-01,1.507594e-02,7.139447e-03,1.307532e-03,8.341322e-03,3.317380e-02,9.581513e-03,1.372633e-02,9.042564e-03,1.118166e-02,3.784597e-03,5.608173e-02
2.866421e-01,3.040960e-02,1.722306e-01,3.055199e-01,1.242899e-02,7.615482e-03,1.137092e-03,8.384275e-03,5.682230e-02,9.493375e-03,1.657641e-02,7.969448e-03,1.041716e-02,5.271544e-03,6.908165e-02
4.177130e-01,3.263326e-02,1.321253e-01,2.356455e-01,9.853462e-03,8.375855e-03,1.125805e-03,8.346416e-03,4.760770e-02,7.439292e-03,1.489829e-02,7.727109e-03,9.324628e-03,5.796835e-03,6.138752e-02
3.210256e-01,2.903620e-02,1.971382e-01,3.076762e-01,7.435031e-03,6.637882e-03,8.654047e-04,6.345460e-03,4.013969e-02,6.895498e-03,1.129727e-02,5.905584e-03,6.840026e-03,4.525261e-03,4.823666e-02
3.998103e-01,2.419358e-02,1.914755e-01,2.606026e-01,6.554778e-03,6.380477e-03,7.884913e-04,6.588161e-03,3.202779e-02,5.299012e-03,1.259554e-02,6.231204e-03,6.032797e-03,4.011132e-03,3.740870e-02
4.855283e-01,2.128756e-02,1.690623e-01,2.116805e-01,6.880086e-03,6.031252e-03,8.380592e-04,8.190767e-03,2.733937e-02,4.461895e-03,1.336500e-02,5.977386e-03,5.318062e-03,3.903402e-03,3.013603e-02
4.594111e-01,1.761501e-02,1.743444e-01,2.365169e-01,6.553625e-03,5.913598e-03,7.908444e-04,1.361582e-02,2.842180e-02,4.844870e-03,1.281226e-02,5.693249e-03,4.814260e-03,3.469590e-03,2.518266e-02
1.000000e+00,0.000000e+00,0.000000e+00,0.000000e+00,0.000000e+00,0.000000e+00,0.000000e+00,0.000000e+00,0.000000e+00,0.000000e+00,0.000000e+00,0.000000e+00,0.000000e+00,0.000000e+00,0.000000e+00
1.000000e+00,0.000000e+00,0.000000e+00,0.000000e+00,0.000000e+00,0.000000e+00,0.000000e+00,0.000000e+00,0.000000e+00,0.000000e+00,0.000000e+00,0.000000e+00,0.000000e+00,0.000000e+00,0.000000e+00
1.000000e+00,0.000000e+00,0.000000e+00,0.000000e+00,0.000000e+00,0.000000e+00,0.000000e+00,0.000000e+00,0.000000e+00,0.000000e+00,0.000000e+00,0.000000e+00,0.000000e+00,0.000000e+00,0.000000e+00
1.000000e+00,0.000000e+00,0.000000e+00,0.000000e+00,0.000000e+00,0.000000e+00,0.000000e+00,0.000000e+00,0.000000e+00,0.000000e+00,0.000000e+00,0.000000e+00,0.000000e+00,0.000000e+00,0.000000e+00
1.000000e+00,0.000000e+00,0.000000e+00,0.000000e+00,0.000000e+00,0.000000e+00,0.000000e+00,0.000000e+00,0.000000e+00,0.000000e+00,0.000000e+00,0.000000e+00,0.000000e+00,0.000000e+00,0.000000e+00
1.000000e+00,0.000000e+00,0.000000e+00,0.000000e+00,0.000000e+00,0.000000e+00,0.000000e+00,0.000000e+00,0.000000e+00,0.000000e+00,0.000000e+00,0.000000e+00,0.000000e+00,0.000000e+00,0.000000e+00
1.000000e+00,0.000000e+00,0.000000e+00,0.000000e+00,0.000000e+00,0.000000e+00,0.000000e+00,0.000000e+00,0.000000e+00,0.000000e+00,0.000000e+00,0.000000e+00,0.000000e+00,0.000000e+00,0.000000e+00
1.000000e+00,0.000000e+00,0.000000e+00,0.000000e+00,0.000000e+00,0.000000e+00,0.000000e+00,0.000000e+00,0.000000e+00,0.000000e+00,0.000000e+00,0.000000e+00,0.000000e+00,0.000000e+00,0.000000e+00
1.000000e+00,0.000000e+00,0.000000e+00,0.000000e+00,0.000000e+00,0.000000e+00,0.000000e+00,0.000000e+00,0.000000e+00,0.000000e+00,0.000000e+00,0.000000e+00,0.000000e+00,0.000000e+00,0.000000e+00
1.000000e+00,0.000000e+00,0.000000e+00,0.000000e+00,0.000000e+00,0.000000e+00,0.000000e+00,0.000000e+00,0.000000e+00,0.000000e+00,0.000000e+00,0.000000e+00,0.000000e+00,0.000000e+00,0.000000e+00
1.000000e+00,0.000000e+00,0.000000e+00,0.000000e+00,0.000000e+00,0.000000e+00,0.000000e+00,0.000000e+00,0.000000e+00,0.000000e+00,0.000000e+00,0.000000e+00,0.000000e+00,0.000000e+00,0.000000e+00
1.000000e+00,0.000000e+00,0.000000e+00,0.000000e+00,0.000000e+00,0.000000e+00,0.000000e+00,0.000000e+00,0.000000e+00,0.000000e+00,0.000000e+00,0.000000e+00,0.000000e+00,0.000000e+00,0.000000e+00
4.384665e-01,1.013713e-02,7.750196e-03,8.300899e-02,4.216979e-03,1.130014e-02,1.590715e-03,1.476987e-02,5.114643e-02,1.069489e-02,9.102267e-02,1.629205e-01,7.768750e-02,4.011578e-03,3.127588e-02
3.599719e-01,1.572757e-02,6.199419e-03,8.196988e-02,4.042895e-03,9.649269e-03,1.238296e-03,1.159526e-02,1.055402e-01,8.357329e-03,9.785104e-02,1.892091e-01,7.959144e-02,3.627819e-03,2.542862e-02
3.102546e-01,1.702542e-02,5.501634e-03,1.040955e-01,6.752812e-03,8.248028e-03,1.055678e-03,1.705946e-02,1.559429e-01,7.471320e-03,1.232991e-01,1.493909e-01,7.109424e-02,3.731486e-03,1.907686e-02
2.655590e-01,1.583700e-02,9.984630e-03,1.318726e-01,9.509930e-03,7.604758e-03,1.322531e-03,4.713175e-02,1.711083e-01,5.999336e-03,1.348091e-01,1.209482e-01,6.082635e-02,3.269256e-03,1.421726e-02
2.389632e-01,1.486073e-02,5.482828e-02,1.375862e-01,1.099574e-02,7.869316e-03,1.834111e-03,9.741030e-02,1.409479e-01,5.582565e-03,1.348553e-01,9.190281e-02,4.728675e-02,4.094486e-03,1.098232e-02
3.160950e-01,1.485245e-02,5.923069e-02,1.436467e-01,1.149533e-02,1.121078e-02,2.245608e-03,9.519690e-02,1.065231e-01,4.703431e-03,1.130665e-01,7.273428e-02,3.510198e-02,4.549479e-03,9.347724e-03
4.132363e-01,1.647140e-02,5.775145e-02,1.291419e-01,1.220396e-02,1.137868e-02,2.277242e-03,7.972666e-02,8.368612e-02,4.016326e-03,9.345074e-02,5.762341e-02,2.605084e-02,4.638847e-03,8.346123e-03
1.000000e+00,0.000000e+00,0.000000e+00,0.000000e+00,0.000000e+00,0.000000e+00,0.000000e+00,0.000000e+00,0.000000e+00,0.000000e+00,0.000000e+00,0.000000e+00,0.000000e+00,0.000000e+00,0.000000e+00
1.000000e+00,0.000000e+00,0.000000e+00,0.000000e+00,0.000000e+00,0.000000e+00,0.000000e+00,0.000000e+00,0.000000e+00,0.000000e+00,0.000000e+00,0.000000e+00,0.000000e+00,0.000000e+00,0.000000e+00
1.000000e+00,0.000000e+00,0.000000e+00,0.000000e+00,0.000000e+00,0.000000e+00,0.000000e+00,0.000000e+00,0.000000e+00,0.000000e+00,0.000000e+00,0.000000e+00,0.000000e+00,0.000000e+00,0.000000e+00
1.000000e+00,0.000000e+00,0.000000e+00,0.000000e+00,0.000000e+00,0.000000e+00,0.000000e+00,0.000000e+00,0.000000e+00,0.000000e+00,0.000000e+00,0.000000e+00,0.000000e+00,0.000000e+00,0.000000e+00
1.000000e+00,0.000000e+00,0.000000e+00,0.000000e+00,0.000000e+00,0.000000e+00,0.000000e+00,0.000000e+00,0.000000e+00,0.000000e+00,0.000000e+00,0.000000e+00,0.000000e+00,0.000000e+00,0.000000e+00
4.928852e-01,3.640880e-02,2.164327e-02,6.327013e-02,2.740913e-02,1.588541e-02,4.080793e-03,4.428235e-02,5.775979e-02,1.104039e-01,6.387482e-02,3.971431e-02,9.867088e-03,3.262966e-03,9.252158e-03
4.956517e-01,4.857187e-02,1.674200e-02,4.895673e-02,2.415760e-02,1.490972e-02,3.728548e-03,3.491766e-02,6.554900e-02,1.314828e-01,6.255325e-02,3.212583e-02,7.959297e-03,3.417832e-03,9.276178e-03
1.000000e+00,0.000000e+00,0.000000e+00,0.000000e+00,0.000000e+00,0.000000e+00,0.000000e+00,0.000000e+00,0.000000e+00,0.000000e+00,0.000000e+00,0.000000e+00,0.000000e+00,0.000000e+00,0.000000e+00
1.000000e+00,0.000000e+00,0.000000e+00,0.000000e+00,0.000000e+00,0.000000e+00,0.000000e+00,0.000000e+00,0.000000e+00,0.000000e+00,0.000000e+00,0.000000e+00,0.000000e+00,0.000000e+00,0.000000e+00
1.000000e+00,0.000000e+00,0.000000e+00,0.000000e+00,0.000000e+00,0.000000e+00,0.000000e+00,0.000000e+00,0.000000e+00,0.000000e+00,0.000000e+00,0.000000e+00,0.000000e+00,0.000000e+00,0.000000e+00
1.000000e+00,0.000000e+00,0.000000e+00,0.000000e+00,0.000000e+00,0.000000e+00,0.000000e+00,0.000000e+00,0.000000e+00,0.000000e+00,0.000000e+00,0.000000e+00,0.000000e+00,0.000000e+00,0.000000e+00
1.000000e+00,0.000000e+00,0.000000e+00,0.000000e+00,0.000000e+00,0.000000e+00,0.000000e+00,0.000000e+00,0.000000e+00,0.000000e+00,0.000000e+00,0.000000e+00,0.000000e+00,0.000000e+00,0.000000e+00
1.000000e+00,0.000000e+00,0.000000e+00,0.000000e+00,0.000000e+00,0.000000e+00,0.000000e+00,0.000000e+00,0.000000e+00,0.000000e+00,0.000000e+00,0.000000e+00,0.000000e+00,0.000000e+00,0.000000e+00
1.000000e+00,0.000000e+00,0.000000e+00,0.000000e+00,0.000000e+00,0.000000e+00,0.000000e+00,0.000000e+00,0.000000e+00,0.000000e+00,0.000000e+00,0.000000e+00,0.000000e+00,0.000000e+00,0.000000e+00
1.000000e+00,0.000000e+00,0.000000e+00,0.000000e+00,0.000000e+00,0.000000e+00,0.000000e+00,0.000000e+00,0.000000e+00,0.000000e+00,0.000000e+00,0.000000e+00,0.000000e+00,0.000000e+00,0.000000e+00
1.000000e+00,0.000000e+00,0.000000e+00,0.000000e+00,0.000000e+00,0.000000e+00,0.000000e+00,0.000000e+00,0.000000e+00,0.000000e+00,0.000000e+00,0.000000e+00,0.000000e+00,0.000000e+00,0.000000e+00
1.000000e+00,0.000000e+00,0.000000e+00,0.000000e+00,0.000000e+00,0.000000e+00,0.000000e+00,0.000000e+00,0.000000e+00,0.000000e+00,0.000000e+00,0.000000e+00,0.000000e+00,0.000000e+00,0.000000e+00
1.000000e+00,0.000000e+00,0.000000e+00,0.000000e+00,0.000000e+00,0.000000e+00,0.000000e+00,0.000000e+00,0.000000e+00,0.000000e+00,0.000000e+00,0.000000e+00,0.000000e+00,0.000000e+00,0.000000e+00
1.000000e+00,0.000000e+00,0.000000e+00,0.000000e+00,0.000000e+00,0.000000e+00,0.000000e+00,0.000000e+00,0.000000e+00,0.000000e+00,0.000000e+00,0.000000e+00,0.000000e+00,0.000000e+00,0.000000e+00
1.000000e+00,0.000000e+00,0.000000e+00,0.000000e+00,0.000000e+00,0.000000e+00,0.000000e+00,0.000000e+00,0.000000e+00,0.000000e+00,0.000000e+00,0.000000e+00,0.000000e+00,0.000000e+00,0.000000e+00
1.000000e+00,0.000000e+00,0.000000e+00,0.000000e+00,0.000000e+00,0.000000e+00,0.000000e+00,0.000000e+00,0.000000e+00,0.000000e+00,0.000000e+00,0.000000e+00,0.000000e+00,0.000000e+00,0.000000e+00
1.000000e+00,0.000000e+00,0.000000e+00,0.000000e+00,0.000000e+00,0.000000e+00,0.000000e+00,0.000000e+00,0.000000e+00,0.000000e+00,0.000000e+00,0.000000e+00,0.000000e+00,0.000000e+00,0.000000e+00
1.000000e+00,0.000000e+00,0.000000e+00,0.000000e+00,0.000000e+00,0.000000e+00,0.000000e+00,0.000000e+00,0.000000e+00,0.000000e+00,0.000000e+00,0.000000e+00,0.000000e+00,0.000000e+00,0.000000e+00
1.000000e+00,0.000000e+00,0.000000e+00,0.000000e+00,0.000000e+00,0.000000e+00,0.000000e+00,0.000000e+00,0.000000e+00,0.000000e+00,0.000000e+00,0.000000e+00,0.000000e+00,0.000000e+00,0.000000e+00
1.000000e+00,0.000000e+00,0.000000e+00,0.000000e+00,0.000000e+00,0.000000e+00,0.000000e+00,0.000000e+00,0.000000e+00,0.000000e+00,0.000000e+00,0.000000e+00,0.000000e+00,0.000000e+00,0.000000e+00
1.000000e+00,0.000000e+00,0.000000e+00,0.000000e+00,0.000000e+00,0.000000e+00,0.000000e+00,0.000000e+00,0.000000e+00,0.000000e+00,0.000000e+00,0.000000e+00,0.000000e+00,0.000000e+00,0.000000e+00
1.000000e+00,0.000000e+00,0.000000e+00,0.000000e+00,0.000000e+00,0.000000e+00,0.000000e+00,0.000000e+00,0.000000e+00,0.000000e+00,0.000000e+00,0.000000e+00,0.000000e+00,0.000000e+00,0.000000e+00
1.000000e+00,0.000000e+00,0.000000e+00,0.000000e+00,0.000000e+00,0.000000e+00,0.000000e+00,0.000000e+00,0.000000e+00,0.000000e+00,0.000000e+00,0.000000e+00,0.000000e+00,0.000000e+00,0.000000e+00
1.000000e+00,0.000000e+00,0.000000e+00,0.000000e+00,0.000000e+00,0.000000e+00,0.000000e+00,0.000000e+00,0.000000e+00,0.000000e+00,0.000000e+00,0.000000e+00,0.000000e+00,0.000000e+00,0.000000e+00
1.000000e+00,0.000000e+00,0.000000e+00,0.000000e+00,0.000000e+00,0.000000e+00,0.000000e+00,0.000000e+00,0.000000e+00,0.000000e+00,0.000000e+00,0.000000e+00,0.000000e+00,0.000000e+00,0.000000e+00
1.000000e+00,0.000000e+00,0.000000e+00,0.000000e+00,0.000000e+00,0.000000e+00,0.000000e+00,0.000000e+00,0.000000e+00,0.000000e+00,0.000000e+00,0.000000e+00,0.000000e+00,0.000000e+00,0.000000e+00
1.000000e+00,0.000000e+00,0.000000e+00,0.000000e+00,0.000000e+00,0.000000e+00,0.000000e+00,0.000000e+00,0.000000e+00,0.000000e+00,0.000000e+00,0.000000e+00,0.000000e+00,0.000000e+00,0.000000e+00
1.000000e+00,0.000000e+00,0.000000e+00,0.000000e+00,0.000000e+00,0.000000e+00,0.000000e+00,0.000000e+00,0.000000e+00,0.000000e+00,0.000000e+00,0.000000e+00,0.000000e+00,0.000000e+00,0.000000e+00
1.000000e+00,0.000000e+00,0.000000e+00,0.000000e+00,0.000000e+00,0.000000e+00,0.000000e+00,0.000000e+00,0.000000e+00,0.000000e+00,0.000000e+00,0.000000e+00,0.000000e+00,0.000000e+00,0.000000e+00
1.000000e+00,0.000000e+00,0.000000e+00,0.000000e+00,0.000000e+00,0.000000e+00,0.000000e+00,0.000000e+00,0.000000e+00,0.000000e+00,0.000000e+00,0.000000e+00,0.000000e+00,0.000000e+00,0.000000e+00
1.000000e+00,0.000000e+00,0.000000e+00,0.000000e+00,0.000000e+00,0.000000e+00,0.000000e+00,0.000000e+00,0.000000e+00,0.000000e+00,0.000000e+00,0.000000e+00,0.000000e+00,0.000000e+00,0.000000e+00
1.000000e+00,0.000000e+00,0.000000e+00,0.000000e+00,0.000000e+00,0.000000e+00,0.000000e+00,0.000000e+00,0.000000e+00,0.000000e+00,0.000000e+00,0.000000e+00,0.000000e+00,0.000000e+00,0.000000e+00
1.000000e+00,0.000000e+00,0.000000e+00,0.000000e+00,0.000000e+00,0.000000e+00,0.000000e+00,0.000000e+00,0.000000e+00,0.000000e+00,0.000000e+00,0.000000e+00,0.000000e+00,0.000000e+00,0.000000e+00
1.000000e+00,0.000000e+00,0.000000e+00,0.000000e+00,0.000000e+00,0.000000e+00,0.000000e+00,0.000000e+00,0.000000e+00,0.000000e+00,0.000000e+00,0.000000e+00,0.000000e+00,0.000000e+00,0.000000e+00
1.000000e+00,0.000000e+00,0.000000e+00,0.000000e+00,0.000000e+00,0.000000e+00,0.000000e+00,0.000000e+00,0.000000e+00,0.000000e+00,0.000000e+00,0.000000e+00,0.000000e+00,0.000000e+00,0.000000e+00
1.000000e+00,0.000000e+00,0.000000e+00,0.000000e+00,0.000000e+00,0.000000e+00,0.000000e+00,0.000000e+00,0.000000e+00,0.000000e+00,0.000000e+00,0.000000e+00,0.000000e+00,0.000000e+00,0.000000e+00
1.000000e+00,0.000000e+00,0.000000e+00,0.000000e+00,0.000000e+00,0.000000e+00,0.000000e+00,0.000000e+00,0.000000e+00,0.000000e+00,0.000000e+00,0.000000e+00,0.000000e+00,0.000000e+00,0.000000e+00
1.000000e+00,0.000000e+00,0.000000e+00,0.000000e+00,0.000000e+00,0.000000e+00,0.000000e+00,0.000000e+00,0.000000e+00,0.000000e+00,0.000000e+00,0.000000e+00,0.000000e+00,0.000000e+00,0.000000e+00
1.000000e+00,0.000000e+00,0.000000e+00,0.000000e+00,0.000000e+00,0.000000e+00,0.000000e+00,0.000000e+00,0.000000e+00,0.000000e+00,0.000000e+00,0.000000e+00,0.000000e+00,0.000000e+00,0.000000e+00
1.000000e+00,0.000000e+00,0.000000e+00,0.000000e+00,0.000000e+00,0.000000e+00,0.000000e+00,0.000000e+00,0.000000e+00,0.000000e+00,0.000000e+00,0.000000e+00,0.000000e+00,0.000000e+00,0.000000e+00
1.000000e+00,0.000000e+00,0.000000e+00,0.000000e+00,0.000000e+00,0.000000e+00,0.000000e+00,0.000000e+00,0.000000e+00,0.000000e+00,0.000000e+00,0.000000e+00,0.000000e+00,0.000000e+00,0.000000e+00
1.000000e+00,0.000000e+00,0.000000e+00,0.000000e+00,0.000000e+00,0.000000e+00,0.000000e+00,0.000000e+00,0.000000e+00,0.000000e+00,0.000000e+00,0.000000e+00,0.000000e+00,0.000000e+00,0.000000e+00
1.000000e+00,0.000000e+00,0.000000e+00,0.000000e+00,0.000000e+00,0.000000e+00,0.000000e+00,0.000000e+00,0.000000e+00,0.000000e+00,0.000000e+00,0.000000e+00,0.000000e+00,0.000000e+00,0.000000e+00
1.000000e+00,0.000000e+00,0.000000e+00,0.000000e+00,0.000000e+00,0.000000e+00,0.000000e+00,0.000000e+00,0.000000e+00,0.000000e+00,0.000000e+00,0.000000e+00,0.000000e+00,0.000000e+00,0.000000e+00
1.000000e+00,0.000000e+00,0.000000e+00,0.000000e+00,0.000000e+00,0.000000e+00,0.000000e+00,0.000000e+00,0.000000e+00,0.000000e+00,0.000000e+00,0.000000e+00,0.000000e+00,0.000000e+00,0.000000e+00
1.000000e+00,0.000000e+00,0.000000e+00,0.000000e+00,0.000000e+00,0.000000e+00,0.000000e+00,0.000000e+00,0.000000e+00,0.000000e+00,0.000000e+00,0.000000e+00,0.000000e+00,0.000000e+00,0.000000e+00
1.000000e+00,0.000000e+00,0.000000e+00,0.000000e+00,0.000000e+00,0.000000e+00,0.000000e+00,0.000000e+00,0.000000e+00,0.000000e+00,0.000000e+00,0.000000e+00,0.000000e+00,0.000000e+00,0.000000e+00
1.000000e+00,0.000000e+00,0.000000e+00,0.000000e+00,0.000000e+00,0.000000e+00,0.000000e+00,0.000000e+00,0.000000e+00,0.000000e+00,0.000000e+00,0.000000e+00,0.000000e+00,0.000000e+00,0.000000e+00
1.000000e+00,0.000000e+00,0.000000e+00,0.000000e+00,0.000000e+00,0.000000e+00,0.000000e+00,0.000000e+00,0.000000e+00,0.000000e+00,0.000000e+00,0.000000e+00,0.000000e+00,0.000000e+00,0.000000e+00
1.000000e+00,0.000000e+00,0.000000e+00,0.000000e+00,0.000000e+00,0.000000e+00,0.000000e+00,0.000000e+00,0.000000e+00,0.000000e+00,0.000000e+00,0.000000e+00,0.000000e+00,0.000000e+00,0.000000e+00
1.000000e+00,0.000000e+00,0.000000e+00,0.000000e+00,0.000000e+00,0.000000e+00,0.000000e+00,0.000000e+00,0.000000e+00,0.000000e+00,0.000000e+00,0.000000e+00,0.000000e+00,0.000000e+00,0.000000e+00
1.000000e+00,0.000000e+00,0.000000e+00,0.000000e+00,0.000000e+00,0.000000e+00,0.000000e+00,0.000000e+00,0.000000e+00,0.000000e+00,0.000000e+00,0.000000e+00,0.000000e+00,0.000000e+00,0.000000e+00
1.000000e+00,0.000000e+00,0.000000e+00,0.000000e+00,0.000000e+00,0.000000e+00,0.000000e+00,0.000000e+00,0.000000e+00,0.000000e+00,0.000000e+00,0.000000e+00,0.000000e+00,0.000000e+00,0.000000e+00
1.000000e+00,0.000000e+00,0.000000e+00,0.000000e+00,0.000000e+00,0.000000e+00,0.000000e+00,0.000000e+00,0.000000e+00,0.000000e+00,0.000000e+00,0.000000e+00,0.000000e+00,0.000000e+00,0.000000e+00
1.000000e+00,0.000000e+00,0.000000e+00,0.000000e+00,0.000000e+00,0.000000e+00,0.000000e+00,0.000000e+00,0.000000e+00,0.000000e+00,0.000000e+00,0.000000e+00,0.000000e+00,0.000000e+00,0.000000e+00
1.000000e+00,0.000000e+00,0.000000e+00,0.000000e+00,0.000000e+00,0.000000e+00,0.000000e+00,0.000000e+00,0.000000e+00,0.000000e+00,0.000000e+00,0.000000e+00,0.000000e+00,0.000000e+00,0.000000e+00
1.000000e+00,0.000000e+00,0.000000e+00,0.000000e+00,0.000000e+00,0.000000e+00,0.000000e+00,0.000000e+00,0.000000e+00,0.000000e+00,0.000000e+00,0.000000e+00,0.000000e+00,0.000000e+00,0.000000e+00
1.000000e+00,0.000000e+00,0.000000e+00,0.000000e+00,0.000000e+00,0.000000e+00,0.000000e+00,0.000000e+00,0.000000e+00,0.000000e+00,0.000000e+00,0.000000e+00,0.000000e+00,0.000000e+00,0.000000e+00
1.000000e+00,0.000000e+00,0.000000e+00,0.000000e+00,0.000000e+00,0.000000e+00,0.000000e+00,0.000000e+00,0.000000e+00,0.000000e+00,0.000000e+00,0.000000e+00,0.000000e+00,0.000000e+00,0.000000e+00
1.000000e+00,0.000000e+00,0.000000e+00,0.000000e+00,0.000000e+00,0.000000e+00,0.000000e+00,0.000000e+00,0.000000e+00,0.000000e+00,0.000000e+00,0.000000e+00,0.000000e+00,0.000000e+00,0.000000e+00
1.000000e+00,0.000000e+00,0.000000e+00,0.000000e+00,0.000000e+00,0.000000e+00,0.000000e+00,0.000000e+00,0.000000e+00,0.000000e+00,0.000000e+00,0.000000e+00,0.000000e+00,0.000000e+00,0.000000e+00
1.000000e+00,0.000000e+00,0.000000e+00,0.000000e+00,0.000000e+00,0.000000e+00,0.000000e+00,0.000000e+00,0.000000e+00,0.000000e+00,0.000000e+00,0.000000e+00,0.000000e+00,0.000000e+00,0.000000e+00
1.000000e+00,0.000000e+00,0.000000e+00,0.000000e+00,0.000000e+00,0.000000e+00,0.000000e+00,0.000000e+00,0.000000e+00,0.000000e+00,0.000000e+00,0.000000e+00,0.000000e+00,0.000000e+00,0.000000e+00
1.000000e+00,0.000000e+00,0.000000e+00,0.000000e+00,0.000000e+00,0.000000e+00,0.000000e+00,0.000000e+00,0.000000e+00,0.000000e+00,0.000000e+00,0.000000e+00,0.000000e+00,0.000000e+00,0.000000e+00
1.000000e+00,0.000000e+00,0.000000e+00,0.000000e+00,0.000000e+00,0.000000e+00,0.000000e+00,0.000000e+00,0.000000e+00,0.000000e+00,0.000000e+00,0.000000e+00,0.000000e+00,0.000000e+00,0.000000e+00
