1.000000e+00,0.000000e+00,0.000000e+00,0.000000e+00,0.000000e+00,0.000000e+00,0.000000e+00,0.000000e+00,0.000000e+00,0.000000e+00,0.000000e+00,0.000000e+00,0.000000e+00,0.000000e+00,0.000000e+00
1.000000e+00,0.000000e+00,0.000000e+00,0.000000e+00,0.000000e+00,0.000000e+00,0.000000e+00,0.000000e+00,0.000000e+00,0.000000e+00,0.000000e+00,0.000000e+00,0.000000e+00,0.000000e+00,0.000000e+00
1.000000e+00,0.000000e+00,0.000000e+00,0.000000e+00,0.000000e+00,0.000000e+00,0.000000e+00,0.000000e+00,0.000000e+00,0.000000e+00,0.000000e+00,0.000000e+00,0.000000e+00,0.000000e+00,0.000000e+00
1.000000e+00,0.000000e+00,0.000000e+00,0.000000e+00,0.000000e+00,0.000000e+00,0.000000e+00,0.000000e+00,0.000000e+00,0.000000e+00,0.000000e+00,0.000000e+00,0.000000e+00,0.000000e+00,0.000000e+00
1.000000e+00,0.000000e+00,0.000000e+00,0.000000e+00,0.000000e+00,0.000000e+00,0.000000e+00,0.000000e+00,0.000000e+00,0.000000e+00,0.000000e+00,0.000000e+00,0.000000e+00,0.000000e+00,0.000000e+00
1.000000e+00,0.000000e+00,0.000000e+00,0.000000e+00,0.000000e+00,0.000000e+00,0.000000e+00,0.000000e+00,0.000000e+00,0.000000e+00,0.000000e+00,0.000000e+00,0.000000e+00,0.000000e+00,0.000000e+00
1.000000e+00,0.000000e+00,0.000000e+00,0.000000e+00,0.000000e+00,0.000000e+00,0.000000e+00,0.000000e+00,0.000000e+00,0.000000e+00,0.000000e+00,0.000000e+00,0.000000e+00,0.000000e+00,0.000000e+00
1.000000e+00,0.000000e+00,0.000000e+00,0.000000e+00,0.000000e+00,0.000000e+00,0.000000e+00,0.000000e+00,0.000000e+00,0.000000e+00,0.000000e+00,0.000000e+00,0.000000e+00,0.000000e+00,0.000000e+00
1.000000e+00,0.000000e+00,0.000000e+00,0.000000e+00,0.000000e+00,0.000000e+00,0.000000e+00,0.000000e+00,0.000000e+00,0.000000e+00,0.000000e+00,0.000000e+00,0.000000e+00,0.000000e+00,0.000000e+00
1.000000e+00,0.000000e+00,0.000000e+00,0.000000e+00,0.000000e+00,0.000000e+00,0.000000e+00,0.000000e+00,0.000000e+00,0.000000e+00,0.000000e+00,0.000000e+00,0.000000e+00,0.000000e+00,0.000000e+00
1.000000e+00,0.000000e+00,0.000000e+00,0.000000e+00,0.000000e+00,0.000000e+00,0.000000e+00,0.000000e+00,0.000000e+00,0.000000e+00,0.000000e+00,0.000000e+00,0.000000e+00,0.000000e+00,0.000000e+00
1.000000e+00,0.000000e+00,0.000000e+00,0.000000e+00,0.000000e+00,0.000000e+00,0.000000e+00,0.000000e+00,0.000000e+00,0.000000e+00,0.000000e+00,0.000000e+00,0.000000e+00,0.000000e+00,0.000000e+00
1.000000e+00,0.000000e+00,0.000000e+00,0.000000e+00,0.000000e+00,0.000000e+00,0.000000e+00,0.000000e+00,0.000000e+00,0.000000e+00,0.000000e+00,0.000000e+00,0.000000e+00,0.000000e+00,0.000000e+00
1.000000e+00,0.000000e+00,0.000000e+00,0.000000e+00,0.000000e+00,0.000000e+00,0.000000e+00,0.000000e+00,0.000000e+00,0.000000e+00,0.000000e+00,0.000000e+00,0.000000e+00,0.000000e+00,0.000000e+00
1.000000e+00,0.000000e+00,0.000000e+00,0.000000e+00,0.000000e+00,0.000000e+00,0.000000e+00,0.000000e+00,0.000000e+00,0.000000e+00,0.000000e+00,0.000000e+00,0.000000e+00,0.000000e+00,0.000000e+00
1.000000e+00,0.000000e+00,0.000000e+00,0.000000e+00,0.000000e+00,0.000000e+00,0.000000e+00,0.000000e+00,0.000000e+00,0.000000e+00,0.000000e+00,0.000000e+00,0.000000e+00,0.000000e+00,0.000000e+00
1.000000e+00,0.000000e+00,0.000000e+00,0.000000e+00,0.000000e+00,0.000000e+00,0.000000e+00,0.000000e+00,0.000000e+00,0.000000e+00,0.000000e+00,0.000000e+00,0.000000e+00,0.000000e+00,0.000000e+00
1.000000e+00,0.000000e+00,0.000000e+00,0.000000e+00,0.000000e+00,0.000000e+00,0.000000e+00,0.000000e+00,0.000000e+00,0.000000e+00,0.000000e+00,0.000000e+00,0.000000e+00,0.000000e+00,0.000000e+00
1.000000e+00,0.000000e+00,0.000000e+00,0.000000e+00,0.000000e+00,0.000000e+00,0.000000e+00,0.000000e+00,0.000000e+00,0.000000e+00,0.000000e+00,0.000000e+00,0.000000e+00,0.000000e+00,0.000000e+00
1.000000e+00,0.000000e+00,0.000000e+00,0.000000e+00,0.000000e+00,0.000000e+00,0.000000e+00,0.000000e+00,0.000000e+00,0.000000e+00,0.000000e+00,0.000000e+00,0.000000e+00,0.000000e+00,0.000000e+00
1.000000e+00,0.000000e+00,0.000000e+00,0.000000e+00,0.000000e+00,0.000000e+00,0.000000e+00,0.000000e+00,0.000000e+00,0.000000e+00,0.000000e+00,0.000000e+00,0.000000e+00,0.000000e+00,0.000000e+00
1.000000e+00,0.000000e+00,0.000000e+00,0.000000e+00,0.000000e+00,0.000000e+00,0.000000e+00,0.000000e+00,0.000000e+00,0.000000e+00,0.000000e+00,0.000000e+00,0.000000e+00,0.000000e+00,0.000000e+00
1.000000e+00,0.000000e+00,0.000000e+00,0.000000e+00,0.000000e+00,0.000000e+00,0.000000e+00,0.000000e+00,0.000000e+00,0.000000e+00,0.000000e+00,0.000000e+00,0.000000e+00,0.000000e+00,0.000000e+00
1.000000e+00,0.000000e+00,0.000000e+00,0.000000e+00,0.000000e+00,0.000000e+00,0.000000e+00,0.000000e+00,0.000000e+00,0.000000e+00,0.000000e+00,0.000000e+00,0.000000e+00,0.000000e+00,0.000000e+00
1.000000e+00,0.000000e+00,0.000000e+00,0.000000e+00,0.000000e+00,0.000000e+00,0.000000e+00,0.000000e+00,0.000000e+00,0.000000e+00,0.000000e+00,0.000000e+00,0.000000e+00,0.000000e+00,0.000000e+00
1.000000e+00,0.000000e+00,0.000000e+00,0.000000e+00,0.000000e+00,0.000000e+00,0.000000e+00,0.000000e+00,0.000000e+00,0.000000e+00,0.000000e+00,0.000000e+00,0.000000e+00,0.000000e+00,0.000000e+00
1.000000e+00,0.000000e+00,0.000000e+00,0.000000e+00,0.000000e+00,0.000000e+00,0.000000e+00,0.000000e+00,0.000000e+00,0.000000e+00,0.000000e+00,0.000000e+00,0.000000e+00,0.000000e+00,0.000000e+00
1.000000e+00,0.000000e+00,0.000000e+00,0.000000e+00,0.000000e+00,0.000000e+00,0.000000e+00,0.000000e+00,0.000000e+00,0.000000e+00,0.000000e+00,0.000000e+00,0.000000e+00,0.000000e+00,0.000000e+00
1.000000e+00,0.000000e+00,0.000000e+00,0.000000e+00,0.000000e+00,0.000000e+00,0.000000e+00,0.000000e+00,0.000000e+00,0.000000e+00,0.000000e+00,0.000000e+00,0.000000e+00,0.000000e+00,0.000000e+00
1.000000e+00,0.000000e+00,0.000000e+00,0.000000e+00,0.000000e+00,0.000000e+00,0.000000e+00,0.000000e+00,0.000000e+00,0.000000e+00,0.000000e+00,0.000000e+00,0.000000e+00,0.000000e+00,0.000000e+00
1.000000e+00,0.000000e+00,0.000000e+00,0.000000e+00,0.000000e+00,0.000000e+00,0.000000e+00,0.000000e+00,0.000000e+00,0.000000e+00,0.000000e+00,0.000000e+00,0.000000e+00,0.000000e+00,0.000000e+00
1.000000e+00,0.000000e+00,0.000000e+00,0.000000e+00,0.000000e+00,0.000000e+00,0.000000e+00,0.000000e+00,0.000000e+00,0.000000e+00,0.000000e+00,0.000000e+00,0.000000e+00,0.000000e+00,0.000000e+00
1.000000e+00,0.000000e+00,0.000000e+00,0.000000e+00,0.000000e+00,0.000000e+00,0.000000e+00,0.000000e+00,0.000000e+00,0.000000e+00,0.000000e+00,0.000000e+00,0.000000e+00,0.000000e+00,0.000000e+00
1.000000e+00,0.000000e+00,0.000000e+00,0.000000e+00,0.000000e+00,0.000000e+00,0.000000e+00,0.000000e+00,0.000000e+00,0.000000e+00,0.000000e+00,0.000000e+00,0.000000e+00,0.000000e+00,0.000000e+00
1.000000e+00,0.000000e+00,0.000000e+00,0.000000e+00,0.000000e+00,0.000000e+00,0.000000e+00,0.000000e+00,0.000000e+00,0.000000e+00,0.000000e+00,0.000000e+00,0.000000e+00,0.000000e+00,0.000000e+00
1.000000e+00,0.000000e+00,0.000000e+00,0.000000e+00,0.000000e+00,0.000000e+00,0.000000e+00,0.000000e+00,0.000000e+00,0.000000e+00,0.000000e+00,0.000000e+00,0.000000e+00,0.000000e+00,0.000000e+00
1.000000e+00,0.000000e+00,0.000000e+00,0.000000e+00,0.000000e+00,0.000000e+00,0.000000e+00,0.000000e+00,0.000000e+00,0.000000e+00,0.000000e+00,0.000000e+00,0.000000e+00,0.000000e+00,0.000000e+00
1.000000e+00,0.000000e+00,0.000000e+00,0.000000e+00,0.000000e+00,0.000000e+00,0.000000e+00,0.000000e+00,0.000000e+00,0.000000e+00,0.000000e+00,0.000000e+00,0.000000e+00,0.000000e+00,0.000000e+00
1.000000e+00,0.000000e+00,0.000000e+00,0.000000e+00,0.000000e+00,0.000000e+00,0.000000e+00,0.000000e+00,0.000000e+00,0.000000e+00,0.000000e+00,0.000000e+00,0.000000e+00,0.000000e+00,0.000000e+00
1.000000e+00,0.000000e+00,0.000000e+00,0.000000e+00,0.000000e+00,0.000000e+00,0.000000e+00,0.000000e+00,0.000000e+00,0.000000e+00,0.000000e+00,0.000000e+00,0.000000e+00,0.000000e+00,0.000000e+00
1.000000e+00,0.000000e+00,0.000000e+00,0.000000e+00,0.000000e+00,0.000000e+00,0.000000e+00,0.000000e+00,0.000000e+00,0.000000e+00,0.000000e+00,0.000000e+00,0.000000e+00,0.000000e+00,0.000000e+00
1.000000e+00,0.000000e+00,0.000000e+00,0.000000e+00,0.000000e+00,0.000000e+00,0.000000e+00,0.000000e+00,0.000000e+00,0.000000e+00,0.000000e+00,0.000000e+00,0.000000e+00,0.000000e+00,0.000000e+00
1.000000e+00,0.000000e+00,0.000000e+00,0.000000e+00,0.000000e+00,0.000000e+00,0.000000e+00,0.000000e+00,0.000000e+00,0.000000e+00,0.000000e+00,0.000000e+00,0.000000e+00,0.000000e+00,0.000000e+00
1.000000e+00,0.000000e+00,0.000000e+00,0.000000e+00,0.000000e+00,0.000000e+00,0.000000e+00,0.000000e+00,0.000000e+00,0.000000e+00,0.000000e+00,0.000000e+00,0.000000e+00,0.000000e+00,0.000000e+00
1.000000e+00,0.000000e+00,0.000000e+00,0.000000e+00,0.000000e+00,0.000000e+00,0.000000e+00,0.000000e+00,0.000000e+00,0.000000e+00,0.000000e+00,0.000000e+00,0.000000e+00,0.000000e+00,0.000000e+00
1.000000e+00,0.000000e+00,0.000000e+00,0.000000e+00,0.000000e+00,0.000000e+00,0.000000e+00,0.000000e+00,0.000000e+00,0.000000e+00,0.000000e+00,0.000000e+00,0.000000e+00,0.000000e+00,0.000000e+00
1.000000e+00,0.000000e+00,0.000000e+00,0.000000e+00,0.000000e+00,0.000000e+00,0.000000e+00,0.000000e+00,0.000000e+00,0.000000e+00,0.000000e+00,0.000000e+00,0.000000e+00,0.000000e+00,0.000000e+00
1.000000e+00,0.000000e+00,0.000000e+00,0.000000e+00,0.000000e+00,0.000000e+00,0.000000e+00,0.000000e+00,0.000000e+00,0.000000e+00,0.000000e+00,0.000000e+00,0.000000e+00,0.000000e+00,0.000000e+00
1.000000e+00,0.000000e+00,0.000000e+00,0.000000e+00,0.000000e+00,0.000000e+00,0.000000e+00,0.000000e+00,0.000000e+00,0.000000e+00,0.000000e+00,0.000000e+00,0.000000e+00,0.000000e+00,0.000000e+00
1.000000e+00,0.000000e+00,0.000000e+00,0.000000e+00,0.000000e+00,0.000000e+00,0.000000e+00,0.000000e+00,0.000000e+00,0.000000e+00,0.000000e+00,0.000000e+00,0.000000e+00,0.000000e+00,0.000000e+00
1.000000e+00,0.000000e+00,0.000000e+00,0.000000e+00,0.000000e+00,0.000000e+00,0.000000e+00,0.000000e+00,0.000000e+00,0.000000e+00,0.000000e+00,0.000000e+00,0.000000e+00,0.000000e+00,0.000000e+00
1.000000e+00,0.000000e+00,0.000000e+00,0.000000e+00,0.000000e+00,0.000000e+00,0.000000e+00,0.000000e+00,0.000000e+00,0.000000e+00,0.000000e+00,0.000000e+00,0.000000e+00,0.000000e+00,0.000000e+00
1.000000e+00,0.000000e+00,0.000000e+00,0.000000e+00,0.000000e+00,0.000000e+00,0.000000e+00,0.000000e+00,0.000000e+00,0.000000e+00,0.000000e+00,0.000000e+00,0.000000e+00,0.000000e+00,0.000000e+00
1.000000e+00,0.000000e+00,0.000000e+00,0.000000e+00,0.000000e+00,0.000000e+00,0.000000e+00,0.000000e+00,0.000000e+00,0.000000e+00,0.000000e+00,0.000000e+00,0.000000e+00,0.000000e+00,0.000000e+00
1.000000e+00,0.000000e+00,0.000000e+00,0.000000e+00,0.000000e+00,0.000000e+00,0.000000e+00,0.000000e+00,0.000000e+00,0.000000e+00,0.000000e+00,0.000000e+00,0.000000e+00,0.000000e+00,0.000000e+00
1.000000e+00,0.000000e+00,0.000000e+00,0.000000e+00,0.000000e+00,0.000000e+00,0.000000e+00,0.000000e+00,0.000000e+00,0.000000e+00,0.000000e+00,0.000000e+00,0.000000e+00,0.000000e+00,0.000000e+00
1.000000e+00,0.000000e+00,0.000000e+00,0.000000e+00,0.000000e+00,0.000000e+00,0.000000e+00,0.000000e+00,0.000000e+00,0.000000e+00,0.000000e+00,0.000000e+00,0.000000e+00,0.000000e+00,0.000000e+00
1.000000e+00,0.000000e+00,0.000000e+00,0.000000e+00,0.000000e+00,0.000000e+00,0.000000e+00,0.000000e+00,0.000000e+00,0.000000e+00,0.000000e+00,0.000000e+00,0.000000e+00,0.000000e+00,0.000000e+00
1.000000e+00,0.000000e+00,0.000000e+00,0.000000e+00,0.000000e+00,0.000000e+00,0.000000e+00,0.000000e+00,0.000000e+00,0.000000e+00,0.000000e+00,0.000000e+00,0.000000e+00,0.000000e+00,0.000000e+00
1.000000e+00,0.000000e+00,0.000000e+00,0.000000e+00,0.000000e+00,0.000000e+00,0.000000e+00,0.000000e+00,0.000000e+00,0.000000e+00,0.000000e+00,0.000000e+00,0.000000e+00,0.000000e+00,0.000000e+00
1.000000e+00,0.000000e+00,0.000000e+00,0.000000e+00,0.000000e+00,0.000000e+00,0.000000e+00,0.000000e+00,0.000000e+00,0.000000e+00,0.000000e+00,0.000000e+00,0.000000e+00,0.000000e+00,0.000000e+00
1.000000e+00,0.000000e+00,0.000000e+00,0.000000e+00,0.000000e+00,0.000000e+00,0.000000e+00,0.000000e+00,0.000000e+00,0.000000e+00,0.000000e+00,0.000000e+00,0.000000e+00,0.000000e+00,0.000000e+00
1.000000e+00,0.000000e+00,0.000000e+00,0.000000e+00,0.000000e+00,0.000000e+00,0.000000e+00,0.000000e+00,0.000000e+00,0.000000e+00,0.000000e+00,0.000000e+00,0.000000e+00,0.000000e+00,0.000000e+00
1.000000e+00,0.000000e+00,0.000000e+00,0.000000e+00,0.000000e+00,0.000000e+00,0.000000e+00,0.000000e+00,0.000000e+00,0.000000e+00,0.000000e+00,0.000000e+00,0.000000e+00,0.000000e+00,0.000000e+00
1.000000e+00,0.000000e+00,0.000000e+00,0.000000e+00,0.000000e+00,0.000000e+00,0.000000e+00,0.000000e+00,0.000000e+00,0.000000e+00,0.000000e+00,0.000000e+00,0.000000e+00,0.000000e+00,0.000000e+00
4.530279e-01,1.158958e-02,3.734894e-02,1.843025e-02,3.705031e-03,2.736803e-02,1.159634e-02,6.624882e-02,2.153187e-02,4.896362e-02,1.677650e-02,2.013615e-02,2.648488e-02,2.593602e-02,2.108561e-01
3.597350e-01,1.077553e-02,3.993001e-02,1.550418e-02,3.035841e-03,2.533351e-02,8.893651e-03,4.886543e-02,2.099052e-02,9.555912e-02,1.437228e-02,1.736587e-02,2.615475e-02,4.824483e-02,2.652395e-01
3.055244e-01,1.005694e-02,3.510969e-02,1.163025e-02,2.226589e-03,2.431427e-02,6.703292e-03,3.514203e-02,2.650634e-02,8.300882e-02,1.294442e-02,1.304162e-02,2.104161e-02,7.245515e-02,3.402945e-01
2.795792e-01,1.024006e-02,2.631708e-02,9.342347e-03,1.902581e-03,2.146941e-02,4.879539e-03,2.567588e-02,2.520935e-02,8.434007e-02,2.946566e-02,1.088613e-02,2.189288e-02,1.476376e-01,3.011622e-01
2.060035e-01,9.743635e-03,1.883281e-02,6.849164e-03,6.247018e-03,1.774539e-02,3.517314e-03,1.840290e-02,2.386852e-02,7.152919e-02,3.265778e-02,8.606216e-03,2.048807e-02,3.031191e-01,2.523895e-01
1.503396e-01,1.197538e-02,1.458784e-02,6.427031e-03,6.640906e-03,2.341042e-02,2.635254e-03,1.307488e-02,4.145044e-02,5.826472e-02,3.176027e-02,1.252764e-02,1.937795e-02,3.402727e-01,2.672550e-01
1.079133e-01,1.791090e-02,1.177501e-02,4.773830e-03,7.395600e-03,2.296896e-02,1.898788e-03,9.242119e-03,5.673546e-02,4.276843e-02,7.583577e-02,9.566794e-03,1.962142e-02,3.750831e-01,2.365105e-01
7.737687e-02,2.138636e-02,9.242880e-03,3.625971e-03,5.576521e-03,3.565057e-02,1.371512e-03,6.481052e-03,9.171844e-02,3.282893e-02,5.914713e-02,7.222674e-03,1.523530e-02,4.364870e-01,1.966488e-01
5.773805e-02,2.162331e-02,6.901638e-03,2.840206e-03,4.195950e-03,5.584398e-02,1.089937e-03,4.569781e-03,1.151296e-01,2.440173e-02,4.558801e-02,5.926853e-03,1.276256e-02,4.715921e-01,1.697963e-01
4.215087e-02,2.123418e-02,3.907802e-02,3.526933e-03,4.967276e-03,4.232844e-02,1.467947e-03,3.367531e-03,1.631180e-01,3.390675e-02,3.885191e-02,6.121674e-03,1.228958e-02,4.503286e-01,1.372623e-01
3.051366e-02,1.917235e-02,4.843772e-02,3.938498e-03,5.748590e-03,3.130442e-02,1.333259e-03,3.515992e-03,2.545168e-01,4.314514e-02,3.212195e-02,6.277287e-03,1.189026e-02,3.974841e-01,1.106001e-01
2.273447e-02,1.427236e-02,3.784843e-02,2.917991e-03,5.616502e-03,2.261582e-02,9.868591e-04,2.591829e-03,2.670904e-01,5.825662e-02,2.630277e-02,4.812640e-03,9.649686e-03,4.087635e-01,1.155402e-01
1.644171e-02,1.093685e-02,3.306271e-02,2.229359e-03,5.433442e-03,1.604198e-02,7.225785e-04,2.273124e-03,3.675793e-01,5.329385e-02,2.558231e-02,3.670252e-03,7.416830e-03,3.529553e-01,1.023604e-01
1.217040e-02,9.560188e-03,2.746412e-02,1.765345e-03,5.092883e-03,1.154558e-02,5.553066e-04,2.185247e-03,4.418774e-01,5.090120e-02,2.164006e-02,2.967687e-03,5.829534e-03,3.167787e-01,8.966627e-02
9.449865e-03,7.370152e-03,2.317233e-02,1.609980e-03,4.572606e-03,8.272804e-03,4.207346e-04,2.422895e-03,5.367248e-01,4.156064e-02,1.869518e-02,2.552119e-03,4.789114e-03,2.685244e-01,6.986235e-02
8.500437e-03,7.776470e-03,2.099147e-02,1.456362e-03,5.138193e-03,6.618512e-03,3.396829e-04,2.406135e-03,4.960329e-01,3.500880e-02,1.626822e-02,1.911993e-03,3.556276e-03,3.410319e-01,5.296256e-02
1.433754e-02,1.038220e-02,5.324555e-02,1.264255e-02,2.001434e-02,9.508349e-03,4.158521e-04,7.010648e-03,4.911610e-01,2.895035e-02,1.500565e-02,1.749526e-03,3.036612e-03,2.857947e-01,4.674499e-02
1.546508e-02,1.074824e-02,4.814066e-02,9.501495e-03,1.655710e-02,8.674320e-03,3.485042e-04,5.828505e-03,4.189229e-01,2.114218e-02,1.255248e-02,1.317041e-03,2.281094e-03,3.828493e-01,4.567096e-02
2.071693e-02,1.138389e-02,5.899569e-02,8.105652e-03,1.636051e-02,7.194964e-03,3.401384e-04,5.905399e-03,3.579479e-01,1.634940e-02,1.153581e-02,1.043803e-03,1.769565e-03,4.314963e-01,5.085401e-02
2.271542e-02,1.049221e-02,6.142442e-02,6.428675e-03,1.423443e-02,5.985483e-03,2.977833e-04,7.398490e-03,2.787258e-01,1.304758e-02,1.012399e-02,7.877405e-04,1.380903e-03,5.168923e-01,5.006477e-02
2.705655e-02,1.020493e-02,7.564207e-02,8.161880e-03,1.699646e-02,5.579071e-03,1.671404e-03,5.152049e-02,2.295971e-01,9.749395e-03,7.697974e-03,6.001882e-04,1.173002e-03,5.065333e-01,4.781616e-02
2.552388e-02,1.007907e-02,9.099148e-02,7.373422e-03,1.516736e-02,4.925207e-03,1.805919e-03,2.105622e-01,1.840469e-01,7.171202e-03,5.856323e-03,4.676622e-04,9.504790e-04,3.990227e-01,3.605619e-02
3.454961e-02,1.899544e-02,7.626975e-02,6.067990e-03,1.379634e-02,4.463021e-03,1.951562e-03,2.018929e-01,1.603216e-01,6.407768e-03,6.466659e-03,4.747997e-04,1.224515e-03,4.372500e-01,2.986810e-02
4.033457e-02,2.215986e-02,6.604454e-02,5.544972e-03,1.269330e-02,5.057354e-03,3.226671e-03,2.711604e-01,1.239777e-01,5.288628e-03,5.418566e-03,4.162128e-04,1.802884e-03,4.133646e-01,2.350974e-02
4.715356e-02,1.819905e-02,4.794477e-02,4.733263e-03,1.155895e-02,4.622632e-03,3.216688e-03,2.904024e-01,9.590409e-02,3.963750e-03,4.535724e-03,3.818341e-04,1.500845e-03,4.482112e-01,1.767127e-02
6.314717e-02,1.709817e-02,3.551799e-02,3.888185e-03,1.015274e-02,5.196124e-03,4.198283e-03,3.865932e-01,7.892553e-02,2.965582e-03,4.095303e-03,4.904722e-04,1.353797e-03,3.731834e-01,1.319396e-02
7.633565e-02,2.087330e-02,2.695022e-02,3.548679e-03,9.779802e-03,4.548676e-03,3.932889e-03,4.468486e-01,6.324536e-02,2.192067e-03,3.919186e-03,5.204434e-04,1.323671e-03,3.262472e-01,9.734238e-03
1.102498e-01,3.385542e-02,2.206503e-02,3.340452e-03,8.404906e-03,4.927177e-03,3.947521e-03,4.070445e-01,6.036837e-02,1.766570e-03,5.681775e-03,1.065320e-03,1.700765e-03,3.275052e-01,8.077283e-03
1.570100e-01,3.505571e-02,2.308125e-02,3.799638e-03,9.422074e-03,6.361621e-03,5.298479e-03,3.777396e-01,5.451068e-02,1.641829e-03,1.074893e-02,1.812633e-03,2.471318e-03,3.036615e-01,7.384633e-03
2.534353e-01,4.133873e-02,2.277615e-02,5.356241e-03,1.075381e-02,7.565834e-03,5.307597e-03,2.962030e-01,5.083986e-02,1.876341e-03,1.639025e-02,4.147518e-03,3.455707e-03,2.722633e-01,8.290321e-03
3.245867e-01,4.734913e-02,2.805951e-02,6.786156e-03,2.076202e-02,1.469877e-02,7.015092e-03,2.321970e-01,5.515557e-02,3.075095e-03,1.964869e-02,6.822261e-03,3.817744e-03,2.192553e-01,1.077093e-02
3.604601e-01,5.800408e-02,3.351692e-02,1.436096e-02,2.661090e-02,2.215117e-02,8.771354e-03,1.822608e-01,5.631735e-02,6.377211e-03,2.069062e-02,1.804496e-02,7.558061e-03,1.659218e-01,1.895370e-02
3.516676e-01,5.645659e-02,3.047771e-02,2.453743e-02,2.273383e-02,1.879458e-02,7.866629e-03,1.367757e-01,5.087212e-02,1.009654e-02,2.733009e-02,4.552994e-02,3.220928e-02,1.261293e-01,5.852264e-02
4.632873e-01,5.318929e-02,2.677941e-02,2.306694e-02,2.149149e-02,1.747694e-02,6.403030e-03,1.018118e-01,4.320833e-02,9.645660e-03,2.242154e-02,3.730545e-02,3.029241e-02,9.128600e-02,5.233435e-02
3.853557e-01,5.679362e-02,2.505429e-02,5.094825e-02,1.924543e-02,1.772457e-02,5.259046e-03,7.279941e-02,5.425842e-02,1.269298e-02,1.985846e-02,3.754088e-02,6.280482e-02,7.248799e-02,1.071761e-01
2.829095e-01,4.361293e-02,1.960700e-02,4.842049e-02,1.440173e-02,1.962364e-02,4.639716e-03,5.173624e-02,5.416048e-02,9.741430e-03,1.790078e-02,8.253703e-02,2.120750e-01,5.351432e-02,8.511969e-02
2.517334e-01,5.194274e-02,2.280628e-02,6.829506e-02,1.167361e-02,2.023416e-02,4.140308e-03,3.797695e-02,6.902685e-02,1.114029e-02,1.922372e-02,7.939680e-02,1.847040e-01,4.341099e-02,1.242948e-01
2.918721e-01,4.088923e-02,1.984738e-02,6.713428e-02,9.805828e-03,3.375999e-02,5.492049e-03,2.848776e-02,6.829882e-02,8.771365e-03,1.977449e-02,1.174420e-01,1.570314e-01,3.523809e-02,9.615532e-02
2.966195e-01,3.281981e-02,1.477200e-02,5.665822e-02,1.138708e-02,3.413091e-02,4.707639e-03,2.066465e-02,6.995328e-02,6.772783e-03,2.408571e-02,1.599049e-01,1.689327e-01,2.739010e-02,7.120071e-02
3.108337e-01,2.415132e-02,1.056740e-02,4.083558e-02,9.181667e-03,2.791912e-02,3.895758e-03,1.466935e-02,5.460022e-02,6.539104e-03,2.147065e-02,2.145946e-01,1.856844e-01,2.391137e-02,5.114567e-02
2.266267e-01,1.752939e-02,7.581036e-03,2.896365e-02,7.313807e-03,2.375270e-02,3.149420e-03,1.034184e-02,4.606681e-02,8.145106e-03,1.923548e-02,3.605713e-01,1.818240e-01,2.228894e-02,3.660984e-02
1.632950e-01,1.255392e-02,5.420896e-03,2.040124e-02,5.865260e-03,2.254130e-02,2.482862e-03,7.328856e-03,3.812376e-02,7.185628e-03,2.121685e-02,4.879030e-01,1.625620e-01,1.705711e-02,2.606228e-02
1.190035e-01,9.192957e-03,3.932952e-03,1.436272e-02,4.851238e-03,2.074818e-02,2.036635e-03,5.203902e-03,3.298166e-02,6.579229e-03,2.040060e-02,5.868605e-01,1.418882e-01,1.310119e-02,1.885650e-02
8.454084e-02,7.610939e-03,3.217275e-03,1.029985e-02,4.227957e-03,2.412014e-02,1.658925e-03,3.739143e-03,3.674199e-02,6.713732e-03,1.653378e-02,6.678918e-01,1.089508e-01,1.037384e-02,1.337898e-02
6.200654e-02,1.704291e-02,3.451969e-03,7.459974e-03,8.004835e-03,2.813092e-02,1.636656e-03,3.321809e-03,2.024389e-01,1.245643e-02,1.318270e-02,5.357113e-01,8.590868e-02,8.132698e-03,1.111363e-02
4.595677e-02,3.064420e-02,1.458240e-02,5.536905e-03,1.278165e-02,3.221019e-02,1.794757e-03,3.123827e-03,2.732421e-01,3.963330e-02,1.301409e-02,4.188699e-01,6.420835e-02,2.881167e-02,1.558995e-02
3.457685e-02,3.404534e-02,1.178090e-02,4.212017e-03,1.556072e-02,5.541956e-02,1.680409e-03,3.318273e-03,3.516794e-01,3.573913e-02,1.315558e-02,3.270181e-01,5.102059e-02,3.683898e-02,2.395422e-02
2.684394e-02,3.203429e-02,1.124687e-02,4.119391e-03,2.166315e-02,1.127357e-01,1.545320e-03,6.317951e-03,4.007748e-01,2.751764e-02,1.156315e-02,2.552525e-01,4.030946e-02,2.768028e-02,2.039552e-02
2.135183e-02,3.400891e-02,8.886053e-03,3.812954e-03,2.380897e-02,1.710148e-01,1.484440e-03,5.204896e-03,4.226537e-01,2.387221e-02,8.907195e-03,2.083896e-01,3.027309e-02,2.094789e-02,1.538346e-02
1.798880e-02,2.715943e-02,8.883110e-03,2.115926e-02,6.928681e-02,1.650035e-01,1.755542e-03,6.506120e-02,4.004789e-01,1.787023e-02,7.296433e-03,1.499494e-01,2.194394e-02,1.494341e-02,1.122012e-02
3.081496e-02,2.626869e-02,8.215476e-03,2.429257e-02,5.799875e-02,2.124261e-01,2.619828e-03,5.318620e-02,3.738462e-01,2.234422e-02,1.234139e-02,1.160592e-01,3.346652e-02,1.352809e-02,1.259173e-02
3.337361e-02,2.658252e-02,6.233518e-03,2.345099e-02,5.101681e-02,1.839145e-01,3.107151e-03,4.210840e-02,3.762450e-01,2.014294e-02,1.784908e-02,1.025858e-01,9.162465e-02,1.042808e-02,1.133695e-02
3.788595e-02,3.685562e-02,9.161234e-03,3.958255e-02,4.486156e-02,1.583470e-01,4.793828e-03,3.416292e-02,3.420596e-01,2.493944e-02,1.756277e-02,8.154398e-02,1.425950e-01,7.934947e-03,1.771361e-02
4.206090e-02,5.131060e-02,9.633349e-03,3.163277e-02,4.154514e-02,1.496860e-01,5.778173e-03,8.425204e-02,3.158038e-01,2.063601e-02,1.398159e-02,6.432185e-02,1.467764e-01,6.754736e-03,1.582661e-02
7.353716e-02,5.089035e-02,1.324354e-02,2.491505e-02,3.931204e-02,1.742693e-01,6.391389e-03,1.001823e-01,2.695920e-01,1.640385e-02,1.184529e-02,4.692135e-02,1.500649e-01,7.168885e-03,1.526263e-02
7.115982e-02,5.462813e-02,1.418270e-02,1.894355e-02,4.163124e-02,1.683263e-01,5.948707e-03,1.139811e-01,2.926425e-01,1.304806e-02,9.388897e-03,3.376065e-02,1.398034e-01,8.220786e-03,1.433410e-02
7.100247e-02,5.174143e-02,1.258880e-02,1.439170e-02,4.297325e-02,2.090292e-01,6.465499e-03,9.994896e-02,3.090509e-01,1.022395e-02,7.290463e-03,2.417706e-02,1.198367e-01,8.762971e-03,1.251659e-02
1.119513e-01,6.896906e-02,1.348301e-02,1.357241e-02,4.004761e-02,1.821176e-01,9.005819e-03,8.140665e-02,3.138044e-01,1.106200e-02,6.795784e-03,1.896708e-02,9.344477e-02,1.602576e-02,1.934675e-02
1.675251e-01,1.088781e-01,1.410348e-02,1.207416e-02,3.611717e-02,1.506063e-01,1.071575e-02,6.539503e-02,2.746358e-01,1.243614e-02,6.263440e-03,1.561370e-02,7.174322e-02,2.675751e-02,2.713507e-02
2.754163e-01,1.167081e-01,1.376736e-02,1.104662e-02,3.036402e-02,1.131606e-01,1.210819e-02,5.616140e-02,2.219988e-01,1.181611e-02,5.561795e-03,1.617673e-02,5.296071e-02,3.260270e-02,3.015058e-02
3.622152e-01,1.054214e-01,1.393465e-02,1.216619e-02,2.666430e-02,8.718663e-02,1.758129e-02,4.265404e-02,1.758467e-01,1.864813e-02,4.980887e-03,2.335463e-02,4.212295e-02,3.407317e-02,3.314974e-02
4.444217e-01,9.194995e-02,1.556887e-02,1.344646e-02,2.372050e-02,6.822862e-02,2.126800e-02,3.285933e-02,1.351728e-01,1.924355e-02,5.646107e-03,2.289198e-02,3.295503e-02,3.761692e-02,3.501029e-02
4.167098e-01,7.929612e-02,1.428679e-02,1.702237e-02,1.968587e-02,6.267762e-02,2.261517e-02,2.652937e-02,1.029975e-01,3.771639e-02,8.193647e-03,2.136861e-02,2.885772e-02,2.874293e-02,1.133001e-01
4.036505e-01,6.556112e-02,1.356439e-02,1.881355e-02,1.522606e-02,6.252401e-02,1.881033e-02,2.097237e-02,7.845563e-02,6.104516e-02,1.102633e-02,2.312187e-02,2.679271e-02,2.459178e-02,1.558442e-01
4.059734e-01,5.180597e-02,1.508880e-02,2.131116e-02,1.255926e-02,5.460742e-02,1.717818e-02,1.854051e-02,6.045553e-02,9.249433e-02,1.892147e-02,3.764437e-02,3.153901e-02,2.762316e-02,1.342575e-01
4.127561e-01,3.903604e-02,1.361125e-02,1.816954e-02,1.146229e-02,4.397722e-02,1.728074e-02,1.600106e-02,4.957977e-02,1.307122e-01,2.473225e-02,2.999702e-02,3.537183e-02,4.710721e-02,1.102055e-01
3.448602e-01,2.888429e-02,1.070848e-02,1.376041e-02,9.322477e-03,3.582520e-02,1.451268e-02,1.205931e-02,3.909871e-02,1.490050e-01,3.716691e-02,2.232054e-02,3.025332e-02,1.280757e-01,1.241468e-01
2.610260e-01,2.136670e-02,1.090059e-02,1.348342e-02,9.943378e-03,2.707466e-02,1.134095e-02,9.211039e-03,4.986474e-02,1.382693e-01,4.382604e-02,1.894835e-02,3.060833e-02,1.597404e-01,1.943961e-01
2.175228e-01,1.910831e-02,8.908856e-03,1.522485e-02,1.060613e-02,2.531298e-02,9.579354e-03,7.464870e-03,4.504624e-02,1.190083e-01,6.613510e-02,2.208298e-02,2.964226e-02,1.744267e-01,2.299303e-01
1.931629e-01,1.623190e-02,8.738311e-03,1.640470e-02,1.231402e-02,1.997778e-02,7.860187e-03,6.110217e-03,5.095918e-02,1.029254e-01,7.730944e-02,2.015230e-02,2.790773e-02,1.721255e-01,2.678204e-01
1.415159e-01,1.268650e-02,9.345407e-03,1.385787e-02,9.951620e-03,1.605882e-02,6.933720e-03,4.493264e-03,5.436354e-02,9.004343e-02,8.209428e-02,1.550766e-02,2.354531e-02,2.664347e-01,2.531680e-01
1.060362e-01,1.005824e-02,7.761683e-03,1.491929e-02,8.352830e-03,1.367421e-02,5.908628e-03,3.287729e-03,5.337846e-02,9.312016e-02,9.740283e-02,1.417248e-02,2.413396e-02,3.234007e-01,2.243927e-01
1.240637e-01,8.888991e-03,9.598691e-03,2.390408e-02,1.733977e-02,1.105586e-02,4.794706e-03,4.104643e-03,4.597166e-02,7.122741e-02,1.313455e-01,1.779484e-02,3.816514e-02,2.850624e-01,2.066825e-01
9.577592e-02,1.047293e-02,1.019840e-02,2.445974e-02,7.259987e-02,9.135598e-03,4.669541e-03,4.000575e-03,4.156828e-02,5.275623e-02,2.051487e-01,1.664866e-02,4.559333e-02,2.324068e-01,1.745655e-01
7.580598e-02,1.431196e-02,2.070062e-02,2.486976e-02,7.433584e-02,8.439878e-03,3.931212e-03,4.583220e-03,3.870178e-02,4.098042e-02,2.490825e-01,1.489004e-02,3.831057e-02,2.653856e-01,1.256706e-01
8.540280e-02,1.278133e-02,1.798099e-02,2.530807e-02,7.397504e-02,1.337496e-02,3.370984e-03,8.586995e-03,3.543864e-02,3.070020e-02,3.080442e-01,1.394305e-02,3.343320e-02,2.479681e-01,8.969145e-02
6.294145e-02,1.267419e-02,1.355594e-02,1.985119e-02,5.934238e-02,1.617503e-02,2.559126e-03,6.676333e-03,5.151915e-02,2.339552e-02,2.828130e-01,1.691794e-02,2.969689e-02,3.368089e-01,6.507298e-02
5.434551e-02,1.594328e-02,3.876963e-02,3.370792e-02,5.437337e-02,5.659762e-02,2.136469e-03,6.310204e-03,7.584253e-02,1.749290e-02,2.673762e-01,1.314957e-02,3.005493e-02,2.861709e-01,4.772891e-02
4.700340e-02,1.974682e-02,3.560939e-02,3.342845e-02,5.202825e-02,6.885438e-02,2.012718e-03,5.111981e-03,1.324572e-01,1.407002e-02,2.121210e-01,1.098063e-02,2.421101e-02,3.061713e-01,3.619355e-02
6.977025e-02,2.880752e-02,3.047029e-02,3.354207e-02,3.982035e-02,2.199841e-01,2.047238e-03,4.632626e-03,1.088720e-01,1.031756e-02,1.580604e-01,8.503472e-03,1.863014e-02,2.359666e-01,3.057546e-02
9.668940e-02,3.588883e-02,3.102924e-02,2.997963e-02,3.597336e-02,1.735321e-01,1.612733e-03,3.450797e-03,2.035021e-01,8.663346e-03,1.263159e-01,6.524044e-03,1.388303e-02,2.086933e-01,2.426221e-02
1.102130e-01,5.440225e-02,4.100039e-02,5.019151e-02,4.647510e-02,1.380911e-01,1.371123e-03,2.857482e-03,2.312890e-01,7.801249e-03,1.005165e-01,5.340540e-03,1.055262e-02,1.733125e-01,2.658562e-02
1.424682e-01,5.889133e-02,4.043566e-02,6.779337e-02,3.991638e-02,1.080684e-01,1.481903e-03,3.448413e-03,2.055611e-01,5.987749e-03,7.993313e-02,4.801371e-03,8.461232e-03,2.106945e-01,2.205728e-02
1.395990e-01,6.155984e-02,4.319913e-02,5.367982e-02,3.443323e-02,8.344083e-02,1.330391e-03,2.819135e-03,1.975715e-01,5.788571e-03,7.590944e-02,3.894701e-03,6.816931e-03,2.685486e-01,2.140893e-02
1.469547e-01,5.291277e-02,3.570265e-02,4.487028e-02,2.779260e-02,6.372205e-02,1.119391e-03,2.606855e-03,1.977217e-01,4.481937e-03,6.304409e-02,3.886602e-03,6.167940e-03,3.301297e-01,1.888680e-02
1.573513e-01,3.933551e-02,2.673212e-02,3.510980e-02,2.116662e-02,4.746703e-02,9.023344e-04,2.147809e-03,2.635448e-01,3.837290e-03,5.360967e-02,3.415139e-03,5.014686e-03,3.248771e-01,1.548890e-02
1.721679e-01,2.999167e-02,2.185692e-02,3.202806e-02,1.756221e-02,3.614301e-02,9.025781e-04,2.356414e-03,3.345308e-01,3.667197e-03,5.266072e-02,4.148704e-03,4.450044e-03,2.722705e-01,1.526334e-02
2.054144e-01,2.485402e-02,2.062643e-02,2.685690e-02,1.537967e-02,2.931236e-02,8.412421e-04,2.361340e-03,3.790336e-01,3.265887e-03,4.576170e-02,5.116387e-03,4.105270e-03,2.234536e-01,1.361728e-02
2.326089e-01,1.940051e-02,1.859752e-02,2.191484e-02,1.259055e-02,2.317689e-02,7.660285e-04,2.012497e-03,4.265996e-01,3.025148e-03,3.592898e-02,6.332039e-03,4.107521e-03,1.798890e-01,1.304995e-02
1.676199e-01,1.856977e-02,1.512634e-02,2.738027e-02,1.047067e-02,1.742983e-02,6.888618e-04,1.647955e-03,3.008941e-01,2.227432e-03,3.306101e-02,2.339331e-01,3.465906e-02,1.266376e-01,9.654065e-03
1.180233e-01,1.573299e-02,1.248306e-02,2.341734e-02,8.162169e-03,1.316300e-02,5.989768e-04,1.201270e-03,2.117610e-01,2.116923e-03,3.188943e-02,4.232943e-01,4.224497e-02,8.879244e-02,7.118740e-03
8.768017e-02,1.245007e-02,1.226571e-02,2.208181e-02,1.606413e-02,5.783768e-02,6.095359e-03,2.006103e-03,1.642381e-01,1.967830e-03,7.581306e-02,4.289597e-01,4.439932e-02,6.223930e-02,5.901563e-03
6.200747e-02,8.952932e-03,9.140913e-03,1.631917e-02,1.615646e-02,4.295665e-02,4.826316e-03,2.225691e-03,1.182111e-01,1.489279e-03,6.001899e-02,5.763475e-01,3.347776e-02,4.361378e-02,4.256027e-03
4.394310e-02,6.362730e-03,6.563688e-03,1.198318e-02,1.343411e-02,3.502310e-02,3.602291e-03,1.956279e-03,8.539183e-02,1.079111e-03,4.660325e-02,6.827995e-01,2.760426e-02,3.061375e-02,3.039787e-03
3.176525e-02,4.566666e-03,4.655686e-03,8.552014e-03,9.973939e-03,3.176897e-02,2.719809e-03,1.620347e-03,6.402783e-02,8.005794e-04,3.426307e-02,7.575237e-01,2.413312e-02,2.146610e-02,2.163001e-03
2.288282e-02,3.239163e-03,3.276933e-03,6.022912e-03,7.410605e-03,2.776383e-02,2.025483e-03,1.240989e-03,4.554441e-02,7.248875e-04,2.492024e-02,8.164972e-01,2.180976e-02,1.508601e-02,1.554808e-03
1.631783e-02,2.283638e-03,2.309952e-03,4.262941e-03,5.755343e-03,2.243016e-02,1.651287e-03,1.100446e-03,3.226517e-02,7.417739e-04,1.806073e-02,8.603479e-01,2.060803e-02,1.075146e-02,1.113421e-03
1.190633e-02,1.650007e-03,1.656670e-03,3.008217e-03,5.538618e-03,1.685494e-02,3.131810e-03,1.474314e-03,2.308648e-02,9.814785e-04,1.332960e-02,8.894815e-01,1.939278e-02,7.704605e-03,8.026622e-04
9.926494e-03,1.191883e-03,1.223637e-03,2.121066e-03,4.680833e-03,1.662323e-02,2.867410e-02,3.547042e-03,1.647435e-02,1.350486e-03,9.721230e-03,8.812944e-01,1.699515e-02,5.571915e-03,6.042312e-04
1.679624e-02,1.011455e-03,1.128291e-03,1.585625e-03,5.665555e-03,2.158227e-02,3.332063e-02,8.545762e-03,1.212235e-02,1.618770e-03,7.009318e-03,8.575401e-01,2.749741e-02,4.056889e-03,5.193419e-04
2.450521e-02,1.080452e-03,8.914450e-04,1.229917e-03,9.800865e-03,4.976143e-02,2.528350e-02,9.931203e-03,9.031820e-03,1.433240e-03,5.351711e-03,8.214997e-01,3.673542e-02,3.008116e-03,4.559440e-04
3.729387e-02,1.475943e-03,8.861345e-04,1.095557e-03,1.291543e-02,5.215460e-02,1.939291e-02,1.336392e-02,8.339220e-03,1.206087e-03,4.275341e-03,8.027797e-01,4.205596e-02,2.275024e-03,4.902293e-04
4.323453e-02,1.334598e-03,9.676723e-04,9.044859e-04,1.251363e-02,4.196271e-02,1.554823e-02,1.319849e-02,7.179157e-03,9.623419e-04,3.583541e-03,8.195143e-01,3.692475e-02,1.711978e-03,4.595540e-04
4.576286e-02,1.996925e-03,1.729588e-03,8.404819e-04,1.895806e-02,3.577165e-02,1.730949e-02,1.943583e-02,1.139035e-02,8.374567e-04,2.885137e-03,8.096104e-01,3.155434e-02,1.446980e-03,4.703968e-04
4.837875e-02,2.229018e-03,2.496790e-03,7.391319e-04,1.664754e-02,3.024931e-02,1.293861e-02,1.843129e-02,1.014394e-02,7.109944e-04,2.958503e-03,8.252633e-01,2.662674e-02,1.466897e-03,7.191086e-04
4.945394e-02,2.356283e-03,2.237824e-03,7.059695e-04,1.984517e-02,2.396097e-02,1.016845e-02,1.819134e-02,1.011149e-02,5.492541e-04,3.982622e-03,8.267460e-01,2.990138e-02,1.202336e-03,5.868567e-04
4.291332e-02,2.103892e-03,1.794761e-03,6.235802e-04,2.670723e-02,1.773296e-02,8.130655e-03,1.412540e-02,1.124374e-02,4.102561e-04,5.093653e-03,8.354226e-01,3.226890e-02,9.946206e-04,4.344287e-04
5.583874e-02,2.547638e-03,2.054751e-03,7.109644e-04,2.610372e-02,1.403064e-02,6.663943e-03,1.772479e-02,1.093809e-02,3.489862e-04,8.292809e-03,8.068053e-01,4.574183e-02,1.808458e-03,3.892927e-04
6.763344e-02,2.359608e-03,1.536991e-03,7.068276e-04,2.118813e-02,1.231240e-02,6.318590e-03,1.322718e-02,1.114427e-02,3.347783e-04,9.857651e-03,7.799975e-01,6.983641e-02,3.193864e-03,3.523742e-04
8.648504e-02,2.042071e-03,1.210598e-03,6.414867e-04,1.649787e-02,1.061598e-02,6.501316e-03,1.173797e-02,9.683080e-03,3.081113e-04,8.998469e-03,7.818354e-01,6.033286e-02,2.774885e-03,3.347751e-04
1.191638e-01,1.836167e-03,9.833946e-04,6.863212e-04,1.359258e-02,1.126043e-02,6.210439e-03,1.112395e-02,8.876324e-03,3.609972e-04,1.034935e-02,7.505875e-01,6.118900e-02,3.388362e-03,3.914131e-04
1.168170e-01,1.577566e-03,7.870485e-04,5.906257e-04,1.065861e-02,9.497763e-03,5.460019e-03,1.086075e-02,7.305649e-03,3.558919e-04,8.513009e-03,7.480690e-01,7.490148e-02,4.249687e-03,3.558467e-04
1.547504e-01,1.377424e-03,6.752894e-04,7.755973e-04,8.188901e-03,7.876753e-03,5.003587e-03,1.560157e-02,5.914506e-03,3.520752e-04,6.591009e-03,6.285028e-01,1.600252e-01,3.996340e-03,3.684521e-04
1.539546e-01,1.237225e-03,5.889047e-04,6.442477e-04,6.578843e-03,6.671399e-03,4.674939e-03,1.560476e-02,4.845301e-03,3.060711e-04,4.825906e-03,4.929431e-01,3.034150e-01,3.389360e-03,3.202837e-04
1.349474e-01,1.066925e-03,5.205100e-04,5.302135e-04,5.148995e-03,6.081201e-03,3.626884e-03,1.159711e-02,4.108957e-03,2.358013e-04,3.508548e-03,3.542712e-01,4.714628e-01,2.609074e-03,2.844341e-04
1.728116e-01,1.038433e-03,5.089103e-04,6.694925e-04,4.451254e-03,6.554163e-03,3.423675e-03,9.558535e-03,3.996876e-03,2.681313e-04,3.087339e-03,2.967573e-01,4.943308e-01,2.116299e-03,4.271295e-04
2.226462e-01,1.335146e-03,6.682816e-04,1.691224e-03,3.774475e-03,1.084884e-02,3.095029e-03,9.053728e-03,3.674007e-03,5.294600e-04,3.449521e-03,2.358803e-01,4.997234e-01,1.903880e-03,1.726504e-03
3.084758e-01,1.102009e-02,3.666809e-03,2.426498e-02,4.467486e-03,1.538612e-02,3.296286e-03,9.131264e-03,7.621526e-03,3.640515e-03,5.749419e-03,1.817303e-01,3.984664e-01,2.825063e-03,2.025802e-02
2.688983e-01,1.331971e-02,4.490951e-03,6.052581e-02,3.991049e-03,1.920035e-02,3.027420e-03,7.650742e-03,1.732757e-02,1.084582e-02,9.110924e-03,1.445791e-01,3.327760e-01,2.846309e-03,1.014099e-01
3.850424e-01,1.403768e-02,4.461271e-03,4.962401e-02,5.437871e-03,1.718300e-02,3.079731e-03,6.545483e-03,2.299251e-02,8.858195e-03,1.482683e-02,1.119583e-01,2.622304e-01,3.396546e-03,9.032576e-02
3.287573e-01,1.638656e-02,4.170725e-03,4.481390e-02,8.912667e-03,2.308204e-02,3.499518e-03,5.766373e-03,5.700083e-02,8.264094e-03,1.307653e-02,8.295451e-02,2.004990e-01,1.111951e-02,1.916964e-01
3.142092e-01,2.422913e-02,4.950546e-03,4.261450e-02,1.348043e-02,2.748816e-02,5.381710e-03,5.178491e-03,8.314890e-02,1.022373e-02,1.496730e-02,6.302675e-02,1.578151e-01,1.667739e-02,2.166087e-01
4.014802e-01,2.154933e-02,1.562116e-02,5.064396e-02,1.693093e-02,3.903943e-02,5.018147e-03,7.172906e-03,7.081115e-02,9.202780e-03,1.958726e-02,5.568020e-02,1.167960e-01,1.292318e-02,1.575434e-01
4.719888e-01,1.930943e-02,1.794911e-02,6.475788e-02,1.397839e-02,4.264886e-02,4.177554e-03,6.897153e-03,5.749467e-02,8.729061e-03,2.178355e-02,4.979321e-02,8.771060e-02,1.120255e-02,1.215791e-01
1.000000e+00,0.000000e+00,0.000000e+00,0.000000e+00,0.000000e+00,0.000000e+00,0.000000e+00,0.000000e+00,0.000000e+00,0.000000e+00,0.000000e+00,0.000000e+00,0.000000e+00,0.000000e+00,0.000000e+00
1.000000e+00,0.000000e+00,0.000000e+00,0.000000e+00,0.000000e+00,0.000000e+00,0.000000e+00,0.000000e+00,0.000000e+00,0.000000e+00,0.000000e+00,0.000000e+00,0.000000e+00,0.000000e+00,0.000000e+00
1.000000e+00,0.000000e+00,0.000000e+00,0.000000e+00,0.000000e+00,0.000000e+00,0.000000e+00,0.000000e+00,0.000000e+00,0.000000e+00,0.000000e+00,0.000000e+00,0.000000e+00,0.000000e+00,0.000000e+00
1.000000e+00,0.000000e+00,0.000000e+00,0.000000e+00,0.000000e+00,0.000000e+00,0.000000e+00,0.000000e+00,0.000000e+00,0.000000e+00,0.000000e+00,0.000000e+00,0.000000e+00,0.000000e+00,0.000000e+00
1.000000e+00,0.000000e+00,0.000000e+00,0.000000e+00,0.000000e+00,0.000000e+00,0.000000e+00,0.000000e+00,0.000000e+00,0.000000e+00,0.000000e+00,0.000000e+00,0.000000e+00,0.000000e+00,0.000000e+00
1.000000e+00,0.000000e+00,0.000000e+00,0.000000e+00,0.000000e+00,0.000000e+00,0.000000e+00,0.000000e+00,0.000000e+00,0.000000e+00,0.000000e+00,0.000000e+00,0.000000e+00,0.000000e+00,0.000000e+00
4.665557e-01,4.540411e-02,7.652795e-03,1.209822e-01,7.914848e-03,3.592426e-02,2.593390e-03,8.666543e-03,6.153650e-02,9.831181e-03,2.323895e-02,3.443369e-02,2.519171e-02,9.450719e-03,1.406234e-01
3.795424e-01,4.235832e-02,6.960758e-03,1.010296e-01,7.864177e-03,2.796810e-02,2.015761e-03,7.045455e-03,7.093538e-02,1.001434e-02,1.891297e-02,2.761165e-02,2.119028e-02,1.217619e-02,2.643746e-01
3.122418e-01,4.159879e-02,6.506146e-03,7.646364e-02,1.113665e-02,2.544575e-02,1.614353e-03,5.586442e-03,9.039391e-02,1.779006e-02,1.674422e-02,2.040092e-02,1.689310e-02,1.672319e-02,3.404610e-01
2.398182e-01,3.925870e-02,6.217147e-03,6.500248e-02,1.214492e-02,2.002996e-02,1.241543e-03,5.525694e-03,1.642329e-01,2.628831e-02,1.462026e-02,1.474099e-02,1.352291e-02,1.381042e-02,3.635456e-01
1.964495e-01,3.761609e-02,6.706221e-03,5.083056e-02,1.190213e-02,1.629931e-02,9.848785e-04,4.260788e-03,1.410966e-01,2.225301e-02,1.214024e-02,1.122391e-02,1.105102e-02,1.752264e-02,4.596632e-01
1.574864e-01,3.785734e-02,1.575037e-02,6.009080e-02,1.182239e-02,1.227648e-02,9.868459e-04,7.964174e-03,2.256927e-01,4.378403e-02,9.506968e-03,8.207853e-03,8.338862e-03,1.395244e-02,3.862824e-01
1.798533e-01,3.832319e-02,1.688987e-02,7.848997e-02,4.109138e-02,3.119853e-02,1.543805e-03,1.403702e-02,1.852333e-01,3.318774e-02,7.606612e-03,6.180058e-03,7.905385e-03,1.503370e-02,3.434261e-01
1.631095e-01,4.143149e-02,2.022230e-02,1.202488e-01,7.853245e-02,4.826009e-02,4.445934e-03,2.134999e-02,1.456704e-01,2.567607e-02,5.939981e-03,4.565393e-03,6.503507e-03,1.329455e-02,3.007495e-01
1.698722e-01,4.411723e-02,2.258795e-02,1.169596e-01,1.142107e-01,6.032217e-02,6.054920e-03,2.495725e-02,1.235891e-01,2.050023e-02,5.616391e-03,3.837690e-03,7.118840e-03,1.339894e-02,2.668567e-01
1.922031e-01,7.236989e-02,2.333637e-02,9.319019e-02,1.257683e-01,5.093292e-02,6.317056e-03,2.069913e-02,1.377670e-01,1.505280e-02,5.797251e-03,4.789106e-03,7.741299e-03,2.364993e-02,2.203856e-01
2.255052e-01,7.088579e-02,2.595636e-02,8.687792e-02,1.247709e-01,4.422377e-02,8.212459e-03,2.397303e-02,1.326070e-01,1.233552e-02,8.473141e-03,1.242907e-02,1.495463e-02,3.192691e-02,1.768683e-01
2.634373e-01,6.862579e-02,2.286939e-02,7.193629e-02,1.437923e-01,3.875461e-02,6.498483e-03,2.160503e-02,1.446185e-01,9.577870e-03,1.059856e-02,1.397983e-02,1.884466e-02,3.252202e-02,1.323393e-01
1.879879e-01,6.011468e-02,1.760918e-02,6.343273e-02,1.082638e-01,3.025958e-02,4.904600e-03,1.527361e-02,1.603974e-01,1.022950e-02,1.958289e-02,2.081988e-02,7.023216e-02,3.030939e-02,2.005827e-01
1.334590e-01,5.380801e-02,1.390682e-02,6.313628e-02,7.874928e-02,3.742283e-02,3.678253e-03,1.080576e-02,1.624841e-01,8.920472e-03,1.743989e-02,2.593649e-02,1.724540e-01,2.234805e-02,1.954508e-01
1.311429e-01,3.992652e-02,1.162155e-02,5.017878e-02,5.591546e-02,4.096597e-02,2.990271e-03,8.163108e-03,1.160547e-01,6.407538e-03,1.312716e-02,2.552659e-02,3.412142e-01,1.583589e-02,1.409294e-01
9.764785e-02,2.825606e-02,8.444650e-03,3.543935e-02,3.956792e-02,3.050245e-02,2.280115e-03,5.822328e-03,8.170765e-02,4.518570e-03,9.509156e-03,2.070368e-02,5.238649e-01,1.112545e-02,1.006098e-01
7.020045e-02,2.001163e-02,6.043508e-03,2.508327e-02,2.791264e-02,2.306666e-02,1.773202e-03,4.119737e-03,5.749390e-02,3.192752e-03,6.996604e-03,1.833087e-02,6.552566e-01,7.810042e-03,7.270821e-02
5.102254e-02,1.405823e-02,4.242098e-03,1.761869e-02,1.977935e-02,2.517589e-02,1.460507e-03,2.946023e-03,4.032519e-02,2.259317e-03,6.310740e-03,2.080620e-02,7.373273e-01,5.505932e-03,5.116203e-02
3.775712e-02,9.879624e-03,3.021952e-03,1.241003e-02,1.459691e-02,3.031209e-02,2.716200e-03,2.386770e-03,2.836620e-02,1.620389e-03,7.841423e-03,2.373980e-02,7.852966e-01,3.943738e-03,3.611116e-02
2.651351e-02,6.928830e-03,2.119379e-03,8.708216e-03,1.146886e-02,2.191669e-02,1.935286e-03,1.684638e-03,1.997313e-02,1.235884e-03,7.620397e-03,2.321190e-02,8.383633e-01,2.847464e-03,2.547248e-02
1.879371e-02,4.852825e-03,1.485051e-03,6.110375e-03,8.662510e-03,1.589202e-02,1.364485e-03,1.182997e-03,1.413685e-02,1.186948e-03,9.911176e-03,7.260248e-02,8.238698e-01,2.031240e-03,1.791752e-02
1.329629e-02,3.415117e-03,1.052724e-03,4.313870e-03,7.172543e-03,1.156818e-02,9.766991e-04,8.390915e-04,1.003510e-02,2.146410e-03,2.316247e-02,2.778261e-01,6.300935e-01,1.454368e-03,1.264753e-02
9.391506e-03,2.395452e-03,7.384820e-04,3.025991e-03,5.229883e-03,8.522782e-03,6.980222e-04,5.881853e-04,7.296885e-03,2.082664e-03,1.798950e-02,4.724271e-01,4.597150e-01,1.031696e-03,8.866869e-03
6.663801e-03,1.685675e-03,5.287703e-04,2.126711e-03,3.815159e-03,7.203058e-03,5.331274e-04,4.160909e-04,5.263780e-03,2.541318e-03,1.527710e-02,6.175455e-01,3.294274e-01,7.488969e-04,6.223625e-03
4.731551e-03,1.191041e-03,3.841110e-04,1.496608e-03,2.834914e-03,5.583890e-03,3.947688e-04,2.963317e-04,3.954111e-03,2.797975e-03,1.402338e-02,7.219339e-01,2.354412e-01,5.627060e-04,4.373451e-03
3.403391e-03,8.560009e-04,2.728267e-04,1.053846e-03,2.156373e-03,4.177381e-03,2.850243e-04,2.099068e-04,6.650348e-03,3.833835e-03,1.390581e-02,7.881321e-01,1.715458e-01,4.277627e-04,3.089626e-03
2.711268e-03,6.188073e-04,1.986263e-04,7.511580e-04,2.729392e-03,3.768197e-03,2.380900e-04,1.595691e-04,8.527036e-03,6.833668e-03,1.618961e-02,8.140368e-01,1.407053e-01,3.233213e-04,2.209124e-03
2.674232e-03,8.477685e-04,1.577915e-04,5.371982e-04,2.252681e-02,2.823825e-03,4.444487e-04,2.026218e-04,1.608606e-01,8.641737e-03,1.401085e-02,6.709969e-01,1.134775e-01,2.321998e-04,1.565508e-03
2.619726e-03,1.178858e-03,1.497866e-04,3.956044e-04,3.374135e-02,2.349124e-03,6.408883e-04,3.607160e-04,2.552314e-01,1.366176e-02,1.370137e-02,5.799043e-01,9.474196e-02,1.730737e-04,1.150102e-03
2.196979e-03,1.290554e-03,1.863653e-04,3.091223e-04,3.310974e-02,3.158481e-03,5.685046e-04,4.268000e-04,3.152838e-01,1.721817e-02,1.369887e-02,5.390219e-01,7.251103e-02,1.734160e-04,8.463123e-04
1.858348e-03,2.520060e-03,6.683060e-04,2.567687e-04,4.122663e-02,2.683159e-03,5.171284e-04,6.107191e-04,4.464383e-01,1.411853e-02,1.114392e-02,4.208747e-01,5.633914e-02,1.397290e-04,6.045304e-04
1.714900e-03,2.517560e-03,6.583469e-04,2.103190e-04,3.547723e-02,3.595283e-03,4.012433e-04,7.539308e-04,3.855582e-01,1.302610e-02,1.332017e-02,4.996964e-01,4.245264e-02,1.744915e-04,4.431285e-04
2.600513e-03,2.532979e-03,5.525587e-04,2.464109e-04,4.846212e-02,4.084155e-03,5.632195e-04,1.538793e-03,4.718839e-01,1.713676e-02,1.107404e-02,4.079552e-01,3.091688e-02,1.371616e-04,3.153992e-04
3.736745e-03,2.917901e-03,6.763260e-04,1.076005e-03,5.810429e-02,5.159509e-03,7.167130e-04,8.766878e-03,5.186687e-01,1.785519e-02,9.260561e-03,3.499529e-01,2.277303e-02,1.056541e-04,2.295997e-04
8.446069e-03,2.559056e-03,6.376352e-04,3.641753e-03,1.790162e-01,1.197374e-02,1.454144e-03,2.138238e-02,4.710458e-01,1.540309e-02,7.141855e-03,2.603704e-01,1.667295e-02,8.687002e-05,1.680871e-04
2.775454e-02,2.690312e-03,6.086938e-04,5.213744e-03,2.104894e-01,3.727204e-02,3.059010e-03,2.714187e-02,4.162443e-01,1.540420e-02,9.732036e-03,2.315517e-01,1.255921e-02,1.321256e-04,1.468182e-04
4.248209e-02,2.382089e-03,1.528381e-03,3.127562e-02,1.899199e-01,3.532981e-02,3.268277e-03,1.359243e-01,3.244707e-01,1.457172e-02,9.899788e-03,1.986057e-01,1.003406e-02,1.598715e-04,1.476769e-04
5.374967e-02,2.535383e-03,2.752346e-03,4.966330e-02,2.181254e-01,4.537109e-02,3.395780e-03,1.861101e-01,2.368191e-01,1.189481e-02,1.717434e-02,1.635148e-01,8.329352e-03,3.512475e-04,2.133266e-04
7.441336e-02,2.514139e-03,2.816733e-03,5.283657e-02,3.057372e-01,4.571468e-02,3.705067e-03,1.457978e-01,1.778262e-01,9.534111e-03,3.847193e-02,1.311351e-01,8.093767e-03,1.131779e-03,2.716360e-04
1.006285e-01,2.568696e-03,2.591869e-03,8.485255e-02,3.113536e-01,4.759156e-02,3.040951e-03,1.484265e-01,1.305837e-01,9.537754e-03,3.979810e-02,1.095078e-01,7.111245e-03,1.972817e-03,4.344417e-04
2.067771e-01,2.004901e-03,2.036825e-03,8.941156e-02,2.382508e-01,4.000825e-02,2.577016e-03,1.078332e-01,1.096523e-01,2.627994e-02,6.375879e-02,9.720913e-02,7.135197e-03,6.227558e-03,8.374050e-04
3.061062e-01,1.745012e-03,1.860005e-03,8.399931e-02,1.793024e-01,3.270045e-02,2.413451e-03,8.437398e-02,8.341008e-02,3.198541e-02,7.526468e-02,9.646669e-02,8.685033e-03,1.043466e-02,1.252619e-03
4.210078e-01,1.709210e-03,2.204338e-03,7.355038e-02,1.399567e-01,2.549707e-02,2.425637e-03,7.546003e-02,6.134779e-02,2.478296e-02,6.841721e-02,8.233486e-02,7.733432e-03,1.218883e-02,1.383783e-03
4.822398e-01,1.588454e-03,2.534833e-03,6.711262e-02,1.028764e-01,2.215481e-02,2.281413e-03,5.546758e-02,5.149696e-02,2.324518e-02,8.179122e-02,7.953790e-02,6.957614e-03,1.871236e-02,2.002824e-03
1.000000e+00,0.000000e+00,0.000000e+00,0.000000e+00,0.000000e+00,0.000000e+00,0.000000e+00,0.000000e+00,0.000000e+00,0.000000e+00,0.000000e+00,0.000000e+00,0.000000e+00,0.000000e+00,0.000000e+00
1.000000e+00,0.000000e+00,0.000000e+00,0.000000e+00,0.000000e+00,0.000000e+00,0.000000e+00,0.000000e+00,0.000000e+00,0.000000e+00,0.000000e+00,0.000000e+00,0.000000e+00,0.000000e+00,0.000000e+00
1.000000e+00,0.000000e+00,0.000000e+00,0.000000e+00,0.000000e+00,0.000000e+00,0.000000e+00,0.000000e+00,0.000000e+00,0.000000e+00,0.000000e+00,0.000000e+00,0.000000e+00,0.000000e+00,0.000000e+00
1.000000e+00,0.000000e+00,0.000000e+00,0.000000e+00,0.000000e+00,0.000000e+00,0.000000e+00,0.000000e+00,0.000000e+00,0.000000e+00,0.000000e+00,0.000000e+00,0.000000e+00,0.000000e+00,0.000000e+00
1.000000e+00,0.000000e+00,0.000000e+00,0.000000e+00,0.000000e+00,0.000000e+00,0.000000e+00,0.000000e+00,0.000000e+00,0.000000e+00,0.000000e+00,0.000000e+00,0.000000e+00,0.000000e+00,0.000000e+00
1.000000e+00,0.000000e+00,0.000000e+00,0.000000e+00,0.000000e+00,0.000000e+00,0.000000e+00,0.000000e+00,0.000000e+00,0.000000e+00,0.000000e+00,0.000000e+00,0.000000e+00,0.000000e+00,0.000000e+00
1.000000e+00,0.000000e+00,0.000000e+00,0.000000e+00,0.000000e+00,0.000000e+00,0.000000e+00,0.000000e+00,0.000000e+00,0.000000e+00,0.000000e+00,0.000000e+00,0.000000e+00,0.000000e+00,0.000000e+00
1.000000e+00,0.000000e+00,0.000000e+00,0.000000e+00,0.000000e+00,0.000000e+00,0.000000e+00,0.000000e+00,0.000000e+00,0.000000e+00,0.000000e+00,0.000000e+00,0.000000e+00,0.000000e+00,0.000000e+00
1.000000e+00,0.000000e+00,0.000000e+00,0.000000e+00,0.000000e+00,0.000000e+00,0.000000e+00,0.000000e+00,0.000000e+00,0.000000e+00,0.000000e+00,0.000000e+00,0.000000e+00,0.000000e+00,0.000000e+00
1.000000e+00,0.000000e+00,0.000000e+00,0.000000e+00,0.000000e+00,0.000000e+00,0.000000e+00,0.000000e+00,0.000000e+00,0.000000e+00,0.000000e+00,0.000000e+00,0.000000e+00,0.000000e+00,0.000000e+00
1.000000e+00,0.000000e+00,0.000000e+00,0.000000e+00,0.000000e+00,0.000000e+00,0.000000e+00,0.000000e+00,0.000000e+00,0.000000e+00,0.000000e+00,0.000000e+00,0.000000e+00,0.000000e+00,0.000000e+00
1.000000e+00,0.000000e+00,0.000000e+00,0.000000e+00,0.000000e+00,0.000000e+00,0.000000e+00,0.000000e+00,0.000000e+00,0.000000e+00,0.000000e+00,0.000000e+00,0.000000e+00,0.000000e+00,0.000000e+00
1.000000e+00,0.000000e+00,0.000000e+00,0.000000e+00,0.000000e+00,0.000000e+00,0.000000e+00,0.000000e+00,0.000000e+00,0.000000e+00,0.000000e+00,0.000000e+00,0.000000e+00,0.000000e+00,0.000000e+00
1.000000e+00,0.000000e+00,0.000000e+00,0.000000e+00,0.000000e+00,0.000000e+00,0.000000e+00,0.000000e+00,0.000000e+00,0.000000e+00,0.000000e+00,0.000000e+00,0.000000e+00,0.000000e+00,0.000000e+00
1.000000e+00,0.000000e+00,0.000000e+00,0.000000e+00,0.000000e+00,0.000000e+00,0.000000e+00,0.000000e+00,0.000000e+00,0.000000e+00,0.000000e+00,0.000000e+00,0.000000e+00,0.000000e+00,0.000000e+00
1.000000e+00,0.000000e+00,0.000000e+00,0.000000e+00,0.000000e+00,0.000000e+00,0.000000e+00,0.000000e+00,0.000000e+00,0.000000e+00,0.000000e+00,0.000000e+00,0.000000e+00,0.000000e+00,0.000000e+00
1.000000e+00,0.000000e+00,0.000000e+00,0.000000e+00,0.000000e+00,0.000000e+00,0.000000e+00,0.000000e+00,0.000000e+00,0.000000e+00,0.000000e+00,0.000000e+00,0.000000e+00,0.000000e+00,0.000000e+00
1.000000e+00,0.000000e+00,0.000000e+00,0.000000e+00,0.000000e+00,0.000000e+00,0.000000e+00,0.000000e+00,0.000000e+00,0.000000e+00,0.000000e+00,0.000000e+00,0.000000e+00,0.000000e+00,0.000000e+00
1.000000e+00,0.000000e+00,0.000000e+00,0.000000e+00,0.000000e+00,0.000000e+00,0.000000e+00,0.000000e+00,0.000000e+00,0.000000e+00,0.000000e+00,0.000000e+00,0.000000e+00,0.000000e+00,0.000000e+00
1.000000e+00,0.000000e+00,0.000000e+00,0.000000e+00,0.000000e+00,0.000000e+00,0.000000e+00,0.000000e+00,0.000000e+00,0.000000e+00,0.000000e+00,0.000000e+00,0.000000e+00,0.000000e+00,0.000000e+00
1.000000e+00,0.000000e+00,0.000000e+00,0.000000e+00,0.000000e+00,0.000000e+00,0.000000e+00,0.000000e+00,0.000000e+00,0.000000e+00,0.000000e+00,0.000000e+00,0.000000e+00,0.000000e+00,0.000000e+00
1.000000e+00,0.000000e+00,0.000000e+00,0.000000e+00,0.000000e+00,0.000000e+00,0.000000e+00,0.000000e+00,0.000000e+00,0.000000e+00,0.000000e+00,0.000000e+00,0.000000e+00,0.000000e+00,0.000000e+00
1.000000e+00,0.000000e+00,0.000000e+00,0.000000e+00,0.000000e+00,0.000000e+00,0.000000e+00,0.000000e+00,0.000000e+00,0.000000e+00,0.000000e+00,0.000000e+00,0.000000e+00,0.000000e+00,0.000000e+00
1.000000e+00,0.000000e+00,0.000000e+00,0.000000e+00,0.000000e+00,0.000000e+00,0.000000e+00,0.000000e+00,0.000000e+00,0.000000e+00,0.000000e+00,0.000000e+00,0.000000e+00,0.000000e+00,0.000000e+00
1.000000e+00,0.000000e+00,0.000000e+00,0.000000e+00,0.000000e+00,0.000000e+00,0.000000e+00,0.000000e+00,0.000000e+00,0.000000e+00,0.000000e+00,0.000000e+00,0.000000e+00,0.000000e+00,0.000000e+00
1.000000e+00,0.000000e+00,0.000000e+00,0.000000e+00,0.000000e+00,0.000000e+00,0.000000e+00,0.000000e+00,0.000000e+00,0.000000e+00,0.000000e+00,0.000000e+00,0.000000e+00,0.000000e+00,0.000000e+00
1.000000e+00,0.000000e+00,0.000000e+00,0.000000e+00,0.000000e+00,0.000000e+00,0.000000e+00,0.000000e+00,0.000000e+00,0.000000e+00,0.000000e+00,0.000000e+00,0.000000e+00,0.000000e+00,0.000000e+00
1.000000e+00,0.000000e+00,0.000000e+00,0.000000e+00,0.000000e+00,0.000000e+00,0.000000e+00,0.000000e+00,0.000000e+00,0.000000e+00,0.000000e+00,0.000000e+00,0.000000e+00,0.000000e+00,0.000000e+00
1.000000e+00,0.000000e+00,0.000000e+00,0.000000e+00,0.000000e+00,0.000000e+00,0.000000e+00,0.000000e+00,0.000000e+00,0.000000e+00,0.000000e+00,0.000000e+00,0.000000e+00,0.000000e+00,0.000000e+00
1.000000e+00,0.000000e+00,0.000000e+00,0.000000e+00,0.000000e+00,0.000000e+00,0.000000e+00,0.000000e+00,0.000000e+00,0.000000e+00,0.000000e+00,0.000000e+00,0.000000e+00,0.000000e+00,0.000000e+00
1.000000e+00,0.000000e+00,0.000000e+00,0.000000e+00,0.000000e+00,0.000000e+00,0.000000e+00,0.000000e+00,0.000000e+00,0.000000e+00,0.000000e+00,0.000000e+00,0.000000e+00,0.000000e+00,0.000000e+00
1.000000e+00,0.000000e+00,0.000000e+00,0.000000e+00,0.000000e+00,0.000000e+00,0.000000e+00,0.000000e+00,0.000000e+00,0.000000e+00,0.000000e+00,0.000000e+00,0.000000e+00,0.000000e+00,0.000000e+00
1.000000e+00,0.000000e+00,0.000000e+00,0.000000e+00,0.000000e+00,0.000000e+00,0.000000e+00,0.000000e+00,0.000000e+00,0.000000e+00,0.000000e+00,0.000000e+00,0.000000e+00,0.000000e+00,0.000000e+00
1.000000e+00,0.000000e+00,0.000000e+00,0.000000e+00,0.000000e+00,0.000000e+00,0.000000e+00,0.000000e+00,0.000000e+00,0.000000e+00,0.000000e+00,0.000000e+00,0.000000e+00,0.000000e+00,0.000000e+00
1.000000e+00,0.000000e+00,0.000000e+00,0.000000e+00,0.000000e+00,0.000000e+00,0.000000e+00,0.000000e+00,0.000000e+00,0.000000e+00,0.000000e+00,0.000000e+00,0.000000e+00,0.000000e+00,0.000000e+00
1.000000e+00,0.000000e+00,0.000000e+00,0.000000e+00,0.000000e+00,0.000000e+00,0.000000e+00,0.000000e+00,0.000000e+00,0.000000e+00,0.000000e+00,0.000000e+00,0.000000e+00,0.000000e+00,0.000000e+00
1.000000e+00,0.000000e+00,0.000000e+00,0.000000e+00,0.000000e+00,0.000000e+00,0.000000e+00,0.000000e+00,0.000000e+00,0.000000e+00,0.000000e+00,0.000000e+00,0.000000e+00,0.000000e+00,0.000000e+00
1.000000e+00,0.000000e+00,0.000000e+00,0.000000e+00,0.000000e+00,0.000000e+00,0.000000e+00,0.000000e+00,0.000000e+00,0.000000e+00,0.000000e+00,0.000000e+00,0.000000e+00,0.000000e+00,0.000000e+00
1.000000e+00,0.000000e+00,0.000000e+00,0.000000e+00,0.000000e+00,0.000000e+00,0.000000e+00,0.000000e+00,0.000000e+00,0.000000e+00,0.000000e+00,0.000000e+00,0.000000e+00,0.000000e+00,0.000000e+00
1.000000e+00,0.000000e+00,0.000000e+00,0.000000e+00,0.000000e+00,0.000000e+00,0.000000e+00,0.000000e+00,0.000000e+00,0.000000e+00,0.000000e+00,0.000000e+00,0.000000e+00,0.000000e+00,0.000000e+00
1.000000e+00,0.000000e+00,0.000000e+00,0.000000e+00,0.000000e+00,0.000000e+00,0.000000e+00,0.000000e+00,0.000000e+00,0.000000e+00,0.000000e+00,0.000000e+00,0.000000e+00,0.000000e+00,0.000000e+00
1.000000e+00,0.000000e+00,0.000000e+00,0.000000e+00,0.000000e+00,0.000000e+00,0.000000e+00,0.000000e+00,0.000000e+00,0.000000e+00,0.000000e+00,0.000000e+00,0.000000e+00,0.000000e+00,0.000000e+00
1.000000e+00,0.000000e+00,0.000000e+00,0.000000e+00,0.000000e+00,0.000000e+00,0.000000e+00,0.000000e+00,0.000000e+00,0.000000e+00,0.000000e+00,0.000000e+00,0.000000e+00,0.000000e+00,0.000000e+00
1.000000e+00,0.000000e+00,0.000000e+00,0.000000e+00,0.000000e+00,0.000000e+00,0.000000e+00,0.000000e+00,0.000000e+00,0.000000e+00,0.000000e+00,0.000000e+00,0.000000e+00,0.000000e+00,0.000000e+00
1.000000e+00,0.000000e+00,0.000000e+00,0.000000e+00,0.000000e+00,0.000000e+00,0.000000e+00,0.000000e+00,0.000000e+00,0.000000e+00,0.000000e+00,0.000000e+00,0.000000e+00,0.000000e+00,0.000000e+00
1.000000e+00,0.000000e+00,0.000000e+00,0.000000e+00,0.000000e+00,0.000000e+00,0.000000e+00,0.000000e+00,0.000000e+00,0.000000e+00,0.000000e+00,0.000000e+00,0.000000e+00,0.000000e+00,0.000000e+00
1.000000e+00,0.000000e+00,0.000000e+00,0.000000e+00,0.000000e+00,0.000000e+00,0.000000e+00,0.000000e+00,0.000000e+00,0.000000e+00,0.000000e+00,0.000000e+00,0.000000e+00,0.000000e+00,0.000000e+00
1.000000e+00,0.000000e+00,0.000000e+00,0.000000e+00,0.000000e+00,0.000000e+00,0.000000e+00,0.000000e+00,0.000000e+00,0.000000e+00,0.000000e+00,0.000000e+00,0.000000e+00,0.000000e+00,0.000000e+00
1.000000e+00,0.000000e+00,0.000000e+00,0.000000e+00,0.000000e+00,0.000000e+00,0.000000e+00,0.000000e+00,0.000000e+00,0.000000e+00,0.000000e+00,0.000000e+00,0.000000e+00,0.000000e+00,0.000000e+00
1.000000e+00,0.000000e+00,0.000000e+00,0.000000e+00,0.000000e+00,0.000000e+00,0.000000e+00,0.000000e+00,0.000000e+00,0.000000e+00,0.000000e+00,0.000000e+00,0.000000e+00,0.000000e+00,0.000000e+00
1.000000e+00,0.000000e+00,0.000000e+00,0.000000e+00,0.000000e+00,0.000000e+00,0.000000e+00,0.000000e+00,0.000000e+00,0.000000e+00,0.000000e+00,0.000000e+00,0.000000e+00,0.000000e+00,0.000000e+00
1.000000e+00,0.000000e+00,0.000000e+00,0.000000e+00,0.000000e+00,0.000000e+00,0.000000e+00,0.000000e+00,0.000000e+00,0.000000e+00,0.000000e+00,0.000000e+00,0.000000e+00,0.000000e+00,0.000000e+00
1.000000e+00,0.000000e+00,0.000000e+00,0.000000e+00,0.000000e+00,0.000000e+00,0.000000e+00,0.000000e+00,0.000000e+00,0.000000e+00,0.000000e+00,0.000000e+00,0.000000e+00,0.000000e+00,0.000000e+00
1.000000e+00,0.000000e+00,0.000000e+00,0.000000e+00,0.000000e+00,0.000000e+00,0.000000e+00,0.000000e+00,0.000000e+00,0.000000e+00,0.000000e+00,0.000000e+00,0.000000e+00,0.000000e+00,0.000000e+00
1.000000e+00,0.000000e+00,0.000000e+00,0.000000e+00,0.000000e+00,0.000000e+00,0.000000e+00,0.000000e+00,0.000000e+00,0.000000e+00,0.000000e+00,0.000000e+00,0.000000e+00,0.000000e+00,0.000000e+00
1.000000e+00,0.000000e+00,0.000000e+00,0.000000e+00,0.000000e+00,0.000000e+00,0.000000e+00,0.000000e+00,0.000000e+00,0.000000e+00,0.000000e+00,0.000000e+00,0.000000e+00,0.000000e+00,0.000000e+00
