1.000000e+00,0.000000e+00,0.000000e+00,0.000000e+00,0.000000e+00,0.000000e+00,0.000000e+00,0.000000e+00,0.000000e+00,0.000000e+00,0.000000e+00,0.000000e+00,0.000000e+00,0.000000e+00,0.000000e+00
1.000000e+00,0.000000e+00,0.000000e+00,0.000000e+00,0.000000e+00,0.000000e+00,0.000000e+00,0.000000e+00,0.000000e+00,0.000000e+00,0.000000e+00,0.000000e+00,0.000000e+00,0.000000e+00,0.000000e+00
1.000000e+00,0.000000e+00,0.000000e+00,0.000000e+00,0.000000e+00,0.000000e+00,0.000000e+00,0.000000e+00,0.000000e+00,0.000000e+00,0.000000e+00,0.000000e+00,0.000000e+00,0.000000e+00,0.000000e+00
1.000000e+00,0.000000e+00,0.000000e+00,0.000000e+00,0.000000e+00,0.000000e+00,0.000000e+00,0.000000e+00,0.000000e+00,0.000000e+00,0.000000e+00,0.000000e+00,0.000000e+00,0.000000e+00,0.000000e+00
1.000000e+00,0.000000e+00,0.000000e+00,0.000000e+00,0.000000e+00,0.000000e+00,0.000000e+00,0.000000e+00,0.000000e+00,0.000000e+00,0.000000e+00,0.000000e+00,0.000000e+00,0.000000e+00,0.000000e+00
1.000000e+00,0.000000e+00,0.000000e+00,0.000000e+00,0.000000e+00,0.000000e+00,0.000000e+00,0.000000e+00,0.000000e+00,0.000000e+00,0.000000e+00,0.000000e+00,0.000000e+00,0.000000e+00,0.000000e+00
1.000000e+00,0.000000e+00,0.000000e+00,0.000000e+00,0.000000e+00,0.000000e+00,0.000000e+00,0.000000e+00,0.000000e+00,0.000000e+00,0.000000e+00,0.000000e+00,0.000000e+00,0.000000e+00,0.000000e+00
1.000000e+00,0.000000e+00,0.000000e+00,0.000000e+00,0.000000e+00,0.000000e+00,0.000000e+00,0.000000e+00,0.000000e+00,0.000000e+00,0.000000e+00,0.000000e+00,0.000000e+00,0.000000e+00,0.000000e+00
1.000000e+00,0.000000e+00,0.000000e+00,0.000000e+00,0.000000e+00,0.000000e+00,0.000000e+00,0.000000e+00,0.000000e+00,0.000000e+00,0.000000e+00,0.000000e+00,0.000000e+00,0.000000e+00,0.000000e+00
1.000000e+00,0.000000e+00,0.000000e+00,0.000000e+00,0.000000e+00,0.000000e+00,0.000000e+00,0.000000e+00,0.000000e+00,0.000000e+00,0.000000e+00,0.000000e+00,0.000000e+00,0.000000e+00,0.000000e+00
1.000000e+00,0.000000e+00,0.000000e+00,0.000000e+00,0.000000e+00,0.000000e+00,0.000000e+00,0.000000e+00,0.000000e+00,0.000000e+00,0.000000e+00,0.000000e+00,0.000000e+00,0.000000e+00,0.000000e+00
1.000000e+00,0.000000e+00,0.000000e+00,0.000000e+00,0.000000e+00,0.000000e+00,0.000000e+00,0.000000e+00,0.000000e+00,0.000000e+00,0.000000e+00,0.000000e+00,0.000000e+00,0.000000e+00,0.000000e+00
1.000000e+00,0.000000e+00,0.000000e+00,0.000000e+00,0.000000e+00,0.000000e+00,0.000000e+00,0.000000e+00,0.000000e+00,0.000000e+00,0.000000e+00,0.000000e+00,0.000000e+00,0.000000e+00,0.000000e+00
1.000000e+00,0.000000e+00,0.000000e+00,0.000000e+00,0.000000e+00,0.000000e+00,0.000000e+00,0.000000e+00,0.000000e+00,0.000000e+00,0.000000e+00,0.000000e+00,0.000000e+00,0.000000e+00,0.000000e+00
1.000000e+00,0.000000e+00,0.000000e+00,0.000000e+00,0.000000e+00,0.000000e+00,0.000000e+00,0.000000e+00,0.000000e+00,0.000000e+00,0.000000e+00,0.000000e+00,0.000000e+00,0.000000e+00,0.000000e+00
1.000000e+00,0.000000e+00,0.000000e+00,0.000000e+00,0.000000e+00,0.000000e+00,0.000000e+00,0.000000e+00,0.000000e+00,0.000000e+00,0.000000e+00,0.000000e+00,0.000000e+00,0.000000e+00,0.000000e+00
1.000000e+00,0.000000e+00,0.000000e+00,0.000000e+00,0.000000e+00,0.000000e+00,0.000000e+00,0.000000e+00,0.000000e+00,0.000000e+00,0.000000e+00,0.000000e+00,0.000000e+00,0.000000e+00,0.000000e+00
1.000000e+00,0.000000e+00,0.000000e+00,0.000000e+00,0.000000e+00,0.000000e+00,0.000000e+00,0.000000e+00,0.000000e+00,0.000000e+00,0.000000e+00,0.000000e+00,0.000000e+00,0.000000e+00,0.000000e+00
1.000000e+00,0.000000e+00,0.000000e+00,0.000000e+00,0.000000e+00,0.000000e+00,0.000000e+00,0.000000e+00,0.000000e+00,0.000000e+00,0.000000e+00,0.000000e+00,0.000000e+00,0.000000e+00,0.000000e+00
1.000000e+00,0.000000e+00,0.000000e+00,0.000000e+00,0.000000e+00,0.000000e+00,0.000000e+00,0.000000e+00,0.000000e+00,0.000000e+00,0.000000e+00,0.000000e+00,0.000000e+00,0.000000e+00,0.000000e+00
1.000000e+00,0.000000e+00,0.000000e+00,0.000000e+00,0.000000e+00,0.000000e+00,0.000000e+00,0.000000e+00,0.000000e+00,0.000000e+00,0.000000e+00,0.000000e+00,0.000000e+00,0.000000e+00,0.000000e+00
1.000000e+00,0.000000e+00,0.000000e+00,0.000000e+00,0.000000e+00,0.000000e+00,0.000000e+00,0.000000e+00,0.000000e+00,0.000000e+00,0.000000e+00,0.000000e+00,0.000000e+00,0.000000e+00,0.000000e+00
1.000000e+00,0.000000e+00,0.000000e+00,0.000000e+00,0.000000e+00,0.000000e+00,0.000000e+00,0.000000e+00,0.000000e+00,0.000000e+00,0.000000e+00,0.000000e+00,0.000000e+00,0.000000e+00,0.000000e+00
1.000000e+00,0.000000e+00,0.000000e+00,0.000000e+00,0.000000e+00,0.000000e+00,0.000000e+00,0.000000e+00,0.000000e+00,0.000000e+00,0.000000e+00,0.000000e+00,0.000000e+00,0.000000e+00,0.000000e+00
1.000000e+00,0.000000e+00,0.000000e+00,0.000000e+00,0.000000e+00,0.000000e+00,0.000000e+00,0.000000e+00,0.000000e+00,0.000000e+00,0.000000e+00,0.000000e+00,0.000000e+00,0.000000e+00,0.000000e+00
1.000000e+00,0.000000e+00,0.000000e+00,0.000000e+00,0.000000e+00,0.000000e+00,0.000000e+00,0.000000e+00,0.000000e+00,0.000000e+00,0.000000e+00,0.000000e+00,0.000000e+00,0.000000e+00,0.000000e+00
1.000000e+00,0.000000e+00,0.000000e+00,0.000000e+00,0.000000e+00,0.000000e+00,0.000000e+00,0.000000e+00,0.000000e+00,0.000000e+00,0.000000e+00,0.000000e+00,0.000000e+00,0.000000e+00,0.000000e+00
1.000000e+00,0.000000e+00,0.000000e+00,0.000000e+00,0.000000e+00,0.000000e+00,0.000000e+00,0.000000e+00,0.000000e+00,0.000000e+00,0.000000e+00,0.000000e+00,0.000000e+00,0.000000e+00,0.000000e+00
1.000000e+00,0.000000e+00,0.000000e+00,0.000000e+00,0.000000e+00,0.000000e+00,0.000000e+00,0.000000e+00,0.000000e+00,0.000000e+00,0.000000e+00,0.000000e+00,0.000000e+00,0.000000e+00,0.000000e+00
1.000000e+00,0.000000e+00,0.000000e+00,0.000000e+00,0.000000e+00,0.000000e+00,0.000000e+00,0.000000e+00,0.000000e+00,0.000000e+00,0.000000e+00,0.000000e+00,0.000000e+00,0.000000e+00,0.000000e+00
1.000000e+00,0.000000e+00,0.000000e+00,0.000000e+00,0.000000e+00,0.000000e+00,0.000000e+00,0.000000e+00,0.000000e+00,0.000000e+00,0.000000e+00,0.000000e+00,0.000000e+00,0.000000e+00,0.000000e+00
1.000000e+00,0.000000e+00,0.000000e+00,0.000000e+00,0.000000e+00,0.000000e+00,0.000000e+00,0.000000e+00,0.000000e+00,0.000000e+00,0.000000e+00,0.000000e+00,0.000000e+00,0.000000e+00,0.000000e+00
1.000000e+00,0.000000e+00,0.000000e+00,0.000000e+00,0.000000e+00,0.000000e+00,0.000000e+00,0.000000e+00,0.000000e+00,0.000000e+00,0.000000e+00,0.000000e+00,0.000000e+00,0.000000e+00,0.000000e+00
1.000000e+00,0.000000e+00,0.000000e+00,0.000000e+00,0.000000e+00,0.000000e+00,0.000000e+00,0.000000e+00,0.000000e+00,0.000000e+00,0.000000e+00,0.000000e+00,0.000000e+00,0.000000e+00,0.000000e+00
1.000000e+00,0.000000e+00,0.000000e+00,0.000000e+00,0.000000e+00,0.000000e+00,0.000000e+00,0.000000e+00,0.000000e+00,0.000000e+00,0.000000e+00,0.000000e+00,0.000000e+00,0.000000e+00,0.000000e+00
1.000000e+00,0.000000e+00,0.000000e+00,0.000000e+00,0.000000e+00,0.000000e+00,0.000000e+00,0.000000e+00,0.000000e+00,0.000000e+00,0.000000e+00,0.000000e+00,0.000000e+00,0.000000e+00,0.000000e+00
1.000000e+00,0.000000e+00,0.000000e+00,0.000000e+00,0.000000e+00,0.000000e+00,0.000000e+00,0.000000e+00,0.000000e+00,0.000000e+00,0.000000e+00,0.000000e+00,0.000000e+00,0.000000e+00,0.000000e+00
1.000000e+00,0.000000e+00,0.000000e+00,0.000000e+00,0.000000e+00,0.000000e+00,0.000000e+00,0.000000e+00,0.000000e+00,0.000000e+00,0.000000e+00,0.000000e+00,0.000000e+00,0.000000e+00,0.000000e+00
1.000000e+00,0.000000e+00,0.000000e+00,0.000000e+00,0.000000e+00,0.000000e+00,0.000000e+00,0.000000e+00,0.000000e+00,0.000000e+00,0.000000e+00,0.000000e+00,0.000000e+00,0.000000e+00,0.000000e+00
1.000000e+00,0.000000e+00,0.000000e+00,0.000000e+00,0.000000e+00,0.000000e+00,0.000000e+00,0.000000e+00,0.000000e+00,0.000000e+00,0.000000e+00,0.000000e+00,0.000000e+00,0.000000e+00,0.000000e+00
1.000000e+00,0.000000e+00,0.000000e+00,0.000000e+00,0.000000e+00,0.000000e+00,0.000000e+00,0.000000e+00,0.000000e+00,0.000000e+00,0.000000e+00,0.000000e+00,0.000000e+00,0.000000e+00,0.000000e+00
1.000000e+00,0.000000e+00,0.000000e+00,0.000000e+00,0.000000e+00,0.000000e+00,0.000000e+00,0.000000e+00,0.000000e+00,0.000000e+00,0.000000e+00,0.000000e+00,0.000000e+00,0.000000e+00,0.000000e+00
1.000000e+00,0.000000e+00,0.000000e+00,0.000000e+00,0.000000e+00,0.000000e+00,0.000000e+00,0.000000e+00,0.000000e+00,0.000000e+00,0.000000e+00,0.000000e+00,0.000000e+00,0.000000e+00,0.000000e+00
1.000000e+00,0.000000e+00,0.000000e+00,0.000000e+00,0.000000e+00,0.000000e+00,0.000000e+00,0.000000e+00,0.000000e+00,0.000000e+00,0.000000e+00,0.000000e+00,0.000000e+00,0.000000e+00,0.000000e+00
1.000000e+00,0.000000e+00,0.000000e+00,0.000000e+00,0.000000e+00,0.000000e+00,0.000000e+00,0.000000e+00,0.000000e+00,0.000000e+00,0.000000e+00,0.000000e+00,0.000000e+00,0.000000e+00,0.000000e+00
1.000000e+00,0.000000e+00,0.000000e+00,0.000000e+00,0.000000e+00,0.000000e+00,0.000000e+00,0.000000e+00,0.000000e+00,0.000000e+00,0.000000e+00,0.000000e+00,0.000000e+00,0.000000e+00,0.000000e+00
1.000000e+00,0.000000e+00,0.000000e+00,0.000000e+00,0.000000e+00,0.000000e+00,0.000000e+00,0.000000e+00,0.000000e+00,0.000000e+00,0.000000e+00,0.000000e+00,0.000000e+00,0.000000e+00,0.000000e+00
1.000000e+00,0.000000e+00,0.000000e+00,0.000000e+00,0.000000e+00,0.000000e+00,0.000000e+00,0.000000e+00,0.000000e+00,0.000000e+00,0.000000e+00,0.000000e+00,0.000000e+00,0.000000e+00,0.000000e+00
1.000000e+00,0.000000e+00,0.000000e+00,0.000000e+00,0.000000e+00,0.000000e+00,0.000000e+00,0.000000e+00,0.000000e+00,0.000000e+00,0.000000e+00,0.000000e+00,0.000000e+00,0.000000e+00,0.000000e+00
1.000000e+00,0.000000e+00,0.000000e+00,0.000000e+00,0.000000e+00,0.000000e+00,0.000000e+00,0.000000e+00,0.000000e+00,0.000000e+00,0.000000e+00,0.000000e+00,0.000000e+00,0.000000e+00,0.000000e+00
1.000000e+00,0.000000e+00,0.000000e+00,0.000000e+00,0.000000e+00,0.000000e+00,0.000000e+00,0.000000e+00,0.000000e+00,0.000000e+00,0.000000e+00,0.000000e+00,0.000000e+00,0.000000e+00,0.000000e+00
1.000000e+00,0.000000e+00,0.000000e+00,0.000000e+00,0.000000e+00,0.000000e+00,0.000000e+00,0.000000e+00,0.000000e+00,0.000000e+00,0.000000e+00,0.000000e+00,0.000000e+00,0.000000e+00,0.000000e+00
1.000000e+00,0.000000e+00,0.000000e+00,0.000000e+00,0.000000e+00,0.000000e+00,0.000000e+00,0.000000e+00,0.000000e+00,0.000000e+00,0.000000e+00,0.000000e+00,0.000000e+00,0.000000e+00,0.000000e+00
1.000000e+00,0.000000e+00,0.000000e+00,0.000000e+00,0.000000e+00,0.000000e+00,0.000000e+00,0.000000e+00,0.000000e+00,0.000000e+00,0.000000e+00,0.000000e+00,0.000000e+00,0.000000e+00,0.000000e+00
1.000000e+00,0.000000e+00,0.000000e+00,0.000000e+00,0.000000e+00,0.000000e+00,0.000000e+00,0.000000e+00,0.000000e+00,0.000000e+00,0.000000e+00,0.000000e+00,0.000000e+00,0.000000e+00,0.000000e+00
1.000000e+00,0.000000e+00,0.000000e+00,0.000000e+00,0.000000e+00,0.000000e+00,0.000000e+00,0.000000e+00,0.000000e+00,0.000000e+00,0.000000e+00,0.000000e+00,0.000000e+00,0.000000e+00,0.000000e+00
1.000000e+00,0.000000e+00,0.000000e+00,0.000000e+00,0.000000e+00,0.000000e+00,0.000000e+00,0.000000e+00,0.000000e+00,0.000000e+00,0.000000e+00,0.000000e+00,0.000000e+00,0.000000e+00,0.000000e+00
1.000000e+00,0.000000e+00,0.000000e+00,0.000000e+00,0.000000e+00,0.000000e+00,0.000000e+00,0.000000e+00,0.000000e+00,0.000000e+00,0.000000e+00,0.000000e+00,0.000000e+00,0.000000e+00,0.000000e+00
1.000000e+00,0.000000e+00,0.000000e+00,0.000000e+00,0.000000e+00,0.000000e+00,0.000000e+00,0.000000e+00,0.000000e+00,0.000000e+00,0.000000e+00,0.000000e+00,0.000000e+00,0.000000e+00,0.000000e+00
1.000000e+00,0.000000e+00,0.000000e+00,0.000000e+00,0.000000e+00,0.000000e+00,0.000000e+00,0.000000e+00,0.000000e+00,0.000000e+00,0.000000e+00,0.000000e+00,0.000000e+00,0.000000e+00,0.000000e+00
1.000000e+00,0.000000e+00,0.000000e+00,0.000000e+00,0.000000e+00,0.000000e+00,0.000000e+00,0.000000e+00,0.000000e+00,0.000000e+00,0.000000e+00,0.000000e+00,0.000000e+00,0.000000e+00,0.000000e+00
4.700845e-01,1.814486e-02,3.644731e-02,7.573933e-02,4.772685e-03,5.503805e-02,6.798607e-03,9.463239e-03,1.079661e-02,1.735587e-03,1.226804e-02,2.094077e-02,2.530433e-01,2.675299e-03,2.205185e-02
3.868516e-01,1.801928e-02,3.024453e-02,8.183532e-02,5.801236e-03,7.219400e-02,9.034272e-03,9.494569e-03,3.432324e-02,2.154942e-03,1.172850e-02,1.898404e-02,2.896486e-01,2.578155e-03,2.710772e-02
2.746781e-01,1.463683e-02,2.186261e-02,6.631057e-02,5.002558e-03,6.712659e-02,9.724746e-03,6.930276e-03,2.857356e-02,1.803991e-03,8.835832e-03,1.554184e-02,4.433610e-01,2.026008e-03,3.358543e-02
1.950980e-01,1.070913e-02,1.537754e-02,4.888120e-02,4.155865e-03,5.173464e-02,8.754347e-03,4.903126e-03,2.302993e-02,1.464704e-03,7.367123e-03,1.942595e-02,5.818381e-01,1.642872e-03,2.561745e-02
1.388624e-01,7.840564e-03,1.081385e-02,3.543162e-02,3.677083e-03,4.167476e-02,7.810550e-03,3.498042e-03,1.749323e-02,1.454257e-03,7.221062e-03,6.123198e-02,6.422483e-01,1.540437e-03,1.920176e-02
9.979613e-02,6.102651e-03,7.896249e-03,2.632110e-02,3.946097e-03,4.220379e-02,6.381323e-03,2.611459e-03,1.623453e-02,1.937872e-03,1.179762e-02,2.302188e-01,5.235348e-01,1.614735e-03,1.940287e-02
7.707278e-02,5.128651e-03,6.304040e-03,2.017646e-02,3.490136e-03,7.461207e-02,5.522047e-03,1.901940e-03,1.455979e-02,3.125007e-03,1.498493e-02,3.188730e-01,4.354840e-01,3.001945e-03,1.576324e-02
6.105833e-02,4.341518e-03,5.119123e-03,1.477292e-02,3.346963e-03,6.002178e-02,4.743217e-03,1.361530e-03,1.399459e-02,1.465048e-02,2.009078e-02,3.953496e-01,3.794740e-01,7.571660e-03,1.410344e-02
4.448845e-02,3.072006e-03,3.639537e-03,1.041483e-02,2.581633e-03,5.078816e-02,4.502748e-03,1.035418e-03,1.027927e-02,2.096959e-02,1.802766e-02,5.424732e-01,2.712387e-01,6.064945e-03,1.042394e-02
3.225378e-02,2.158348e-03,2.562793e-03,7.349893e-03,1.981345e-03,4.027666e-02,3.670410e-03,8.289522e-04,7.815576e-03,1.782928e-02,1.765666e-02,6.613944e-01,1.918653e-01,4.917365e-03,7.439268e-03
2.287363e-02,1.517119e-03,1.804800e-03,5.192515e-03,1.472642e-03,3.143528e-02,2.672587e-03,6.557595e-04,6.874293e-03,1.425982e-02,1.889942e-02,7.482027e-01,1.351144e-01,3.781067e-03,5.244017e-03
1.632754e-02,1.072515e-03,1.269859e-03,3.689345e-03,1.163529e-03,2.383213e-02,1.949069e-03,5.854040e-04,6.010344e-03,1.205887e-02,1.990654e-02,8.105832e-01,9.494952e-02,2.890635e-03,3.711412e-03
1.166055e-02,7.738720e-04,9.024763e-04,2.652899e-03,9.679759e-04,1.771198e-02,1.393340e-03,9.244218e-04,5.337255e-03,1.003098e-02,4.249484e-02,8.331425e-01,6.694522e-02,2.403200e-03,2.658438e-03
8.207037e-03,5.875564e-04,6.514955e-04,1.900291e-03,7.885884e-04,1.260907e-02,9.962153e-04,9.070316e-04,4.692275e-03,8.268319e-03,3.352617e-02,8.762474e-01,4.698522e-02,1.748906e-03,1.884334e-03
5.775183e-03,5.299202e-04,5.842214e-04,1.384144e-03,1.215164e-03,8.926999e-03,7.408105e-04,8.839382e-04,5.151400e-03,7.842862e-03,2.920510e-02,9.021090e-01,3.302439e-02,1.292148e-03,1.334578e-03
4.065110e-03,6.109243e-04,7.729282e-04,1.053080e-03,7.645641e-03,6.406580e-03,9.005224e-04,7.281259e-04,7.224624e-03,6.875706e-03,2.457768e-02,9.139429e-01,2.320152e-02,1.023476e-03,9.710299e-04
3.977658e-03,2.191929e-03,3.910229e-03,2.185135e-03,8.063626e-02,4.837855e-03,9.993190e-04,2.231156e-02,1.069106e-02,7.542416e-03,2.467936e-02,8.179445e-01,1.642934e-02,9.377636e-04,7.254461e-04
3.085731e-03,1.831377e-03,3.096237e-03,2.187315e-03,1.513173e-01,4.080467e-03,2.407589e-03,1.702698e-02,1.102084e-02,8.143231e-03,3.360402e-02,7.488198e-01,1.195572e-02,8.765440e-04,5.467370e-04
3.233128e-03,1.772212e-03,4.880026e-03,4.786389e-03,1.238476e-01,1.744962e-02,1.205792e-02,9.383852e-02,9.084390e-03,8.459564e-03,4.259884e-02,6.678592e-01,8.910437e-03,8.104633e-04,4.115818e-04
3.666319e-03,1.555624e-03,4.722076e-03,3.561873e-03,2.318920e-01,1.354513e-02,2.053160e-02,8.317848e-02,1.111243e-02,6.884425e-03,5.792209e-02,5.527664e-01,7.320606e-03,7.881626e-04,5.527351e-04
9.107765e-03,1.522912e-03,5.052526e-03,2.734686e-03,2.986872e-01,1.857956e-02,5.086980e-02,6.318359e-02,1.304837e-02,1.054675e-02,8.945580e-02,4.219634e-01,9.033395e-03,1.526892e-03,4.687354e-03
1.672360e-02,1.930912e-03,5.089515e-03,2.284810e-03,2.842324e-01,1.945055e-02,3.847008e-02,5.772692e-02,4.331381e-02,1.487931e-02,1.116645e-01,3.515431e-01,4.456555e-02,3.572354e-03,4.552511e-03
1.869183e-02,4.486199e-03,5.166782e-03,1.925541e-03,2.390587e-01,2.314528e-02,2.901769e-02,4.458245e-02,1.467374e-01,1.778363e-02,1.129839e-01,2.874326e-01,6.030127e-02,5.094017e-03,3.592703e-03
2.012267e-02,6.723571e-03,8.505782e-03,4.279777e-03,2.156141e-01,2.273670e-02,2.543996e-02,1.082226e-01,2.002890e-01,1.429964e-02,9.772241e-02,2.086327e-01,5.845356e-02,5.781366e-03,3.176147e-03
2.412351e-02,1.027496e-02,8.436125e-03,5.785574e-03,1.781320e-01,5.236169e-02,1.920304e-02,8.829157e-02,3.134174e-01,1.117585e-02,7.712533e-02,1.533229e-01,5.011473e-02,5.133823e-03,3.101414e-03
2.089279e-02,1.322802e-02,8.151975e-03,5.375054e-03,1.374513e-01,1.138129e-01,1.391695e-02,6.654631e-02,3.934405e-01,9.522201e-03,6.161737e-02,1.095558e-01,3.878687e-02,4.090419e-03,3.611605e-03
1.946739e-02,2.879564e-02,8.400111e-03,9.638097e-03,1.020308e-01,1.604149e-01,1.012783e-02,5.010580e-02,4.324626e-01,9.399173e-03,5.104742e-02,7.969934e-02,2.936124e-02,4.016978e-03,5.032684e-03
1.975153e-02,4.423226e-02,6.831815e-03,8.088612e-03,7.738432e-02,1.477363e-01,7.665610e-03,4.054475e-02,4.986363e-01,7.875567e-03,4.819923e-02,6.159731e-02,2.313640e-02,3.326602e-03,4.993376e-03
3.089339e-02,3.593958e-02,9.334298e-03,1.580185e-02,9.677172e-02,1.766599e-01,1.037083e-02,7.137276e-02,4.336941e-01,7.440011e-03,3.712707e-02,4.674298e-02,1.862384e-02,2.654681e-03,6.572958e-03
6.832878e-02,3.399836e-02,3.878088e-02,8.091156e-02,9.924815e-02,1.378007e-01,1.053261e-02,9.156667e-02,3.425172e-01,6.917931e-03,2.826656e-02,3.516757e-02,1.530707e-02,2.402101e-03,8.253854e-03
1.419121e-01,2.882325e-02,4.078871e-02,1.181096e-01,8.323278e-02,1.064375e-01,8.592233e-03,8.666705e-02,2.636549e-01,1.072642e-02,3.664983e-02,3.005675e-02,1.764798e-02,3.978129e-03,2.272273e-02
1.855606e-01,2.896931e-02,3.871315e-02,1.055012e-01,8.942713e-02,8.681586e-02,8.071326e-03,1.091255e-01,2.247362e-01,8.552044e-03,4.814725e-02,2.433797e-02,1.909547e-02,4.333750e-03,1.861318e-02
1.820118e-01,3.934314e-02,3.626912e-02,1.106611e-01,8.727142e-02,6.551867e-02,7.968881e-03,8.721010e-02,2.065741e-01,9.329327e-03,4.342915e-02,2.098383e-02,7.887286e-02,3.787893e-03,2.076853e-02
1.371347e-01,6.687442e-02,4.253583e-02,1.858295e-01,6.276593e-02,4.823437e-02,6.105097e-03,6.408006e-02,2.055919e-01,9.570763e-03,4.155696e-02,2.092804e-02,7.151885e-02,3.325040e-03,3.394851e-02
1.047977e-01,6.343634e-02,4.056240e-02,1.731809e-01,4.540331e-02,5.105396e-02,5.470602e-03,4.901463e-02,1.710297e-01,8.753140e-03,6.890723e-02,2.384100e-02,1.460252e-01,2.893521e-03,4.563032e-02
8.023098e-02,4.904242e-02,3.397849e-02,1.557802e-01,3.324391e-02,5.993016e-02,4.428529e-03,3.587908e-02,1.317532e-01,7.879121e-03,8.013421e-02,4.533517e-02,2.284217e-01,4.876559e-03,4.908615e-02
6.110631e-02,3.899298e-02,2.565429e-02,1.192535e-01,2.517555e-02,4.672839e-02,4.101554e-03,2.544097e-02,9.842685e-02,2.698220e-02,7.681042e-02,7.414302e-02,2.984689e-01,1.290401e-02,6.581100e-02
4.558137e-02,2.834839e-02,2.313970e-02,8.461087e-02,3.075977e-02,3.581000e-02,3.424819e-03,1.888884e-02,7.353557e-02,2.529183e-02,7.542605e-02,7.716110e-02,3.879017e-01,1.209640e-02,7.802363e-02
3.789412e-02,2.229193e-02,1.822282e-02,6.108756e-02,2.394105e-02,2.919012e-02,3.903603e-03,1.371691e-02,5.491203e-02,3.115392e-02,6.455354e-02,8.709136e-02,4.172919e-01,1.569356e-02,1.190556e-01
2.756837e-02,1.612294e-02,1.771453e-02,4.341471e-02,1.762768e-02,2.334432e-02,5.541772e-03,1.000450e-02,4.024937e-02,2.637041e-02,6.305267e-02,1.510913e-01,4.272602e-01,1.254051e-02,1.180968e-01
2.108026e-02,1.211070e-02,1.394415e-02,3.179814e-02,1.314491e-02,1.936674e-02,4.557288e-03,7.495228e-03,3.334550e-02,2.978532e-02,5.206390e-02,1.484357e-01,4.818272e-01,1.552253e-02,1.155225e-01
1.540108e-02,8.756859e-03,1.064758e-02,2.280291e-02,1.325854e-02,1.447450e-02,4.307566e-03,5.536286e-03,2.536394e-02,2.986757e-02,4.869401e-02,1.304964e-01,4.776660e-01,1.263081e-02,1.800960e-01
1.147691e-02,6.706506e-03,8.789601e-03,1.764730e-02,1.154921e-02,1.109185e-02,6.720082e-03,4.223105e-03,2.242807e-02,6.446844e-02,4.888964e-02,1.877468e-01,3.896537e-01,1.224828e-02,1.963605e-01
8.946389e-03,5.371164e-03,7.818236e-03,1.501060e-02,8.988779e-03,9.196053e-03,5.650679e-03,3.418290e-03,1.735019e-02,9.553058e-02,5.846502e-02,2.718974e-01,3.157784e-01,1.042998e-02,1.661482e-01
7.034603e-03,3.885895e-03,5.846526e-03,1.128923e-02,6.810530e-03,8.260469e-03,4.302275e-03,3.101965e-03,1.396322e-02,1.062787e-01,7.895650e-02,2.969146e-01,2.881932e-01,1.168709e-02,1.534752e-01
5.656464e-03,2.951938e-03,5.312519e-03,8.340348e-03,5.201412e-03,7.154820e-03,3.297328e-03,2.997596e-03,1.174198e-02,1.200360e-01,9.259281e-02,2.792152e-01,2.809139e-01,1.046432e-02,1.641234e-01
5.697943e-03,3.658317e-03,1.130285e-02,6.183716e-03,5.291501e-03,6.456582e-03,2.529983e-03,6.549924e-03,1.165325e-02,1.049129e-01,1.302183e-01,2.355287e-01,2.745779e-01,1.267834e-02,1.827598e-01
8.537701e-03,5.548759e-03,2.781714e-02,5.037017e-03,8.209935e-03,6.745742e-03,2.013067e-03,1.601960e-02,1.788226e-02,1.054200e-01,1.323899e-01,2.061198e-01,2.568215e-01,1.418042e-02,1.872572e-01
2.087497e-02,4.946718e-03,2.750316e-02,5.381808e-03,1.437500e-02,1.926674e-02,3.522547e-03,3.032758e-02,1.807659e-02,1.710195e-01,1.361442e-01,1.662350e-01,2.012097e-01,1.825322e-02,1.628633e-01
3.730561e-02,4.093936e-03,3.756850e-02,5.943659e-03,9.910925e-02,1.526147e-02,8.673506e-03,6.786972e-02,2.208800e-02,1.958503e-01,1.047980e-01,1.229531e-01,1.491751e-01,1.404941e-02,1.152606e-01
6.339755e-02,3.725686e-03,3.861246e-02,1.036189e-02,1.981198e-01,1.306126e-02,1.180471e-02,8.194402e-02,3.323010e-02,1.794324e-01,7.646959e-02,8.992567e-02,1.078862e-01,1.035425e-02,8.167458e-02
7.769427e-02,4.664442e-03,3.303134e-02,9.548572e-03,2.694231e-01,1.231671e-02,1.113382e-02,7.709128e-02,1.014545e-01,1.340903e-01,5.656624e-02,6.694691e-02,7.958097e-02,8.083421e-03,5.837424e-02
9.356076e-02,7.174540e-03,2.726787e-02,1.016427e-02,2.973840e-01,1.347488e-02,1.063434e-02,6.448703e-02,1.612020e-01,9.871642e-02,4.604106e-02,5.545738e-02,6.503007e-02,6.316607e-03,4.308881e-02
9.019715e-02,9.418985e-03,2.343999e-02,7.115503e-02,2.992031e-01,1.162104e-02,1.037705e-02,6.581018e-02,1.746626e-01,7.127544e-02,4.077081e-02,4.425981e-02,5.051820e-02,4.708874e-03,3.258176e-02
7.956178e-02,7.691462e-03,1.995419e-02,6.178436e-02,2.402492e-01,2.592321e-02,1.062187e-02,1.111903e-01,2.544591e-01,5.056802e-02,3.459125e-02,3.455209e-02,4.146691e-02,3.566443e-03,2.381972e-02
6.619986e-02,5.909084e-03,2.033444e-02,5.721771e-02,2.036679e-01,2.187569e-02,9.186536e-03,1.893610e-01,2.878285e-01,3.580419e-02,2.648240e-02,2.558682e-02,3.096201e-02,2.568016e-03,1.701579e-02
8.889870e-02,9.603249e-03,2.136083e-02,4.963648e-02,2.753702e-01,1.897403e-02,1.521117e-02,1.404160e-01,2.701424e-01,2.593418e-02,2.420584e-02,1.983196e-02,2.333649e-02,2.081580e-03,1.499685e-02
9.578790e-02,1.153553e-02,2.784623e-02,7.372354e-02,3.134691e-01,2.010310e-02,3.238142e-02,1.147620e-01,2.241879e-01,1.872518e-02,1.867330e-02,1.567278e-02,1.880425e-02,1.911629e-03,1.241613e-02
1.285279e-01,1.892881e-02,2.751818e-02,9.075361e-02,3.390767e-01,2.406564e-02,3.423041e-02,9.257751e-02,1.699208e-01,1.393310e-02,1.447363e-02,1.284210e-02,1.503740e-02,2.232667e-03,1.588152e-02
1.341359e-01,3.033617e-02,3.917535e-02,8.823107e-02,3.360406e-01,2.910559e-02,2.985695e-02,9.075449e-02,1.489862e-01,1.181993e-02,1.230146e-02,1.090507e-02,1.404289e-02,3.075876e-03,2.123239e-02
1.278332e-01,2.684269e-02,4.886223e-02,8.343340e-02,3.153782e-01,2.855706e-02,2.648881e-02,1.619828e-01,1.196817e-01,8.813629e-03,1.087620e-02,9.210931e-03,1.289399e-02,2.807092e-03,1.633808e-02
1.470986e-01,2.900242e-02,5.073918e-02,6.794465e-02,3.367412e-01,3.229257e-02,2.126417e-02,1.405938e-01,1.188485e-01,7.387552e-03,9.212066e-03,8.670144e-03,1.232085e-02,2.857703e-03,1.502664e-02
1.554286e-01,3.498639e-02,6.987018e-02,5.217955e-02,3.135020e-01,4.941817e-02,1.591574e-02,1.349226e-01,1.245977e-01,6.351743e-03,7.677184e-03,7.355213e-03,1.303294e-02,2.940682e-03,1.182135e-02
2.335629e-01,3.427893e-02,7.655285e-02,4.171439e-02,2.419818e-01,6.976821e-02,1.340669e-02,1.193070e-01,1.202941e-01,5.798641e-03,7.231682e-03,7.294695e-03,1.290184e-02,3.184508e-03,1.272163e-02
3.649556e-01,3.219878e-02,6.760786e-02,3.217258e-02,1.928736e-01,5.199829e-02,1.187987e-02,8.900763e-02,1.077524e-01,5.388987e-03,6.837409e-03,8.154946e-03,1.095010e-02,4.501484e-03,1.372027e-02
4.804954e-01,2.826499e-02,5.514419e-02,2.506375e-02,1.487562e-01,4.011657e-02,9.595813e-03,7.295928e-02,8.642007e-02,5.759168e-03,6.791005e-03,9.294008e-03,8.964133e-03,5.101841e-03,1.727350e-02
1.000000e+00,0.000000e+00,0.000000e+00,0.000000e+00,0.000000e+00,0.000000e+00,0.000000e+00,0.000000e+00,0.000000e+00,0.000000e+00,0.000000e+00,0.000000e+00,0.000000e+00,0.000000e+00,0.000000e+00
1.000000e+00,0.000000e+00,0.000000e+00,0.000000e+00,0.000000e+00,0.000000e+00,0.000000e+00,0.000000e+00,0.000000e+00,0.000000e+00,0.000000e+00,0.000000e+00,0.000000e+00,0.000000e+00,0.000000e+00
1.000000e+00,0.000000e+00,0.000000e+00,0.000000e+00,0.000000e+00,0.000000e+00,0.000000e+00,0.000000e+00,0.000000e+00,0.000000e+00,0.000000e+00,0.000000e+00,0.000000e+00,0.000000e+00,0.000000e+00
1.000000e+00,0.000000e+00,0.000000e+00,0.000000e+00,0.000000e+00,0.000000e+00,0.000000e+00,0.000000e+00,0.000000e+00,0.000000e+00,0.000000e+00,0.000000e+00,0.000000e+00,0.000000e+00,0.000000e+00
4.047946e-01,2.246145e-02,3.283158e-02,2.193153e-02,3.387597e-02,5.262689e-02,5.997460e-03,8.220623e-02,3.538263e-02,4.608956e-02,1.333999e-02,2.156997e-02,8.917961e-03,1.539890e-02,2.025753e-01
2.870334e-01,2.409795e-02,3.075175e-02,1.161932e-01,2.443011e-02,5.251177e-02,4.312982e-03,5.778549e-02,3.220439e-02,8.756827e-02,3.821293e-02,3.061232e-02,1.953744e-02,1.204359e-02,1.827044e-01
2.074550e-01,2.343017e-02,2.487487e-02,9.255101e-02,1.771623e-02,7.132836e-02,3.177156e-03,4.065448e-02,2.784461e-02,2.342250e-01,4.575914e-02,2.751040e-02,2.427199e-02,1.147840e-02,1.477232e-01
1.497792e-01,1.769147e-02,1.764950e-02,6.623244e-02,1.252517e-02,5.503441e-02,2.296205e-03,2.854640e-02,2.109908e-02,4.145515e-01,4.331661e-02,2.752813e-02,2.233830e-02,9.398944e-03,1.120127e-01
1.073911e-01,1.445840e-02,1.248290e-02,4.815190e-02,9.128690e-03,4.181209e-02,1.738234e-03,2.024241e-02,3.307418e-02,5.145541e-01,4.693267e-02,3.339987e-02,2.077246e-02,8.709215e-03,8.715174e-02
7.898900e-02,2.016096e-02,9.626986e-03,5.149177e-02,9.789595e-03,4.100421e-02,1.896111e-03,1.508076e-02,7.922425e-02,4.501473e-01,7.054071e-02,6.820621e-02,2.507516e-02,1.054749e-02,6.821943e-02
5.672153e-02,1.874512e-02,7.592311e-03,4.220439e-02,7.837716e-03,4.204476e-02,1.452349e-03,1.087129e-02,8.012124e-02,3.985036e-01,9.884257e-02,1.434357e-01,2.617304e-02,1.144112e-02,5.401328e-02
4.040603e-02,1.374782e-02,5.438970e-03,3.069928e-02,5.738496e-03,3.425024e-02,1.122199e-03,7.728226e-03,7.080308e-02,3.280091e-01,1.325117e-01,2.524358e-01,2.571868e-02,1.056758e-02,4.082275e-02
2.864037e-02,1.082355e-02,3.897834e-03,2.258579e-02,4.576139e-03,2.546014e-02,8.226829e-04,5.484403e-03,6.485377e-02,2.485354e-01,1.897217e-01,3.019360e-01,4.267819e-02,1.065243e-02,3.933164e-02
2.261384e-02,1.351843e-02,3.414397e-03,1.855283e-02,8.564826e-03,1.962740e-02,8.015605e-04,6.877840e-03,1.416815e-01,2.200201e-01,1.693355e-01,2.772782e-01,4.584828e-02,1.651614e-02,3.534916e-02
1.737573e-02,1.533174e-02,2.928182e-03,1.451582e-02,1.611759e-02,1.570062e-02,8.731270e-04,6.384887e-03,2.086243e-01,1.999153e-01,1.519868e-01,2.448361e-01,4.551605e-02,2.140606e-02,3.848765e-02
1.426836e-02,4.030794e-02,7.255435e-03,1.161931e-02,2.015702e-02,1.652970e-02,8.157882e-04,1.065958e-02,2.897199e-01,1.558879e-01,1.202449e-01,2.041628e-01,4.350258e-02,3.057872e-02,3.429008e-02
1.205153e-02,4.924937e-02,7.236526e-03,9.046257e-03,3.463302e-02,4.597883e-02,1.421910e-03,1.594063e-02,3.654245e-01,1.151735e-01,8.975399e-02,1.596806e-01,3.369362e-02,3.258853e-02,2.812728e-02
9.964149e-03,6.645869e-02,7.582123e-03,7.622591e-03,3.372777e-02,6.715279e-02,1.443947e-03,2.483334e-02,4.089216e-01,8.382329e-02,6.929795e-02,1.286524e-01,2.889615e-02,3.587527e-02,2.574794e-02
1.252706e-02,8.259158e-02,9.214076e-03,1.121739e-02,3.005971e-02,9.531028e-02,1.430839e-03,2.784561e-02,4.245053e-01,6.177630e-02,5.255231e-02,1.058883e-01,2.632910e-02,3.148022e-02,2.727201e-02
1.658059e-02,9.337881e-02,1.189578e-02,1.082048e-02,3.267937e-02,8.904134e-02,1.988765e-03,4.153521e-02,4.353027e-01,4.762270e-02,4.315535e-02,8.899490e-02,2.596259e-02,3.021843e-02,3.082294e-02
2.534919e-02,8.713927e-02,1.149842e-02,2.577934e-02,2.640356e-02,1.213077e-01,1.577369e-03,3.872518e-02,4.431589e-01,3.670096e-02,3.369005e-02,7.569811e-02,2.209372e-02,2.273847e-02,2.813970e-02
2.453884e-02,8.157204e-02,1.071078e-02,1.987117e-02,3.408969e-02,1.121999e-01,1.670002e-03,6.268273e-02,4.831899e-01,2.733084e-02,2.716152e-02,5.671517e-02,1.693373e-02,1.830673e-02,2.302693e-02
4.688048e-02,7.134493e-02,1.487869e-02,3.548354e-02,3.173042e-02,1.209759e-01,1.718331e-03,9.230843e-02,4.368899e-01,2.814876e-02,2.178488e-02,4.170087e-02,1.302567e-02,1.361888e-02,2.951030e-02
5.500068e-02,7.208066e-02,1.920826e-02,3.276916e-02,3.195899e-02,1.028823e-01,1.728754e-03,1.086700e-01,4.511459e-01,2.430045e-02,1.794958e-02,3.005448e-02,9.996686e-03,1.082758e-02,3.142665e-02
7.952198e-02,7.168972e-02,2.307120e-02,2.956649e-02,4.106981e-02,9.795798e-02,2.048858e-03,1.565983e-01,3.776834e-01,2.335719e-02,1.605970e-02,2.181670e-02,8.345019e-03,1.097896e-02,4.023471e-02
1.126752e-01,6.743415e-02,3.002898e-02,3.291313e-02,5.168528e-02,8.057477e-02,3.121517e-03,1.930225e-01,3.081142e-01,1.758048e-02,1.514809e-02,1.597676e-02,7.462814e-03,1.220583e-02,5.205625e-02
9.287924e-02,5.073270e-02,2.645140e-02,2.727080e-02,6.001192e-02,6.058368e-02,3.237105e-03,3.585977e-01,2.262487e-01,1.242190e-02,1.211505e-02,1.137714e-02,6.906462e-03,9.543343e-03,4.162289e-02
1.073483e-01,4.777929e-02,2.346707e-02,2.789005e-02,5.633337e-02,4.957367e-02,7.253913e-03,3.713790e-01,1.924738e-01,9.040352e-03,1.308139e-02,1.089585e-02,1.520560e-02,1.156749e-02,5.671088e-02
1.302687e-01,4.025236e-02,1.932392e-02,2.976261e-02,5.041530e-02,5.695316e-02,8.243473e-03,3.216814e-01,1.793264e-01,7.265591e-03,1.485969e-02,1.223175e-02,1.772608e-02,1.213107e-02,9.955855e-02
1.129859e-01,4.415840e-02,1.505389e-02,2.940869e-02,4.091338e-02,4.374502e-02,7.554176e-03,2.368124e-01,1.654096e-01,8.950490e-03,1.294930e-02,1.115130e-02,1.800988e-02,1.206996e-02,2.408276e-01
8.741695e-02,5.686421e-02,1.675594e-02,4.748876e-02,3.366739e-02,3.580167e-02,8.669513e-03,1.695700e-01,1.555831e-01,1.394232e-02,1.142533e-02,9.129222e-03,1.952612e-02,1.048358e-02,3.236759e-01
8.489065e-02,8.494188e-02,1.751374e-02,5.796310e-02,3.032582e-02,3.040370e-02,1.220241e-02,1.226985e-01,1.582845e-01,1.449616e-02,1.014752e-02,9.810904e-03,5.723920e-02,9.052945e-03,3.000290e-01
1.087844e-01,1.051285e-01,1.484481e-02,4.842894e-02,2.754820e-02,2.532434e-02,1.045052e-02,8.851735e-02,1.344647e-01,1.243151e-02,8.989182e-03,8.479659e-03,5.936634e-02,8.693064e-03,3.385486e-01
1.315103e-01,1.269005e-01,1.276235e-02,4.026481e-02,2.746451e-02,2.070360e-02,9.159962e-03,6.444187e-02,1.607324e-01,1.163937e-02,1.176324e-02,8.942698e-03,9.276761e-02,7.923422e-03,2.730233e-01
1.567463e-01,1.219144e-01,1.298810e-02,3.942694e-02,3.268748e-02,2.081723e-02,7.909835e-03,4.936180e-02,1.512377e-01,1.520428e-02,1.589624e-02,8.986508e-03,7.778543e-02,1.193975e-02,2.770980e-01
2.527953e-01,1.099617e-01,1.065715e-02,4.196072e-02,3.234959e-02,1.718560e-02,7.141193e-03,3.753915e-02,1.441326e-01,1.411088e-02,1.415815e-02,1.107010e-02,7.637227e-02,1.019126e-02,2.203743e-01
3.164054e-01,1.012237e-01,8.684383e-03,4.062679e-02,3.289792e-02,1.383126e-02,6.585684e-03,2.887433e-02,1.338189e-01,1.323214e-02,1.230570e-02,1.193933e-02,9.599856e-02,8.527740e-03,1.750482e-01
2.911952e-01,1.352610e-01,9.179956e-03,3.666934e-02,2.711922e-02,1.077088e-02,7.569559e-03,2.443025e-02,1.150560e-01,1.065641e-02,1.068316e-02,1.154445e-02,1.536064e-01,7.633515e-03,1.486247e-01
2.394554e-01,1.387813e-01,1.936679e-02,3.833260e-02,2.453297e-02,1.313013e-02,7.199003e-03,1.866079e-02,1.269680e-01,1.046148e-02,9.560669e-03,1.060569e-02,1.530482e-01,1.192557e-02,1.779715e-01
2.521608e-01,1.079040e-01,1.546791e-02,3.211761e-02,2.066841e-02,1.187377e-02,5.496456e-03,1.421762e-02,9.986183e-02,7.773614e-03,1.136800e-02,1.563925e-02,2.353895e-01,1.646849e-02,1.535927e-01
2.118071e-01,8.600812e-02,3.743473e-02,5.761720e-02,3.736650e-02,1.786533e-02,5.709927e-03,2.095417e-02,1.429422e-01,7.948950e-03,1.271422e-02,1.692707e-02,2.017158e-01,1.693949e-02,1.260492e-01
1.985445e-01,7.378167e-02,3.158316e-02,5.061750e-02,3.183082e-02,1.631260e-02,5.216979e-03,1.698305e-02,1.212667e-01,6.944073e-03,1.371613e-02,2.186329e-02,2.890495e-01,1.606292e-02,1.062270e-01
1.898098e-01,5.384814e-02,2.679096e-02,4.002806e-02,3.033486e-02,1.671021e-02,5.436767e-03,1.267711e-02,1.419066e-01,5.373223e-03,1.695096e-02,4.112383e-02,3.243518e-01,1.369231e-02,8.096535e-02
1.577570e-01,4.026363e-02,3.256110e-02,3.173684e-02,2.973268e-02,4.699675e-02,5.140375e-03,1.189324e-02,1.300993e-01,8.930640e-03,2.922315e-02,6.871901e-02,3.217078e-01,1.468586e-02,7.055259e-02
1.187373e-01,3.473069e-02,2.882464e-02,2.410488e-02,2.637922e-02,4.063440e-02,4.597827e-03,1.041256e-02,1.648621e-01,7.884970e-03,2.633185e-02,6.148261e-02,3.740965e-01,1.155088e-02,6.536958e-02
9.264337e-02,3.520349e-02,3.274523e-02,3.916459e-02,2.253769e-02,3.870364e-02,3.857457e-03,1.708289e-02,1.989205e-01,8.707352e-03,2.494979e-02,5.236876e-02,3.650340e-01,9.157445e-03,5.892374e-02
7.922345e-02,2.774641e-02,3.574923e-02,3.346995e-02,3.118499e-02,3.165045e-02,5.477020e-03,2.898925e-02,2.180528e-01,7.527472e-03,2.925183e-02,4.514095e-02,3.460036e-01,7.668589e-03,7.286399e-02
7.071911e-02,2.447064e-02,5.557210e-02,3.310340e-02,4.130682e-02,2.692537e-02,5.252327e-03,7.343814e-02,2.142183e-01,9.356836e-03,3.024963e-02,3.495224e-02,2.790335e-01,7.057220e-03,9.434438e-02
7.955031e-02,2.488863e-02,5.066575e-02,2.716779e-02,6.700793e-02,2.878654e-02,7.198274e-03,1.141766e-01,2.378300e-01,9.041164e-03,2.954422e-02,2.706819e-02,2.095461e-01,5.745555e-03,8.178308e-02
7.283439e-02,1.912954e-02,8.269736e-02,2.637920e-02,7.275687e-02,2.307837e-02,7.428810e-03,2.322463e-01,1.947738e-01,6.781103e-03,2.381364e-02,1.937679e-02,1.515015e-01,4.392291e-03,6.281000e-02
8.411774e-02,2.155617e-02,9.688909e-02,2.352193e-02,7.237329e-02,3.200798e-02,7.446495e-03,2.411945e-01,2.049230e-01,5.938693e-03,1.947771e-02,1.533446e-02,1.208684e-01,4.390632e-03,4.995986e-02
8.122243e-02,2.261972e-02,8.011208e-02,1.905021e-02,7.025800e-02,2.729981e-02,8.628887e-03,3.055574e-01,2.185571e-01,4.933824e-03,1.617948e-02,1.133594e-02,8.839820e-02,3.640121e-03,4.220679e-02
8.171198e-02,3.907041e-02,7.851098e-02,1.770216e-02,6.234473e-02,2.620610e-02,7.851170e-03,3.082381e-01,2.323387e-01,1.023442e-02,1.342280e-02,8.662935e-03,6.643765e-02,3.174698e-03,4.409319e-02
6.534351e-02,6.942236e-02,5.869313e-02,1.300907e-02,6.014162e-02,3.026927e-02,7.588702e-03,2.493528e-01,3.362270e-01,7.442270e-03,9.626174e-03,6.224324e-03,4.825000e-02,2.392591e-03,3.601719e-02
5.560176e-02,8.198518e-02,5.494274e-02,1.029533e-02,6.774856e-02,2.450340e-02,8.039049e-03,2.825605e-01,3.276436e-01,5.663521e-03,7.005421e-03,4.622624e-03,3.494097e-02,1.976065e-03,3.247125e-02
6.017257e-02,9.975916e-02,4.541181e-02,8.214504e-03,6.890644e-02,2.612461e-02,6.895016e-03,2.274864e-01,3.667346e-01,4.896691e-03,5.393794e-03,3.823006e-03,3.294635e-02,2.044673e-03,4.119046e-02
1.149337e-01,1.153327e-01,3.912748e-02,1.089659e-02,6.986465e-02,2.527077e-02,6.941868e-03,1.816258e-01,3.468978e-01,8.090781e-03,4.520759e-03,8.815181e-03,2.554504e-02,1.923840e-03,4.021310e-02
1.111293e-01,1.136045e-01,3.910701e-02,5.893680e-02,5.730695e-02,2.316233e-02,5.816103e-03,1.303805e-01,2.744915e-01,2.586980e-02,2.170745e-02,5.574615e-02,2.323507e-02,2.543969e-03,5.696238e-02
1.335174e-01,8.518648e-02,3.028197e-02,8.247225e-02,4.342897e-02,1.943293e-02,5.482743e-03,9.857071e-02,2.325685e-01,2.538913e-02,4.062422e-02,1.168571e-01,3.560049e-02,2.878684e-03,4.770842e-02
1.155962e-01,6.286485e-02,2.480534e-02,7.070763e-02,3.351763e-02,1.778629e-02,4.945288e-03,7.415763e-02,1.775066e-01,2.031983e-02,7.491960e-02,2.353799e-01,4.784168e-02,3.204098e-03,3.644740e-02
9.467315e-02,4.543406e-02,1.786007e-02,5.385664e-02,2.739694e-02,1.708370e-02,4.949034e-03,5.411367e-02,1.368272e-01,1.982241e-02,1.327505e-01,3.103973e-01,5.326355e-02,4.609696e-03,2.696200e-02
7.106718e-02,3.275546e-02,1.280259e-02,4.110754e-02,2.311792e-02,1.635792e-02,8.078216e-03,3.929704e-02,1.044432e-01,1.615146e-02,1.582147e-01,4.050992e-01,4.558039e-02,5.827121e-03,2.010014e-02
5.124919e-02,2.424552e-02,9.487044e-03,3.255421e-02,2.043753e-02,1.321113e-02,6.733743e-03,2.964148e-02,7.497475e-02,1.468734e-02,1.610703e-01,5.051273e-01,3.430293e-02,7.064130e-03,1.521345e-02
3.673203e-02,1.736287e-02,6.967288e-03,2.368817e-02,1.503952e-02,1.094109e-02,4.908019e-03,2.165728e-02,5.332932e-02,1.268597e-02,1.711029e-01,5.818793e-01,2.526340e-02,7.064064e-03,1.137882e-02
3.005122e-02,1.307692e-02,5.741724e-03,1.688372e-02,1.142494e-02,8.947405e-03,3.571318e-03,1.643110e-02,3.823337e-02,1.122770e-02,2.212359e-01,5.818545e-01,2.021070e-02,1.254390e-02,8.565573e-03
2.767302e-02,9.995759e-03,4.419393e-03,1.229747e-02,9.609362e-03,7.248702e-03,2.678027e-03,1.323392e-02,2.808725e-02,1.087076e-02,2.033464e-01,6.267716e-01,1.601188e-02,2.130071e-02,6.455733e-03
2.193253e-02,7.489856e-03,3.283211e-03,8.972562e-03,8.812888e-03,5.432583e-03,2.037562e-03,9.545224e-03,2.090314e-02,1.000771e-02,1.702688e-01,6.940556e-01,1.213239e-02,2.043615e-02,4.689855e-03
3.904241e-02,5.953012e-03,2.598013e-03,6.466105e-03,7.710397e-03,4.225670e-03,1.511824e-03,6.967939e-03,1.533806e-02,1.218575e-02,2.020227e-01,6.620814e-01,8.958375e-03,2.149880e-02,3.439667e-03
7.132252e-02,4.791679e-03,2.211750e-03,4.777281e-03,7.223829e-03,3.336655e-03,1.159395e-03,5.443647e-03,1.192141e-02,1.145689e-02,2.285903e-01,6.140497e-01,6.555329e-03,2.464136e-02,2.518382e-03
1.542873e-01,4.642977e-03,1.906893e-03,3.768120e-03,6.533965e-03,3.359322e-03,9.499439e-04,4.149272e-03,8.966595e-03,1.013081e-02,1.817342e-01,5.904931e-01,5.174580e-03,2.160928e-02,2.293692e-03
1.435959e-01,5.335081e-03,1.804443e-03,3.301894e-03,9.968978e-03,3.346720e-03,1.144056e-03,3.663266e-03,7.607873e-03,8.165435e-03,1.703381e-01,6.183736e-01,4.546050e-03,1.650422e-02,2.304426e-03
1.089626e-01,4.746701e-03,1.611909e-03,2.534328e-03,2.835364e-02,5.840862e-03,1.253745e-03,3.889594e-03,5.685975e-03,6.026723e-03,1.397858e-01,6.738127e-01,3.764042e-03,1.186011e-02,1.871261e-03
1.000697e-01,3.787364e-03,2.379615e-03,2.597419e-03,4.914108e-02,1.559724e-02,7.068704e-03,1.859136e-02,4.528858e-03,4.537224e-03,1.708044e-01,6.067927e-01,3.379994e-03,9.019534e-03,1.704838e-03
1.506290e-01,6.102240e-03,5.450722e-03,5.339431e-03,6.962429e-02,2.006745e-02,7.641055e-03,2.549169e-02,6.419905e-03,4.262976e-03,1.743331e-01,5.077581e-01,3.459674e-03,9.463018e-03,3.957387e-03
1.392070e-01,7.446931e-03,1.513138e-02,5.826768e-03,1.692690e-01,1.862983e-02,7.860931e-03,3.858843e-02,2.363880e-02,5.615891e-03,1.442802e-01,4.061044e-01,3.009280e-03,9.973063e-03,5.418188e-03
1.036649e-01,6.032832e-03,2.077183e-02,8.733342e-03,1.294335e-01,1.543516e-02,6.045116e-03,2.486580e-01,2.126454e-02,5.145832e-03,1.184787e-01,2.976536e-01,6.145022e-03,8.178038e-03,4.359547e-03
7.608299e-02,4.757030e-03,1.923302e-02,8.748187e-03,9.499414e-02,1.136866e-02,4.338024e-03,4.386961e-01,1.803443e-02,3.839881e-03,9.274322e-02,2.117614e-01,6.240888e-03,5.965898e-03,3.196126e-03
5.519605e-02,4.151537e-03,1.620008e-02,6.719368e-03,7.137655e-02,8.263947e-03,3.096760e-03,5.910047e-01,1.498508e-02,2.718155e-03,6.681659e-02,1.483451e-01,4.579459e-03,4.246846e-03,2.299797e-03
4.070669e-02,4.795084e-03,1.378408e-02,5.185959e-03,5.623141e-02,7.132891e-03,2.289714e-03,6.944134e-01,1.343741e-02,1.978643e-03,4.760347e-02,1.040247e-01,3.485543e-03,3.147795e-03,1.783194e-03
2.955319e-02,3.657612e-03,1.103047e-02,3.797170e-03,4.334853e-02,5.251318e-03,1.643573e-03,7.776629e-01,1.024541e-02,1.398919e-03,3.352684e-02,7.285097e-02,2.488675e-03,2.282600e-03,1.261816e-03
2.192260e-02,2.768534e-03,9.128105e-03,2.767691e-03,3.482709e-02,3.918324e-03,1.205307e-03,8.360415e-01,7.497251e-03,9.898574e-04,2.356507e-02,5.102342e-02,1.787933e-03,1.661346e-03,8.959920e-04
1.674989e-02,2.127308e-03,6.996104e-03,2.089475e-03,2.905389e-02,2.997128e-03,9.273909e-04,8.769134e-01,5.956713e-03,7.029786e-04,1.654396e-02,3.576052e-02,1.329015e-03,1.204617e-03,6.476150e-04
1.407556e-02,2.741825e-03,6.198566e-03,1.691991e-03,2.662315e-02,2.300361e-03,7.585256e-04,9.002865e-01,5.435642e-03,5.020418e-04,1.168490e-02,2.508394e-02,1.045245e-03,1.084648e-03,4.870839e-04
1.254574e-02,2.186740e-03,5.959983e-03,1.460161e-03,2.211165e-02,2.100601e-03,1.769661e-03,9.179742e-01,4.707185e-03,4.039782e-04,8.238503e-03,1.764058e-02,1.109295e-03,1.380594e-03,4.111623e-04
1.306694e-02,1.781784e-03,5.451979e-03,1.290018e-03,2.000482e-02,3.345759e-03,5.345828e-03,9.237037e-01,3.744656e-03,3.335515e-04,5.859511e-03,1.249977e-02,1.919701e-03,1.261859e-03,3.901761e-04
1.318227e-02,2.477421e-03,5.026905e-03,1.309341e-03,1.857296e-02,2.943870e-03,5.879244e-03,9.297585e-01,3.845153e-03,3.020862e-04,4.200480e-03,8.848286e-03,1.692726e-03,1.564521e-03,3.962378e-04
1.525308e-02,3.109510e-03,5.659683e-03,1.894436e-03,2.013929e-02,2.607481e-03,5.794024e-03,9.271959e-01,4.601616e-03,3.668508e-04,3.111607e-03,6.305914e-03,1.418826e-03,2.157029e-03,3.847802e-04
3.180597e-02,2.683643e-03,7.054183e-03,3.615808e-03,2.057891e-02,2.721230e-03,5.786691e-03,9.086300e-01,4.924725e-03,6.051484e-04,2.491118e-03,4.867650e-03,1.255336e-03,2.452223e-03,5.274604e-04
5.366336e-02,2.308716e-03,6.291589e-03,4.216929e-03,1.920849e-02,3.168712e-03,5.115621e-03,8.910081e-01,4.422280e-03,5.735448e-04,2.054950e-03,4.034524e-03,1.182823e-03,2.062804e-03,6.875296e-04
7.839186e-02,2.095743e-03,6.016363e-03,5.831572e-03,1.838954e-02,3.347390e-03,4.403087e-03,8.672971e-01,3.994739e-03,6.663982e-04,1.881338e-03,3.805177e-03,1.298737e-03,1.651571e-03,9.293911e-04
1.218014e-01,2.051392e-03,5.389998e-03,6.672914e-03,1.770892e-02,3.616372e-03,3.993555e-03,8.214417e-01,3.894343e-03,7.434847e-04,2.160251e-03,5.598468e-03,2.147710e-03,1.391618e-03,1.387873e-03
1.453186e-01,2.117570e-03,5.041519e-03,7.226353e-03,1.633558e-02,3.861413e-03,3.585215e-03,7.977028e-01,3.729422e-03,7.788152e-04,2.208525e-03,6.312781e-03,2.652298e-03,1.230268e-03,1.898808e-03
1.962368e-01,3.768292e-03,5.284132e-03,9.902438e-03,2.027450e-02,4.928225e-03,3.228088e-03,7.106800e-01,5.322813e-03,1.938631e-03,6.400264e-03,1.295626e-02,7.048674e-03,2.340687e-03,9.690146e-03
2.415114e-01,6.264635e-03,4.739930e-03,1.566855e-02,1.917996e-02,2.546358e-02,4.752268e-03,5.529177e-01,9.187893e-03,2.341139e-03,9.444190e-03,1.822708e-02,7.054288e-02,2.857574e-03,1.690116e-02
2.347333e-01,7.178371e-03,4.088054e-03,1.592563e-02,1.792942e-02,2.830406e-02,5.032364e-03,4.403799e-01,1.216940e-02,2.143449e-03,1.190415e-02,1.926569e-02,1.805609e-01,2.572129e-03,1.781322e-02
1.732606e-01,4.402744e-02,4.234446e-03,4.204921e-02,2.427572e-02,2.243941e-02,4.220166e-03,3.109901e-01,1.085539e-01,3.613987e-03,1.204645e-02,1.495377e-02,1.857642e-01,3.080003e-03,4.649054e-02
1.276544e-01,4.148604e-02,3.631118e-03,4.302174e-02,1.865494e-02,1.943168e-02,3.385898e-03,2.191065e-01,8.432842e-02,3.883323e-03,1.089216e-02,1.319306e-02,3.655077e-01,2.468940e-03,4.335403e-02
9.025575e-02,3.727424e-02,2.654844e-03,3.510565e-02,1.321836e-02,1.838260e-02,2.462186e-03,1.536498e-01,6.776040e-02,2.977689e-03,9.823271e-03,1.625624e-02,5.142177e-01,1.950034e-03,3.401115e-02
6.387442e-02,2.705332e-02,1.933419e-03,2.478719e-02,9.301369e-03,1.504328e-02,1.787761e-03,1.077053e-01,4.958628e-02,2.102253e-03,7.375844e-03,1.328388e-02,6.499994e-01,1.413519e-03,2.475274e-02
4.509630e-02,1.946412e-02,1.374691e-03,1.745243e-02,6.543222e-03,1.160124e-02,1.274700e-03,7.544235e-02,3.595444e-02,1.486561e-03,5.520831e-03,1.115346e-02,7.483046e-01,1.052106e-03,1.827892e-02
3.293048e-02,1.408707e-02,1.201346e-03,1.233048e-02,8.427703e-03,9.815686e-03,1.030717e-03,5.299364e-02,3.102827e-02,1.052605e-03,4.201119e-03,8.333575e-03,8.077047e-01,9.261714e-04,1.393631e-02
2.730571e-02,1.824488e-02,1.523397e-03,8.852392e-03,1.575747e-02,1.992773e-02,1.980475e-03,3.764912e-02,2.418779e-02,7.573116e-04,3.171479e-03,6.236258e-03,8.233416e-01,7.217046e-04,1.034264e-02
2.701659e-02,3.270869e-02,2.493140e-03,7.608257e-03,6.815585e-02,5.154773e-02,6.909439e-03,3.024019e-02,2.179055e-02,7.257792e-04,2.770698e-03,5.190766e-03,7.335339e-01,7.897799e-04,8.518670e-03
2.951943e-02,3.133803e-02,4.690228e-03,7.335343e-03,8.503192e-02,6.292761e-02,9.060988e-03,2.422413e-02,2.521686e-02,1.612142e-03,5.261106e-03,6.250138e-03,6.913292e-01,1.066318e-03,1.513649e-02
3.069719e-02,6.072402e-02,2.152685e-02,1.941706e-02,1.258656e-01,1.047955e-01,1.860444e-02,2.272710e-02,3.025009e-02,3.661167e-03,8.760641e-03,6.613622e-03,5.216993e-01,1.095454e-03,2.356197e-02
3.308811e-02,8.076090e-02,2.080091e-02,1.865628e-02,9.527053e-02,8.342047e-02,1.422332e-02,1.826901e-02,6.574467e-02,5.434175e-03,2.479865e-02,9.006314e-03,4.971063e-01,1.181957e-03,3.223846e-02
4.085422e-02,8.666262e-02,2.225375e-02,2.043251e-02,8.475462e-02,7.434957e-02,1.156328e-02,1.695228e-02,1.212179e-01,5.555916e-03,2.984425e-02,9.360843e-03,4.428006e-01,1.138387e-03,3.225925e-02
5.083851e-02,6.842316e-02,2.110910e-02,1.620554e-02,7.296437e-02,6.567741e-02,9.596373e-03,1.448331e-02,1.074706e-01,4.692464e-03,2.293052e-02,7.745137e-03,5.114503e-01,1.177110e-03,2.523613e-02
4.275665e-02,5.156711e-02,1.552336e-02,1.196187e-02,6.492044e-02,5.673432e-02,7.287398e-03,1.085593e-02,8.160335e-02,3.335030e-03,1.627362e-02,6.886814e-03,6.106539e-01,9.391730e-04,1.870109e-02
4.451682e-02,3.788033e-02,1.107471e-02,8.753994e-03,5.429735e-02,5.931366e-02,5.438348e-03,7.876854e-03,6.832533e-02,2.368722e-03,1.170267e-02,6.111450e-03,6.678134e-01,8.229708e-04,1.370347e-02
5.550108e-02,2.827011e-02,7.875870e-03,6.639190e-03,4.979035e-02,6.517762e-02,4.455562e-03,5.710999e-03,5.446424e-02,1.955486e-03,8.654352e-03,7.152159e-03,6.919702e-01,1.287904e-03,1.109493e-02
6.991045e-02,2.626505e-02,6.014797e-03,6.935296e-03,5.397724e-02,1.142796e-01,4.546500e-03,5.536429e-03,5.092933e-02,2.115262e-03,7.919727e-03,1.144347e-02,6.275188e-01,2.011460e-03,1.059657e-02
9.718118e-02,2.068861e-02,4.444012e-03,6.548337e-03,4.195048e-02,1.161909e-01,3.882148e-03,4.282594e-03,4.645230e-02,1.659678e-03,6.342608e-03,1.078402e-02,6.276432e-01,1.855742e-03,1.009409e-02
1.560582e-01,1.640975e-02,5.076504e-03,1.125961e-02,3.174006e-02,9.182742e-02,3.330527e-03,3.679655e-03,3.603210e-02,1.435765e-03,5.971714e-03,1.482745e-02,6.108268e-01,2.050805e-03,9.473705e-03
2.382701e-01,1.402063e-02,4.461471e-03,1.081945e-02,2.428061e-02,8.921148e-02,2.876455e-03,2.923924e-03,3.386253e-02,1.238197e-03,5.778117e-03,1.669502e-02,5.414009e-01,3.126434e-03,1.103462e-02
3.201821e-01,1.803785e-02,8.254819e-03,2.872813e-02,2.306589e-02,6.913628e-02,2.804064e-03,3.748464e-03,2.680474e-02,1.185135e-03,7.744852e-03,2.619291e-02,4.459213e-01,4.422990e-03,1.377042e-02
4.031736e-01,1.695212e-02,6.720647e-03,2.630304e-02,2.007669e-02,6.827140e-02,3.465073e-03,3.941612e-03,2.909210e-02,9.971921e-04,6.649977e-03,2.359892e-02,3.744207e-01,3.940097e-03,1.239679e-02
4.676163e-01,2.178958e-02,1.349124e-02,5.267145e-02,2.132273e-02,5.388271e-02,3.467504e-03,7.662304e-03,2.451387e-02,9.118614e-04,7.127798e-03,2.584535e-02,2.823367e-01,4.006772e-03,1.335393e-02
1.000000e+00,0.000000e+00,0.000000e+00,0.000000e+00,0.000000e+00,0.000000e+00,0.000000e+00,0.000000e+00,0.000000e+00,0.000000e+00,0.000000e+00,0.000000e+00,0.000000e+00,0.000000e+00,0.000000e+00
1.000000e+00,0.000000e+00,0.000000e+00,0.000000e+00,0.000000e+00,0.000000e+00,0.000000e+00,0.000000e+00,0.000000e+00,0.000000e+00,0.000000e+00,0.000000e+00,0.000000e+00,0.000000e+00,0.000000e+00
1.000000e+00,0.000000e+00,0.000000e+00,0.000000e+00,0.000000e+00,0.000000e+00,0.000000e+00,0.000000e+00,0.000000e+00,0.000000e+00,0.000000e+00,0.000000e+00,0.000000e+00,0.000000e+00,0.000000e+00
1.000000e+00,0.000000e+00,0.000000e+00,0.000000e+00,0.000000e+00,0.000000e+00,0.000000e+00,0.000000e+00,0.000000e+00,0.000000e+00,0.000000e+00,0.000000e+00,0.000000e+00,0.000000e+00,0.000000e+00
1.000000e+00,0.000000e+00,0.000000e+00,0.000000e+00,0.000000e+00,0.000000e+00,0.000000e+00,0.000000e+00,0.000000e+00,0.000000e+00,0.000000e+00,0.000000e+00,0.000000e+00,0.000000e+00,0.000000e+00
1.000000e+00,0.000000e+00,0.000000e+00,0.000000e+00,0.000000e+00,0.000000e+00,0.000000e+00,0.000000e+00,0.000000e+00,0.000000e+00,0.000000e+00,0.000000e+00,0.000000e+00,0.000000e+00,0.000000e+00
1.000000e+00,0.000000e+00,0.000000e+00,0.000000e+00,0.000000e+00,0.000000e+00,0.000000e+00,0.000000e+00,0.000000e+00,0.000000e+00,0.000000e+00,0.000000e+00,0.000000e+00,0.000000e+00,0.000000e+00
1.000000e+00,0.000000e+00,0.000000e+00,0.000000e+00,0.000000e+00,0.000000e+00,0.000000e+00,0.000000e+00,0.000000e+00,0.000000e+00,0.000000e+00,0.000000e+00,0.000000e+00,0.000000e+00,0.000000e+00
1.000000e+00,0.000000e+00,0.000000e+00,0.000000e+00,0.000000e+00,0.000000e+00,0.000000e+00,0.000000e+00,0.000000e+00,0.000000e+00,0.000000e+00,0.000000e+00,0.000000e+00,0.000000e+00,0.000000e+00
1.000000e+00,0.000000e+00,0.000000e+00,0.000000e+00,0.000000e+00,0.000000e+00,0.000000e+00,0.000000e+00,0.000000e+00,0.000000e+00,0.000000e+00,0.000000e+00,0.000000e+00,0.000000e+00,0.000000e+00
1.000000e+00,0.000000e+00,0.000000e+00,0.000000e+00,0.000000e+00,0.000000e+00,0.000000e+00,0.000000e+00,0.000000e+00,0.000000e+00,0.000000e+00,0.000000e+00,0.000000e+00,0.000000e+00,0.000000e+00
1.000000e+00,0.000000e+00,0.000000e+00,0.000000e+00,0.000000e+00,0.000000e+00,0.000000e+00,0.000000e+00,0.000000e+00,0.000000e+00,0.000000e+00,0.000000e+00,0.000000e+00,0.000000e+00,0.000000e+00
1.000000e+00,0.000000e+00,0.000000e+00,0.000000e+00,0.000000e+00,0.000000e+00,0.000000e+00,0.000000e+00,0.000000e+00,0.000000e+00,0.000000e+00,0.000000e+00,0.000000e+00,0.000000e+00,0.000000e+00
1.000000e+00,0.000000e+00,0.000000e+00,0.000000e+00,0.000000e+00,0.000000e+00,0.000000e+00,0.000000e+00,0.000000e+00,0.000000e+00,0.000000e+00,0.000000e+00,0.000000e+00,0.000000e+00,0.000000e+00
1.000000e+00,0.000000e+00,0.000000e+00,0.000000e+00,0.000000e+00,0.000000e+00,0.000000e+00,0.000000e+00,0.000000e+00,0.000000e+00,0.000000e+00,0.000000e+00,0.000000e+00,0.000000e+00,0.000000e+00
1.000000e+00,0.000000e+00,0.000000e+00,0.000000e+00,0.000000e+00,0.000000e+00,0.000000e+00,0.000000e+00,0.000000e+00,0.000000e+00,0.000000e+00,0.000000e+00,0.000000e+00,0.000000e+00,0.000000e+00
1.000000e+00,0.000000e+00,0.000000e+00,0.000000e+00,0.000000e+00,0.000000e+00,0.000000e+00,0.000000e+00,0.000000e+00,0.000000e+00,0.000000e+00,0.000000e+00,0.000000e+00,0.000000e+00,0.000000e+00
1.000000e+00,0.000000e+00,0.000000e+00,0.000000e+00,0.000000e+00,0.000000e+00,0.000000e+00,0.000000e+00,0.000000e+00,0.000000e+00,0.000000e+00,0.000000e+00,0.000000e+00,0.000000e+00,0.000000e+00
1.000000e+00,0.000000e+00,0.000000e+00,0.000000e+00,0.000000e+00,0.000000e+00,0.000000e+00,0.000000e+00,0.000000e+00,0.000000e+00,0.000000e+00,0.000000e+00,0.000000e+00,0.000000e+00,0.000000e+00
1.000000e+00,0.000000e+00,0.000000e+00,0.000000e+00,0.000000e+00,0.000000e+00,0.000000e+00,0.000000e+00,0.000000e+00,0.000000e+00,0.000000e+00,0.000000e+00,0.000000e+00,0.000000e+00,0.000000e+00
1.000000e+00,0.000000e+00,0.000000e+00,0.000000e+00,0.000000e+00,0.000000e+00,0.000000e+00,0.000000e+00,0.000000e+00,0.000000e+00,0.000000e+00,0.000000e+00,0.000000e+00,0.000000e+00,0.000000e+00
1.000000e+00,0.000000e+00,0.000000e+00,0.000000e+00,0.000000e+00,0.000000e+00,0.000000e+00,0.000000e+00,0.000000e+00,0.000000e+00,0.000000e+00,0.000000e+00,0.000000e+00,0.000000e+00,0.000000e+00
1.000000e+00,0.000000e+00,0.000000e+00,0.000000e+00,0.000000e+00,0.000000e+00,0.000000e+00,0.000000e+00,0.000000e+00,0.000000e+00,0.000000e+00,0.000000e+00,0.000000e+00,0.000000e+00,0.000000e+00
1.000000e+00,0.000000e+00,0.000000e+00,0.000000e+00,0.000000e+00,0.000000e+00,0.000000e+00,0.000000e+00,0.000000e+00,0.000000e+00,0.000000e+00,0.000000e+00,0.000000e+00,0.000000e+00,0.000000e+00
1.000000e+00,0.000000e+00,0.000000e+00,0.000000e+00,0.000000e+00,0.000000e+00,0.000000e+00,0.000000e+00,0.000000e+00,0.000000e+00,0.000000e+00,0.000000e+00,0.000000e+00,0.000000e+00,0.000000e+00
1.000000e+00,0.000000e+00,0.000000e+00,0.000000e+00,0.000000e+00,0.000000e+00,0.000000e+00,0.000000e+00,0.000000e+00,0.000000e+00,0.000000e+00,0.000000e+00,0.000000e+00,0.000000e+00,0.000000e+00
1.000000e+00,0.000000e+00,0.000000e+00,0.000000e+00,0.000000e+00,0.000000e+00,0.000000e+00,0.000000e+00,0.000000e+00,0.000000e+00,0.000000e+00,0.000000e+00,0.000000e+00,0.000000e+00,0.000000e+00
1.000000e+00,0.000000e+00,0.000000e+00,0.000000e+00,0.000000e+00,0.000000e+00,0.000000e+00,0.000000e+00,0.000000e+00,0.000000e+00,0.000000e+00,0.000000e+00,0.000000e+00,0.000000e+00,0.000000e+00
1.000000e+00,0.000000e+00,0.000000e+00,0.000000e+00,0.000000e+00,0.000000e+00,0.000000e+00,0.000000e+00,0.000000e+00,0.000000e+00,0.000000e+00,0.000000e+00,0.000000e+00,0.000000e+00,0.000000e+00
1.000000e+00,0.000000e+00,0.000000e+00,0.000000e+00,0.000000e+00,0.000000e+00,0.000000e+00,0.000000e+00,0.000000e+00,0.000000e+00,0.000000e+00,0.000000e+00,0.000000e+00,0.000000e+00,0.000000e+00
1.000000e+00,0.000000e+00,0.000000e+00,0.000000e+00,0.000000e+00,0.000000e+00,0.000000e+00,0.000000e+00,0.000000e+00,0.000000e+00,0.000000e+00,0.000000e+00,0.000000e+00,0.000000e+00,0.000000e+00
1.000000e+00,0.000000e+00,0.000000e+00,0.000000e+00,0.000000e+00,0.000000e+00,0.000000e+00,0.000000e+00,0.000000e+00,0.000000e+00,0.000000e+00,0.000000e+00,0.000000e+00,0.000000e+00,0.000000e+00
1.000000e+00,0.000000e+00,0.000000e+00,0.000000e+00,0.000000e+00,0.000000e+00,0.000000e+00,0.000000e+00,0.000000e+00,0.000000e+00,0.000000e+00,0.000000e+00,0.000000e+00,0.000000e+00,0.000000e+00
1.000000e+00,0.000000e+00,0.000000e+00,0.000000e+00,0.000000e+00,0.000000e+00,0.000000e+00,0.000000e+00,0.000000e+00,0.000000e+00,0.000000e+00,0.000000e+00,0.000000e+00,0.000000e+00,0.000000e+00
1.000000e+00,0.000000e+00,0.000000e+00,0.000000e+00,0.000000e+00,0.000000e+00,0.000000e+00,0.000000e+00,0.000000e+00,0.000000e+00,0.000000e+00,0.000000e+00,0.000000e+00,0.000000e+00,0.000000e+00
1.000000e+00,0.000000e+00,0.000000e+00,0.000000e+00,0.000000e+00,0.000000e+00,0.000000e+00,0.000000e+00,0.000000e+00,0.000000e+00,0.000000e+00,0.000000e+00,0.000000e+00,0.000000e+00,0.000000e+00
1.000000e+00,0.000000e+00,0.000000e+00,0.000000e+00,0.000000e+00,0.000000e+00,0.000000e+00,0.000000e+00,0.000000e+00,0.000000e+00,0.000000e+00,0.000000e+00,0.000000e+00,0.000000e+00,0.000000e+00
1.000000e+00,0.000000e+00,0.000000e+00,0.000000e+00,0.000000e+00,0.000000e+00,0.000000e+00,0.000000e+00,0.000000e+00,0.000000e+00,0.000000e+00,0.000000e+00,0.000000e+00,0.000000e+00,0.000000e+00
1.000000e+00,0.000000e+00,0.000000e+00,0.000000e+00,0.000000e+00,0.000000e+00,0.000000e+00,0.000000e+00,0.000000e+00,0.000000e+00,0.000000e+00,0.000000e+00,0.000000e+00,0.000000e+00,0.000000e+00
1.000000e+00,0.000000e+00,0.000000e+00,0.000000e+00,0.000000e+00,0.000000e+00,0.000000e+00,0.000000e+00,0.000000e+00,0.000000e+00,0.000000e+00,0.000000e+00,0.000000e+00,0.000000e+00,0.000000e+00
1.000000e+00,0.000000e+00,0.000000e+00,0.000000e+00,0.000000e+00,0.000000e+00,0.000000e+00,0.000000e+00,0.000000e+00,0.000000e+00,0.000000e+00,0.000000e+00,0.000000e+00,0.000000e+00,0.000000e+00
1.000000e+00,0.000000e+00,0.000000e+00,0.000000e+00,0.000000e+00,0.000000e+00,0.000000e+00,0.000000e+00,0.000000e+00,0.000000e+00,0.000000e+00,0.000000e+00,0.000000e+00,0.000000e+00,0.000000e+00
4.875841e-01,1.031415e-01,3.466711e-02,1.258542e-01,7.068246e-03,5.071985e-02,3.184959e-03,1.293728e-02,6.264383e-03,1.896881e-02,8.974245e-02,1.902446e-02,1.850253e-02,3.966362e-03,1.837378e-02
3.413867e-01,1.133807e-01,2.528523e-02,2.365148e-01,5.563999e-03,3.593290e-02,2.244902e-03,9.083733e-03,5.129144e-03,1.410655e-02,1.472221e-01,2.608509e-02,1.993127e-02,4.760536e-03,1.337231e-02
2.412538e-01,8.935571e-02,1.924808e-02,2.340196e-01,1.790766e-02,3.850509e-02,2.476683e-03,7.005924e-03,1.789500e-02,1.269426e-02,2.098126e-01,2.813849e-02,2.283014e-02,4.812859e-02,1.072843e-02
1.720219e-01,6.324527e-02,1.385396e-02,1.785752e-01,2.292635e-02,2.859394e-02,1.824775e-03,5.098022e-03,1.570219e-02,1.050191e-02,3.622245e-01,3.341531e-02,1.655669e-02,6.667435e-02,8.785608e-03
1.210758e-01,4.496318e-02,9.906751e-03,1.351856e-01,2.406847e-02,2.225912e-02,1.342339e-03,3.711597e-03,1.562678e-02,1.000509e-02,4.524271e-01,4.604667e-02,1.264702e-02,9.364809e-02,7.086416e-03
8.521564e-02,3.173896e-02,6.994084e-03,9.566183e-02,1.789808e-02,1.699475e-02,1.018292e-03,2.764191e-03,1.397923e-02,1.439520e-02,4.634987e-01,5.652522e-02,1.001669e-02,1.777948e-01,5.504407e-03
5.989707e-02,2.231694e-02,4.946148e-03,6.753007e-02,1.336458e-02,1.216764e-02,7.419727e-04,2.037031e-03,1.129741e-02,2.538891e-02,4.957229e-01,5.741806e-02,7.742130e-03,2.146683e-01,4.760801e-03
4.202069e-02,1.564212e-02,3.504618e-03,4.759838e-02,1.174621e-02,8.558680e-03,5.438375e-04,1.509594e-03,1.029345e-02,2.854827e-02,5.952394e-01,4.807553e-02,5.725295e-03,1.753747e-01,5.619164e-03
2.945727e-02,1.097994e-02,2.621795e-03,3.341750e-02,1.157287e-02,6.061147e-03,3.977092e-04,1.102302e-03,7.598653e-03,2.234580e-02,6.754944e-01,3.528333e-02,4.083516e-03,1.490366e-01,1.054710e-02
2.064711e-02,7.706203e-03,2.074606e-03,2.342755e-02,9.007001e-03,4.289910e-03,2.849596e-04,7.944053e-04,5.510022e-03,1.859672e-02,7.050604e-01,2.627308e-02,2.926219e-03,1.614290e-01,1.197290e-02
1.451620e-02,5.430319e-03,1.858896e-03,1.645795e-02,8.141515e-03,3.072856e-03,2.117591e-04,6.528696e-04,4.187233e-03,1.680927e-02,7.543724e-01,2.029489e-02,2.204423e-03,1.411645e-01,1.062503e-02
1.020362e-02,3.820448e-03,1.561553e-03,1.154924e-02,6.674947e-03,2.189216e-03,1.576106e-04,5.350390e-04,3.047276e-03,1.335940e-02,8.072632e-01,1.543010e-02,1.693425e-03,1.130305e-01,9.484421e-03
7.398622e-03,2.731516e-03,1.500182e-03,8.110601e-03,4.954840e-03,1.670656e-03,1.211923e-04,4.995861e-04,2.342019e-03,1.210314e-02,8.468161e-01,1.350665e-02,1.464151e-03,8.943443e-02,7.346366e-03
6.216320e-03,2.033726e-03,1.627730e-03,5.737197e-03,3.720819e-03,1.330279e-03,1.071427e-04,6.385030e-04,2.069622e-03,1.212232e-02,8.732206e-01,1.268822e-02,1.306843e-03,7.141089e-02,5.769811e-03
8.145520e-03,3.461900e-03,2.241981e-03,4.087470e-03,2.812030e-03,1.305354e-03,1.074689e-04,7.111754e-04,3.077150e-03,1.550915e-02,8.497509e-01,1.543960e-02,1.242154e-03,8.751988e-02,4.588308e-03
1.518064e-02,8.191753e-03,2.507369e-03,3.001765e-03,2.172067e-03,3.092674e-03,1.411772e-04,9.862487e-04,9.746586e-03,1.400090e-02,8.449255e-01,1.943992e-02,1.252993e-03,7.162880e-02,3.731629e-03
1.312538e-02,1.756247e-02,2.382702e-03,2.194123e-03,3.544356e-03,8.088157e-03,3.391151e-04,1.314917e-03,1.702050e-01,1.209267e-02,6.928182e-01,1.622110e-02,1.326100e-03,5.552524e-02,3.260497e-03
1.559367e-02,2.852681e-02,4.642511e-03,1.845001e-03,4.989455e-03,3.484125e-02,7.160973e-04,4.097224e-03,2.875004e-01,1.078113e-02,5.459149e-01,1.392141e-02,1.304757e-03,4.265404e-02,2.671236e-03
1.148726e-02,2.402433e-02,3.472964e-03,1.329501e-03,3.864617e-03,2.224959e-01,6.530585e-04,3.165209e-03,2.657092e-01,7.811524e-03,4.114994e-01,1.050825e-02,1.710756e-03,3.019656e-02,2.071476e-03
8.783519e-03,2.409705e-02,2.807805e-03,9.884652e-04,3.352787e-03,3.236896e-01,6.464473e-04,3.201648e-03,2.627944e-01,6.009585e-03,3.274208e-01,9.161838e-03,3.675264e-03,2.177579e-02,1.595029e-03
6.330897e-03,2.131163e-02,2.101405e-03,7.806335e-04,3.053736e-03,4.530006e-01,5.149933e-04,2.655527e-03,2.271930e-01,4.665997e-03,2.460156e-01,1.050459e-02,5.074357e-03,1.557597e-02,1.221018e-03
4.735777e-03,1.859247e-02,1.590899e-03,5.909693e-04,3.876525e-03,5.387423e-01,4.933721e-04,2.013428e-03,2.176298e-01,3.451689e-03,1.798602e-01,1.054981e-02,5.783226e-03,1.115339e-02,9.360894e-04
4.614558e-03,1.421545e-02,1.310669e-03,9.414938e-04,7.601524e-03,6.054856e-01,4.847549e-04,3.139859e-03,2.027042e-01,2.630040e-03,1.341441e-01,9.113786e-03,4.805629e-03,8.074794e-03,7.335905e-04
3.636169e-03,1.368933e-02,1.023120e-03,1.100275e-03,8.968612e-03,6.584520e-01,4.670633e-04,4.280547e-03,1.860485e-01,2.123171e-03,9.977357e-02,8.704626e-03,4.817490e-03,5.841830e-03,1.073701e-03
4.025384e-03,1.724430e-02,9.758349e-04,2.553209e-03,3.771304e-02,5.679605e-01,8.454525e-04,9.921120e-03,2.670925e-01,1.935542e-03,7.138033e-02,7.104828e-03,3.917514e-03,4.307698e-03,3.022703e-03
6.151180e-03,3.312894e-02,1.409568e-03,3.950737e-03,7.218278e-02,4.427939e-01,1.168932e-03,1.854217e-02,3.473104e-01,2.281188e-03,5.217795e-02,6.489573e-03,3.367808e-03,3.275909e-03,5.768907e-03
7.537050e-03,6.085534e-02,1.779794e-03,4.845988e-03,8.155819e-02,3.325080e-01,1.103898e-03,2.646812e-02,4.188880e-01,3.260091e-03,3.920008e-02,6.955717e-03,3.339116e-03,2.449539e-03,9.251069e-03
9.190423e-03,1.908069e-01,4.137039e-03,4.625989e-02,6.754435e-02,2.341111e-01,8.829857e-04,2.138487e-02,3.339886e-01,3.629828e-03,3.221139e-02,9.458943e-03,6.026744e-03,1.898011e-03,3.846891e-02
7.458558e-03,1.387751e-01,3.973048e-03,1.031161e-01,8.084840e-02,1.671819e-01,8.816877e-04,1.578320e-02,2.682330e-01,4.333469e-03,1.155513e-01,3.083697e-02,3.040229e-02,3.422658e-03,2.920237e-02
5.787592e-03,1.031176e-01,3.566324e-03,1.216153e-01,1.084662e-01,1.197097e-01,7.792255e-04,1.169554e-02,2.050900e-01,3.461191e-03,2.192070e-01,3.090999e-02,3.078338e-02,1.491537e-02,2.089574e-02
4.311422e-03,7.292174e-02,2.630186e-03,9.293690e-02,8.330065e-02,8.484519e-02,5.761585e-04,8.271739e-03,1.464272e-01,3.064350e-03,2.362421e-01,3.134181e-02,2.980721e-02,1.878022e-01,1.552126e-02
3.220210e-03,5.124313e-02,1.890810e-03,6.978083e-02,6.177699e-02,5.973989e-02,4.364649e-04,5.868868e-03,1.046149e-01,2.584004e-03,2.943055e-01,3.268005e-02,2.263414e-02,2.773274e-01,1.189687e-02
2.407050e-03,3.592613e-02,1.394676e-03,4.968678e-02,4.419791e-02,4.195913e-02,3.362256e-04,4.141706e-03,7.355776e-02,2.763209e-03,2.879358e-01,3.925382e-02,1.650807e-02,3.904043e-01,9.527501e-03
1.822603e-03,2.519978e-02,1.139095e-03,3.506503e-02,3.190875e-02,2.943499e-02,2.402737e-04,2.931057e-03,5.166334e-02,3.056289e-03,4.104930e-01,3.040187e-02,1.174209e-02,3.574466e-01,7.455359e-03
1.398231e-03,1.767805e-02,9.565259e-04,2.475555e-02,2.279328e-02,2.067147e-02,1.758116e-04,2.092503e-03,3.633200e-02,3.128421e-03,5.485458e-01,2.321796e-02,8.428996e-03,2.839821e-01,5.843234e-03
1.292254e-03,1.240179e-02,1.081956e-03,1.786388e-02,1.812412e-02,1.474603e-02,1.688388e-04,1.835143e-03,2.561951e-02,3.787705e-03,6.623075e-01,1.806593e-02,6.309418e-03,2.110068e-01,5.389052e-03
1.080827e-03,8.700984e-03,9.568580e-04,1.275833e-02,1.471822e-02,1.038714e-02,1.447693e-04,1.336679e-03,1.807744e-02,3.263508e-03,7.480200e-01,1.377371e-02,4.710458e-03,1.566248e-01,5.446223e-03
1.630687e-03,6.192011e-03,1.104180e-03,9.791631e-03,1.325214e-02,7.675572e-03,2.825818e-04,1.153240e-03,1.300567e-02,5.933667e-03,7.962650e-01,1.315049e-02,4.333305e-03,1.204455e-01,5.784243e-03
2.456965e-03,4.412934e-03,9.780958e-04,7.354721e-03,1.073486e-02,5.730642e-03,4.286490e-04,1.003241e-03,9.354960e-03,6.631325e-03,8.389292e-01,1.439298e-02,3.784343e-03,8.870286e-02,5.104272e-03
4.250576e-03,3.324557e-03,1.056745e-03,5.879046e-03,1.008286e-02,4.858127e-03,9.140791e-04,1.053904e-03,7.179925e-03,6.166042e-03,8.661162e-01,1.614659e-02,3.385394e-03,6.513918e-02,4.446855e-03
1.039463e-02,2.756418e-03,1.060870e-03,4.450320e-03,9.834337e-03,4.181963e-03,8.866641e-04,1.094052e-03,6.072047e-03,1.143944e-02,8.674163e-01,1.833476e-02,3.926637e-03,5.363556e-02,4.516024e-03
1.321440e-02,2.192480e-03,1.323409e-03,3.505971e-03,1.270928e-02,5.050043e-03,1.333902e-03,1.826962e-03,5.231389e-03,1.043464e-02,8.769966e-01,1.761184e-02,4.119862e-03,3.934995e-02,5.099265e-03
2.382896e-02,1.181617e-02,8.442125e-03,3.709856e-03,7.079166e-02,1.372741e-02,2.006415e-02,6.267155e-03,1.498134e-02,1.538619e-02,7.358864e-01,1.774216e-02,5.288606e-03,3.051434e-02,2.155352e-02
2.790434e-02,1.345312e-02,1.453419e-02,3.018564e-03,6.097565e-02,2.808304e-02,1.927888e-02,4.737218e-02,2.731975e-02,1.270054e-02,6.726143e-01,1.474434e-02,1.260334e-02,2.330382e-02,2.209393e-02
2.614868e-02,1.037788e-02,1.866981e-02,2.766758e-03,5.354687e-02,2.557386e-02,2.252321e-02,2.262875e-01,2.517450e-02,1.178458e-02,5.090441e-01,1.230310e-02,1.845139e-02,1.723589e-02,2.011188e-02
2.561243e-02,1.607806e-02,4.675164e-02,5.249655e-03,5.721781e-02,6.422262e-02,1.921828e-02,1.939885e-01,1.199565e-01,1.256769e-02,3.642641e-01,9.357426e-03,2.776925e-02,1.306142e-02,2.468456e-02
2.299836e-02,2.065203e-02,4.285932e-02,6.143052e-03,5.982824e-02,1.188574e-01,1.741355e-02,1.455574e-01,2.288676e-01,1.154758e-02,2.578981e-01,6.909320e-03,2.609477e-02,9.553351e-03,2.482002e-02
1.918463e-02,4.045682e-02,3.618779e-02,5.953396e-03,5.959955e-02,1.382749e-01,1.403088e-02,1.071970e-01,3.283465e-01,1.012716e-02,1.811111e-01,5.138431e-03,2.048339e-02,6.964972e-03,2.694346e-02
1.777283e-02,5.251712e-02,2.822119e-02,7.289891e-03,7.152757e-02,1.892021e-01,1.270902e-02,8.630434e-02,3.513031e-01,9.244895e-03,1.269272e-01,3.747620e-03,1.469139e-02,5.212275e-03,2.332953e-02
1.897594e-02,4.733283e-02,2.408073e-02,9.233904e-03,1.412686e-01,2.076422e-01,1.463982e-02,1.189219e-01,2.882290e-01,6.774195e-03,8.908832e-02,2.748135e-03,1.046139e-02,3.996295e-03,1.660676e-02
2.489060e-02,4.009849e-02,2.159572e-02,1.501028e-02,2.597241e-01,1.644677e-01,1.383068e-02,1.512876e-01,2.172707e-01,4.878154e-03,6.247121e-02,1.963906e-03,7.496129e-03,3.012987e-03,1.200175e-02
2.222944e-02,2.999071e-02,2.032853e-02,1.963010e-02,2.282716e-01,1.203695e-01,1.076906e-02,3.288761e-01,1.543617e-01,3.547922e-03,4.382157e-02,1.423490e-03,5.312401e-03,2.137637e-03,8.930245e-03
3.479706e-02,2.923709e-02,2.041964e-02,2.030528e-02,1.994684e-01,9.237153e-02,8.409281e-03,4.125143e-01,1.138255e-01,4.983372e-03,3.196005e-02,2.473495e-03,5.030513e-03,1.889911e-03,2.231457e-02
6.624073e-02,4.177838e-02,1.838420e-02,3.185304e-02,2.040930e-01,7.564526e-02,9.580035e-03,3.831989e-01,9.289493e-02,1.021411e-02,2.394206e-02,3.764113e-03,4.678100e-03,1.924867e-03,3.180831e-02
9.928210e-02,4.347126e-02,1.922672e-02,4.436758e-02,2.023338e-01,5.829639e-02,7.444677e-03,3.448747e-01,7.660508e-02,1.794511e-02,2.187107e-02,7.296324e-03,6.104152e-03,2.632684e-03,4.824836e-02
7.615657e-02,4.295824e-02,2.280153e-02,4.541688e-02,1.500044e-01,7.578851e-02,6.117282e-03,2.463549e-01,8.209229e-02,3.409894e-02,4.066413e-02,1.207387e-02,7.362028e-02,2.461685e-03,8.939047e-02
7.504841e-02,3.619436e-02,1.771867e-02,4.054864e-02,1.150813e-01,6.919771e-02,6.870154e-03,1.749403e-01,7.278921e-02,3.112403e-02,5.991337e-02,1.110348e-02,2.075894e-01,2.209897e-03,7.967108e-02
6.554188e-02,3.206758e-02,1.274544e-02,3.330574e-02,8.280180e-02,5.542119e-02,6.829182e-03,1.230923e-01,6.403973e-02,2.298567e-02,4.381891e-02,8.638784e-03,3.809189e-01,1.762555e-03,6.603036e-02
4.685634e-02,2.552824e-02,9.395771e-03,2.399251e-02,5.896033e-02,4.071464e-02,5.866129e-03,8.635280e-02,5.073872e-02,1.634927e-02,3.180258e-02,8.735453e-03,5.358092e-01,1.511422e-03,5.738663e-02
3.427820e-02,1.936256e-02,7.360034e-03,1.898263e-02,4.649476e-02,3.191091e-02,1.668379e-02,6.449462e-02,4.266847e-02,1.275089e-02,2.775920e-02,9.702530e-03,5.975879e-01,1.352848e-03,6.861065e-02
3.430724e-02,1.511553e-02,5.900037e-03,1.846674e-02,4.899161e-02,2.983945e-02,4.537521e-02,8.505122e-02,3.352730e-02,9.431554e-03,2.693016e-02,1.207659e-02,5.725092e-01,1.285852e-03,6.119240e-02
2.911867e-02,1.620437e-02,5.204614e-03,3.346802e-02,4.642986e-02,3.398787e-02,3.376240e-02,6.055440e-02,3.183543e-02,7.008753e-03,2.551668e-02,3.622272e-02,5.906248e-01,1.560419e-03,4.850101e-02
2.134821e-02,1.229538e-02,4.946298e-03,2.437999e-02,3.605087e-02,2.586186e-02,2.448471e-02,4.265147e-02,2.295194e-02,6.698373e-03,3.512635e-02,3.964302e-02,5.980876e-01,4.058666e-03,1.014153e-01
1.547744e-02,8.777445e-03,4.671291e-03,1.733102e-02,2.628190e-02,2.225513e-02,1.795736e-02,3.001910e-02,1.633539e-02,9.977575e-03,4.478128e-02,3.851278e-02,5.066379e-01,3.840223e-03,2.371441e-01
1.136472e-02,6.313343e-03,3.995072e-03,1.250651e-02,1.925226e-02,2.127847e-02,1.282640e-02,2.128620e-02,1.199628e-02,1.556042e-02,6.737702e-02,3.489745e-02,5.141411e-01,7.234660e-03,2.399701e-01
8.938097e-03,4.605758e-03,4.906534e-03,9.198332e-03,1.408402e-02,1.872098e-02,9.108700e-03,1.502078e-02,1.079336e-02,4.561828e-02,6.613892e-02,3.164546e-02,4.362253e-01,1.173116e-02,3.132643e-01
7.597980e-03,3.441179e-03,4.664076e-03,6.685465e-03,1.010741e-02,1.460053e-02,6.528812e-03,1.056930e-02,1.077625e-02,9.678762e-02,6.291653e-02,2.581550e-02,3.196959e-01,1.704247e-02,4.027709e-01
5.858854e-03,3.290995e-03,5.983872e-03,4.874897e-03,8.638179e-03,1.440478e-02,7.800432e-03,7.930096e-03,1.913902e-02,1.463886e-01,5.355750e-02,2.877744e-02,2.333832e-01,1.399497e-02,4.459772e-01
6.077598e-03,2.764010e-03,7.943296e-03,7.565396e-03,8.174237e-03,1.519131e-02,7.667021e-03,4.172072e-02,1.843050e-02,1.950645e-01,5.608710e-02,2.215706e-02,1.672077e-01,1.433048e-02,4.296190e-01
9.025629e-03,3.136458e-03,1.484422e-02,1.085854e-02,9.457191e-03,2.635967e-02,8.869498e-03,5.688123e-02,2.423776e-02,1.999638e-01,4.859490e-02,1.665547e-02,1.190046e-01,1.173115e-02,4.403799e-01
2.467952e-02,7.595170e-03,1.679664e-02,1.169910e-02,1.669657e-02,2.617990e-02,6.768615e-03,5.235494e-02,3.674200e-02,1.710458e-01,4.174291e-02,1.320592e-02,8.685914e-02,9.677593e-03,4.779562e-01
3.090933e-02,1.369694e-02,1.541885e-02,9.828099e-03,2.067360e-02,2.473594e-02,5.603295e-03,4.770124e-02,4.053123e-02,1.509774e-01,3.542654e-02,1.130785e-02,6.660176e-02,7.730260e-03,5.188577e-01
3.452978e-02,1.651040e-02,6.856354e-02,1.864314e-02,2.616098e-02,2.041915e-02,6.291410e-03,7.467438e-02,3.810048e-02,1.131493e-01,2.724282e-02,9.320466e-03,4.954890e-02,6.474926e-03,4.903704e-01
4.517277e-02,2.510072e-02,1.004648e-01,2.245278e-02,2.532705e-02,1.807592e-02,6.120807e-03,6.094328e-02,3.925023e-02,8.616684e-02,2.122143e-02,8.567896e-03,3.847270e-02,6.020406e-03,4.966424e-01
4.794522e-02,2.893610e-02,1.113236e-01,2.191334e-02,2.376100e-02,1.520093e-02,5.241150e-03,5.146334e-02,4.263218e-02,7.047843e-02,1.710795e-02,7.973130e-03,2.908149e-02,6.743810e-03,5.201983e-01
5.101878e-02,4.392095e-02,9.115051e-02,1.827170e-02,2.577158e-02,1.600611e-02,5.209630e-03,6.127202e-02,7.209314e-02,6.183571e-02,1.295338e-02,6.909692e-03,2.254843e-02,6.288394e-03,5.047500e-01
5.057151e-02,4.875943e-02,6.893026e-02,1.704230e-02,3.293650e-02,1.911882e-02,5.228033e-03,8.172244e-02,1.026199e-01,5.607471e-02,9.673634e-03,5.614634e-03,1.760515e-02,5.634570e-03,4.784680e-01
6.127520e-02,9.113946e-02,5.292867e-02,1.863164e-02,3.274657e-02,2.294458e-02,4.773732e-03,7.820044e-02,1.443733e-01,5.513854e-02,7.639009e-03,6.895188e-03,1.438839e-02,5.067226e-03,4.038580e-01
8.638138e-02,1.429287e-01,3.903574e-02,1.485180e-02,2.563358e-02,2.617746e-02,4.405235e-03,6.674419e-02,1.843743e-01,5.365165e-02,5.916263e-03,9.024665e-03,1.176497e-02,4.830039e-03,3.242800e-01
9.204553e-02,1.918731e-01,3.167053e-02,5.152903e-02,2.833392e-02,2.008802e-02,3.440236e-03,6.011275e-02,1.618868e-01,6.912892e-02,8.130593e-03,1.383859e-02,9.912893e-03,5.260063e-03,2.527490e-01
7.238276e-02,1.757194e-01,2.825866e-02,8.373790e-02,2.235272e-02,1.849892e-02,2.595239e-03,4.353057e-02,1.854246e-01,6.719440e-02,2.176053e-02,1.132268e-02,9.170209e-03,6.210263e-03,2.518411e-01
5.576690e-02,1.526719e-01,2.072159e-02,6.183139e-02,1.748573e-02,1.620271e-02,2.247130e-03,3.072566e-02,3.098463e-01,6.208632e-02,3.411806e-02,8.447441e-03,9.800464e-03,7.437950e-03,2.106104e-01
4.049328e-02,1.190527e-01,1.552445e-02,4.401585e-02,1.259719e-02,1.184767e-02,1.628232e-03,2.169359e-02,3.702123e-01,4.928472e-02,2.665821e-02,6.054382e-03,7.604237e-03,1.324063e-02,2.600925e-01
2.902566e-02,8.919805e-02,1.270186e-02,3.176780e-02,9.769416e-03,8.699502e-03,1.172848e-03,1.545027e-02,4.970163e-01,3.635981e-02,1.984008e-02,4.298826e-03,5.862228e-03,1.098311e-02,2.278542e-01
2.854998e-02,7.174381e-02,1.206551e-02,2.348015e-02,1.086075e-02,7.324850e-03,9.622750e-04,1.107897e-02,4.994621e-01,2.708993e-02,1.758499e-02,3.183953e-03,5.194482e-03,1.759178e-02,2.638264e-01
6.219573e-02,6.227317e-02,1.292031e-02,4.216421e-02,1.238423e-02,1.408077e-02,1.308678e-03,8.130056e-03,5.044560e-01,2.017021e-02,1.482644e-02,3.234313e-03,6.216113e-03,1.783666e-02,2.178031e-01
1.139476e-01,5.397519e-02,1.385186e-02,3.555750e-02,1.218221e-02,1.298559e-02,1.168052e-03,6.294625e-03,4.926315e-01,1.537832e-02,1.514092e-02,3.153894e-03,5.795300e-03,1.954983e-02,1.983876e-01
8.947166e-02,5.404209e-02,5.033721e-02,5.915452e-02,9.799719e-03,1.022005e-02,8.783249e-04,4.509127e-03,5.086437e-01,1.345262e-02,1.176816e-02,2.704231e-03,4.904684e-03,1.453109e-02,1.655827e-01
1.525949e-01,5.119267e-02,4.344424e-02,5.190015e-02,9.648301e-03,2.078043e-02,1.154697e-03,3.989551e-03,3.990588e-01,1.085801e-02,1.072785e-02,3.541545e-03,8.897997e-03,2.551613e-02,2.066948e-01
1.963636e-01,5.307308e-02,4.687147e-02,4.683913e-02,9.953498e-03,2.206161e-02,1.103961e-03,3.250828e-03,2.989873e-01,9.530306e-03,9.035858e-03,3.494476e-03,9.546404e-03,2.903190e-02,2.608566e-01
2.021989e-01,5.574772e-02,4.081780e-02,4.684334e-02,1.073668e-02,2.078530e-02,1.030749e-03,2.828247e-03,2.336950e-01,9.861898e-03,8.108853e-03,4.102156e-03,1.206162e-02,3.356010e-02,3.176216e-01
2.631022e-01,7.409117e-02,3.618547e-02,4.427859e-02,1.925897e-02,2.267429e-02,1.255062e-03,4.384130e-03,1.935437e-01,8.688974e-03,7.660030e-03,4.877180e-03,1.139646e-02,3.307782e-02,2.755259e-01
2.799387e-01,6.299046e-02,3.425752e-02,3.949583e-02,2.061735e-02,2.032782e-02,1.105851e-03,4.683534e-03,1.738054e-01,1.429945e-02,6.848806e-03,4.844712e-03,8.595028e-03,5.125507e-02,2.769344e-01
2.975547e-01,7.685729e-02,2.742783e-02,5.896590e-02,2.679263e-02,1.950749e-02,1.671491e-03,6.234306e-03,1.428235e-01,1.293466e-02,8.154039e-03,7.611312e-03,7.824442e-03,4.164226e-02,2.639981e-01
3.525369e-01,6.549773e-02,2.159552e-02,6.616157e-02,2.894164e-02,1.864347e-02,1.499223e-03,6.000080e-03,1.483676e-01,1.219633e-02,1.183387e-02,8.507699e-03,6.541225e-03,3.870981e-02,2.129673e-01
3.441215e-01,9.635554e-02,2.286462e-02,1.065418e-01,3.139130e-02,1.840706e-02,1.885697e-03,5.685891e-03,1.137342e-01,1.036507e-02,1.221526e-02,1.332814e-02,7.040927e-03,3.249043e-02,1.835726e-01
4.106703e-01,8.224510e-02,1.809615e-02,1.059235e-01,3.062920e-02,1.869746e-02,1.805259e-03,5.124713e-03,9.549315e-02,9.708911e-03,1.329667e-02,1.692108e-02,7.033114e-03,2.659623e-02,1.577591e-01
3.735268e-01,9.597355e-02,2.757038e-02,1.756960e-01,2.484960e-02,1.631282e-02,2.011201e-03,5.370568e-03,7.257291e-02,8.167385e-03,1.137601e-02,1.846953e-02,7.880819e-03,2.059562e-02,1.396268e-01
4.790731e-01,7.797401e-02,2.310952e-02,1.457735e-01,2.439936e-02,1.471119e-02,1.871731e-03,6.463591e-03,5.804285e-02,6.110729e-03,1.056487e-02,2.123238e-02,8.836530e-03,1.675016e-02,1.050864e-01
1.000000e+00,0.000000e+00,0.000000e+00,0.000000e+00,0.000000e+00,0.000000e+00,0.000000e+00,0.000000e+00,0.000000e+00,0.000000e+00,0.000000e+00,0.000000e+00,0.000000e+00,0.000000e+00,0.000000e+00
1.000000e+00,0.000000e+00,0.000000e+00,0.000000e+00,0.000000e+00,0.000000e+00,0.000000e+00,0.000000e+00,0.000000e+00,0.000000e+00,0.000000e+00,0.000000e+00,0.000000e+00,0.000000e+00,0.000000e+00
1.000000e+00,0.000000e+00,0.000000e+00,0.000000e+00,0.000000e+00,0.000000e+00,0.000000e+00,0.000000e+00,0.000000e+00,0.000000e+00,0.000000e+00,0.000000e+00,0.000000e+00,0.000000e+00,0.000000e+00
1.000000e+00,0.000000e+00,0.000000e+00,0.000000e+00,0.000000e+00,0.000000e+00,0.000000e+00,0.000000e+00,0.000000e+00,0.000000e+00,0.000000e+00,0.000000e+00,0.000000e+00,0.000000e+00,0.000000e+00
1.000000e+00,0.000000e+00,0.000000e+00,0.000000e+00,0.000000e+00,0.000000e+00,0.000000e+00,0.000000e+00,0.000000e+00,0.000000e+00,0.000000e+00,0.000000e+00,0.000000e+00,0.000000e+00,0.000000e+00
1.000000e+00,0.000000e+00,0.000000e+00,0.000000e+00,0.000000e+00,0.000000e+00,0.000000e+00,0.000000e+00,0.000000e+00,0.000000e+00,0.000000e+00,0.000000e+00,0.000000e+00,0.000000e+00,0.000000e+00
1.000000e+00,0.000000e+00,0.000000e+00,0.000000e+00,0.000000e+00,0.000000e+00,0.000000e+00,0.000000e+00,0.000000e+00,0.000000e+00,0.000000e+00,0.000000e+00,0.000000e+00,0.000000e+00,0.000000e+00
1.000000e+00,0.000000e+00,0.000000e+00,0.000000e+00,0.000000e+00,0.000000e+00,0.000000e+00,0.000000e+00,0.000000e+00,0.000000e+00,0.000000e+00,0.000000e+00,0.000000e+00,0.000000e+00,0.000000e+00
1.000000e+00,0.000000e+00,0.000000e+00,0.000000e+00,0.000000e+00,0.000000e+00,0.000000e+00,0.000000e+00,0.000000e+00,0.000000e+00,0.000000e+00,0.000000e+00,0.000000e+00,0.000000e+00,0.000000e+00
1.000000e+00,0.000000e+00,0.000000e+00,0.000000e+00,0.000000e+00,0.000000e+00,0.000000e+00,0.000000e+00,0.000000e+00,0.000000e+00,0.000000e+00,0.000000e+00,0.000000e+00,0.000000e+00,0.000000e+00
1.000000e+00,0.000000e+00,0.000000e+00,0.000000e+00,0.000000e+00,0.000000e+00,0.000000e+00,0.000000e+00,0.000000e+00,0.000000e+00,0.000000e+00,0.000000e+00,0.000000e+00,0.000000e+00,0.000000e+00
1.000000e+00,0.000000e+00,0.000000e+00,0.000000e+00,0.000000e+00,0.000000e+00,0.000000e+00,0.000000e+00,0.000000e+00,0.000000e+00,0.000000e+00,0.000000e+00,0.000000e+00,0.000000e+00,0.000000e+00
1.000000e+00,0.000000e+00,0.000000e+00,0.000000e+00,0.000000e+00,0.000000e+00,0.000000e+00,0.000000e+00,0.000000e+00,0.000000e+00,0.000000e+00,0.000000e+00,0.000000e+00,0.000000e+00,0.000000e+00
1.000000e+00,0.000000e+00,0.000000e+00,0.000000e+00,0.000000e+00,0.000000e+00,0.000000e+00,0.000000e+00,0.000000e+00,0.000000e+00,0.000000e+00,0.000000e+00,0.000000e+00,0.000000e+00,0.000000e+00
1.000000e+00,0.000000e+00,0.000000e+00,0.000000e+00,0.000000e+00,0.000000e+00,0.000000e+00,0.000000e+00,0.000000e+00,0.000000e+00,0.000000e+00,0.000000e+00,0.000000e+00,0.000000e+00,0.000000e+00
1.000000e+00,0.000000e+00,0.000000e+00,0.000000e+00,0.000000e+00,0.000000e+00,0.000000e+00,0.000000e+00,0.000000e+00,0.000000e+00,0.000000e+00,0.000000e+00,0.000000e+00,0.000000e+00,0.000000e+00
1.000000e+00,0.000000e+00,0.000000e+00,0.000000e+00,0.000000e+00,0.000000e+00,0.000000e+00,0.000000e+00,0.000000e+00,0.000000e+00,0.000000e+00,0.000000e+00,0.000000e+00,0.000000e+00,0.000000e+00
1.000000e+00,0.000000e+00,0.000000e+00,0.000000e+00,0.000000e+00,0.000000e+00,0.000000e+00,0.000000e+00,0.000000e+00,0.000000e+00,0.000000e+00,0.000000e+00,0.000000e+00,0.000000e+00,0.000000e+00
1.000000e+00,0.000000e+00,0.000000e+00,0.000000e+00,0.000000e+00,0.000000e+00,0.000000e+00,0.000000e+00,0.000000e+00,0.000000e+00,0.000000e+00,0.000000e+00,0.000000e+00,0.000000e+00,0.000000e+00
1.000000e+00,0.000000e+00,0.000000e+00,0.000000e+00,0.000000e+00,0.000000e+00,0.000000e+00,0.000000e+00,0.000000e+00,0.000000e+00,0.000000e+00,0.000000e+00,0.000000e+00,0.000000e+00,0.000000e+00
1.000000e+00,0.000000e+00,0.000000e+00,0.000000e+00,0.000000e+00,0.000000e+00,0.000000e+00,0.000000e+00,0.000000e+00,0.000000e+00,0.000000e+00,0.000000e+00,0.000000e+00,0.000000e+00,0.000000e+00
1.000000e+00,0.000000e+00,0.000000e+00,0.000000e+00,0.000000e+00,0.000000e+00,0.000000e+00,0.000000e+00,0.000000e+00,0.000000e+00,0.000000e+00,0.000000e+00,0.000000e+00,0.000000e+00,0.000000e+00
1.000000e+00,0.000000e+00,0.000000e+00,0.000000e+00,0.000000e+00,0.000000e+00,0.000000e+00,0.000000e+00,0.000000e+00,0.000000e+00,0.000000e+00,0.000000e+00,0.000000e+00,0.000000e+00,0.000000e+00
1.000000e+00,0.000000e+00,0.000000e+00,0.000000e+00,0.000000e+00,0.000000e+00,0.000000e+00,0.000000e+00,0.000000e+00,0.000000e+00,0.000000e+00,0.000000e+00,0.000000e+00,0.000000e+00,0.000000e+00
1.000000e+00,0.000000e+00,0.000000e+00,0.000000e+00,0.000000e+00,0.000000e+00,0.000000e+00,0.000000e+00,0.000000e+00,0.000000e+00,0.000000e+00,0.000000e+00,0.000000e+00,0.000000e+00,0.000000e+00
1.000000e+00,0.000000e+00,0.000000e+00,0.000000e+00,0.000000e+00,0.000000e+00,0.000000e+00,0.000000e+00,0.000000e+00,0.000000e+00,0.000000e+00,0.000000e+00,0.000000e+00,0.000000e+00,0.000000e+00
1.000000e+00,0.000000e+00,0.000000e+00,0.000000e+00,0.000000e+00,0.000000e+00,0.000000e+00,0.000000e+00,0.000000e+00,0.000000e+00,0.000000e+00,0.000000e+00,0.000000e+00,0.000000e+00,0.000000e+00
1.000000e+00,0.000000e+00,0.000000e+00,0.000000e+00,0.000000e+00,0.000000e+00,0.000000e+00,0.000000e+00,0.000000e+00,0.000000e+00,0.000000e+00,0.000000e+00,0.000000e+00,0.000000e+00,0.000000e+00
1.000000e+00,0.000000e+00,0.000000e+00,0.000000e+00,0.000000e+00,0.000000e+00,0.000000e+00,0.000000e+00,0.000000e+00,0.000000e+00,0.000000e+00,0.000000e+00,0.000000e+00,0.000000e+00,0.000000e+00
1.000000e+00,0.000000e+00,0.000000e+00,0.000000e+00,0.000000e+00,0.000000e+00,0.000000e+00,0.000000e+00,0.000000e+00,0.000000e+00,0.000000e+00,0.000000e+00,0.000000e+00,0.000000e+00,0.000000e+00
1.000000e+00,0.000000e+00,0.000000e+00,0.000000e+00,0.000000e+00,0.000000e+00,0.000000e+00,0.000000e+00,0.000000e+00,0.000000e+00,0.000000e+00,0.000000e+00,0.000000e+00,0.000000e+00,0.000000e+00
1.000000e+00,0.000000e+00,0.000000e+00,0.000000e+00,0.000000e+00,0.000000e+00,0.000000e+00,0.000000e+00,0.000000e+00,0.000000e+00,0.000000e+00,0.000000e+00,0.000000e+00,0.000000e+00,0.000000e+00
1.000000e+00,0.000000e+00,0.000000e+00,0.000000e+00,0.000000e+00,0.000000e+00,0.000000e+00,0.000000e+00,0.000000e+00,0.000000e+00,0.000000e+00,0.000000e+00,0.000000e+00,0.000000e+00,0.000000e+00
1.000000e+00,0.000000e+00,0.000000e+00,0.000000e+00,0.000000e+00,0.000000e+00,0.000000e+00,0.000000e+00,0.000000e+00,0.000000e+00,0.000000e+00,0.000000e+00,0.000000e+00,0.000000e+00,0.000000e+00
1.000000e+00,0.000000e+00,0.000000e+00,0.000000e+00,0.000000e+00,0.000000e+00,0.000000e+00,0.000000e+00,0.000000e+00,0.000000e+00,0.000000e+00,0.000000e+00,0.000000e+00,0.000000e+00,0.000000e+00
1.000000e+00,0.000000e+00,0.000000e+00,0.000000e+00,0.000000e+00,0.000000e+00,0.000000e+00,0.000000e+00,0.000000e+00,0.000000e+00,0.000000e+00,0.000000e+00,0.000000e+00,0.000000e+00,0.000000e+00
1.000000e+00,0.000000e+00,0.000000e+00,0.000000e+00,0.000000e+00,0.000000e+00,0.000000e+00,0.000000e+00,0.000000e+00,0.000000e+00,0.000000e+00,0.000000e+00,0.000000e+00,0.000000e+00,0.000000e+00
1.000000e+00,0.000000e+00,0.000000e+00,0.000000e+00,0.000000e+00,0.000000e+00,0.000000e+00,0.000000e+00,0.000000e+00,0.000000e+00,0.000000e+00,0.000000e+00,0.000000e+00,0.000000e+00,0.000000e+00
1.000000e+00,0.000000e+00,0.000000e+00,0.000000e+00,0.000000e+00,0.000000e+00,0.000000e+00,0.000000e+00,0.000000e+00,0.000000e+00,0.000000e+00,0.000000e+00,0.000000e+00,0.000000e+00,0.000000e+00
1.000000e+00,0.000000e+00,0.000000e+00,0.000000e+00,0.000000e+00,0.000000e+00,0.000000e+00,0.000000e+00,0.000000e+00,0.000000e+00,0.000000e+00,0.000000e+00,0.000000e+00,0.000000e+00,0.000000e+00
1.000000e+00,0.000000e+00,0.000000e+00,0.000000e+00,0.000000e+00,0.000000e+00,0.000000e+00,0.000000e+00,0.000000e+00,0.000000e+00,0.000000e+00,0.000000e+00,0.000000e+00,0.000000e+00,0.000000e+00
1.000000e+00,0.000000e+00,0.000000e+00,0.000000e+00,0.000000e+00,0.000000e+00,0.000000e+00,0.000000e+00,0.000000e+00,0.000000e+00,0.000000e+00,0.000000e+00,0.000000e+00,0.000000e+00,0.000000e+00
1.000000e+00,0.000000e+00,0.000000e+00,0.000000e+00,0.000000e+00,0.000000e+00,0.000000e+00,0.000000e+00,0.000000e+00,0.000000e+00,0.000000e+00,0.000000e+00,0.000000e+00,0.000000e+00,0.000000e+00
1.000000e+00,0.000000e+00,0.000000e+00,0.000000e+00,0.000000e+00,0.000000e+00,0.000000e+00,0.000000e+00,0.000000e+00,0.000000e+00,0.000000e+00,0.000000e+00,0.000000e+00,0.000000e+00,0.000000e+00
1.000000e+00,0.000000e+00,0.000000e+00,0.000000e+00,0.000000e+00,0.000000e+00,0.000000e+00,0.000000e+00,0.000000e+00,0.000000e+00,0.000000e+00,0.000000e+00,0.000000e+00,0.000000e+00,0.000000e+00
1.000000e+00,0.000000e+00,0.000000e+00,0.000000e+00,0.000000e+00,0.000000e+00,0.000000e+00,0.000000e+00,0.000000e+00,0.000000e+00,0.000000e+00,0.000000e+00,0.000000e+00,0.000000e+00,0.000000e+00
1.000000e+00,0.000000e+00,0.000000e+00,0.000000e+00,0.000000e+00,0.000000e+00,0.000000e+00,0.000000e+00,0.000000e+00,0.000000e+00,0.000000e+00,0.000000e+00,0.000000e+00,0.000000e+00,0.000000e+00
1.000000e+00,0.000000e+00,0.000000e+00,0.000000e+00,0.000000e+00,0.000000e+00,0.000000e+00,0.000000e+00,0.000000e+00,0.000000e+00,0.000000e+00,0.000000e+00,0.000000e+00,0.000000e+00,0.000000e+00
1.000000e+00,0.000000e+00,0.000000e+00,0.000000e+00,0.000000e+00,0.000000e+00,0.000000e+00,0.000000e+00,0.000000e+00,0.000000e+00,0.000000e+00,0.000000e+00,0.000000e+00,0.000000e+00,0.000000e+00
1.000000e+00,0.000000e+00,0.000000e+00,0.000000e+00,0.000000e+00,0.000000e+00,0.000000e+00,0.000000e+00,0.000000e+00,0.000000e+00,0.000000e+00,0.000000e+00,0.000000e+00,0.000000e+00,0.000000e+00
1.000000e+00,0.000000e+00,0.000000e+00,0.000000e+00,0.000000e+00,0.000000e+00,0.000000e+00,0.000000e+00,0.000000e+00,0.000000e+00,0.000000e+00,0.000000e+00,0.000000e+00,0.000000e+00,0.000000e+00
1.000000e+00,0.000000e+00,0.000000e+00,0.000000e+00,0.000000e+00,0.000000e+00,0.000000e+00,0.000000e+00,0.000000e+00,0.000000e+00,0.000000e+00,0.000000e+00,0.000000e+00,0.000000e+00,0.000000e+00
1.000000e+00,0.000000e+00,0.000000e+00,0.000000e+00,0.000000e+00,0.000000e+00,0.000000e+00,0.000000e+00,0.000000e+00,0.000000e+00,0.000000e+00,0.000000e+00,0.000000e+00,0.000000e+00,0.000000e+00
1.000000e+00,0.000000e+00,0.000000e+00,0.000000e+00,0.000000e+00,0.000000e+00,0.000000e+00,0.000000e+00,0.000000e+00,0.000000e+00,0.000000e+00,0.000000e+00,0.000000e+00,0.000000e+00,0.000000e+00
1.000000e+00,0.000000e+00,0.000000e+00,0.000000e+00,0.000000e+00,0.000000e+00,0.000000e+00,0.000000e+00,0.000000e+00,0.000000e+00,0.000000e+00,0.000000e+00,0.000000e+00,0.000000e+00,0.000000e+00
1.000000e+00,0.000000e+00,0.000000e+00,0.000000e+00,0.000000e+00,0.000000e+00,0.000000e+00,0.000000e+00,0.000000e+00,0.000000e+00,0.000000e+00,0.000000e+00,0.000000e+00,0.000000e+00,0.000000e+00
1.000000e+00,0.000000e+00,0.000000e+00,0.000000e+00,0.000000e+00,0.000000e+00,0.000000e+00,0.000000e+00,0.000000e+00,0.000000e+00,0.000000e+00,0.000000e+00,0.000000e+00,0.000000e+00,0.000000e+00
1.000000e+00,0.000000e+00,0.000000e+00,0.000000e+00,0.000000e+00,0.000000e+00,0.000000e+00,0.000000e+00,0.000000e+00,0.000000e+00,0.000000e+00,0.000000e+00,0.000000e+00,0.000000e+00,0.000000e+00
1.000000e+00,0.000000e+00,0.000000e+00,0.000000e+00,0.000000e+00,0.000000e+00,0.000000e+00,0.000000e+00,0.000000e+00,0.000000e+00,0.000000e+00,0.000000e+00,0.000000e+00,0.000000e+00,0.000000e+00
1.000000e+00,0.000000e+00,0.000000e+00,0.000000e+00,0.000000e+00,0.000000e+00,0.000000e+00,0.000000e+00,0.000000e+00,0.000000e+00,0.000000e+00,0.000000e+00,0.000000e+00,0.000000e+00,0.000000e+00
1.000000e+00,0.000000e+00,0.000000e+00,0.000000e+00,0.000000e+00,0.000000e+00,0.000000e+00,0.000000e+00,0.000000e+00,0.000000e+00,0.000000e+00,0.000000e+00,0.000000e+00,0.000000e+00,0.000000e+00
1.000000e+00,0.000000e+00,0.000000e+00,0.000000e+00,0.000000e+00,0.000000e+00,0.000000e+00,0.000000e+00,0.000000e+00,0.000000e+00,0.000000e+00,0.000000e+00,0.000000e+00,0.000000e+00,0.000000e+00
1.000000e+00,0.000000e+00,0.000000e+00,0.000000e+00,0.000000e+00,0.000000e+00,0.000000e+00,0.000000e+00,0.000000e+00,0.000000e+00,0.000000e+00,0.000000e+00,0.000000e+00,0.000000e+00,0.000000e+00
1.000000e+00,0.000000e+00,0.000000e+00,0.000000e+00,0.000000e+00,0.000000e+00,0.000000e+00,0.000000e+00,0.000000e+00,0.000000e+00,0.000000e+00,0.000000e+00,0.000000e+00,0.000000e+00,0.000000e+00
1.000000e+00,0.000000e+00,0.000000e+00,0.000000e+00,0.000000e+00,0.000000e+00,0.000000e+00,0.000000e+00,0.000000e+00,0.000000e+00,0.000000e+00,0.000000e+00,0.000000e+00,0.000000e+00,0.000000e+00
1.000000e+00,0.000000e+00,0.000000e+00,0.000000e+00,0.000000e+00,0.000000e+00,0.000000e+00,0.000000e+00,0.000000e+00,0.000000e+00,0.000000e+00,0.000000e+00,0.000000e+00,0.000000e+00,0.000000e+00
1.000000e+00,0.000000e+00,0.000000e+00,0.000000e+00,0.000000e+00,0.000000e+00,0.000000e+00,0.000000e+00,0.000000e+00,0.000000e+00,0.000000e+00,0.000000e+00,0.000000e+00,0.000000e+00,0.000000e+00
