1.000000e+00,0.000000e+00,0.000000e+00,0.000000e+00,0.000000e+00,0.000000e+00,0.000000e+00,0.000000e+00,0.000000e+00,0.000000e+00,0.000000e+00,0.000000e+00,0.000000e+00,0.000000e+00,0.000000e+00
1.000000e+00,0.000000e+00,0.000000e+00,0.000000e+00,0.000000e+00,0.000000e+00,0.000000e+00,0.000000e+00,0.000000e+00,0.000000e+00,0.000000e+00,0.000000e+00,0.000000e+00,0.000000e+00,0.000000e+00
1.000000e+00,0.000000e+00,0.000000e+00,0.000000e+00,0.000000e+00,0.000000e+00,0.000000e+00,0.000000e+00,0.000000e+00,0.000000e+00,0.000000e+00,0.000000e+00,0.000000e+00,0.000000e+00,0.000000e+00
1.000000e+00,0.000000e+00,0.000000e+00,0.000000e+00,0.000000e+00,0.000000e+00,0.000000e+00,0.000000e+00,0.000000e+00,0.000000e+00,0.000000e+00,0.000000e+00,0.000000e+00,0.000000e+00,0.000000e+00
1.000000e+00,0.000000e+00,0.000000e+00,0.000000e+00,0.000000e+00,0.000000e+00,0.000000e+00,0.000000e+00,0.000000e+00,0.000000e+00,0.000000e+00,0.000000e+00,0.000000e+00,0.000000e+00,0.000000e+00
1.000000e+00,0.000000e+00,0.000000e+00,0.000000e+00,0.000000e+00,0.000000e+00,0.000000e+00,0.000000e+00,0.000000e+00,0.000000e+00,0.000000e+00,0.000000e+00,0.000000e+00,0.000000e+00,0.000000e+00
1.000000e+00,0.000000e+00,0.000000e+00,0.000000e+00,0.000000e+00,0.000000e+00,0.000000e+00,0.000000e+00,0.000000e+00,0.000000e+00,0.000000e+00,0.000000e+00,0.000000e+00,0.000000e+00,0.000000e+00
1.000000e+00,0.000000e+00,0.000000e+00,0.000000e+00,0.000000e+00,0.000000e+00,0.000000e+00,0.000000e+00,0.000000e+00,0.000000e+00,0.000000e+00,0.000000e+00,0.000000e+00,0.000000e+00,0.000000e+00
1.000000e+00,0.000000e+00,0.000000e+00,0.000000e+00,0.000000e+00,0.000000e+00,0.000000e+00,0.000000e+00,0.000000e+00,0.000000e+00,0.000000e+00,0.000000e+00,0.000000e+00,0.000000e+00,0.000000e+00
1.000000e+00,0.000000e+00,0.000000e+00,0.000000e+00,0.000000e+00,0.000000e+00,0.000000e+00,0.000000e+00,0.000000e+00,0.000000e+00,0.000000e+00,0.000000e+00,0.000000e+00,0.000000e+00,0.000000e+00
1.000000e+00,0.000000e+00,0.000000e+00,0.000000e+00,0.000000e+00,0.000000e+00,0.000000e+00,0.000000e+00,0.000000e+00,0.000000e+00,0.000000e+00,0.000000e+00,0.000000e+00,0.000000e+00,0.000000e+00
1.000000e+00,0.000000e+00,0.000000e+00,0.000000e+00,0.000000e+00,0.000000e+00,0.000000e+00,0.000000e+00,0.000000e+00,0.000000e+00,0.000000e+00,0.000000e+00,0.000000e+00,0.000000e+00,0.000000e+00
1.000000e+00,0.000000e+00,0.000000e+00,0.000000e+00,0.000000e+00,0.000000e+00,0.000000e+00,0.000000e+00,0.000000e+00,0.000000e+00,0.000000e+00,0.000000e+00,0.000000e+00,0.000000e+00,0.000000e+00
1.000000e+00,0.000000e+00,0.000000e+00,0.000000e+00,0.000000e+00,0.000000e+00,0.000000e+00,0.000000e+00,0.000000e+00,0.000000e+00,0.000000e+00,0.000000e+00,0.000000e+00,0.000000e+00,0.000000e+00
1.000000e+00,0.000000e+00,0.000000e+00,0.000000e+00,0.000000e+00,0.000000e+00,0.000000e+00,0.000000e+00,0.000000e+00,0.000000e+00,0.000000e+00,0.000000e+00,0.000000e+00,0.000000e+00,0.000000e+00
1.000000e+00,0.000000e+00,0.000000e+00,0.000000e+00,0.000000e+00,0.000000e+00,0.000000e+00,0.000000e+00,0.000000e+00,0.000000e+00,0.000000e+00,0.000000e+00,0.000000e+00,0.000000e+00,0.000000e+00
1.000000e+00,0.000000e+00,0.000000e+00,0.000000e+00,0.000000e+00,0.000000e+00,0.000000e+00,0.000000e+00,0.000000e+00,0.000000e+00,0.000000e+00,0.000000e+00,0.000000e+00,0.000000e+00,0.000000e+00
1.000000e+00,0.000000e+00,0.000000e+00,0.000000e+00,0.000000e+00,0.000000e+00,0.000000e+00,0.000000e+00,0.000000e+00,0.000000e+00,0.000000e+00,0.000000e+00,0.000000e+00,0.000000e+00,0.000000e+00
1.000000e+00,0.000000e+00,0.000000e+00,0.000000e+00,0.000000e+00,0.000000e+00,0.000000e+00,0.000000e+00,0.000000e+00,0.000000e+00,0.000000e+00,0.000000e+00,0.000000e+00,0.000000e+00,0.000000e+00
1.000000e+00,0.000000e+00,0.000000e+00,0.000000e+00,0.000000e+00,0.000000e+00,0.000000e+00,0.000000e+00,0.000000e+00,0.000000e+00,0.000000e+00,0.000000e+00,0.000000e+00,0.000000e+00,0.000000e+00
1.000000e+00,0.000000e+00,0.000000e+00,0.000000e+00,0.000000e+00,0.000000e+00,0.000000e+00,0.000000e+00,0.000000e+00,0.000000e+00,0.000000e+00,0.000000e+00,0.000000e+00,0.000000e+00,0.000000e+00
1.000000e+00,0.000000e+00,0.000000e+00,0.000000e+00,0.000000e+00,0.000000e+00,0.000000e+00,0.000000e+00,0.000000e+00,0.000000e+00,0.000000e+00,0.000000e+00,0.000000e+00,0.000000e+00,0.000000e+00
1.000000e+00,0.000000e+00,0.000000e+00,0.000000e+00,0.000000e+00,0.000000e+00,0.000000e+00,0.000000e+00,0.000000e+00,0.000000e+00,0.000000e+00,0.000000e+00,0.000000e+00,0.000000e+00,0.000000e+00
1.000000e+00,0.000000e+00,0.000000e+00,0.000000e+00,0.000000e+00,0.000000e+00,0.000000e+00,0.000000e+00,0.000000e+00,0.000000e+00,0.000000e+00,0.000000e+00,0.000000e+00,0.000000e+00,0.000000e+00
1.000000e+00,0.000000e+00,0.000000e+00,0.000000e+00,0.000000e+00,0.000000e+00,0.000000e+00,0.000000e+00,0.000000e+00,0.000000e+00,0.000000e+00,0.000000e+00,0.000000e+00,0.000000e+00,0.000000e+00
1.000000e+00,0.000000e+00,0.000000e+00,0.000000e+00,0.000000e+00,0.000000e+00,0.000000e+00,0.000000e+00,0.000000e+00,0.000000e+00,0.000000e+00,0.000000e+00,0.000000e+00,0.000000e+00,0.000000e+00
1.000000e+00,0.000000e+00,0.000000e+00,0.000000e+00,0.000000e+00,0.000000e+00,0.000000e+00,0.000000e+00,0.000000e+00,0.000000e+00,0.000000e+00,0.000000e+00,0.000000e+00,0.000000e+00,0.000000e+00
1.000000e+00,0.000000e+00,0.000000e+00,0.000000e+00,0.000000e+00,0.000000e+00,0.000000e+00,0.000000e+00,0.000000e+00,0.000000e+00,0.000000e+00,0.000000e+00,0.000000e+00,0.000000e+00,0.000000e+00
1.000000e+00,0.000000e+00,0.000000e+00,0.000000e+00,0.000000e+00,0.000000e+00,0.000000e+00,0.000000e+00,0.000000e+00,0.000000e+00,0.000000e+00,0.000000e+00,0.000000e+00,0.000000e+00,0.000000e+00
1.000000e+00,0.000000e+00,0.000000e+00,0.000000e+00,0.000000e+00,0.000000e+00,0.000000e+00,0.000000e+00,0.000000e+00,0.000000e+00,0.000000e+00,0.000000e+00,0.000000e+00,0.000000e+00,0.000000e+00
1.000000e+00,0.000000e+00,0.000000e+00,0.000000e+00,0.000000e+00,0.000000e+00,0.000000e+00,0.000000e+00,0.000000e+00,0.000000e+00,0.000000e+00,0.000000e+00,0.000000e+00,0.000000e+00,0.000000e+00
1.000000e+00,0.000000e+00,0.000000e+00,0.000000e+00,0.000000e+00,0.000000e+00,0.000000e+00,0.000000e+00,0.000000e+00,0.000000e+00,0.000000e+00,0.000000e+00,0.000000e+00,0.000000e+00,0.000000e+00
1.000000e+00,0.000000e+00,0.000000e+00,0.000000e+00,0.000000e+00,0.000000e+00,0.000000e+00,0.000000e+00,0.000000e+00,0.000000e+00,0.000000e+00,0.000000e+00,0.000000e+00,0.000000e+00,0.000000e+00
1.000000e+00,0.000000e+00,0.000000e+00,0.000000e+00,0.000000e+00,0.000000e+00,0.000000e+00,0.000000e+00,0.000000e+00,0.000000e+00,0.000000e+00,0.000000e+00,0.000000e+00,0.000000e+00,0.000000e+00
1.000000e+00,0.000000e+00,0.000000e+00,0.000000e+00,0.000000e+00,0.000000e+00,0.000000e+00,0.000000e+00,0.000000e+00,0.000000e+00,0.000000e+00,0.000000e+00,0.000000e+00,0.000000e+00,0.000000e+00
1.000000e+00,0.000000e+00,0.000000e+00,0.000000e+00,0.000000e+00,0.000000e+00,0.000000e+00,0.000000e+00,0.000000e+00,0.000000e+00,0.000000e+00,0.000000e+00,0.000000e+00,0.000000e+00,0.000000e+00
1.000000e+00,0.000000e+00,0.000000e+00,0.000000e+00,0.000000e+00,0.000000e+00,0.000000e+00,0.000000e+00,0.000000e+00,0.000000e+00,0.000000e+00,0.000000e+00,0.000000e+00,0.000000e+00,0.000000e+00
1.000000e+00,0.000000e+00,0.000000e+00,0.000000e+00,0.000000e+00,0.000000e+00,0.000000e+00,0.000000e+00,0.000000e+00,0.000000e+00,0.000000e+00,0.000000e+00,0.000000e+00,0.000000e+00,0.000000e+00
1.000000e+00,0.000000e+00,0.000000e+00,0.000000e+00,0.000000e+00,0.000000e+00,0.000000e+00,0.000000e+00,0.000000e+00,0.000000e+00,0.000000e+00,0.000000e+00,0.000000e+00,0.000000e+00,0.000000e+00
1.000000e+00,0.000000e+00,0.000000e+00,0.000000e+00,0.000000e+00,0.000000e+00,0.000000e+00,0.000000e+00,0.000000e+00,0.000000e+00,0.000000e+00,0.000000e+00,0.000000e+00,0.000000e+00,0.000000e+00
1.000000e+00,0.000000e+00,0.000000e+00,0.000000e+00,0.000000e+00,0.000000e+00,0.000000e+00,0.000000e+00,0.000000e+00,0.000000e+00,0.000000e+00,0.000000e+00,0.000000e+00,0.000000e+00,0.000000e+00
1.000000e+00,0.000000e+00,0.000000e+00,0.000000e+00,0.000000e+00,0.000000e+00,0.000000e+00,0.000000e+00,0.000000e+00,0.000000e+00,0.000000e+00,0.000000e+00,0.000000e+00,0.000000e+00,0.000000e+00
1.000000e+00,0.000000e+00,0.000000e+00,0.000000e+00,0.000000e+00,0.000000e+00,0.000000e+00,0.000000e+00,0.000000e+00,0.000000e+00,0.000000e+00,0.000000e+00,0.000000e+00,0.000000e+00,0.000000e+00
1.000000e+00,0.000000e+00,0.000000e+00,0.000000e+00,0.000000e+00,0.000000e+00,0.000000e+00,0.000000e+00,0.000000e+00,0.000000e+00,0.000000e+00,0.000000e+00,0.000000e+00,0.000000e+00,0.000000e+00
1.000000e+00,0.000000e+00,0.000000e+00,0.000000e+00,0.000000e+00,0.000000e+00,0.000000e+00,0.000000e+00,0.000000e+00,0.000000e+00,0.000000e+00,0.000000e+00,0.000000e+00,0.000000e+00,0.000000e+00
1.000000e+00,0.000000e+00,0.000000e+00,0.000000e+00,0.000000e+00,0.000000e+00,0.000000e+00,0.000000e+00,0.000000e+00,0.000000e+00,0.000000e+00,0.000000e+00,0.000000e+00,0.000000e+00,0.000000e+00
1.000000e+00,0.000000e+00,0.000000e+00,0.000000e+00,0.000000e+00,0.000000e+00,0.000000e+00,0.000000e+00,0.000000e+00,0.000000e+00,0.000000e+00,0.000000e+00,0.000000e+00,0.000000e+00,0.000000e+00
1.000000e+00,0.000000e+00,0.000000e+00,0.000000e+00,0.000000e+00,0.000000e+00,0.000000e+00,0.000000e+00,0.000000e+00,0.000000e+00,0.000000e+00,0.000000e+00,0.000000e+00,0.000000e+00,0.000000e+00
1.000000e+00,0.000000e+00,0.000000e+00,0.000000e+00,0.000000e+00,0.000000e+00,0.000000e+00,0.000000e+00,0.000000e+00,0.000000e+00,0.000000e+00,0.000000e+00,0.000000e+00,0.000000e+00,0.000000e+00
1.000000e+00,0.000000e+00,0.000000e+00,0.000000e+00,0.000000e+00,0.000000e+00,0.000000e+00,0.000000e+00,0.000000e+00,0.000000e+00,0.000000e+00,0.000000e+00,0.000000e+00,0.000000e+00,0.000000e+00
1.000000e+00,0.000000e+00,0.000000e+00,0.000000e+00,0.000000e+00,0.000000e+00,0.000000e+00,0.000000e+00,0.000000e+00,0.000000e+00,0.000000e+00,0.000000e+00,0.000000e+00,0.000000e+00,0.000000e+00
1.000000e+00,0.000000e+00,0.000000e+00,0.000000e+00,0.000000e+00,0.000000e+00,0.000000e+00,0.000000e+00,0.000000e+00,0.000000e+00,0.000000e+00,0.000000e+00,0.000000e+00,0.000000e+00,0.000000e+00
1.000000e+00,0.000000e+00,0.000000e+00,0.000000e+00,0.000000e+00,0.000000e+00,0.000000e+00,0.000000e+00,0.000000e+00,0.000000e+00,0.000000e+00,0.000000e+00,0.000000e+00,0.000000e+00,0.000000e+00
4.081384e-01,6.062920e-02,5.433422e-02,1.677407e-01,2.025442e-02,3.619668e-02,1.011288e-02,2.741749e-02,2.202345e-02,3.778289e-03,2.505946e-02,7.551996e-02,3.981762e-02,5.573155e-03,4.340412e-02
3.062485e-01,4.992342e-02,1.591518e-01,1.593679e-01,1.787989e-02,5.392166e-02,9.203359e-03,3.606245e-02,1.695205e-02,3.244529e-03,2.752233e-02,8.870478e-02,3.371148e-02,4.370906e-03,3.373501e-02
2.688686e-01,4.499251e-02,2.683763e-01,1.174947e-01,1.548346e-02,7.543266e-02,9.125364e-03,2.881145e-02,1.266531e-02,7.853557e-03,2.571724e-02,6.877694e-02,2.504742e-02,4.176772e-03,2.717769e-02
2.362748e-01,3.597146e-02,3.193752e-01,8.827552e-02,1.308086e-02,1.187568e-01,8.192154e-03,2.688504e-02,9.410649e-03,9.766268e-03,2.768851e-02,5.877717e-02,1.992083e-02,4.278735e-03,2.334603e-02
2.200406e-01,2.916796e-02,3.657097e-01,6.736826e-02,1.132935e-02,1.270810e-01,1.251523e-02,3.602859e-02,7.272274e-03,1.207316e-02,2.368592e-02,4.668287e-02,1.662103e-02,4.126779e-03,2.029732e-02
2.475266e-01,2.376692e-02,3.142880e-01,5.855876e-02,1.070951e-02,1.212523e-01,4.084883e-02,7.088187e-02,6.177987e-03,1.261673e-02,1.932990e-02,3.743749e-02,1.444768e-02,4.346299e-03,1.781114e-02
2.926067e-01,1.796109e-02,2.578511e-01,5.360755e-02,8.925777e-03,1.083952e-01,6.032327e-02,1.074323e-01,5.109731e-03,1.046162e-02,1.454187e-02,2.921575e-02,1.198085e-02,3.964800e-03,1.762230e-02
4.216898e-01,1.499907e-02,1.894042e-01,4.140596e-02,7.514724e-03,9.413865e-02,5.211428e-02,9.224749e-02,4.392613e-03,8.405565e-03,1.114576e-02,2.262393e-02,1.016657e-02,3.769051e-03,2.598224e-02
1.000000e+00,0.000000e+00,0.000000e+00,0.000000e+00,0.000000e+00,0.000000e+00,0.000000e+00,0.000000e+00,0.000000e+00,0.000000e+00,0.000000e+00,0.000000e+00,0.000000e+00,0.000000e+00,0.000000e+00
1.000000e+00,0.000000e+00,0.000000e+00,0.000000e+00,0.000000e+00,0.000000e+00,0.000000e+00,0.000000e+00,0.000000e+00,0.000000e+00,0.000000e+00,0.000000e+00,0.000000e+00,0.000000e+00,0.000000e+00
1.000000e+00,0.000000e+00,0.000000e+00,0.000000e+00,0.000000e+00,0.000000e+00,0.000000e+00,0.000000e+00,0.000000e+00,0.000000e+00,0.000000e+00,0.000000e+00,0.000000e+00,0.000000e+00,0.000000e+00
1.000000e+00,0.000000e+00,0.000000e+00,0.000000e+00,0.000000e+00,0.000000e+00,0.000000e+00,0.000000e+00,0.000000e+00,0.000000e+00,0.000000e+00,0.000000e+00,0.000000e+00,0.000000e+00,0.000000e+00
1.000000e+00,0.000000e+00,0.000000e+00,0.000000e+00,0.000000e+00,0.000000e+00,0.000000e+00,0.000000e+00,0.000000e+00,0.000000e+00,0.000000e+00,0.000000e+00,0.000000e+00,0.000000e+00,0.000000e+00
1.000000e+00,0.000000e+00,0.000000e+00,0.000000e+00,0.000000e+00,0.000000e+00,0.000000e+00,0.000000e+00,0.000000e+00,0.000000e+00,0.000000e+00,0.000000e+00,0.000000e+00,0.000000e+00,0.000000e+00
1.000000e+00,0.000000e+00,0.000000e+00,0.000000e+00,0.000000e+00,0.000000e+00,0.000000e+00,0.000000e+00,0.000000e+00,0.000000e+00,0.000000e+00,0.000000e+00,0.000000e+00,0.000000e+00,0.000000e+00
1.000000e+00,0.000000e+00,0.000000e+00,0.000000e+00,0.000000e+00,0.000000e+00,0.000000e+00,0.000000e+00,0.000000e+00,0.000000e+00,0.000000e+00,0.000000e+00,0.000000e+00,0.000000e+00,0.000000e+00
1.000000e+00,0.000000e+00,0.000000e+00,0.000000e+00,0.000000e+00,0.000000e+00,0.000000e+00,0.000000e+00,0.000000e+00,0.000000e+00,0.000000e+00,0.000000e+00,0.000000e+00,0.000000e+00,0.000000e+00
4.660945e-01,2.915312e-02,1.946238e-02,5.179310e-02,6.833732e-03,3.228810e-02,6.509673e-03,2.459878e-02,9.274041e-02,9.750481e-03,1.770219e-02,2.763082e-02,1.156917e-02,1.279828e-02,1.910753e-01
3.282307e-01,2.191375e-02,1.383190e-02,4.535314e-02,4.911360e-03,2.373169e-02,4.589458e-03,1.734069e-02,2.346277e-01,1.324901e-02,1.559538e-02,2.011268e-02,9.889383e-03,1.098343e-02,2.356398e-01
2.303045e-01,1.623630e-02,9.785483e-03,3.646780e-02,3.462655e-03,1.667354e-02,3.223993e-03,1.222907e-02,3.906231e-01,2.703596e-02,1.226137e-02,1.434633e-02,9.151157e-03,8.064256e-03,2.101345e-01
1.709577e-01,1.429197e-02,7.286305e-03,3.499700e-02,2.610313e-03,1.343238e-02,2.384601e-03,9.164811e-03,4.754957e-01,3.406014e-02,1.633413e-02,1.132581e-02,1.666280e-02,1.071795e-02,1.802783e-01
1.441847e-01,1.288450e-02,5.949119e-03,3.553360e-02,2.637487e-03,1.246958e-02,2.049728e-03,7.270745e-03,4.945702e-01,2.888237e-02,2.583765e-02,1.072512e-02,1.720088e-02,3.104137e-02,1.687629e-01
1.798437e-01,9.643111e-03,4.497039e-03,3.207308e-02,2.509792e-03,2.317275e-02,1.848860e-03,5.601624e-03,3.651121e-01,2.916317e-02,5.588608e-02,4.492801e-02,3.765910e-02,2.900783e-02,1.790537e-01
2.282252e-01,7.655692e-03,1.026138e-02,3.558913e-02,5.226737e-03,3.117582e-02,2.643235e-03,1.485164e-02,2.587242e-01,2.151720e-02,8.567870e-02,6.023335e-02,6.318089e-02,2.362983e-02,1.514070e-01
2.075816e-01,6.256573e-03,2.391467e-02,3.002803e-02,4.750660e-03,4.608464e-02,2.583016e-03,1.511225e-02,1.841561e-01,1.824576e-02,1.235239e-01,7.564031e-02,6.848313e-02,2.450239e-02,1.691370e-01
2.871655e-01,5.856497e-03,4.503601e-02,3.156450e-02,4.866008e-03,4.689015e-02,2.743155e-03,1.444067e-02,1.308024e-01,1.502419e-02,1.141341e-01,8.845495e-02,5.487626e-02,2.041667e-02,1.377290e-01
3.465465e-01,6.929442e-03,9.644233e-02,3.620144e-02,6.021345e-03,4.077702e-02,2.261770e-03,1.334875e-02,9.669931e-02,1.547008e-02,9.190084e-02,7.813307e-02,4.422134e-02,2.169628e-02,1.033504e-01
4.042465e-01,1.196794e-02,1.174186e-01,3.978781e-02,9.912828e-03,3.546277e-02,2.066240e-03,1.769598e-02,7.608243e-02,1.381326e-02,7.285754e-02,6.450554e-02,3.434116e-02,2.332389e-02,7.651743e-02
4.183741e-01,2.042190e-02,1.392224e-01,3.508554e-02,1.774749e-02,2.936088e-02,2.116598e-03,3.041541e-02,6.437078e-02,1.274264e-02,6.272829e-02,5.656243e-02,2.808020e-02,2.573198e-02,5.703931e-02
4.649504e-01,2.171912e-02,1.073627e-01,4.000565e-02,1.659187e-02,2.569779e-02,3.082287e-03,7.097446e-02,5.114993e-02,1.054994e-02,4.883115e-02,4.956108e-02,2.311836e-02,2.219941e-02,4.420580e-02
1.000000e+00,0.000000e+00,0.000000e+00,0.000000e+00,0.000000e+00,0.000000e+00,0.000000e+00,0.000000e+00,0.000000e+00,0.000000e+00,0.000000e+00,0.000000e+00,0.000000e+00,0.000000e+00,0.000000e+00
1.000000e+00,0.000000e+00,0.000000e+00,0.000000e+00,0.000000e+00,0.000000e+00,0.000000e+00,0.000000e+00,0.000000e+00,0.000000e+00,0.000000e+00,0.000000e+00,0.000000e+00,0.000000e+00,0.000000e+00
1.000000e+00,0.000000e+00,0.000000e+00,0.000000e+00,0.000000e+00,0.000000e+00,0.000000e+00,0.000000e+00,0.000000e+00,0.000000e+00,0.000000e+00,0.000000e+00,0.000000e+00,0.000000e+00,0.000000e+00
1.000000e+00,0.000000e+00,0.000000e+00,0.000000e+00,0.000000e+00,0.000000e+00,0.000000e+00,0.000000e+00,0.000000e+00,0.000000e+00,0.000000e+00,0.000000e+00,0.000000e+00,0.000000e+00,0.000000e+00
1.000000e+00,0.000000e+00,0.000000e+00,0.000000e+00,0.000000e+00,0.000000e+00,0.000000e+00,0.000000e+00,0.000000e+00,0.000000e+00,0.000000e+00,0.000000e+00,0.000000e+00,0.000000e+00,0.000000e+00
1.000000e+00,0.000000e+00,0.000000e+00,0.000000e+00,0.000000e+00,0.000000e+00,0.000000e+00,0.000000e+00,0.000000e+00,0.000000e+00,0.000000e+00,0.000000e+00,0.000000e+00,0.000000e+00,0.000000e+00
1.000000e+00,0.000000e+00,0.000000e+00,0.000000e+00,0.000000e+00,0.000000e+00,0.000000e+00,0.000000e+00,0.000000e+00,0.000000e+00,0.000000e+00,0.000000e+00,0.000000e+00,0.000000e+00,0.000000e+00
4.755978e-01,5.652302e-03,9.332522e-03,3.452310e-02,5.561248e-03,2.599131e-02,1.162769e-03,1.607743e-01,8.992031e-03,2.954213e-03,6.011263e-02,1.103855e-01,7.963511e-02,9.764550e-03,9.560710e-03
3.721159e-01,4.597300e-03,7.324528e-03,3.968213e-02,4.278041e-03,2.102379e-02,8.974262e-04,1.441503e-01,7.790253e-03,3.191812e-03,6.000718e-02,2.276015e-01,8.933477e-02,1.072005e-02,7.284952e-03
3.230677e-01,3.474162e-03,5.381964e-03,3.306165e-02,3.364646e-03,1.876882e-02,8.168728e-04,1.068027e-01,1.203149e-02,2.603043e-03,5.718413e-02,3.404883e-01,7.670222e-02,1.012418e-02,6.128257e-03
2.930452e-01,2.695690e-03,3.896416e-03,2.594601e-02,2.736141e-03,1.527878e-02,6.968114e-04,7.731272e-02,2.281427e-02,2.408810e-03,5.301727e-02,4.246191e-01,6.150171e-02,8.938369e-03,5.092673e-03
3.171647e-01,3.157923e-03,3.079615e-03,2.122557e-02,9.802287e-03,1.309057e-02,1.064714e-03,5.758264e-02,3.616809e-02,2.280961e-03,4.544982e-02,4.254727e-01,5.103403e-02,9.144680e-03,4.281794e-03
2.630779e-01,2.650686e-03,2.314627e-03,1.568338e-02,9.651402e-03,1.032230e-02,9.576303e-04,4.127988e-02,2.991490e-02,3.512624e-03,3.592619e-02,5.292286e-01,4.389878e-02,8.426808e-03,3.154253e-03
2.967155e-01,3.269045e-03,2.205285e-03,1.290151e-02,1.765934e-02,1.222796e-02,9.622577e-04,3.058150e-02,3.019565e-02,3.498199e-03,2.964977e-02,5.155355e-01,3.513068e-02,6.859792e-03,2.608022e-03
2.347020e-01,9.240473e-03,2.266438e-03,9.629625e-03,2.330448e-02,1.026719e-02,8.333233e-04,2.359796e-02,3.088372e-02,3.391943e-03,2.459064e-02,5.891892e-01,3.066960e-02,5.523383e-03,1.910006e-03
1.683004e-01,6.729624e-03,1.717031e-03,6.910142e-03,3.013751e-02,7.586255e-03,6.760086e-04,1.791950e-02,2.636552e-02,2.947007e-03,1.948821e-02,6.818610e-01,2.393717e-02,4.075103e-03,1.349528e-03
1.342203e-01,5.904885e-03,2.318095e-03,6.419989e-03,4.620794e-02,6.721717e-03,1.080732e-03,3.229126e-02,2.877902e-02,4.037302e-03,1.627710e-02,6.918322e-01,1.953102e-02,3.389844e-03,9.885730e-04
1.083364e-01,4.594650e-03,1.914953e-03,4.695707e-03,1.292790e-01,5.500521e-03,1.663744e-03,2.495163e-02,3.495597e-02,3.599957e-03,1.562594e-02,6.467648e-01,1.442072e-02,2.988225e-03,7.078749e-04
1.151103e-01,3.815986e-03,1.979355e-03,3.693860e-03,2.372760e-01,5.002399e-03,3.614881e-03,2.351944e-02,3.560845e-02,3.491069e-03,1.882106e-02,5.343803e-01,1.064555e-02,2.509276e-03,5.319586e-04
9.888060e-02,3.271272e-03,2.110482e-03,2.794802e-03,3.538116e-01,5.174525e-03,5.285530e-03,1.917180e-02,5.590237e-02,2.916432e-03,1.555860e-02,4.246747e-01,8.040409e-03,2.007562e-03,3.993267e-04
8.953752e-02,2.976381e-03,1.854289e-03,2.821513e-03,4.114518e-01,6.126277e-03,7.768178e-03,2.851101e-02,9.672632e-02,3.237614e-03,1.385676e-02,3.265880e-01,6.578852e-03,1.650921e-03,3.145222e-04
7.210016e-02,2.372373e-03,1.471400e-03,2.103485e-03,4.997750e-01,6.010875e-03,1.076274e-02,2.248468e-02,1.244861e-01,3.160832e-03,1.298247e-02,2.350544e-01,5.586458e-03,1.356926e-03,2.920934e-04
7.098507e-02,2.043190e-03,2.313731e-03,1.906171e-03,4.928952e-01,1.086452e-02,1.806173e-02,2.478454e-02,1.006334e-01,9.708132e-03,1.346919e-02,2.404925e-01,9.848073e-03,1.533584e-03,4.610000e-04
9.043121e-02,1.568840e-03,2.170930e-03,2.736236e-03,4.557138e-01,2.340314e-02,2.628010e-02,3.113418e-02,8.203469e-02,3.350490e-02,1.485631e-02,2.198552e-01,1.416434e-02,1.625242e-03,5.208489e-04
8.242705e-02,1.231041e-03,7.099386e-03,1.618426e-02,3.816169e-01,2.005788e-02,2.431008e-02,1.971290e-01,6.083244e-02,2.553099e-02,1.151833e-02,1.579579e-01,1.234927e-02,1.326008e-03,4.295550e-04
7.403962e-02,9.610394e-04,8.425586e-03,2.120374e-02,2.922340e-01,1.785338e-02,3.299024e-02,3.563518e-01,4.398145e-02,1.970943e-02,8.613469e-03,1.124961e-01,9.626604e-03,1.158783e-03,3.547739e-04
6.492220e-02,7.415549e-04,1.165730e-02,2.769593e-02,2.356978e-01,1.511220e-02,2.786088e-02,4.759725e-01,3.114922e-02,1.467810e-02,6.763874e-03,7.953924e-02,6.901507e-03,1.014017e-03,2.937613e-04
5.456740e-02,5.781022e-04,1.375980e-02,2.811748e-02,1.817514e-01,1.260027e-02,3.989224e-02,5.679296e-01,2.199361e-02,1.096932e-02,5.682046e-03,5.609035e-02,5.031528e-03,7.729795e-04,2.638160e-04
5.128830e-02,5.224486e-04,1.624204e-02,2.689329e-02,1.452384e-01,1.004194e-02,5.298834e-02,6.214086e-01,1.564479e-02,9.681560e-03,4.986557e-03,4.014777e-02,3.982963e-03,6.246490e-04,3.083635e-04
5.095557e-02,6.239153e-04,2.114379e-02,2.716254e-02,1.128547e-01,8.786486e-03,4.584342e-02,6.737074e-01,1.156462e-02,8.210651e-03,4.494601e-03,3.014255e-02,3.404522e-03,6.321963e-04,4.730599e-04
5.075175e-02,8.163345e-04,2.014523e-02,2.492948e-02,9.356412e-02,7.360531e-03,3.833451e-02,7.186639e-01,8.703709e-03,6.342537e-03,3.786712e-03,2.266463e-02,2.865630e-03,5.530413e-04,5.179009e-04
6.168088e-02,1.296488e-03,2.349371e-02,2.424082e-02,7.605863e-02,9.586940e-03,3.698861e-02,7.261595e-01,7.926508e-03,4.654777e-03,3.914845e-03,1.919925e-02,3.333176e-03,5.486886e-04,9.172463e-04
9.375742e-02,2.657422e-03,2.919303e-02,2.819631e-02,6.484090e-02,1.336375e-02,4.993125e-02,6.714757e-01,7.219491e-03,3.841177e-03,8.147698e-03,1.850050e-02,5.913623e-03,1.134787e-03,1.827003e-03
1.192755e-01,4.245755e-03,2.824605e-02,2.483355e-02,5.477177e-02,1.484798e-02,5.121955e-02,6.523689e-01,6.486504e-03,3.352305e-03,8.684603e-03,1.930710e-02,7.087261e-03,1.761292e-03,3.511932e-03
1.580478e-01,6.285422e-03,3.535946e-02,2.482756e-02,5.090895e-02,2.182910e-02,6.544161e-02,5.771207e-01,6.390108e-03,3.311535e-03,8.899586e-03,2.394402e-02,9.827214e-03,2.377362e-03,5.429676e-03
1.691506e-01,1.034702e-02,3.843028e-02,2.587442e-02,5.085960e-02,3.516297e-02,7.570533e-02,5.065978e-01,6.768080e-03,3.448648e-03,9.567003e-03,3.872199e-02,1.643511e-02,3.048496e-03,9.882672e-03
1.734755e-01,1.864362e-02,5.880723e-02,3.600800e-02,4.989661e-02,4.582147e-02,7.148699e-02,4.161391e-01,8.301457e-03,4.030128e-03,1.099314e-02,6.481148e-02,2.180510e-02,4.050703e-03,1.572953e-02
1.782326e-01,2.358105e-02,5.584385e-02,5.862783e-02,4.760765e-02,5.265385e-02,5.545353e-02,3.188123e-01,1.349212e-02,8.886420e-03,1.880108e-02,9.322004e-02,3.002676e-02,6.898836e-03,3.786206e-02
1.691182e-01,2.583686e-02,4.287917e-02,6.725765e-02,4.149816e-02,5.006490e-02,4.133487e-02,2.370120e-01,3.971676e-02,1.626058e-02,2.368899e-02,9.894964e-02,4.529991e-02,1.024104e-02,9.084130e-02
1.321382e-01,2.084640e-02,3.461138e-02,6.604513e-02,3.151048e-02,4.574437e-02,3.012726e-02,1.719182e-01,4.598973e-02,1.314470e-02,2.861332e-02,2.001725e-01,9.764677e-02,8.421714e-03,7.306986e-02
9.492429e-02,1.631077e-02,2.547575e-02,5.723458e-02,2.251612e-02,3.849661e-02,2.138548e-02,1.209859e-01,4.719263e-02,1.082768e-02,2.989218e-02,3.090952e-01,1.326454e-01,6.734326e-03,6.628309e-02
8.580199e-02,1.616767e-02,2.259167e-02,6.651737e-02,1.798238e-02,3.316532e-02,1.770346e-02,8.943138e-02,8.094433e-02,1.101203e-02,3.470566e-02,2.590866e-01,1.480364e-01,9.234816e-03,1.076189e-01
1.248824e-01,1.595025e-02,1.758935e-02,6.378444e-02,2.090164e-02,3.476410e-02,2.500031e-02,6.571104e-02,1.042790e-01,9.850942e-03,2.930366e-02,1.948317e-01,1.787382e-01,9.637419e-03,1.047756e-01
1.507526e-01,1.791236e-02,1.416228e-02,6.487027e-02,2.148495e-02,3.950190e-02,2.501493e-02,4.921858e-02,1.211008e-01,8.606412e-03,2.748588e-02,1.571126e-01,1.963144e-01,9.927650e-03,9.653439e-02
1.303327e-01,1.884608e-02,2.456040e-02,1.818191e-01,1.963862e-02,3.628728e-02,1.903414e-02,3.770166e-02,1.157638e-01,8.013026e-03,2.262219e-02,1.315458e-01,1.632112e-01,8.107520e-03,8.251663e-02
1.359149e-01,1.930160e-02,2.363057e-02,2.265937e-01,2.249268e-02,3.774909e-02,1.519531e-02,3.045426e-02,1.264848e-01,7.370589e-03,2.434817e-02,1.247363e-01,1.369827e-01,6.813473e-03,6.193187e-02
1.305527e-01,2.023957e-02,2.006916e-02,1.658087e-01,1.838860e-02,3.242701e-02,1.129329e-02,2.321557e-02,1.235048e-01,8.978115e-03,2.391957e-02,2.440738e-01,1.203197e-01,9.613842e-03,4.759557e-02
1.302526e-01,3.530417e-02,2.396744e-02,1.209297e-01,1.804581e-02,3.361895e-02,8.934990e-03,2.797183e-02,1.451516e-01,1.223230e-02,2.178173e-02,2.703287e-01,1.040027e-01,1.021929e-02,3.725834e-02
1.077944e-01,4.494023e-02,2.030217e-02,8.765796e-02,2.050683e-02,5.664219e-02,7.251525e-03,3.621536e-02,2.251361e-01,1.355838e-02,2.170011e-02,2.185424e-01,1.031783e-01,8.684487e-03,2.788956e-02
9.232195e-02,4.916173e-02,1.558490e-02,6.341502e-02,2.271052e-02,9.793299e-02,5.988017e-03,4.514755e-02,3.028015e-01,1.109453e-02,1.637904e-02,1.658351e-01,8.437530e-02,6.404549e-03,2.084723e-02
8.380232e-02,4.009182e-02,1.397529e-02,4.634384e-02,5.979997e-02,8.946276e-02,2.006411e-02,5.959418e-02,3.648530e-01,8.230061e-03,1.225487e-02,1.180743e-01,6.401780e-02,4.536631e-03,1.489904e-02
1.602837e-01,3.151555e-02,1.144536e-02,3.840165e-02,8.040018e-02,6.779104e-02,1.774580e-02,1.474100e-01,2.829317e-01,6.225336e-03,9.295918e-03,8.444696e-02,4.740782e-02,3.355393e-03,1.134357e-02
1.463520e-01,2.258310e-02,8.449291e-03,2.953243e-02,6.943992e-02,5.011756e-02,1.407479e-02,3.439413e-01,2.002617e-01,4.402600e-03,6.807685e-03,5.944418e-02,3.417988e-02,2.385556e-03,8.027934e-03
1.373101e-01,1.613773e-02,6.344828e-03,2.388412e-02,5.856151e-02,3.735062e-02,1.122279e-02,4.857728e-01,1.415520e-01,3.105333e-03,5.031978e-03,4.190543e-02,2.445325e-02,1.700868e-03,5.666540e-03
1.228293e-01,1.154866e-02,4.662537e-03,1.735442e-02,4.475203e-02,2.783119e-02,8.950068e-03,6.039608e-01,9.979691e-02,2.201630e-03,3.687816e-03,2.970658e-02,1.745126e-02,1.214269e-03,4.052579e-03
1.008699e-01,8.266334e-03,3.395761e-03,1.246464e-02,3.355505e-02,2.055792e-02,6.845376e-03,7.025105e-01,7.014180e-02,1.562042e-03,2.670257e-03,2.102028e-02,1.236857e-02,8.675733e-04,2.904060e-03
9.155100e-02,5.878223e-03,2.455375e-03,9.074874e-03,2.536791e-02,1.526346e-02,4.984581e-03,7.662597e-01,4.930816e-02,1.119894e-03,2.148624e-03,1.505285e-02,8.854251e-03,6.180116e-04,2.063103e-03
7.713772e-02,4.164071e-03,1.764141e-03,6.516011e-03,1.835690e-02,1.114528e-02,3.588367e-03,8.214015e-01,3.471565e-02,7.946143e-04,1.570297e-03,1.068028e-02,6.260466e-03,4.380426e-04,1.466680e-03
7.333663e-02,2.997992e-03,1.312881e-03,4.942708e-03,1.348942e-02,8.749006e-03,2.648257e-03,8.522525e-01,2.453982e-02,5.676888e-04,1.243769e-03,7.883102e-03,4.637948e-03,3.244760e-04,1.073787e-03
7.461487e-02,2.154350e-03,1.002872e-03,3.715469e-03,1.039383e-02,7.586822e-03,2.198295e-03,8.689800e-01,1.736385e-02,4.137714e-04,1.004535e-03,5.968024e-03,3.551394e-03,2.397657e-04,8.121261e-04
6.488597e-02,1.528194e-03,7.548235e-04,2.733790e-03,7.531738e-03,6.862582e-03,1.651203e-03,8.920017e-01,1.221825e-02,2.991216e-04,9.347218e-04,4.920194e-03,2.880289e-03,1.797910e-04,6.175372e-04
1.030587e-01,2.498505e-03,8.265798e-04,2.684406e-03,5.703086e-03,1.653950e-02,1.465961e-03,7.827389e-01,9.788543e-03,1.076407e-03,2.222138e-02,2.630211e-02,1.912633e-02,4.902633e-03,1.066893e-03
1.732648e-01,2.034491e-03,6.752941e-04,2.612373e-03,4.598733e-03,1.751990e-02,1.204187e-03,5.752192e-01,1.046179e-02,1.410800e-03,2.548100e-02,1.123535e-01,6.612958e-02,5.970180e-03,1.064139e-03
1.919162e-01,1.747267e-03,5.489817e-04,2.420482e-03,3.440978e-03,2.015267e-02,1.101388e-03,4.123658e-01,1.088134e-02,1.388409e-03,2.701004e-02,2.411588e-01,7.862048e-02,6.265440e-03,9.818515e-04
2.314801e-01,2.764126e-03,4.615856e-04,2.109406e-03,2.778711e-03,1.628708e-02,8.708465e-04,2.914487e-01,3.509592e-02,1.463697e-03,2.460201e-02,3.083311e-01,7.542053e-02,5.933928e-03,9.523438e-04
2.919008e-01,7.423603e-03,5.444736e-04,1.949145e-03,2.182820e-03,1.312541e-02,7.001823e-04,2.077411e-01,7.026017e-02,1.558946e-03,2.744096e-02,2.964133e-01,7.052127e-02,6.987074e-03,1.250824e-03
2.862152e-01,1.435404e-02,4.025924e-03,3.804944e-03,5.846340e-03,1.361789e-02,8.101749e-04,1.560788e-01,1.291891e-01,1.485763e-03,3.702061e-02,2.764997e-01,6.117744e-02,8.301539e-03,1.572625e-03
2.941086e-01,2.966358e-02,4.343059e-03,3.671394e-03,8.423364e-03,1.314793e-02,8.601702e-04,1.113568e-01,1.220795e-01,1.791322e-03,5.196568e-02,2.971244e-01,5.099567e-02,8.760359e-03,1.708253e-03
3.597461e-01,2.596340e-02,4.953043e-03,5.712179e-03,8.717317e-03,1.391805e-02,9.506958e-04,7.992723e-02,9.238967e-02,1.550634e-03,4.484491e-02,3.131283e-01,3.850270e-02,7.358378e-03,2.337363e-03
4.304100e-01,2.395367e-02,8.080754e-03,7.523049e-03,7.933407e-03,1.494362e-02,1.061751e-03,6.015440e-02,6.878558e-02,1.357359e-03,3.749365e-02,2.990129e-01,2.992208e-02,6.369675e-03,2.998088e-03
4.773924e-01,2.419812e-02,8.648487e-03,8.528887e-03,7.209804e-03,1.508311e-02,9.673995e-04,4.445428e-02,5.505713e-02,1.223565e-03,3.506438e-02,2.888631e-01,2.392922e-02,5.475830e-03,3.904291e-03
4.863719e-01,2.194716e-02,1.284008e-02,1.966921e-02,8.501225e-03,1.843027e-02,1.439474e-03,3.944959e-02,4.599437e-02,1.241698e-03,3.883868e-02,2.760536e-01,1.896248e-02,5.174936e-03,5.085266e-03
4.778767e-01,2.086515e-02,2.146210e-02,3.814046e-02,1.001332e-02,2.597488e-02,3.158175e-03,4.411855e-02,4.355909e-02,1.371243e-03,3.275043e-02,2.554051e-01,1.555682e-02,4.411517e-03,5.336407e-03
4.098383e-01,2.060360e-02,8.377455e-02,8.165489e-02,9.662488e-03,3.313057e-02,3.500110e-03,4.218255e-02,3.773322e-02,1.513272e-03,3.163267e-02,2.216000e-01,1.308861e-02,3.684062e-03,6.401034e-03
3.551789e-01,3.084001e-02,1.024141e-01,7.175105e-02,1.398359e-02,2.564826e-02,3.155220e-03,4.400332e-02,9.149092e-02,2.287280e-03,3.836492e-02,2.007031e-01,1.026597e-02,3.587350e-03,6.326105e-03
3.563700e-01,4.637238e-02,8.438637e-02,7.883337e-02,2.107981e-02,2.267651e-02,3.085805e-03,4.469957e-02,1.327708e-01,2.904709e-03,3.312720e-02,1.543914e-01,8.313293e-03,3.260552e-03,7.728232e-03
3.139704e-01,4.396146e-02,7.783240e-02,1.467789e-01,2.656287e-02,2.119664e-02,2.366613e-03,3.449164e-02,1.591420e-01,5.247512e-03,2.747659e-02,1.136747e-01,6.829092e-03,2.608809e-03,1.786032e-02
2.912597e-01,4.072881e-02,7.605867e-02,2.148122e-01,2.657729e-02,1.831780e-02,1.902299e-03,2.742010e-02,1.604477e-01,6.093743e-03,2.388315e-02,8.317728e-02,5.730812e-03,2.635863e-03,2.095455e-02
2.581107e-01,3.837863e-02,8.360472e-02,2.102665e-01,2.693945e-02,1.585217e-02,1.479401e-03,2.187060e-02,1.655806e-01,1.109032e-02,2.398863e-02,6.136399e-02,5.418417e-03,3.397848e-03,7.265799e-02
2.529455e-01,3.228510e-02,6.185797e-02,2.822374e-01,3.234223e-02,1.420666e-02,1.587093e-03,3.675386e-02,1.464437e-01,8.337240e-03,2.035388e-02,4.609823e-02,5.352096e-03,3.024524e-03,5.617455e-02
3.352427e-01,2.988398e-02,4.602797e-02,2.418331e-01,4.211830e-02,1.484856e-02,1.916568e-03,3.213751e-02,1.350988e-01,6.128277e-03,2.188066e-02,3.721954e-02,6.041958e-03,3.235175e-03,4.638680e-02
2.899520e-01,2.679609e-02,3.527736e-02,3.487958e-01,3.437199e-02,1.287765e-02,1.620892e-03,2.647673e-02,1.183187e-01,4.905411e-03,1.800933e-02,2.933348e-02,6.247999e-03,3.109300e-03,4.390724e-02
3.485515e-01,2.661022e-02,3.156953e-02,3.205296e-01,2.807305e-02,1.300381e-02,1.979914e-03,2.065444e-02,9.985353e-02,4.526346e-03,1.538359e-02,2.864968e-02,7.022041e-03,3.193299e-03,5.039946e-02
3.979111e-01,3.177210e-02,2.624496e-02,2.658771e-01,4.638876e-02,1.389248e-02,2.126379e-03,1.933861e-02,8.953818e-02,4.024487e-03,1.433563e-02,2.538188e-02,8.292990e-03,3.031759e-03,5.184347e-02
4.147909e-01,3.304787e-02,2.360259e-02,2.769144e-01,5.008221e-02,1.392024e-02,2.476162e-03,2.521794e-02,7.058097e-02,3.439218e-03,1.286302e-02,2.214715e-02,7.449265e-03,2.644161e-03,4.082379e-02
4.664508e-01,3.586950e-02,1.871418e-02,2.383715e-01,5.406776e-02,1.790778e-02,3.899564e-03,2.328076e-02,5.763565e-02,2.971657e-03,1.152748e-02,2.194191e-02,1.047842e-02,2.519083e-03,3.436395e-02
1.000000e+00,0.000000e+00,0.000000e+00,0.000000e+00,0.000000e+00,0.000000e+00,0.000000e+00,0.000000e+00,0.000000e+00,0.000000e+00,0.000000e+00,0.000000e+00,0.000000e+00,0.000000e+00,0.000000e+00
4.657678e-01,3.131219e-02,3.800757e-02,2.030969e-01,3.080786e-02,2.624920e-02,2.649212e-03,1.456649e-02,1.052066e-01,4.146275e-03,8.913192e-03,1.422293e-02,1.582085e-02,2.592146e-03,3.664072e-02
4.862164e-01,3.040031e-02,5.931327e-02,1.729205e-01,2.295426e-02,2.418581e-02,2.439983e-03,1.366241e-02,9.992310e-02,4.801063e-03,7.609948e-03,1.267509e-02,1.530380e-02,3.179850e-03,4.441419e-02
1.000000e+00,0.000000e+00,0.000000e+00,0.000000e+00,0.000000e+00,0.000000e+00,0.000000e+00,0.000000e+00,0.000000e+00,0.000000e+00,0.000000e+00,0.000000e+00,0.000000e+00,0.000000e+00,0.000000e+00
1.000000e+00,0.000000e+00,0.000000e+00,0.000000e+00,0.000000e+00,0.000000e+00,0.000000e+00,0.000000e+00,0.000000e+00,0.000000e+00,0.000000e+00,0.000000e+00,0.000000e+00,0.000000e+00,0.000000e+00
1.000000e+00,0.000000e+00,0.000000e+00,0.000000e+00,0.000000e+00,0.000000e+00,0.000000e+00,0.000000e+00,0.000000e+00,0.000000e+00,0.000000e+00,0.000000e+00,0.000000e+00,0.000000e+00,0.000000e+00
1.000000e+00,0.000000e+00,0.000000e+00,0.000000e+00,0.000000e+00,0.000000e+00,0.000000e+00,0.000000e+00,0.000000e+00,0.000000e+00,0.000000e+00,0.000000e+00,0.000000e+00,0.000000e+00,0.000000e+00
1.000000e+00,0.000000e+00,0.000000e+00,0.000000e+00,0.000000e+00,0.000000e+00,0.000000e+00,0.000000e+00,0.000000e+00,0.000000e+00,0.000000e+00,0.000000e+00,0.000000e+00,0.000000e+00,0.000000e+00
1.000000e+00,0.000000e+00,0.000000e+00,0.000000e+00,0.000000e+00,0.000000e+00,0.000000e+00,0.000000e+00,0.000000e+00,0.000000e+00,0.000000e+00,0.000000e+00,0.000000e+00,0.000000e+00,0.000000e+00
1.000000e+00,0.000000e+00,0.000000e+00,0.000000e+00,0.000000e+00,0.000000e+00,0.000000e+00,0.000000e+00,0.000000e+00,0.000000e+00,0.000000e+00,0.000000e+00,0.000000e+00,0.000000e+00,0.000000e+00
1.000000e+00,0.000000e+00,0.000000e+00,0.000000e+00,0.000000e+00,0.000000e+00,0.000000e+00,0.000000e+00,0.000000e+00,0.000000e+00,0.000000e+00,0.000000e+00,0.000000e+00,0.000000e+00,0.000000e+00
1.000000e+00,0.000000e+00,0.000000e+00,0.000000e+00,0.000000e+00,0.000000e+00,0.000000e+00,0.000000e+00,0.000000e+00,0.000000e+00,0.000000e+00,0.000000e+00,0.000000e+00,0.000000e+00,0.000000e+00
1.000000e+00,0.000000e+00,0.000000e+00,0.000000e+00,0.000000e+00,0.000000e+00,0.000000e+00,0.000000e+00,0.000000e+00,0.000000e+00,0.000000e+00,0.000000e+00,0.000000e+00,0.000000e+00,0.000000e+00
1.000000e+00,0.000000e+00,0.000000e+00,0.000000e+00,0.000000e+00,0.000000e+00,0.000000e+00,0.000000e+00,0.000000e+00,0.000000e+00,0.000000e+00,0.000000e+00,0.000000e+00,0.000000e+00,0.000000e+00
1.000000e+00,0.000000e+00,0.000000e+00,0.000000e+00,0.000000e+00,0.000000e+00,0.000000e+00,0.000000e+00,0.000000e+00,0.000000e+00,0.000000e+00,0.000000e+00,0.000000e+00,0.000000e+00,0.000000e+00
1.000000e+00,0.000000e+00,0.000000e+00,0.000000e+00,0.000000e+00,0.000000e+00,0.000000e+00,0.000000e+00,0.000000e+00,0.000000e+00,0.000000e+00,0.000000e+00,0.000000e+00,0.000000e+00,0.000000e+00
4.992336e-01,2.550884e-02,2.525821e-02,5.154476e-02,1.528840e-02,3.713945e-02,3.322596e-03,2.437397e-02,5.860963e-02,6.269218e-03,5.070176e-03,9.802761e-03,2.044663e-01,3.153978e-03,3.095812e-02
4.337777e-01,2.482552e-02,1.868911e-02,3.802297e-02,1.449921e-02,4.304764e-02,2.978362e-03,4.253128e-02,5.720651e-02,4.526246e-03,4.478951e-03,7.862682e-03,2.788144e-01,3.208737e-03,2.553063e-02
3.439291e-01,1.940011e-02,2.371867e-02,3.030432e-02,1.241907e-02,3.268850e-02,2.557000e-03,2.271531e-01,4.793723e-02,3.351058e-03,4.606570e-03,6.874548e-03,2.228871e-01,2.824262e-03,1.934933e-02
2.534373e-01,1.417480e-02,8.650914e-02,2.733474e-02,9.933796e-03,2.358556e-02,2.393025e-03,3.403513e-01,3.710203e-02,2.522922e-03,5.973220e-03,6.523681e-03,1.721117e-01,2.270513e-03,1.577631e-02
1.872243e-01,1.011493e-02,1.257659e-01,2.482418e-02,8.419713e-03,1.760043e-02,3.688006e-03,4.400482e-01,2.717326e-02,1.838046e-03,4.771002e-03,4.943731e-03,1.287528e-01,1.776188e-03,1.305926e-02
1.421461e-01,8.049986e-03,1.677898e-01,2.089813e-02,1.133509e-02,1.514108e-02,1.300177e-02,4.873286e-01,2.182386e-02,1.610904e-03,3.848636e-03,3.635448e-03,9.211540e-02,1.323137e-03,9.952030e-03
1.192690e-01,7.086415e-03,2.297224e-01,1.740521e-02,1.536442e-02,1.260463e-02,3.128998e-02,4.641311e-01,1.906330e-02,1.434754e-03,3.435675e-03,2.888994e-03,6.662959e-02,1.040176e-03,8.634288e-03
1.459156e-01,6.196594e-03,2.503648e-01,1.684382e-02,1.997451e-02,1.570203e-02,7.182311e-02,3.860214e-01,2.054153e-02,1.317205e-03,3.042392e-03,2.921881e-03,4.922807e-02,8.556184e-04,9.251462e-03
1.311338e-01,4.889193e-03,2.741313e-01,3.535124e-02,2.306006e-02,1.260677e-02,6.466284e-02,3.860433e-01,1.689485e-02,1.092249e-03,2.384745e-03,2.225570e-03,3.547602e-02,6.513720e-04,9.396702e-03
1.079717e-01,3.647591e-03,2.016290e-01,3.168720e-02,1.866199e-02,1.009506e-02,6.054783e-02,5.144414e-01,1.251627e-02,9.314773e-04,1.893521e-03,1.887102e-03,2.604450e-02,4.854573e-04,7.559897e-03
9.990440e-02,2.995294e-03,1.624471e-01,3.882526e-02,1.457076e-02,8.664460e-03,6.381814e-02,5.628707e-01,9.753585e-03,8.859143e-04,1.858504e-03,2.967949e-03,2.345942e-02,4.426434e-04,6.535828e-03
9.403738e-02,2.532348e-03,1.314618e-01,3.832401e-02,1.104580e-02,7.267262e-03,6.235573e-02,6.137586e-01,8.183075e-03,8.224493e-04,1.620169e-03,3.641765e-03,1.871629e-02,3.711103e-04,5.862252e-03
9.882261e-02,2.406057e-03,1.021018e-01,3.162434e-02,8.871428e-03,7.239877e-03,6.115738e-02,6.514270e-01,7.297013e-03,7.881547e-04,1.537656e-03,5.241038e-03,1.556766e-02,3.731611e-04,5.544816e-03
1.286512e-01,3.096325e-03,9.486546e-02,2.954528e-02,9.833142e-03,8.600062e-03,6.418353e-02,6.202044e-01,9.302203e-03,8.648623e-04,1.818406e-03,8.823211e-03,1.436086e-02,4.764106e-04,5.374561e-03
1.723004e-01,4.195514e-03,7.856764e-02,2.349376e-02,1.109083e-02,1.947749e-02,6.575908e-02,5.606294e-01,1.125552e-02,1.586829e-03,3.041533e-03,2.255532e-02,1.812029e-02,6.979564e-04,7.228464e-03
2.244899e-01,5.080765e-03,7.136764e-02,2.060733e-02,1.379795e-02,2.423554e-02,6.270765e-02,4.960195e-01,1.149417e-02,2.349398e-03,4.291933e-03,3.315507e-02,2.081802e-02,9.807682e-04,8.604510e-03
2.413977e-01,5.118737e-03,6.043760e-02,1.741304e-02,1.234151e-02,2.408784e-02,5.546607e-02,5.040584e-01,9.986934e-03,2.673423e-03,4.241646e-03,3.339713e-02,1.919670e-02,1.002161e-03,9.181179e-03
2.164574e-01,4.258636e-03,4.701860e-02,1.356701e-02,1.051459e-02,1.827292e-02,5.028387e-02,5.776563e-01,7.426443e-03,2.357258e-03,3.880328e-03,2.486070e-02,1.467003e-02,8.057454e-04,7.970238e-03
2.177541e-01,3.580899e-03,3.641544e-02,1.198165e-02,9.256884e-03,1.503319e-02,4.429340e-02,6.113790e-01,5.679310e-03,2.108482e-03,4.038929e-03,1.920666e-02,1.162444e-02,6.793972e-04,6.968288e-03
2.775155e-01,5.210759e-03,3.061328e-02,1.916220e-02,1.074482e-02,2.158808e-02,4.695601e-02,5.242344e-01,6.342501e-03,3.355915e-03,6.891064e-03,1.976950e-02,1.610959e-02,1.012944e-03,1.049349e-02
3.487987e-01,5.729669e-03,2.650873e-02,2.720804e-02,1.429737e-02,2.518342e-02,3.827133e-02,4.429238e-01,7.074631e-03,3.431646e-03,8.495709e-03,1.971835e-02,2.029951e-02,1.104378e-03,1.095476e-02
3.702797e-01,8.255983e-03,2.137895e-02,4.980975e-02,1.714994e-02,3.913602e-02,3.379476e-02,3.499036e-01,1.174290e-02,3.918604e-03,1.454870e-02,2.632102e-02,3.541952e-02,1.183898e-03,1.715670e-02
4.408894e-01,9.133587e-03,1.756727e-02,4.353610e-02,1.821777e-02,6.447737e-02,2.936270e-02,2.645234e-01,9.668604e-03,3.232616e-03,1.206595e-02,2.835011e-02,4.201057e-02,1.146661e-03,1.581790e-02
1.000000e+00,0.000000e+00,0.000000e+00,0.000000e+00,0.000000e+00,0.000000e+00,0.000000e+00,0.000000e+00,0.000000e+00,0.000000e+00,0.000000e+00,0.000000e+00,0.000000e+00,0.000000e+00,0.000000e+00
1.000000e+00,0.000000e+00,0.000000e+00,0.000000e+00,0.000000e+00,0.000000e+00,0.000000e+00,0.000000e+00,0.000000e+00,0.000000e+00,0.000000e+00,0.000000e+00,0.000000e+00,0.000000e+00,0.000000e+00
1.000000e+00,0.000000e+00,0.000000e+00,0.000000e+00,0.000000e+00,0.000000e+00,0.000000e+00,0.000000e+00,0.000000e+00,0.000000e+00,0.000000e+00,0.000000e+00,0.000000e+00,0.000000e+00,0.000000e+00
1.000000e+00,0.000000e+00,0.000000e+00,0.000000e+00,0.000000e+00,0.000000e+00,0.000000e+00,0.000000e+00,0.000000e+00,0.000000e+00,0.000000e+00,0.000000e+00,0.000000e+00,0.000000e+00,0.000000e+00
1.000000e+00,0.000000e+00,0.000000e+00,0.000000e+00,0.000000e+00,0.000000e+00,0.000000e+00,0.000000e+00,0.000000e+00,0.000000e+00,0.000000e+00,0.000000e+00,0.000000e+00,0.000000e+00,0.000000e+00
1.000000e+00,0.000000e+00,0.000000e+00,0.000000e+00,0.000000e+00,0.000000e+00,0.000000e+00,0.000000e+00,0.000000e+00,0.000000e+00,0.000000e+00,0.000000e+00,0.000000e+00,0.000000e+00,0.000000e+00
1.000000e+00,0.000000e+00,0.000000e+00,0.000000e+00,0.000000e+00,0.000000e+00,0.000000e+00,0.000000e+00,0.000000e+00,0.000000e+00,0.000000e+00,0.000000e+00,0.000000e+00,0.000000e+00,0.000000e+00
4.240365e-01,2.489514e-02,1.198867e-02,5.053287e-02,7.360822e-03,3.560952e-02,4.405342e-03,2.037551e-02,5.293408e-02,6.739542e-03,1.105827e-02,2.688585e-01,4.267408e-02,1.938308e-03,3.659282e-02
3.061343e-01,2.527445e-02,1.485463e-02,5.071393e-02,5.801130e-03,4.520546e-02,3.238385e-03,1.456038e-02,9.068657e-02,8.741738e-03,1.546908e-02,3.251438e-01,4.315368e-02,2.019066e-03,4.900341e-02
2.259820e-01,2.828686e-02,1.338045e-02,5.267345e-02,4.736606e-03,3.705957e-02,2.428986e-03,1.041810e-02,1.679311e-01,1.343144e-02,1.924068e-02,2.851105e-01,3.745761e-02,4.023925e-03,9.783876e-02
1.634796e-01,2.664928e-02,3.095721e-02,8.998276e-02,4.273235e-03,2.763581e-02,1.957792e-03,8.037584e-03,1.579343e-01,2.612599e-02,1.735047e-02,2.218550e-01,3.161414e-02,3.879617e-03,1.882672e-01
1.264548e-01,2.189105e-02,1.741803e-01,1.287812e-01,4.118845e-03,2.178134e-02,1.789859e-03,1.109591e-02,1.143129e-01,2.862658e-02,1.327939e-02,1.574929e-01,2.302261e-02,2.881790e-03,1.702905e-01
1.362706e-01,1.974911e-02,2.093627e-01,1.601978e-01,5.619739e-03,2.187119e-02,1.988075e-03,1.001364e-02,9.453141e-02,2.473634e-02,2.148128e-02,1.198975e-01,1.965470e-02,4.601290e-03,1.500246e-01
1.811772e-01,1.878230e-02,1.962634e-01,1.596344e-01,7.829003e-03,1.901346e-02,1.782990e-03,8.917362e-03,8.194166e-02,2.324041e-02,3.813256e-02,9.246428e-02,1.709919e-02,1.268277e-02,1.410390e-01
1.592364e-01,1.849862e-02,1.483834e-01,3.246683e-01,7.218036e-03,1.596365e-02,1.329995e-03,6.597940e-03,6.192311e-02,1.783361e-02,3.220696e-02,6.707094e-02,1.319412e-02,9.716005e-03,1.161589e-01
1.648466e-01,2.128401e-02,1.330735e-01,3.278993e-01,7.231468e-03,1.357651e-02,1.140880e-03,5.162348e-03,5.342187e-02,2.645330e-02,2.912511e-02,4.854015e-02,1.040284e-02,1.270013e-02,1.451420e-01
1.365204e-01,3.276484e-02,1.419266e-01,3.743792e-01,6.812113e-03,1.032153e-02,9.854055e-04,4.397734e-03,5.847269e-02,2.394928e-02,2.366006e-02,3.465503e-02,8.292651e-03,1.122933e-02,1.316332e-01
1.243220e-01,5.339115e-02,1.585764e-01,2.916310e-01,6.359125e-03,8.725481e-03,8.504807e-04,3.358908e-03,7.792977e-02,2.532515e-02,2.005550e-02,2.559768e-02,8.771403e-03,2.167126e-02,1.734347e-01
1.742301e-01,5.665535e-02,1.304973e-01,2.248884e-01,6.433276e-03,8.849628e-03,8.569880e-04,3.737270e-03,9.440826e-02,2.864213e-02,3.095757e-02,2.159208e-02,8.322618e-03,3.744907e-02,1.724800e-01
2.003216e-01,7.736442e-02,1.126309e-01,1.932828e-01,5.589727e-03,9.880255e-03,8.472837e-04,3.707095e-03,1.067860e-01,3.721713e-02,3.282816e-02,1.875461e-02,9.540701e-03,2.909235e-02,1.621570e-01
2.291325e-01,9.166268e-02,9.151670e-02,1.503910e-01,5.524366e-03,1.076526e-02,1.140917e-03,4.989786e-03,1.195578e-01,4.465314e-02,3.657565e-02,1.962437e-02,8.977067e-03,4.145010e-02,1.440386e-01
1.999024e-01,8.536379e-02,9.829912e-02,1.585677e-01,4.765889e-03,1.069978e-02,9.265797e-04,5.057332e-03,1.581561e-01,4.780896e-02,2.860727e-02,1.463672e-02,7.629951e-03,3.197019e-02,1.476082e-01
2.054824e-01,1.417017e-01,7.769360e-02,1.327976e-01,4.457016e-03,1.061511e-02,9.117444e-04,6.788636e-03,1.593660e-01,4.554684e-02,3.106811e-02,1.578740e-02,7.142625e-03,3.300744e-02,1.276338e-01
1.844062e-01,1.758914e-01,6.556015e-02,1.067498e-01,3.760893e-03,8.719765e-03,7.508837e-04,5.711420e-03,1.607217e-01,5.157644e-02,2.859484e-02,1.342448e-02,7.614813e-03,2.962761e-02,1.568896e-01
1.888736e-01,2.315507e-01,6.715643e-02,9.207078e-02,4.229928e-03,8.170871e-03,7.176398e-04,5.055066e-03,1.531067e-01,4.440519e-02,2.475406e-02,1.333922e-02,7.550883e-03,2.272449e-02,1.362944e-01
2.221575e-01,2.321444e-01,5.346131e-02,7.417990e-02,7.157857e-03,9.520449e-03,8.404453e-04,9.120331e-03,1.818683e-01,4.000191e-02,2.143518e-02,1.179140e-02,8.400371e-03,1.953456e-02,1.083860e-01
2.570202e-01,2.220511e-01,5.529150e-02,6.790008e-02,7.195915e-03,8.467092e-03,7.985340e-04,9.787812e-03,1.558916e-01,5.068585e-02,1.755465e-02,1.002418e-02,7.786721e-03,1.597570e-02,1.135691e-01
3.099013e-01,1.872841e-01,5.313482e-02,6.583238e-02,8.360205e-03,7.970362e-03,8.463840e-04,3.326228e-02,1.514748e-01,4.550713e-02,1.518030e-02,8.467607e-03,7.013690e-03,1.302573e-02,9.273883e-02
3.552353e-01,1.582966e-01,5.110535e-02,5.900630e-02,7.727012e-03,7.250888e-03,7.931470e-04,4.414170e-02,1.346617e-01,5.640672e-02,1.364119e-02,7.838401e-03,6.499613e-03,1.069944e-02,8.669668e-02
4.667813e-01,1.245618e-01,3.986922e-02,4.610134e-02,9.690181e-03,7.498021e-03,1.083212e-03,4.261409e-02,1.171455e-01,4.243689e-02,1.124649e-02,7.757321e-03,6.193497e-03,8.833252e-03,6.818789e-02
1.000000e+00,0.000000e+00,0.000000e+00,0.000000e+00,0.000000e+00,0.000000e+00,0.000000e+00,0.000000e+00,0.000000e+00,0.000000e+00,0.000000e+00,0.000000e+00,0.000000e+00,0.000000e+00,0.000000e+00
1.000000e+00,0.000000e+00,0.000000e+00,0.000000e+00,0.000000e+00,0.000000e+00,0.000000e+00,0.000000e+00,0.000000e+00,0.000000e+00,0.000000e+00,0.000000e+00,0.000000e+00,0.000000e+00,0.000000e+00
1.000000e+00,0.000000e+00,0.000000e+00,0.000000e+00,0.000000e+00,0.000000e+00,0.000000e+00,0.000000e+00,0.000000e+00,0.000000e+00,0.000000e+00,0.000000e+00,0.000000e+00,0.000000e+00,0.000000e+00
4.238343e-01,7.126954e-02,1.489491e-02,2.572768e-02,3.505981e-02,8.468305e-02,4.866651e-03,1.737261e-01,1.031510e-01,1.200262e-02,5.824236e-03,4.482740e-03,6.317807e-03,5.144442e-03,2.901516e-02
4.276767e-01,6.983328e-02,1.162999e-02,1.998412e-02,2.848970e-02,1.326306e-01,3.937897e-03,1.404613e-01,1.119283e-01,8.724247e-03,5.285390e-03,4.442941e-03,6.433303e-03,4.641525e-03,2.390072e-02
4.614337e-01,5.969597e-02,9.319689e-03,1.591780e-02,2.382162e-02,1.493049e-01,3.428200e-03,1.227137e-01,1.078971e-01,6.406550e-03,4.978430e-03,4.460516e-03,6.522746e-03,4.353450e-03,1.974566e-02
4.778323e-01,5.459409e-02,1.164655e-02,1.569221e-02,2.021614e-02,1.122812e-01,3.255197e-03,1.695861e-01,9.035636e-02,4.968303e-03,5.146848e-03,4.428555e-03,5.276739e-03,5.553651e-03,1.916587e-02
1.000000e+00,0.000000e+00,0.000000e+00,0.000000e+00,0.000000e+00,0.000000e+00,0.000000e+00,0.000000e+00,0.000000e+00,0.000000e+00,0.000000e+00,0.000000e+00,0.000000e+00,0.000000e+00,0.000000e+00
1.000000e+00,0.000000e+00,0.000000e+00,0.000000e+00,0.000000e+00,0.000000e+00,0.000000e+00,0.000000e+00,0.000000e+00,0.000000e+00,0.000000e+00,0.000000e+00,0.000000e+00,0.000000e+00,0.000000e+00
1.000000e+00,0.000000e+00,0.000000e+00,0.000000e+00,0.000000e+00,0.000000e+00,0.000000e+00,0.000000e+00,0.000000e+00,0.000000e+00,0.000000e+00,0.000000e+00,0.000000e+00,0.000000e+00,0.000000e+00
1.000000e+00,0.000000e+00,0.000000e+00,0.000000e+00,0.000000e+00,0.000000e+00,0.000000e+00,0.000000e+00,0.000000e+00,0.000000e+00,0.000000e+00,0.000000e+00,0.000000e+00,0.000000e+00,0.000000e+00
1.000000e+00,0.000000e+00,0.000000e+00,0.000000e+00,0.000000e+00,0.000000e+00,0.000000e+00,0.000000e+00,0.000000e+00,0.000000e+00,0.000000e+00,0.000000e+00,0.000000e+00,0.000000e+00,0.000000e+00
1.000000e+00,0.000000e+00,0.000000e+00,0.000000e+00,0.000000e+00,0.000000e+00,0.000000e+00,0.000000e+00,0.000000e+00,0.000000e+00,0.000000e+00,0.000000e+00,0.000000e+00,0.000000e+00,0.000000e+00
1.000000e+00,0.000000e+00,0.000000e+00,0.000000e+00,0.000000e+00,0.000000e+00,0.000000e+00,0.000000e+00,0.000000e+00,0.000000e+00,0.000000e+00,0.000000e+00,0.000000e+00,0.000000e+00,0.000000e+00
1.000000e+00,0.000000e+00,0.000000e+00,0.000000e+00,0.000000e+00,0.000000e+00,0.000000e+00,0.000000e+00,0.000000e+00,0.000000e+00,0.000000e+00,0.000000e+00,0.000000e+00,0.000000e+00,0.000000e+00
1.000000e+00,0.000000e+00,0.000000e+00,0.000000e+00,0.000000e+00,0.000000e+00,0.000000e+00,0.000000e+00,0.000000e+00,0.000000e+00,0.000000e+00,0.000000e+00,0.000000e+00,0.000000e+00,0.000000e+00
1.000000e+00,0.000000e+00,0.000000e+00,0.000000e+00,0.000000e+00,0.000000e+00,0.000000e+00,0.000000e+00,0.000000e+00,0.000000e+00,0.000000e+00,0.000000e+00,0.000000e+00,0.000000e+00,0.000000e+00
1.000000e+00,0.000000e+00,0.000000e+00,0.000000e+00,0.000000e+00,0.000000e+00,0.000000e+00,0.000000e+00,0.000000e+00,0.000000e+00,0.000000e+00,0.000000e+00,0.000000e+00,0.000000e+00,0.000000e+00
1.000000e+00,0.000000e+00,0.000000e+00,0.000000e+00,0.000000e+00,0.000000e+00,0.000000e+00,0.000000e+00,0.000000e+00,0.000000e+00,0.000000e+00,0.000000e+00,0.000000e+00,0.000000e+00,0.000000e+00
1.000000e+00,0.000000e+00,0.000000e+00,0.000000e+00,0.000000e+00,0.000000e+00,0.000000e+00,0.000000e+00,0.000000e+00,0.000000e+00,0.000000e+00,0.000000e+00,0.000000e+00,0.000000e+00,0.000000e+00
3.653866e-01,5.209971e-03,5.831496e-03,3.862511e-02,4.383370e-03,8.891071e-03,1.149853e-03,6.298392e-02,4.839493e-02,1.092432e-03,1.941005e-02,9.789316e-02,3.322592e-01,1.599676e-03,6.889143e-03
3.241789e-01,1.064562e-02,1.056034e-02,9.109545e-02,4.056333e-03,1.269713e-02,1.142311e-03,4.898772e-02,8.312915e-02,1.952433e-03,2.371785e-02,1.190545e-01,2.581446e-01,1.545554e-03,9.091990e-03
2.932806e-01,1.183922e-02,6.108185e-02,1.450289e-01,8.286016e-03,1.075570e-02,1.243424e-03,5.892398e-02,1.006817e-01,2.266021e-03,2.371062e-02,8.800121e-02,1.851802e-01,1.579165e-03,8.141353e-03
2.681112e-01,1.140090e-02,7.976051e-02,1.777412e-01,1.248665e-02,8.304907e-03,1.201042e-03,1.148295e-01,9.704322e-02,1.953268e-03,2.129542e-02,6.388185e-02,1.342200e-01,1.528741e-03,6.241616e-03
2.311838e-01,1.126644e-02,1.051671e-01,1.391429e-01,1.599105e-02,6.761491e-03,1.097225e-03,2.357056e-01,8.374305e-02,1.573385e-03,2.038334e-02,4.576143e-02,9.571005e-02,1.495929e-03,5.017098e-03
2.184591e-01,1.445053e-02,1.449663e-01,1.123310e-01,2.119811e-02,5.818767e-03,1.294762e-03,2.753691e-01,6.997125e-02,1.479826e-03,2.331065e-02,3.278742e-02,6.853190e-02,2.373104e-03,7.658231e-03
2.350655e-01,1.794888e-02,1.336058e-01,9.319372e-02,2.698722e-02,6.873045e-03,2.080703e-03,3.126348e-01,5.485414e-02,2.153165e-03,2.644825e-02,2.498356e-02,5.015913e-02,5.910829e-03,7.101254e-03
2.628184e-01,1.585177e-02,9.781847e-02,7.394226e-02,2.648451e-02,7.705878e-03,1.899457e-03,3.664023e-01,4.089580e-02,3.394629e-03,2.560890e-02,2.216763e-02,3.836226e-02,9.429000e-03,7.218722e-03
2.465642e-01,1.384243e-02,7.125138e-02,5.988745e-02,2.955245e-02,7.906912e-03,1.643295e-03,4.470943e-01,3.213853e-02,2.991099e-03,2.313524e-02,1.881846e-02,2.922816e-02,9.445507e-03,6.500509e-03
2.110319e-01,1.007663e-02,5.059146e-02,4.319598e-02,2.610275e-02,6.152091e-03,1.318934e-03,5.611712e-01,2.367332e-02,2.170248e-03,1.805255e-02,1.372909e-02,2.097203e-02,7.015993e-03,4.745851e-03
2.215526e-01,7.377482e-03,3.589358e-02,3.133575e-02,2.111308e-02,5.247601e-03,1.067129e-03,6.081639e-01,1.748451e-02,1.640443e-03,1.438375e-02,1.061251e-02,1.517921e-02,5.323242e-03,3.625252e-03
1.948782e-01,5.391712e-03,2.613798e-02,2.431834e-02,1.569489e-02,5.231418e-03,9.704956e-04,6.743546e-01,1.263058e-02,1.210296e-03,1.143253e-02,9.473275e-03,1.149045e-02,4.065480e-03,2.719692e-03
1.791720e-01,3.897311e-03,1.853416e-02,1.754176e-02,1.308722e-02,4.508865e-03,8.423451e-04,7.235492e-01,9.196700e-03,8.752362e-04,8.521654e-03,7.050998e-03,8.276778e-03,2.962972e-03,1.982766e-03
1.571066e-01,2.843028e-03,1.333712e-02,1.316993e-02,1.046993e-02,4.345191e-03,7.669392e-04,7.685949e-01,6.747024e-03,6.454987e-04,6.392082e-03,5.733443e-03,6.030700e-03,2.244015e-03,1.573579e-03
1.595336e-01,2.163785e-03,1.010474e-02,9.902783e-03,1.019198e-02,4.198533e-03,9.559750e-04,7.797325e-01,5.393104e-03,5.314514e-04,4.875679e-03,4.770864e-03,4.518809e-03,1.750313e-03,1.375872e-03
1.914547e-01,1.759474e-03,7.750758e-03,7.562841e-03,9.401623e-03,4.468330e-03,1.281668e-03,7.565057e-01,4.411661e-03,4.999674e-04,3.817707e-03,4.707585e-03,3.594575e-03,1.401946e-03,1.381483e-03
2.254951e-01,1.453891e-03,6.854679e-03,5.973730e-03,7.871897e-03,8.335058e-03,2.758293e-03,7.234585e-01,3.393352e-03,5.979990e-04,2.863334e-03,4.964771e-03,3.221896e-03,1.167616e-03,1.589826e-03
2.567617e-01,1.132792e-03,5.601183e-03,4.738198e-03,6.465630e-03,1.715113e-02,2.699600e-03,6.902264e-01,2.491723e-03,4.977908e-04,2.181795e-03,4.538906e-03,2.850366e-03,9.310840e-04,1.731719e-03
2.551454e-01,9.993988e-04,5.303862e-03,3.842507e-03,6.935549e-03,2.309946e-02,3.615797e-03,6.866724e-01,1.852960e-03,5.903395e-04,1.821531e-03,3.795047e-03,2.638594e-03,8.204260e-04,2.866690e-03
2.421560e-01,1.023715e-03,4.389734e-03,3.249439e-03,6.951222e-03,1.823269e-02,2.801478e-03,7.072742e-01,1.386132e-03,6.321387e-04,1.527160e-03,3.247654e-03,2.427036e-03,6.692827e-04,4.032047e-03
3.071184e-01,1.725298e-03,4.952905e-03,3.645091e-03,8.416098e-03,4.100888e-02,2.355708e-03,5.908356e-01,3.008911e-03,2.772733e-03,6.363794e-03,1.026101e-02,6.883305e-03,1.488503e-03,9.163890e-03
3.415470e-01,4.104357e-03,5.884211e-03,7.550778e-03,1.056069e-02,3.435171e-02,2.099015e-03,4.897772e-01,1.913781e-02,1.045373e-02,1.008187e-02,1.511905e-02,8.728135e-03,2.214199e-03,3.839022e-02
2.518936e-01,3.998303e-03,4.620170e-03,2.112059e-02,7.546527e-03,2.966261e-02,1.511831e-03,3.457617e-01,1.129316e-01,1.908070e-02,3.522195e-02,1.297913e-02,3.903114e-02,2.160365e-03,1.124799e-01
2.048240e-01,3.632682e-03,5.085423e-03,4.907783e-02,5.739029e-03,2.724444e-02,1.148435e-03,2.511490e-01,1.077213e-01,2.163888e-02,9.492916e-02,2.132962e-02,1.005784e-01,2.811762e-03,1.030900e-01
2.162863e-01,4.897903e-03,4.900768e-03,6.411879e-02,5.448211e-03,2.375330e-02,9.802618e-04,1.795716e-01,8.655325e-02,1.866431e-02,8.625329e-02,1.950103e-02,1.247377e-01,5.068841e-03,1.592645e-01
2.172104e-01,5.212012e-03,4.030207e-03,7.729577e-02,4.881163e-03,2.261242e-02,8.492672e-04,1.267604e-01,6.668491e-02,3.430669e-02,7.410873e-02,2.761209e-02,1.045405e-01,8.938343e-03,2.249572e-01
2.397878e-01,6.699483e-03,6.140200e-03,8.848664e-02,4.412026e-03,2.967187e-02,8.692417e-04,9.149256e-02,5.144275e-02,3.295404e-02,7.586166e-02,2.989379e-02,9.408054e-02,8.342740e-03,2.398647e-01
1.772734e-01,1.583944e-02,8.247714e-02,7.543498e-02,1.083814e-02,2.293425e-02,1.348824e-03,6.623499e-02,4.461005e-02,2.568302e-02,6.436358e-02,2.251096e-02,7.097315e-02,1.026019e-02,3.092179e-01
1.347642e-01,2.281774e-02,2.433764e-01,6.271972e-02,1.055573e-02,2.044214e-02,1.744999e-03,4.834422e-02,3.796104e-02,1.960085e-02,6.007257e-02,1.719508e-02,5.507944e-02,9.186399e-03,2.561394e-01
9.957130e-02,1.334771e-01,2.625115e-01,4.871548e-02,8.480085e-03,1.608555e-02,1.347319e-03,3.449274e-02,4.373589e-02,1.614313e-02,4.468167e-02,1.279296e-02,4.007563e-02,9.843396e-03,2.280462e-01
7.612534e-02,2.594315e-01,2.091799e-01,3.637729e-02,7.673984e-03,1.389764e-02,1.077280e-03,2.525074e-02,7.677102e-02,1.353490e-02,3.369680e-02,9.267445e-03,2.914580e-02,1.150533e-02,1.970649e-01
7.182015e-02,3.428049e-01,1.930390e-01,3.453577e-02,8.986718e-03,1.095564e-02,8.346594e-04,1.947715e-02,9.312466e-02,1.294303e-02,2.824100e-02,7.037634e-03,2.177179e-02,1.031655e-02,1.441114e-01
7.027359e-02,2.869532e-01,1.835283e-01,1.106342e-01,1.320268e-02,8.617444e-03,6.984884e-04,1.766499e-02,1.362539e-01,1.306833e-02,2.356578e-02,5.262565e-03,1.573850e-02,8.532057e-03,1.060060e-01
1.052192e-01,2.537470e-01,1.805616e-01,1.092782e-01,2.752519e-02,1.050218e-02,8.573004e-04,1.981097e-02,1.470949e-01,1.316293e-02,2.011731e-02,4.051195e-03,1.168351e-02,1.142420e-02,8.496435e-02
1.783530e-01,2.218924e-01,1.531164e-01,9.614488e-02,4.780771e-02,3.947591e-02,1.472039e-03,1.757762e-02,1.130774e-01,1.173751e-02,1.898023e-02,3.431239e-03,9.170201e-03,1.640699e-02,7.135652e-02
2.535167e-01,1.825660e-01,1.301239e-01,8.693257e-02,4.764559e-02,5.425350e-02,1.920657e-03,1.840129e-02,8.859520e-02,1.615531e-02,1.789930e-02,4.819475e-03,8.373260e-03,1.638895e-02,7.240831e-02
2.969442e-01,1.694957e-01,1.117914e-01,8.799551e-02,5.399060e-02,5.498878e-02,3.971422e-03,2.361378e-02,7.117435e-02,1.344305e-02,1.847188e-02,8.392418e-03,8.077912e-03,1.511721e-02,6.253174e-02
3.583556e-01,1.549446e-01,1.050149e-01,7.946321e-02,5.033327e-02,5.275637e-02,3.924284e-03,1.952139e-02,5.510966e-02,1.053104e-02,1.610082e-02,1.133903e-02,7.680807e-03,1.384092e-02,6.108414e-02
4.631120e-01,1.260636e-01,8.322532e-02,6.650554e-02,4.600132e-02,4.643538e-02,4.221618e-03,1.680845e-02,4.387224e-02,8.923173e-03,1.387846e-02,1.210937e-02,6.519570e-03,1.212292e-02,5.020097e-02
1.000000e+00,0.000000e+00,0.000000e+00,0.000000e+00,0.000000e+00,0.000000e+00,0.000000e+00,0.000000e+00,0.000000e+00,0.000000e+00,0.000000e+00,0.000000e+00,0.000000e+00,0.000000e+00,0.000000e+00
1.000000e+00,0.000000e+00,0.000000e+00,0.000000e+00,0.000000e+00,0.000000e+00,0.000000e+00,0.000000e+00,0.000000e+00,0.000000e+00,0.000000e+00,0.000000e+00,0.000000e+00,0.000000e+00,0.000000e+00
1.000000e+00,0.000000e+00,0.000000e+00,0.000000e+00,0.000000e+00,0.000000e+00,0.000000e+00,0.000000e+00,0.000000e+00,0.000000e+00,0.000000e+00,0.000000e+00,0.000000e+00,0.000000e+00,0.000000e+00
4.359545e-01,6.837057e-02,2.981631e-02,3.285068e-02,1.461274e-02,2.794706e-01,1.907475e-03,6.244517e-03,1.784530e-02,7.354674e-03,1.348522e-02,6.550407e-03,3.890951e-03,1.845617e-02,6.318995e-02
3.166400e-01,5.439877e-02,2.187756e-02,2.311533e-02,1.058379e-02,4.257841e-01,1.390438e-03,5.060337e-03,1.297426e-02,1.946826e-02,1.344128e-02,4.629719e-03,2.975896e-03,2.334594e-02,6.431430e-02
2.400661e-01,4.060298e-02,1.571030e-02,1.630279e-02,7.710281e-03,5.165197e-01,1.012265e-03,3.862689e-03,9.888297e-03,4.940817e-02,1.309729e-02,3.312750e-03,2.272427e-03,2.520996e-02,5.502392e-02
1.849855e-01,3.102210e-02,1.120747e-02,1.155896e-02,5.911338e-03,5.667023e-01,7.720874e-04,2.932310e-03,8.562555e-03,7.992114e-02,1.209376e-02,2.373518e-03,1.777030e-03,2.636808e-02,5.381180e-02
1.522091e-01,2.255844e-02,8.211629e-03,8.196554e-03,4.908143e-03,5.291405e-01,6.650069e-04,2.575767e-03,8.035166e-03,1.582608e-01,1.592804e-02,1.697519e-03,1.362324e-03,2.710737e-02,5.914371e-02
1.180800e-01,1.721117e-02,6.214910e-03,5.858654e-03,5.840634e-03,5.146784e-01,7.068551e-04,2.924653e-03,8.574238e-03,1.924400e-01,1.573077e-02,1.248815e-03,1.347325e-03,3.142606e-02,7.771752e-02
9.237262e-02,1.425391e-02,5.593927e-03,5.052733e-03,6.509773e-03,3.930018e-01,6.662735e-04,2.652755e-03,8.883101e-02,2.159276e-01,2.048566e-02,1.009284e-03,1.455711e-03,3.531702e-02,1.168698e-01
6.807978e-02,1.055236e-02,3.982440e-03,3.665177e-03,4.959797e-03,2.824170e-01,5.315722e-04,2.049825e-03,7.549165e-02,3.910280e-01,1.788116e-02,9.742007e-04,1.733904e-03,2.973022e-02,1.069229e-01
5.033562e-02,8.140157e-03,2.914359e-03,2.698669e-03,4.242057e-03,2.010612e-01,5.959207e-04,1.624777e-03,6.380577e-02,5.211334e-01,2.562203e-02,1.245518e-03,2.327472e-03,3.190437e-02,8.234870e-02
4.158825e-02,8.115326e-03,3.024210e-03,4.971595e-03,6.721842e-03,1.457357e-01,1.224200e-03,3.862601e-03,5.990943e-02,4.141421e-01,1.335933e-01,3.644717e-03,3.759044e-03,1.071371e-01,6.257059e-02
3.128873e-02,5.938599e-03,2.140971e-03,3.681151e-03,4.743650e-03,1.030971e-01,1.002377e-03,2.750192e-03,4.485947e-02,2.982616e-01,3.606726e-01,8.939062e-03,3.055230e-03,8.493914e-02,4.463017e-02
2.823723e-02,4.515893e-03,1.707808e-03,3.413697e-03,3.790989e-03,7.352635e-02,1.011491e-03,2.291111e-03,3.289324e-02,2.099717e-01,5.243592e-01,1.457322e-02,2.464611e-03,6.512028e-02,3.212324e-02
2.153357e-02,3.362993e-03,1.265629e-03,2.498799e-03,2.903034e-03,5.180274e-02,8.279881e-04,1.674101e-03,2.366538e-02,1.475170e-01,6.542904e-01,1.685099e-02,1.899246e-03,4.715254e-02,2.275557e-02
1.616936e-02,2.691573e-03,9.422005e-04,1.801338e-03,2.464526e-03,3.661367e-02,7.166616e-04,1.211044e-03,1.700075e-02,1.147848e-01,7.344991e-01,1.938173e-02,1.461035e-03,3.410912e-02,1.615307e-02
1.568278e-02,1.103027e-02,1.391394e-03,1.381020e-03,2.829974e-03,2.754836e-02,2.330367e-03,1.311617e-03,1.311977e-02,9.653813e-02,7.621363e-01,2.485825e-02,1.433270e-03,2.588452e-02,1.252399e-02
1.500985e-02,3.299293e-02,1.655460e-03,1.187771e-03,3.067927e-03,2.009338e-02,2.196809e-03,1.151199e-03,1.241370e-02,7.827976e-02,7.635108e-01,3.621145e-02,1.777803e-03,1.965205e-02,1.079905e-02
1.928638e-02,1.004533e-01,6.484135e-03,1.848721e-03,6.924779e-03,1.609417e-02,3.150983e-03,1.493483e-02,1.654485e-02,6.608148e-02,6.454212e-01,7.139595e-02,3.279272e-03,1.876418e-02,9.335705e-03
2.234316e-02,8.566739e-02,5.646852e-03,1.848265e-03,7.304592e-03,1.467265e-02,2.817872e-03,1.231491e-02,1.697711e-02,5.454228e-02,5.540175e-01,1.928951e-01,3.216282e-03,1.786630e-02,7.869654e-03
1.802270e-02,6.706645e-02,4.526968e-03,1.751633e-03,8.708980e-03,1.223109e-02,2.353689e-03,9.640359e-03,1.736453e-02,4.466559e-02,5.281894e-01,2.612078e-01,2.995171e-03,1.511465e-02,6.161059e-03
3.610406e-02,5.530429e-02,6.432345e-03,2.322057e-03,6.293574e-02,1.296790e-02,4.584035e-03,1.596807e-02,2.685098e-02,4.091095e-02,4.203444e-01,2.880447e-01,4.073540e-03,1.763010e-02,5.526950e-03
3.763014e-02,4.196011e-02,6.869856e-03,3.921987e-03,2.086547e-01,1.701791e-02,6.657206e-03,4.258313e-02,4.402561e-02,3.205132e-02,3.190992e-01,2.181998e-01,3.703424e-03,1.361839e-02,4.007106e-03
5.629942e-02,3.327983e-02,8.593054e-03,5.819230e-03,2.063828e-01,1.512771e-02,6.335631e-03,7.138521e-02,5.033663e-02,2.479954e-02,2.645870e-01,2.387007e-01,3.278541e-03,1.175082e-02,3.323993e-03
6.171619e-02,2.365438e-02,7.149861e-03,7.855495e-03,2.258850e-01,1.326559e-02,5.557803e-03,7.807269e-02,5.126793e-02,2.273729e-02,2.268463e-01,2.608512e-01,3.949732e-03,8.788517e-03,2.402110e-03
5.428787e-02,1.740575e-02,7.298931e-03,8.901842e-03,2.270209e-01,1.253824e-02,5.340478e-03,1.489561e-01,4.617100e-02,1.834329e-02,1.847054e-01,2.564263e-01,4.148066e-03,6.661608e-03,1.794216e-03
4.300971e-02,1.254944e-02,8.327600e-03,1.610592e-02,2.517612e-01,1.679552e-02,4.965642e-03,2.496669e-01,4.758391e-02,1.485196e-02,1.354017e-01,1.892759e-01,3.461398e-03,4.966089e-03,1.277153e-03
4.253989e-02,9.817338e-03,1.008719e-02,2.292956e-02,2.399061e-01,1.828174e-02,4.312576e-03,3.086943e-01,4.961548e-02,1.226081e-02,9.979883e-02,1.739143e-01,3.170525e-03,3.728857e-03,9.425035e-04
3.453695e-02,7.578130e-03,9.309406e-03,2.852932e-02,2.185498e-01,1.992092e-02,4.096659e-03,3.933740e-01,4.017926e-02,9.624008e-03,7.145439e-02,1.567121e-01,2.773571e-03,2.688707e-03,6.728182e-04
2.910333e-02,5.813447e-03,7.524018e-03,3.488971e-02,2.528503e-01,2.834992e-02,5.204228e-03,3.969207e-01,4.385533e-02,8.423276e-03,5.465289e-02,1.272531e-01,2.687197e-03,1.991777e-03,4.808713e-04
2.466003e-02,4.594937e-03,6.244276e-03,3.526723e-02,2.841190e-01,4.955508e-02,7.186815e-03,3.824255e-01,4.590743e-02,7.061540e-03,4.539423e-02,1.033051e-01,2.440168e-03,1.493532e-03,3.451275e-04
2.756943e-02,3.628823e-03,6.985639e-03,3.299535e-02,3.155384e-01,4.919495e-02,1.047118e-02,3.794742e-01,3.821362e-02,6.517165e-03,3.815577e-02,8.698402e-02,2.821277e-03,1.178644e-03,2.716235e-04
5.769403e-02,3.796012e-03,7.431180e-03,3.070191e-02,3.446195e-01,4.919451e-02,1.416050e-02,3.151355e-01,3.534725e-02,1.565659e-02,4.344583e-02,7.527653e-02,5.758223e-03,1.283221e-03,4.991924e-04
7.136309e-02,3.836340e-03,7.450782e-03,2.873599e-02,3.186530e-01,5.441896e-02,4.010089e-02,2.979912e-01,2.847980e-02,2.725388e-02,3.908604e-02,7.183168e-02,8.865550e-03,1.277287e-03,6.556230e-04
1.095259e-01,4.445530e-03,9.221679e-03,2.475136e-02,3.461579e-01,6.648969e-02,3.212054e-02,2.261854e-01,2.777684e-02,3.457910e-02,4.719466e-02,6.024454e-02,9.249981e-03,1.406273e-03,6.507376e-04
1.469193e-01,5.526204e-03,1.133345e-02,2.190103e-02,3.318900e-01,6.963263e-02,2.508710e-02,1.646136e-01,2.311363e-02,7.735512e-02,5.592687e-02,5.523703e-02,8.848673e-03,1.786840e-03,8.284613e-04
1.961814e-01,7.015689e-03,1.118932e-02,2.466698e-02,3.200530e-01,8.030892e-02,2.022881e-02,1.249174e-01,1.970811e-02,9.181517e-02,4.413343e-02,4.714593e-02,9.203986e-03,2.146274e-03,1.285579e-03
2.199127e-01,8.057093e-03,1.174441e-02,3.706993e-02,3.325437e-01,8.026950e-02,1.712617e-02,1.163047e-01,1.616178e-02,7.510617e-02,3.391087e-02,3.929406e-02,8.401355e-03,2.322359e-03,1.775266e-03
2.901275e-01,6.815682e-03,1.214006e-02,7.325056e-02,2.836664e-01,6.910004e-02,1.412298e-02,9.234332e-02,1.617593e-02,6.073323e-02,3.110015e-02,3.734782e-02,7.859598e-03,2.669025e-03,2.547650e-03
4.267966e-01,5.991262e-03,1.039739e-02,6.151386e-02,2.073648e-01,5.592265e-02,1.191233e-02,7.154106e-02,1.322761e-02,4.505206e-02,2.601646e-02,4.767621e-02,9.962307e-03,2.858877e-03,3.766534e-03
1.000000e+00,0.000000e+00,0.000000e+00,0.000000e+00,0.000000e+00,0.000000e+00,0.000000e+00,0.000000e+00,0.000000e+00,0.000000e+00,0.000000e+00,0.000000e+00,0.000000e+00,0.000000e+00,0.000000e+00
1.000000e+00,0.000000e+00,0.000000e+00,0.000000e+00,0.000000e+00,0.000000e+00,0.000000e+00,0.000000e+00,0.000000e+00,0.000000e+00,0.000000e+00,0.000000e+00,0.000000e+00,0.000000e+00,0.000000e+00
1.000000e+00,0.000000e+00,0.000000e+00,0.000000e+00,0.000000e+00,0.000000e+00,0.000000e+00,0.000000e+00,0.000000e+00,0.000000e+00,0.000000e+00,0.000000e+00,0.000000e+00,0.000000e+00,0.000000e+00
1.000000e+00,0.000000e+00,0.000000e+00,0.000000e+00,0.000000e+00,0.000000e+00,0.000000e+00,0.000000e+00,0.000000e+00,0.000000e+00,0.000000e+00,0.000000e+00,0.000000e+00,0.000000e+00,0.000000e+00
1.000000e+00,0.000000e+00,0.000000e+00,0.000000e+00,0.000000e+00,0.000000e+00,0.000000e+00,0.000000e+00,0.000000e+00,0.000000e+00,0.000000e+00,0.000000e+00,0.000000e+00,0.000000e+00,0.000000e+00
1.000000e+00,0.000000e+00,0.000000e+00,0.000000e+00,0.000000e+00,0.000000e+00,0.000000e+00,0.000000e+00,0.000000e+00,0.000000e+00,0.000000e+00,0.000000e+00,0.000000e+00,0.000000e+00,0.000000e+00
1.000000e+00,0.000000e+00,0.000000e+00,0.000000e+00,0.000000e+00,0.000000e+00,0.000000e+00,0.000000e+00,0.000000e+00,0.000000e+00,0.000000e+00,0.000000e+00,0.000000e+00,0.000000e+00,0.000000e+00
1.000000e+00,0.000000e+00,0.000000e+00,0.000000e+00,0.000000e+00,0.000000e+00,0.000000e+00,0.000000e+00,0.000000e+00,0.000000e+00,0.000000e+00,0.000000e+00,0.000000e+00,0.000000e+00,0.000000e+00
1.000000e+00,0.000000e+00,0.000000e+00,0.000000e+00,0.000000e+00,0.000000e+00,0.000000e+00,0.000000e+00,0.000000e+00,0.000000e+00,0.000000e+00,0.000000e+00,0.000000e+00,0.000000e+00,0.000000e+00
1.000000e+00,0.000000e+00,0.000000e+00,0.000000e+00,0.000000e+00,0.000000e+00,0.000000e+00,0.000000e+00,0.000000e+00,0.000000e+00,0.000000e+00,0.000000e+00,0.000000e+00,0.000000e+00,0.000000e+00
1.000000e+00,0.000000e+00,0.000000e+00,0.000000e+00,0.000000e+00,0.000000e+00,0.000000e+00,0.000000e+00,0.000000e+00,0.000000e+00,0.000000e+00,0.000000e+00,0.000000e+00,0.000000e+00,0.000000e+00
1.000000e+00,0.000000e+00,0.000000e+00,0.000000e+00,0.000000e+00,0.000000e+00,0.000000e+00,0.000000e+00,0.000000e+00,0.000000e+00,0.000000e+00,0.000000e+00,0.000000e+00,0.000000e+00,0.000000e+00
4.974087e-01,2.895244e-02,1.833327e-02,1.087247e-01,2.574294e-02,4.135489e-02,1.217268e-02,3.100886e-02,1.607442e-02,4.136126e-03,1.503614e-02,1.095718e-01,6.286223e-02,3.676553e-03,2.494420e-02
1.000000e+00,0.000000e+00,0.000000e+00,0.000000e+00,0.000000e+00,0.000000e+00,0.000000e+00,0.000000e+00,0.000000e+00,0.000000e+00,0.000000e+00,0.000000e+00,0.000000e+00,0.000000e+00,0.000000e+00
1.000000e+00,0.000000e+00,0.000000e+00,0.000000e+00,0.000000e+00,0.000000e+00,0.000000e+00,0.000000e+00,0.000000e+00,0.000000e+00,0.000000e+00,0.000000e+00,0.000000e+00,0.000000e+00,0.000000e+00
1.000000e+00,0.000000e+00,0.000000e+00,0.000000e+00,0.000000e+00,0.000000e+00,0.000000e+00,0.000000e+00,0.000000e+00,0.000000e+00,0.000000e+00,0.000000e+00,0.000000e+00,0.000000e+00,0.000000e+00
1.000000e+00,0.000000e+00,0.000000e+00,0.000000e+00,0.000000e+00,0.000000e+00,0.000000e+00,0.000000e+00,0.000000e+00,0.000000e+00,0.000000e+00,0.000000e+00,0.000000e+00,0.000000e+00,0.000000e+00
1.000000e+00,0.000000e+00,0.000000e+00,0.000000e+00,0.000000e+00,0.000000e+00,0.000000e+00,0.000000e+00,0.000000e+00,0.000000e+00,0.000000e+00,0.000000e+00,0.000000e+00,0.000000e+00,0.000000e+00
1.000000e+00,0.000000e+00,0.000000e+00,0.000000e+00,0.000000e+00,0.000000e+00,0.000000e+00,0.000000e+00,0.000000e+00,0.000000e+00,0.000000e+00,0.000000e+00,0.000000e+00,0.000000e+00,0.000000e+00
1.000000e+00,0.000000e+00,0.000000e+00,0.000000e+00,0.000000e+00,0.000000e+00,0.000000e+00,0.000000e+00,0.000000e+00,0.000000e+00,0.000000e+00,0.000000e+00,0.000000e+00,0.000000e+00,0.000000e+00
1.000000e+00,0.000000e+00,0.000000e+00,0.000000e+00,0.000000e+00,0.000000e+00,0.000000e+00,0.000000e+00,0.000000e+00,0.000000e+00,0.000000e+00,0.000000e+00,0.000000e+00,0.000000e+00,0.000000e+00
1.000000e+00,0.000000e+00,0.000000e+00,0.000000e+00,0.000000e+00,0.000000e+00,0.000000e+00,0.000000e+00,0.000000e+00,0.000000e+00,0.000000e+00,0.000000e+00,0.000000e+00,0.000000e+00,0.000000e+00
1.000000e+00,0.000000e+00,0.000000e+00,0.000000e+00,0.000000e+00,0.000000e+00,0.000000e+00,0.000000e+00,0.000000e+00,0.000000e+00,0.000000e+00,0.000000e+00,0.000000e+00,0.000000e+00,0.000000e+00
1.000000e+00,0.000000e+00,0.000000e+00,0.000000e+00,0.000000e+00,0.000000e+00,0.000000e+00,0.000000e+00,0.000000e+00,0.000000e+00,0.000000e+00,0.000000e+00,0.000000e+00,0.000000e+00,0.000000e+00
1.000000e+00,0.000000e+00,0.000000e+00,0.000000e+00,0.000000e+00,0.000000e+00,0.000000e+00,0.000000e+00,0.000000e+00,0.000000e+00,0.000000e+00,0.000000e+00,0.000000e+00,0.000000e+00,0.000000e+00
1.000000e+00,0.000000e+00,0.000000e+00,0.000000e+00,0.000000e+00,0.000000e+00,0.000000e+00,0.000000e+00,0.000000e+00,0.000000e+00,0.000000e+00,0.000000e+00,0.000000e+00,0.000000e+00,0.000000e+00
1.000000e+00,0.000000e+00,0.000000e+00,0.000000e+00,0.000000e+00,0.000000e+00,0.000000e+00,0.000000e+00,0.000000e+00,0.000000e+00,0.000000e+00,0.000000e+00,0.000000e+00,0.000000e+00,0.000000e+00
1.000000e+00,0.000000e+00,0.000000e+00,0.000000e+00,0.000000e+00,0.000000e+00,0.000000e+00,0.000000e+00,0.000000e+00,0.000000e+00,0.000000e+00,0.000000e+00,0.000000e+00,0.000000e+00,0.000000e+00
1.000000e+00,0.000000e+00,0.000000e+00,0.000000e+00,0.000000e+00,0.000000e+00,0.000000e+00,0.000000e+00,0.000000e+00,0.000000e+00,0.000000e+00,0.000000e+00,0.000000e+00,0.000000e+00,0.000000e+00
1.000000e+00,0.000000e+00,0.000000e+00,0.000000e+00,0.000000e+00,0.000000e+00,0.000000e+00,0.000000e+00,0.000000e+00,0.000000e+00,0.000000e+00,0.000000e+00,0.000000e+00,0.000000e+00,0.000000e+00
1.000000e+00,0.000000e+00,0.000000e+00,0.000000e+00,0.000000e+00,0.000000e+00,0.000000e+00,0.000000e+00,0.000000e+00,0.000000e+00,0.000000e+00,0.000000e+00,0.000000e+00,0.000000e+00,0.000000e+00
1.000000e+00,0.000000e+00,0.000000e+00,0.000000e+00,0.000000e+00,0.000000e+00,0.000000e+00,0.000000e+00,0.000000e+00,0.000000e+00,0.000000e+00,0.000000e+00,0.000000e+00,0.000000e+00,0.000000e+00
1.000000e+00,0.000000e+00,0.000000e+00,0.000000e+00,0.000000e+00,0.000000e+00,0.000000e+00,0.000000e+00,0.000000e+00,0.000000e+00,0.000000e+00,0.000000e+00,0.000000e+00,0.000000e+00,0.000000e+00
1.000000e+00,0.000000e+00,0.000000e+00,0.000000e+00,0.000000e+00,0.000000e+00,0.000000e+00,0.000000e+00,0.000000e+00,0.000000e+00,0.000000e+00,0.000000e+00,0.000000e+00,0.000000e+00,0.000000e+00
1.000000e+00,0.000000e+00,0.000000e+00,0.000000e+00,0.000000e+00,0.000000e+00,0.000000e+00,0.000000e+00,0.000000e+00,0.000000e+00,0.000000e+00,0.000000e+00,0.000000e+00,0.000000e+00,0.000000e+00
1.000000e+00,0.000000e+00,0.000000e+00,0.000000e+00,0.000000e+00,0.000000e+00,0.000000e+00,0.000000e+00,0.000000e+00,0.000000e+00,0.000000e+00,0.000000e+00,0.000000e+00,0.000000e+00,0.000000e+00
1.000000e+00,0.000000e+00,0.000000e+00,0.000000e+00,0.000000e+00,0.000000e+00,0.000000e+00,0.000000e+00,0.000000e+00,0.000000e+00,0.000000e+00,0.000000e+00,0.000000e+00,0.000000e+00,0.000000e+00
1.000000e+00,0.000000e+00,0.000000e+00,0.000000e+00,0.000000e+00,0.000000e+00,0.000000e+00,0.000000e+00,0.000000e+00,0.000000e+00,0.000000e+00,0.000000e+00,0.000000e+00,0.000000e+00,0.000000e+00
1.000000e+00,0.000000e+00,0.000000e+00,0.000000e+00,0.000000e+00,0.000000e+00,0.000000e+00,0.000000e+00,0.000000e+00,0.000000e+00,0.000000e+00,0.000000e+00,0.000000e+00,0.000000e+00,0.000000e+00
1.000000e+00,0.000000e+00,0.000000e+00,0.000000e+00,0.000000e+00,0.000000e+00,0.000000e+00,0.000000e+00,0.000000e+00,0.000000e+00,0.000000e+00,0.000000e+00,0.000000e+00,0.000000e+00,0.000000e+00
1.000000e+00,0.000000e+00,0.000000e+00,0.000000e+00,0.000000e+00,0.000000e+00,0.000000e+00,0.000000e+00,0.000000e+00,0.000000e+00,0.000000e+00,0.000000e+00,0.000000e+00,0.000000e+00,0.000000e+00
1.000000e+00,0.000000e+00,0.000000e+00,0.000000e+00,0.000000e+00,0.000000e+00,0.000000e+00,0.000000e+00,0.000000e+00,0.000000e+00,0.000000e+00,0.000000e+00,0.000000e+00,0.000000e+00,0.000000e+00
1.000000e+00,0.000000e+00,0.000000e+00,0.000000e+00,0.000000e+00,0.000000e+00,0.000000e+00,0.000000e+00,0.000000e+00,0.000000e+00,0.000000e+00,0.000000e+00,0.000000e+00,0.000000e+00,0.000000e+00
1.000000e+00,0.000000e+00,0.000000e+00,0.000000e+00,0.000000e+00,0.000000e+00,0.000000e+00,0.000000e+00,0.000000e+00,0.000000e+00,0.000000e+00,0.000000e+00,0.000000e+00,0.000000e+00,0.000000e+00
1.000000e+00,0.000000e+00,0.000000e+00,0.000000e+00,0.000000e+00,0.000000e+00,0.000000e+00,0.000000e+00,0.000000e+00,0.000000e+00,0.000000e+00,0.000000e+00,0.000000e+00,0.000000e+00,0.000000e+00
1.000000e+00,0.000000e+00,0.000000e+00,0.000000e+00,0.000000e+00,0.000000e+00,0.000000e+00,0.000000e+00,0.000000e+00,0.000000e+00,0.000000e+00,0.000000e+00,0.000000e+00,0.000000e+00,0.000000e+00
1.000000e+00,0.000000e+00,0.000000e+00,0.000000e+00,0.000000e+00,0.000000e+00,0.000000e+00,0.000000e+00,0.000000e+00,0.000000e+00,0.000000e+00,0.000000e+00,0.000000e+00,0.000000e+00,0.000000e+00
1.000000e+00,0.000000e+00,0.000000e+00,0.000000e+00,0.000000e+00,0.000000e+00,0.000000e+00,0.000000e+00,0.000000e+00,0.000000e+00,0.000000e+00,0.000000e+00,0.000000e+00,0.000000e+00,0.000000e+00
1.000000e+00,0.000000e+00,0.000000e+00,0.000000e+00,0.000000e+00,0.000000e+00,0.000000e+00,0.000000e+00,0.000000e+00,0.000000e+00,0.000000e+00,0.000000e+00,0.000000e+00,0.000000e+00,0.000000e+00
1.000000e+00,0.000000e+00,0.000000e+00,0.000000e+00,0.000000e+00,0.000000e+00,0.000000e+00,0.000000e+00,0.000000e+00,0.000000e+00,0.000000e+00,0.000000e+00,0.000000e+00,0.000000e+00,0.000000e+00
1.000000e+00,0.000000e+00,0.000000e+00,0.000000e+00,0.000000e+00,0.000000e+00,0.000000e+00,0.000000e+00,0.000000e+00,0.000000e+00,0.000000e+00,0.000000e+00,0.000000e+00,0.000000e+00,0.000000e+00
1.000000e+00,0.000000e+00,0.000000e+00,0.000000e+00,0.000000e+00,0.000000e+00,0.000000e+00,0.000000e+00,0.000000e+00,0.000000e+00,0.000000e+00,0.000000e+00,0.000000e+00,0.000000e+00,0.000000e+00
1.000000e+00,0.000000e+00,0.000000e+00,0.000000e+00,0.000000e+00,0.000000e+00,0.000000e+00,0.000000e+00,0.000000e+00,0.000000e+00,0.000000e+00,0.000000e+00,0.000000e+00,0.000000e+00,0.000000e+00
1.000000e+00,0.000000e+00,0.000000e+00,0.000000e+00,0.000000e+00,0.000000e+00,0.000000e+00,0.000000e+00,0.000000e+00,0.000000e+00,0.000000e+00,0.000000e+00,0.000000e+00,0.000000e+00,0.000000e+00
1.000000e+00,0.000000e+00,0.000000e+00,0.000000e+00,0.000000e+00,0.000000e+00,0.000000e+00,0.000000e+00,0.000000e+00,0.000000e+00,0.000000e+00,0.000000e+00,0.000000e+00,0.000000e+00,0.000000e+00
1.000000e+00,0.000000e+00,0.000000e+00,0.000000e+00,0.000000e+00,0.000000e+00,0.000000e+00,0.000000e+00,0.000000e+00,0.000000e+00,0.000000e+00,0.000000e+00,0.000000e+00,0.000000e+00,0.000000e+00
1.000000e+00,0.000000e+00,0.000000e+00,0.000000e+00,0.000000e+00,0.000000e+00,0.000000e+00,0.000000e+00,0.000000e+00,0.000000e+00,0.000000e+00,0.000000e+00,0.000000e+00,0.000000e+00,0.000000e+00
1.000000e+00,0.000000e+00,0.000000e+00,0.000000e+00,0.000000e+00,0.000000e+00,0.000000e+00,0.000000e+00,0.000000e+00,0.000000e+00,0.000000e+00,0.000000e+00,0.000000e+00,0.000000e+00,0.000000e+00
