1.000000e+00,0.000000e+00,0.000000e+00,0.000000e+00,0.000000e+00,0.000000e+00,0.000000e+00,0.000000e+00,0.000000e+00,0.000000e+00,0.000000e+00,0.000000e+00,0.000000e+00,0.000000e+00,0.000000e+00
1.000000e+00,0.000000e+00,0.000000e+00,0.000000e+00,0.000000e+00,0.000000e+00,0.000000e+00,0.000000e+00,0.000000e+00,0.000000e+00,0.000000e+00,0.000000e+00,0.000000e+00,0.000000e+00,0.000000e+00
1.000000e+00,0.000000e+00,0.000000e+00,0.000000e+00,0.000000e+00,0.000000e+00,0.000000e+00,0.000000e+00,0.000000e+00,0.000000e+00,0.000000e+00,0.000000e+00,0.000000e+00,0.000000e+00,0.000000e+00
1.000000e+00,0.000000e+00,0.000000e+00,0.000000e+00,0.000000e+00,0.000000e+00,0.000000e+00,0.000000e+00,0.000000e+00,0.000000e+00,0.000000e+00,0.000000e+00,0.000000e+00,0.000000e+00,0.000000e+00
1.000000e+00,0.000000e+00,0.000000e+00,0.000000e+00,0.000000e+00,0.000000e+00,0.000000e+00,0.000000e+00,0.000000e+00,0.000000e+00,0.000000e+00,0.000000e+00,0.000000e+00,0.000000e+00,0.000000e+00
1.000000e+00,0.000000e+00,0.000000e+00,0.000000e+00,0.000000e+00,0.000000e+00,0.000000e+00,0.000000e+00,0.000000e+00,0.000000e+00,0.000000e+00,0.000000e+00,0.000000e+00,0.000000e+00,0.000000e+00
1.000000e+00,0.000000e+00,0.000000e+00,0.000000e+00,0.000000e+00,0.000000e+00,0.000000e+00,0.000000e+00,0.000000e+00,0.000000e+00,0.000000e+00,0.000000e+00,0.000000e+00,0.000000e+00,0.000000e+00
1.000000e+00,0.000000e+00,0.000000e+00,0.000000e+00,0.000000e+00,0.000000e+00,0.000000e+00,0.000000e+00,0.000000e+00,0.000000e+00,0.000000e+00,0.000000e+00,0.000000e+00,0.000000e+00,0.000000e+00
1.000000e+00,0.000000e+00,0.000000e+00,0.000000e+00,0.000000e+00,0.000000e+00,0.000000e+00,0.000000e+00,0.000000e+00,0.000000e+00,0.000000e+00,0.000000e+00,0.000000e+00,0.000000e+00,0.000000e+00
1.000000e+00,0.000000e+00,0.000000e+00,0.000000e+00,0.000000e+00,0.000000e+00,0.000000e+00,0.000000e+00,0.000000e+00,0.000000e+00,0.000000e+00,0.000000e+00,0.000000e+00,0.000000e+00,0.000000e+00
1.000000e+00,0.000000e+00,0.000000e+00,0.000000e+00,0.000000e+00,0.000000e+00,0.000000e+00,0.000000e+00,0.000000e+00,0.000000e+00,0.000000e+00,0.000000e+00,0.000000e+00,0.000000e+00,0.000000e+00
1.000000e+00,0.000000e+00,0.000000e+00,0.000000e+00,0.000000e+00,0.000000e+00,0.000000e+00,0.000000e+00,0.000000e+00,0.000000e+00,0.000000e+00,0.000000e+00,0.000000e+00,0.000000e+00,0.000000e+00
1.000000e+00,0.000000e+00,0.000000e+00,0.000000e+00,0.000000e+00,0.000000e+00,0.000000e+00,0.000000e+00,0.000000e+00,0.000000e+00,0.000000e+00,0.000000e+00,0.000000e+00,0.000000e+00,0.000000e+00
1.000000e+00,0.000000e+00,0.000000e+00,0.000000e+00,0.000000e+00,0.000000e+00,0.000000e+00,0.000000e+00,0.000000e+00,0.000000e+00,0.000000e+00,0.000000e+00,0.000000e+00,0.000000e+00,0.000000e+00
1.000000e+00,0.000000e+00,0.000000e+00,0.000000e+00,0.000000e+00,0.000000e+00,0.000000e+00,0.000000e+00,0.000000e+00,0.000000e+00,0.000000e+00,0.000000e+00,0.000000e+00,0.000000e+00,0.000000e+00
1.000000e+00,0.000000e+00,0.000000e+00,0.000000e+00,0.000000e+00,0.000000e+00,0.000000e+00,0.000000e+00,0.000000e+00,0.000000e+00,0.000000e+00,0.000000e+00,0.000000e+00,0.000000e+00,0.000000e+00
1.000000e+00,0.000000e+00,0.000000e+00,0.000000e+00,0.000000e+00,0.000000e+00,0.000000e+00,0.000000e+00,0.000000e+00,0.000000e+00,0.000000e+00,0.000000e+00,0.000000e+00,0.000000e+00,0.000000e+00
1.000000e+00,0.000000e+00,0.000000e+00,0.000000e+00,0.000000e+00,0.000000e+00,0.000000e+00,0.000000e+00,0.000000e+00,0.000000e+00,0.000000e+00,0.000000e+00,0.000000e+00,0.000000e+00,0.000000e+00
1.000000e+00,0.000000e+00,0.000000e+00,0.000000e+00,0.000000e+00,0.000000e+00,0.000000e+00,0.000000e+00,0.000000e+00,0.000000e+00,0.000000e+00,0.000000e+00,0.000000e+00,0.000000e+00,0.000000e+00
1.000000e+00,0.000000e+00,0.000000e+00,0.000000e+00,0.000000e+00,0.000000e+00,0.000000e+00,0.000000e+00,0.000000e+00,0.000000e+00,0.000000e+00,0.000000e+00,0.000000e+00,0.000000e+00,0.000000e+00
1.000000e+00,0.000000e+00,0.000000e+00,0.000000e+00,0.000000e+00,0.000000e+00,0.000000e+00,0.000000e+00,0.000000e+00,0.000000e+00,0.000000e+00,0.000000e+00,0.000000e+00,0.000000e+00,0.000000e+00
1.000000e+00,0.000000e+00,0.000000e+00,0.000000e+00,0.000000e+00,0.000000e+00,0.000000e+00,0.000000e+00,0.000000e+00,0.000000e+00,0.000000e+00,0.000000e+00,0.000000e+00,0.000000e+00,0.000000e+00
1.000000e+00,0.000000e+00,0.000000e+00,0.000000e+00,0.000000e+00,0.000000e+00,0.000000e+00,0.000000e+00,0.000000e+00,0.000000e+00,0.000000e+00,0.000000e+00,0.000000e+00,0.000000e+00,0.000000e+00
1.000000e+00,0.000000e+00,0.000000e+00,0.000000e+00,0.000000e+00,0.000000e+00,0.000000e+00,0.000000e+00,0.000000e+00,0.000000e+00,0.000000e+00,0.000000e+00,0.000000e+00,0.000000e+00,0.000000e+00
1.000000e+00,0.000000e+00,0.000000e+00,0.000000e+00,0.000000e+00,0.000000e+00,0.000000e+00,0.000000e+00,0.000000e+00,0.000000e+00,0.000000e+00,0.000000e+00,0.000000e+00,0.000000e+00,0.000000e+00
1.000000e+00,0.000000e+00,0.000000e+00,0.000000e+00,0.000000e+00,0.000000e+00,0.000000e+00,0.000000e+00,0.000000e+00,0.000000e+00,0.000000e+00,0.000000e+00,0.000000e+00,0.000000e+00,0.000000e+00
1.000000e+00,0.000000e+00,0.000000e+00,0.000000e+00,0.000000e+00,0.000000e+00,0.000000e+00,0.000000e+00,0.000000e+00,0.000000e+00,0.000000e+00,0.000000e+00,0.000000e+00,0.000000e+00,0.000000e+00
1.000000e+00,0.000000e+00,0.000000e+00,0.000000e+00,0.000000e+00,0.000000e+00,0.000000e+00,0.000000e+00,0.000000e+00,0.000000e+00,0.000000e+00,0.000000e+00,0.000000e+00,0.000000e+00,0.000000e+00
1.000000e+00,0.000000e+00,0.000000e+00,0.000000e+00,0.000000e+00,0.000000e+00,0.000000e+00,0.000000e+00,0.000000e+00,0.000000e+00,0.000000e+00,0.000000e+00,0.000000e+00,0.000000e+00,0.000000e+00
1.000000e+00,0.000000e+00,0.000000e+00,0.000000e+00,0.000000e+00,0.000000e+00,0.000000e+00,0.000000e+00,0.000000e+00,0.000000e+00,0.000000e+00,0.000000e+00,0.000000e+00,0.000000e+00,0.000000e+00
1.000000e+00,0.000000e+00,0.000000e+00,0.000000e+00,0.000000e+00,0.000000e+00,0.000000e+00,0.000000e+00,0.000000e+00,0.000000e+00,0.000000e+00,0.000000e+00,0.000000e+00,0.000000e+00,0.000000e+00
1.000000e+00,0.000000e+00,0.000000e+00,0.000000e+00,0.000000e+00,0.000000e+00,0.000000e+00,0.000000e+00,0.000000e+00,0.000000e+00,0.000000e+00,0.000000e+00,0.000000e+00,0.000000e+00,0.000000e+00
1.000000e+00,0.000000e+00,0.000000e+00,0.000000e+00,0.000000e+00,0.000000e+00,0.000000e+00,0.000000e+00,0.000000e+00,0.000000e+00,0.000000e+00,0.000000e+00,0.000000e+00,0.000000e+00,0.000000e+00
1.000000e+00,0.000000e+00,0.000000e+00,0.000000e+00,0.000000e+00,0.000000e+00,0.000000e+00,0.000000e+00,0.000000e+00,0.000000e+00,0.000000e+00,0.000000e+00,0.000000e+00,0.000000e+00,0.000000e+00
1.000000e+00,0.000000e+00,0.000000e+00,0.000000e+00,0.000000e+00,0.000000e+00,0.000000e+00,0.000000e+00,0.000000e+00,0.000000e+00,0.000000e+00,0.000000e+00,0.000000e+00,0.000000e+00,0.000000e+00
1.000000e+00,0.000000e+00,0.000000e+00,0.000000e+00,0.000000e+00,0.000000e+00,0.000000e+00,0.000000e+00,0.000000e+00,0.000000e+00,0.000000e+00,0.000000e+00,0.000000e+00,0.000000e+00,0.000000e+00
1.000000e+00,0.000000e+00,0.000000e+00,0.000000e+00,0.000000e+00,0.000000e+00,0.000000e+00,0.000000e+00,0.000000e+00,0.000000e+00,0.000000e+00,0.000000e+00,0.000000e+00,0.000000e+00,0.000000e+00
1.000000e+00,0.000000e+00,0.000000e+00,0.000000e+00,0.000000e+00,0.000000e+00,0.000000e+00,0.000000e+00,0.000000e+00,0.000000e+00,0.000000e+00,0.000000e+00,0.000000e+00,0.000000e+00,0.000000e+00
1.000000e+00,0.000000e+00,0.000000e+00,0.000000e+00,0.000000e+00,0.000000e+00,0.000000e+00,0.000000e+00,0.000000e+00,0.000000e+00,0.000000e+00,0.000000e+00,0.000000e+00,0.000000e+00,0.000000e+00
1.000000e+00,0.000000e+00,0.000000e+00,0.000000e+00,0.000000e+00,0.000000e+00,0.000000e+00,0.000000e+00,0.000000e+00,0.000000e+00,0.000000e+00,0.000000e+00,0.000000e+00,0.000000e+00,0.000000e+00
1.000000e+00,0.000000e+00,0.000000e+00,0.000000e+00,0.000000e+00,0.000000e+00,0.000000e+00,0.000000e+00,0.000000e+00,0.000000e+00,0.000000e+00,0.000000e+00,0.000000e+00,0.000000e+00,0.000000e+00
1.000000e+00,0.000000e+00,0.000000e+00,0.000000e+00,0.000000e+00,0.000000e+00,0.000000e+00,0.000000e+00,0.000000e+00,0.000000e+00,0.000000e+00,0.000000e+00,0.000000e+00,0.000000e+00,0.000000e+00
1.000000e+00,0.000000e+00,0.000000e+00,0.000000e+00,0.000000e+00,0.000000e+00,0.000000e+00,0.000000e+00,0.000000e+00,0.000000e+00,0.000000e+00,0.000000e+00,0.000000e+00,0.000000e+00,0.000000e+00
1.000000e+00,0.000000e+00,0.000000e+00,0.000000e+00,0.000000e+00,0.000000e+00,0.000000e+00,0.000000e+00,0.000000e+00,0.000000e+00,0.000000e+00,0.000000e+00,0.000000e+00,0.000000e+00,0.000000e+00
1.000000e+00,0.000000e+00,0.000000e+00,0.000000e+00,0.000000e+00,0.000000e+00,0.000000e+00,0.000000e+00,0.000000e+00,0.000000e+00,0.000000e+00,0.000000e+00,0.000000e+00,0.000000e+00,0.000000e+00
1.000000e+00,0.000000e+00,0.000000e+00,0.000000e+00,0.000000e+00,0.000000e+00,0.000000e+00,0.000000e+00,0.000000e+00,0.000000e+00,0.000000e+00,0.000000e+00,0.000000e+00,0.000000e+00,0.000000e+00
1.000000e+00,0.000000e+00,0.000000e+00,0.000000e+00,0.000000e+00,0.000000e+00,0.000000e+00,0.000000e+00,0.000000e+00,0.000000e+00,0.000000e+00,0.000000e+00,0.000000e+00,0.000000e+00,0.000000e+00
1.000000e+00,0.000000e+00,0.000000e+00,0.000000e+00,0.000000e+00,0.000000e+00,0.000000e+00,0.000000e+00,0.000000e+00,0.000000e+00,0.000000e+00,0.000000e+00,0.000000e+00,0.000000e+00,0.000000e+00
1.000000e+00,0.000000e+00,0.000000e+00,0.000000e+00,0.000000e+00,0.000000e+00,0.000000e+00,0.000000e+00,0.000000e+00,0.000000e+00,0.000000e+00,0.000000e+00,0.000000e+00,0.000000e+00,0.000000e+00
1.000000e+00,0.000000e+00,0.000000e+00,0.000000e+00,0.000000e+00,0.000000e+00,0.000000e+00,0.000000e+00,0.000000e+00,0.000000e+00,0.000000e+00,0.000000e+00,0.000000e+00,0.000000e+00,0.000000e+00
1.000000e+00,0.000000e+00,0.000000e+00,0.000000e+00,0.000000e+00,0.000000e+00,0.000000e+00,0.000000e+00,0.000000e+00,0.000000e+00,0.000000e+00,0.000000e+00,0.000000e+00,0.000000e+00,0.000000e+00
1.000000e+00,0.000000e+00,0.000000e+00,0.000000e+00,0.000000e+00,0.000000e+00,0.000000e+00,0.000000e+00,0.000000e+00,0.000000e+00,0.000000e+00,0.000000e+00,0.000000e+00,0.000000e+00,0.000000e+00
1.000000e+00,0.000000e+00,0.000000e+00,0.000000e+00,0.000000e+00,0.000000e+00,0.000000e+00,0.000000e+00,0.000000e+00,0.000000e+00,0.000000e+00,0.000000e+00,0.000000e+00,0.000000e+00,0.000000e+00
1.000000e+00,0.000000e+00,0.000000e+00,0.000000e+00,0.000000e+00,0.000000e+00,0.000000e+00,0.000000e+00,0.000000e+00,0.000000e+00,0.000000e+00,0.000000e+00,0.000000e+00,0.000000e+00,0.000000e+00
1.000000e+00,0.000000e+00,0.000000e+00,0.000000e+00,0.000000e+00,0.000000e+00,0.000000e+00,0.000000e+00,0.000000e+00,0.000000e+00,0.000000e+00,0.000000e+00,0.000000e+00,0.000000e+00,0.000000e+00
1.000000e+00,0.000000e+00,0.000000e+00,0.000000e+00,0.000000e+00,0.000000e+00,0.000000e+00,0.000000e+00,0.000000e+00,0.000000e+00,0.000000e+00,0.000000e+00,0.000000e+00,0.000000e+00,0.000000e+00
1.000000e+00,0.000000e+00,0.000000e+00,0.000000e+00,0.000000e+00,0.000000e+00,0.000000e+00,0.000000e+00,0.000000e+00,0.000000e+00,0.000000e+00,0.000000e+00,0.000000e+00,0.000000e+00,0.000000e+00
1.000000e+00,0.000000e+00,0.000000e+00,0.000000e+00,0.000000e+00,0.000000e+00,0.000000e+00,0.000000e+00,0.000000e+00,0.000000e+00,0.000000e+00,0.000000e+00,0.000000e+00,0.000000e+00,0.000000e+00
1.000000e+00,0.000000e+00,0.000000e+00,0.000000e+00,0.000000e+00,0.000000e+00,0.000000e+00,0.000000e+00,0.000000e+00,0.000000e+00,0.000000e+00,0.000000e+00,0.000000e+00,0.000000e+00,0.000000e+00
1.000000e+00,0.000000e+00,0.000000e+00,0.000000e+00,0.000000e+00,0.000000e+00,0.000000e+00,0.000000e+00,0.000000e+00,0.000000e+00,0.000000e+00,0.000000e+00,0.000000e+00,0.000000e+00,0.000000e+00
1.000000e+00,0.000000e+00,0.000000e+00,0.000000e+00,0.000000e+00,0.000000e+00,0.000000e+00,0.000000e+00,0.000000e+00,0.000000e+00,0.000000e+00,0.000000e+00,0.000000e+00,0.000000e+00,0.000000e+00
1.000000e+00,0.000000e+00,0.000000e+00,0.000000e+00,0.000000e+00,0.000000e+00,0.000000e+00,0.000000e+00,0.000000e+00,0.000000e+00,0.000000e+00,0.000000e+00,0.000000e+00,0.000000e+00,0.000000e+00
1.000000e+00,0.000000e+00,0.000000e+00,0.000000e+00,0.000000e+00,0.000000e+00,0.000000e+00,0.000000e+00,0.000000e+00,0.000000e+00,0.000000e+00,0.000000e+00,0.000000e+00,0.000000e+00,0.000000e+00
1.000000e+00,0.000000e+00,0.000000e+00,0.000000e+00,0.000000e+00,0.000000e+00,0.000000e+00,0.000000e+00,0.000000e+00,0.000000e+00,0.000000e+00,0.000000e+00,0.000000e+00,0.000000e+00,0.000000e+00
1.000000e+00,0.000000e+00,0.000000e+00,0.000000e+00,0.000000e+00,0.000000e+00,0.000000e+00,0.000000e+00,0.000000e+00,0.000000e+00,0.000000e+00,0.000000e+00,0.000000e+00,0.000000e+00,0.000000e+00
1.000000e+00,0.000000e+00,0.000000e+00,0.000000e+00,0.000000e+00,0.000000e+00,0.000000e+00,0.000000e+00,0.000000e+00,0.000000e+00,0.000000e+00,0.000000e+00,0.000000e+00,0.000000e+00,0.000000e+00
1.000000e+00,0.000000e+00,0.000000e+00,0.000000e+00,0.000000e+00,0.000000e+00,0.000000e+00,0.000000e+00,0.000000e+00,0.000000e+00,0.000000e+00,0.000000e+00,0.000000e+00,0.000000e+00,0.000000e+00
1.000000e+00,0.000000e+00,0.000000e+00,0.000000e+00,0.000000e+00,0.000000e+00,0.000000e+00,0.000000e+00,0.000000e+00,0.000000e+00,0.000000e+00,0.000000e+00,0.000000e+00,0.000000e+00,0.000000e+00
4.051805e-01,4.013031e-02,7.731470e-03,2.072587e-01,4.157131e-03,7.334010e-02,8.520859e-03,4.401919e-03,1.834073e-02,2.159905e-03,5.044892e-03,1.144326e-02,1.851749e-01,1.695558e-03,2.541982e-02
4.092183e-01,3.267499e-02,8.052496e-03,1.584653e-01,5.377337e-03,6.476193e-02,7.076988e-03,4.959795e-03,2.277675e-02,1.979275e-03,7.870527e-03,9.885026e-03,2.416340e-01,1.358796e-03,2.390843e-02
4.815358e-01,2.681934e-02,6.482813e-03,1.148752e-01,7.001721e-03,5.814020e-02,5.814633e-03,4.591851e-03,3.087216e-02,1.834628e-03,7.208522e-03,9.667101e-03,2.106720e-01,1.870082e-03,3.261390e-02
3.686063e-01,2.872490e-02,1.405835e-02,2.540393e-01,1.400384e-02,6.062450e-02,4.573617e-03,3.781535e-03,3.631048e-02,2.366513e-03,6.870032e-03,8.319038e-03,1.697044e-01,1.540122e-03,2.647701e-02
4.167048e-01,2.382847e-02,1.767450e-02,2.287339e-01,1.702814e-02,7.242973e-02,4.303148e-03,3.583174e-03,2.973207e-02,2.437887e-03,1.165581e-02,1.272978e-02,1.330642e-01,2.133032e-03,2.396148e-02
3.650938e-01,2.074266e-02,1.541898e-02,2.013310e-01,1.605379e-02,1.187528e-01,4.490921e-03,3.444745e-03,2.432950e-02,5.985595e-03,1.745388e-02,1.504264e-02,1.417101e-01,4.389232e-03,4.576038e-02
4.216871e-01,1.538285e-02,1.174197e-02,1.494616e-01,1.228803e-02,9.628082e-02,3.697289e-03,3.305969e-03,2.475176e-02,1.153887e-02,2.522971e-02,2.054247e-02,1.172632e-01,1.615711e-02,7.067129e-02
4.704770e-01,1.219469e-02,1.206356e-02,1.111676e-01,1.207736e-02,7.258643e-02,3.324261e-03,3.787626e-03,4.047120e-02,1.407793e-02,2.386687e-02,1.698316e-02,8.728869e-02,2.652143e-02,9.311230e-02
4.832755e-01,9.896293e-03,1.080608e-02,7.893716e-02,1.449430e-02,5.416910e-02,3.080860e-03,3.611759e-03,3.925873e-02,1.173681e-02,1.887920e-02,1.280805e-02,6.682383e-02,3.378934e-02,1.584329e-01
4.588319e-01,1.038005e-02,9.722512e-03,5.842310e-02,1.926773e-02,5.014137e-02,2.847622e-03,3.788325e-03,3.668220e-02,9.794044e-03,1.615696e-02,1.152788e-02,5.351296e-02,3.199049e-02,2.269328e-01
1.000000e+00,0.000000e+00,0.000000e+00,0.000000e+00,0.000000e+00,0.000000e+00,0.000000e+00,0.000000e+00,0.000000e+00,0.000000e+00,0.000000e+00,0.000000e+00,0.000000e+00,0.000000e+00,0.000000e+00
4.311200e-01,8.720987e-03,8.348184e-03,3.160373e-02,1.315968e-02,5.743130e-02,2.909951e-03,2.884674e-03,2.835447e-02,7.440206e-03,2.750457e-02,1.242712e-02,4.308274e-02,3.773333e-02,2.872790e-01
3.474824e-01,1.076032e-02,9.676124e-03,2.302073e-02,1.051667e-02,5.179347e-02,2.421623e-03,2.108691e-03,6.970278e-02,7.965013e-03,3.420576e-02,1.098310e-02,3.745029e-02,5.314412e-02,3.287688e-01
3.581224e-01,9.042314e-03,7.507154e-03,1.641750e-02,7.692258e-03,3.990607e-02,1.930411e-03,1.592203e-03,6.062626e-02,7.094175e-03,2.947881e-02,8.359921e-03,2.790661e-02,4.373484e-02,3.805890e-01
3.368946e-01,8.345027e-03,6.566036e-03,1.270452e-02,5.654173e-03,3.194876e-02,1.736511e-03,1.413226e-03,1.402321e-01,7.456224e-03,2.493451e-02,7.091168e-03,2.244007e-02,3.441006e-02,3.581730e-01
3.416297e-01,7.797761e-03,1.032314e-02,9.278913e-03,4.465892e-03,2.671142e-02,1.854778e-03,1.321046e-03,1.196386e-01,6.563290e-03,2.186863e-02,6.403199e-03,2.066649e-02,3.311385e-02,3.883633e-01
4.021835e-01,7.787565e-03,4.122054e-02,7.360522e-03,3.877799e-03,2.665238e-02,1.682104e-03,1.124661e-03,1.191934e-01,7.852532e-03,1.735802e-02,5.996900e-03,1.757064e-02,3.357951e-02,3.065600e-01
3.677790e-01,1.090360e-02,3.510958e-02,6.145982e-03,3.903729e-03,2.460168e-02,1.487291e-03,1.209780e-03,2.320476e-01,9.882281e-03,1.619141e-02,5.224434e-03,1.520892e-02,3.111406e-02,2.391906e-01
3.890059e-01,1.193538e-02,3.249776e-02,6.126431e-03,6.205174e-03,2.148033e-02,1.241038e-03,1.307349e-03,2.045693e-01,1.104611e-02,1.716693e-02,5.174087e-03,1.241124e-02,4.076553e-02,2.390674e-01
3.586853e-01,1.560989e-02,4.313698e-02,1.324323e-02,1.212266e-02,2.795471e-02,2.172249e-03,5.386161e-03,1.716587e-01,1.081099e-02,1.547676e-02,9.795124e-03,1.366055e-02,5.806423e-02,2.422224e-01
3.481438e-01,1.815872e-02,4.915474e-02,2.463900e-02,1.865407e-02,2.564823e-02,2.383193e-03,9.683076e-03,1.819341e-01,1.691708e-02,1.247279e-02,8.805067e-03,1.194539e-02,5.822275e-02,2.132380e-01
3.812796e-01,1.783557e-02,5.060807e-02,2.386475e-02,2.067731e-02,2.037250e-02,2.186418e-03,9.024501e-03,1.580964e-01,1.749590e-02,9.656788e-03,7.303933e-03,9.354286e-03,5.089934e-02,2.213446e-01
2.838134e-01,1.892764e-02,1.477438e-01,7.463457e-02,2.036082e-02,1.480116e-02,1.627739e-03,7.177482e-03,1.463027e-01,1.877117e-02,7.980229e-03,5.465250e-03,6.896899e-03,3.626730e-02,2.092299e-01
2.793524e-01,2.403650e-02,1.653850e-01,8.382606e-02,2.265148e-02,1.252385e-02,1.396214e-03,7.529054e-03,1.244048e-01,1.956051e-02,1.050421e-02,5.405895e-03,5.748777e-03,2.701667e-02,2.106585e-01
2.808204e-01,2.293869e-02,2.519560e-01,6.590641e-02,2.393017e-02,9.738340e-03,1.044095e-03,7.401180e-03,9.265777e-02,1.642892e-02,9.058974e-03,4.338004e-03,4.337452e-03,2.266540e-02,1.867783e-01
3.058942e-01,4.475756e-02,2.417185e-01,7.210612e-02,3.446016e-02,1.284748e-02,1.612340e-03,1.513660e-02,6.975386e-02,1.299921e-02,8.191039e-03,4.544963e-03,4.293297e-03,1.798544e-02,1.536993e-01
3.551521e-01,6.849724e-02,1.816832e-01,8.226775e-02,3.847269e-02,1.339955e-02,2.082917e-03,1.243904e-02,5.422973e-02,1.087883e-02,6.404622e-03,5.534289e-03,4.110582e-03,1.541864e-02,1.494289e-01
4.632067e-01,7.715771e-02,1.319682e-01,7.449039e-02,3.539603e-02,1.511691e-02,2.375385e-03,1.029529e-02,4.254524e-02,8.286413e-03,5.402351e-03,5.842071e-03,4.172745e-03,1.270555e-02,1.110389e-01
1.000000e+00,0.000000e+00,0.000000e+00,0.000000e+00,0.000000e+00,0.000000e+00,0.000000e+00,0.000000e+00,0.000000e+00,0.000000e+00,0.000000e+00,0.000000e+00,0.000000e+00,0.000000e+00,0.000000e+00
1.000000e+00,0.000000e+00,0.000000e+00,0.000000e+00,0.000000e+00,0.000000e+00,0.000000e+00,0.000000e+00,0.000000e+00,0.000000e+00,0.000000e+00,0.000000e+00,0.000000e+00,0.000000e+00,0.000000e+00
1.000000e+00,0.000000e+00,0.000000e+00,0.000000e+00,0.000000e+00,0.000000e+00,0.000000e+00,0.000000e+00,0.000000e+00,0.000000e+00,0.000000e+00,0.000000e+00,0.000000e+00,0.000000e+00,0.000000e+00
1.000000e+00,0.000000e+00,0.000000e+00,0.000000e+00,0.000000e+00,0.000000e+00,0.000000e+00,0.000000e+00,0.000000e+00,0.000000e+00,0.000000e+00,0.000000e+00,0.000000e+00,0.000000e+00,0.000000e+00
1.000000e+00,0.000000e+00,0.000000e+00,0.000000e+00,0.000000e+00,0.000000e+00,0.000000e+00,0.000000e+00,0.000000e+00,0.000000e+00,0.000000e+00,0.000000e+00,0.000000e+00,0.000000e+00,0.000000e+00
1.000000e+00,0.000000e+00,0.000000e+00,0.000000e+00,0.000000e+00,0.000000e+00,0.000000e+00,0.000000e+00,0.000000e+00,0.000000e+00,0.000000e+00,0.000000e+00,0.000000e+00,0.000000e+00,0.000000e+00
1.000000e+00,0.000000e+00,0.000000e+00,0.000000e+00,0.000000e+00,0.000000e+00,0.000000e+00,0.000000e+00,0.000000e+00,0.000000e+00,0.000000e+00,0.000000e+00,0.000000e+00,0.000000e+00,0.000000e+00
1.000000e+00,0.000000e+00,0.000000e+00,0.000000e+00,0.000000e+00,0.000000e+00,0.000000e+00,0.000000e+00,0.000000e+00,0.000000e+00,0.000000e+00,0.000000e+00,0.000000e+00,0.000000e+00,0.000000e+00
1.000000e+00,0.000000e+00,0.000000e+00,0.000000e+00,0.000000e+00,0.000000e+00,0.000000e+00,0.000000e+00,0.000000e+00,0.000000e+00,0.000000e+00,0.000000e+00,0.000000e+00,0.000000e+00,0.000000e+00
1.000000e+00,0.000000e+00,0.000000e+00,0.000000e+00,0.000000e+00,0.000000e+00,0.000000e+00,0.000000e+00,0.000000e+00,0.000000e+00,0.000000e+00,0.000000e+00,0.000000e+00,0.000000e+00,0.000000e+00
4.834770e-01,8.229896e-03,1.676742e-02,2.061035e-02,6.520648e-03,1.123371e-02,6.955949e-03,4.184221e-01,4.130377e-03,1.215405e-03,2.396330e-03,5.609901e-03,4.565643e-03,2.756372e-03,7.108908e-03
4.685524e-01,6.122279e-03,1.705399e-02,1.980285e-02,6.245057e-03,1.217701e-02,7.558149e-03,4.352598e-01,3.137148e-03,1.156304e-03,2.102874e-03,7.257798e-03,4.976453e-03,2.269066e-03,6.328839e-03
4.819307e-01,4.597340e-03,1.491296e-02,1.658176e-02,6.973567e-03,1.105268e-02,7.226513e-03,4.316039e-01,2.559276e-03,1.087385e-03,1.850425e-03,7.536185e-03,4.728858e-03,1.848549e-03,5.509820e-03
1.000000e+00,0.000000e+00,0.000000e+00,0.000000e+00,0.000000e+00,0.000000e+00,0.000000e+00,0.000000e+00,0.000000e+00,0.000000e+00,0.000000e+00,0.000000e+00,0.000000e+00,0.000000e+00,0.000000e+00
1.000000e+00,0.000000e+00,0.000000e+00,0.000000e+00,0.000000e+00,0.000000e+00,0.000000e+00,0.000000e+00,0.000000e+00,0.000000e+00,0.000000e+00,0.000000e+00,0.000000e+00,0.000000e+00,0.000000e+00
1.000000e+00,0.000000e+00,0.000000e+00,0.000000e+00,0.000000e+00,0.000000e+00,0.000000e+00,0.000000e+00,0.000000e+00,0.000000e+00,0.000000e+00,0.000000e+00,0.000000e+00,0.000000e+00,0.000000e+00
1.000000e+00,0.000000e+00,0.000000e+00,0.000000e+00,0.000000e+00,0.000000e+00,0.000000e+00,0.000000e+00,0.000000e+00,0.000000e+00,0.000000e+00,0.000000e+00,0.000000e+00,0.000000e+00,0.000000e+00
1.000000e+00,0.000000e+00,0.000000e+00,0.000000e+00,0.000000e+00,0.000000e+00,0.000000e+00,0.000000e+00,0.000000e+00,0.000000e+00,0.000000e+00,0.000000e+00,0.000000e+00,0.000000e+00,0.000000e+00
4.672773e-01,1.228391e-02,1.284444e-02,2.177149e-02,1.412363e-02,1.102059e-01,1.471685e-02,1.771744e-01,1.646964e-02,7.152040e-03,7.604165e-03,2.666077e-02,8.324684e-02,3.617078e-03,2.485148e-02
3.754520e-01,3.247446e-02,1.232086e-02,4.542147e-02,1.053176e-02,9.810629e-02,1.096819e-02,1.314350e-01,4.241629e-02,3.615440e-02,9.567410e-03,2.769068e-02,8.225576e-02,3.741477e-03,8.146398e-02
3.612719e-01,3.495441e-02,9.520591e-03,4.791091e-02,8.940181e-03,7.694379e-02,9.201278e-03,9.572119e-02,5.131193e-02,3.150775e-02,1.381567e-02,2.803848e-02,1.005153e-01,4.163543e-03,1.261830e-01
2.673375e-01,3.904314e-02,1.608514e-02,1.553649e-01,8.840319e-03,5.616612e-02,7.040208e-03,6.869887e-02,8.383501e-02,3.035809e-02,1.128304e-02,2.312904e-02,7.533243e-02,3.462177e-03,1.540240e-01
3.721574e-01,3.139098e-02,1.464777e-02,1.246988e-01,8.265781e-03,5.119937e-02,7.177226e-03,6.600580e-02,6.766702e-02,2.169851e-02,1.318048e-02,2.551917e-02,6.317378e-02,3.888466e-03,1.293295e-01
3.670562e-01,2.701366e-02,2.140589e-02,1.408657e-01,1.475077e-02,4.695460e-02,6.025106e-03,5.722644e-02,8.689925e-02,1.600148e-02,1.501004e-02,2.523408e-02,6.700872e-02,4.640069e-03,1.039079e-01
3.730255e-01,2.251376e-02,1.979614e-02,1.097310e-01,1.391643e-02,5.681054e-02,6.659113e-03,4.393790e-02,7.482938e-02,1.163416e-02,1.759178e-02,2.754235e-02,1.397367e-01,4.695612e-03,7.757948e-02
3.834834e-01,2.030036e-02,1.952167e-02,8.651735e-02,2.044231e-02,6.009730e-02,7.420339e-03,3.666735e-02,6.260041e-02,9.030525e-03,1.802645e-02,4.009199e-02,1.679288e-01,4.959272e-03,6.291248e-02
4.030716e-01,1.925757e-02,2.862283e-02,7.288957e-02,1.866732e-02,4.679383e-02,5.777432e-03,2.944124e-02,5.806476e-02,7.197583e-03,1.948851e-02,5.325735e-02,1.839689e-01,5.913340e-03,4.758815e-02
4.299053e-01,1.562631e-02,2.087867e-02,6.463391e-02,2.388158e-02,3.983150e-02,5.217196e-03,2.337921e-02,5.986875e-02,5.506936e-03,2.017121e-02,5.953201e-02,1.881565e-01,5.220762e-03,3.819012e-02
3.441562e-01,1.248580e-02,2.843264e-02,8.545430e-02,2.405271e-02,2.874271e-02,4.573067e-03,2.425785e-02,1.697299e-01,5.017715e-03,1.576827e-02,4.388828e-02,1.754057e-01,4.153700e-03,3.388109e-02
3.666122e-01,1.247788e-02,2.216258e-02,7.258397e-02,4.216538e-02,2.581597e-02,5.526144e-03,2.742514e-02,1.442681e-01,3.737747e-03,1.309183e-02,3.432397e-02,1.970112e-01,3.767709e-03,2.903014e-02
3.719753e-01,1.128414e-02,2.724876e-02,9.851061e-02,4.875873e-02,2.213170e-02,8.574665e-03,3.692267e-02,1.231908e-01,3.188322e-03,1.250549e-02,2.852638e-02,1.781484e-01,3.630199e-03,2.540363e-02
3.306933e-01,1.185551e-02,2.374405e-02,8.185490e-02,7.152392e-02,3.331072e-02,1.016342e-02,3.280846e-02,1.851290e-01,2.527459e-03,1.254012e-02,2.525757e-02,1.421157e-01,5.086000e-03,3.138982e-02
2.991742e-01,1.068919e-02,2.054041e-02,9.621019e-02,1.233212e-01,2.885482e-02,2.150248e-02,4.503572e-02,1.767085e-01,2.150171e-03,1.166254e-02,2.079819e-02,1.069889e-01,4.367444e-03,3.199594e-02
2.591498e-01,1.774155e-02,2.822832e-02,9.157528e-02,1.178664e-01,3.263903e-02,1.851086e-02,3.845576e-02,2.144230e-01,1.993991e-03,9.977919e-03,1.655198e-02,9.593642e-02,4.944906e-03,5.200472e-02
2.204827e-01,1.505590e-02,4.579520e-02,2.094298e-01,1.033735e-01,3.261545e-02,1.471749e-02,4.321240e-02,1.747247e-01,1.626757e-03,8.346958e-03,1.267277e-02,7.687458e-02,3.684873e-03,3.738678e-02
2.325399e-01,1.544716e-02,4.908810e-02,1.689669e-01,9.189408e-02,4.790878e-02,1.213435e-02,3.594019e-02,1.753618e-01,1.362762e-03,7.996286e-03,1.002462e-02,1.097020e-01,3.226400e-03,3.840662e-02
2.517045e-01,1.514905e-02,4.967528e-02,1.306747e-01,8.282427e-02,1.254127e-01,9.953050e-03,3.007725e-02,1.566235e-01,1.047118e-03,7.664599e-03,8.896498e-03,9.743954e-02,3.027344e-03,2.983055e-02
2.994624e-01,1.628155e-02,4.536828e-02,1.014076e-01,6.964002e-02,1.633402e-01,7.814043e-03,2.266631e-02,1.439094e-01,8.342994e-04,7.146445e-03,8.321069e-03,8.643340e-02,3.372932e-03,2.400204e-02
3.687389e-01,1.907128e-02,4.449690e-02,7.399309e-02,6.740147e-02,1.514362e-01,6.123112e-03,1.912543e-02,1.414647e-01,8.799006e-04,6.356382e-03,8.150115e-03,6.968863e-02,3.402120e-03,1.967173e-02
4.779099e-01,1.971534e-02,5.137029e-02,5.471602e-02,6.675702e-02,1.100616e-01,4.683141e-03,1.512471e-02,1.058673e-01,1.133048e-03,6.572704e-03,7.546362e-03,5.057754e-02,4.403505e-03,2.356155e-02
1.000000e+00,0.000000e+00,0.000000e+00,0.000000e+00,0.000000e+00,0.000000e+00,0.000000e+00,0.000000e+00,0.000000e+00,0.000000e+00,0.000000e+00,0.000000e+00,0.000000e+00,0.000000e+00,0.000000e+00
1.000000e+00,0.000000e+00,0.000000e+00,0.000000e+00,0.000000e+00,0.000000e+00,0.000000e+00,0.000000e+00,0.000000e+00,0.000000e+00,0.000000e+00,0.000000e+00,0.000000e+00,0.000000e+00,0.000000e+00
4.979826e-01,1.893782e-02,1.525511e-01,6.173654e-02,3.092580e-02,5.743771e-02,2.539232e-03,1.058307e-02,6.098503e-02,9.860732e-03,1.277108e-02,9.873871e-03,2.092964e-02,2.115814e-02,3.172766e-02
4.723716e-01,2.290275e-02,1.571354e-01,4.771744e-02,2.326258e-02,4.875535e-02,2.058082e-03,7.960240e-03,4.577247e-02,2.144538e-02,1.524983e-02,7.912254e-03,1.558077e-02,7.072069e-02,4.115525e-02
4.472288e-01,2.262897e-02,1.352456e-01,3.499465e-02,1.906574e-02,4.087500e-02,1.708397e-03,6.147827e-03,4.372199e-02,2.828592e-02,2.395029e-02,6.352467e-03,1.211068e-02,1.379525e-01,3.973121e-02
4.870866e-01,1.967092e-02,9.731539e-02,2.516646e-02,1.626127e-02,3.666744e-02,1.478862e-03,4.916640e-03,3.771702e-02,3.042174e-02,2.958634e-02,5.057279e-03,9.461877e-03,1.632956e-01,3.589660e-02
4.203683e-01,1.638209e-02,6.948304e-02,1.803683e-02,1.433863e-02,3.192188e-02,1.250466e-03,3.734554e-03,3.467396e-02,3.361078e-02,3.320937e-02,3.866418e-03,7.450815e-03,2.632426e-01,4.843030e-02
3.199650e-01,1.217800e-02,4.884506e-02,1.276782e-02,1.117625e-02,2.360598e-02,9.373344e-04,2.662818e-03,3.729515e-02,3.452216e-02,3.016761e-02,2.871236e-03,5.631002e-03,3.874909e-01,6.988369e-02
2.422347e-01,8.986961e-03,3.507781e-02,9.021152e-03,7.917926e-03,2.000463e-02,7.247195e-04,1.897326e-03,3.772121e-02,4.196940e-02,2.765653e-02,2.520610e-03,4.542166e-03,4.993270e-01,6.039783e-02
1.815792e-01,6.688485e-03,2.333251e-01,6.900219e-03,5.840656e-03,1.862616e-02,5.814640e-04,1.480835e-03,3.491605e-02,4.055993e-02,2.835402e-02,2.100333e-03,3.673841e-03,3.917148e-01,4.365895e-02
1.291206e-01,5.144415e-03,3.192581e-01,5.404932e-03,4.518371e-03,2.129506e-02,4.230147e-04,1.050441e-03,3.951628e-02,3.494410e-02,2.337175e-02,1.681636e-03,2.758267e-03,3.770650e-01,3.444808e-02
9.104470e-02,4.221543e-03,3.072710e-01,3.857945e-03,3.331149e-03,1.707073e-02,3.042841e-04,7.411172e-04,3.163628e-02,5.709548e-02,1.902021e-02,1.303797e-03,2.253526e-03,4.305015e-01,3.034680e-02
7.240517e-02,4.177665e-03,2.981825e-01,3.945986e-03,2.903743e-03,1.845641e-02,2.471051e-04,8.394703e-04,4.774426e-02,6.702043e-02,1.794687e-02,1.176355e-03,1.740908e-03,4.376463e-01,2.556694e-02
5.381245e-02,3.664222e-03,3.137842e-01,3.618131e-03,2.624297e-03,1.709229e-02,1.873278e-04,6.444801e-04,4.139416e-02,6.685912e-02,1.716046e-02,9.098899e-04,1.307580e-03,4.500974e-01,2.684398e-02
3.963684e-02,3.276041e-03,2.531797e-01,2.815661e-03,2.086258e-03,1.822056e-02,1.459968e-04,5.040925e-04,3.378181e-02,5.957119e-02,1.650918e-02,7.272376e-04,1.052396e-03,5.324945e-01,3.599854e-02
3.294906e-02,3.164891e-03,2.737051e-01,4.617427e-03,2.398806e-03,2.197901e-02,1.272005e-04,4.715139e-04,3.354504e-02,6.154291e-02,1.517664e-02,5.933711e-04,9.880413e-04,4.807830e-01,6.795805e-02
3.121738e-02,3.230278e-03,2.264538e-01,5.044061e-03,3.296210e-03,2.113795e-02,1.369826e-04,6.692971e-04,5.096125e-02,6.939161e-02,2.058177e-02,6.357664e-04,1.031211e-03,5.101800e-01,5.603242e-02
3.145011e-02,4.321505e-03,1.941757e-01,8.497125e-03,6.576765e-03,2.555806e-02,2.968842e-04,1.313161e-03,1.053824e-01,6.214663e-02,2.043420e-02,6.416350e-04,9.852170e-04,4.910316e-01,4.718909e-02
2.633496e-02,3.432250e-03,1.689039e-01,7.274605e-03,5.758074e-03,1.981953e-02,2.306602e-04,1.089292e-03,1.823013e-01,4.870585e-02,1.884918e-02,6.001619e-04,7.442945e-04,4.787474e-01,3.720850e-02
3.169677e-02,3.923669e-03,1.758402e-01,1.925842e-02,1.005661e-02,1.642968e-02,2.377630e-04,2.352140e-03,2.559170e-01,4.385339e-02,1.695205e-02,6.446505e-04,7.302420e-04,3.918917e-01,3.021578e-02
3.092089e-02,3.518999e-03,1.676943e-01,1.552084e-02,1.577203e-02,1.287202e-02,1.853046e-04,8.011396e-03,3.658171e-01,3.398354e-02,1.275667e-02,5.230533e-04,5.480988e-04,3.092720e-01,2.260378e-02
3.605957e-02,2.943352e-03,1.764115e-01,2.012404e-02,1.619766e-02,1.055809e-02,1.838716e-04,2.076703e-02,4.351703e-01,2.577955e-02,9.433541e-03,4.314289e-04,4.141924e-04,2.286198e-01,1.690600e-02
3.284137e-02,2.454950e-03,1.403063e-01,1.464069e-02,1.415071e-02,8.167618e-03,1.352777e-04,1.761872e-02,5.217544e-01,2.086476e-02,7.309950e-03,3.342520e-04,3.120259e-04,2.051540e-01,1.395485e-02
3.402080e-02,2.313605e-03,1.044768e-01,1.087610e-02,1.327986e-02,7.073202e-03,1.162306e-04,1.459551e-02,5.902596e-01,1.610758e-02,6.549819e-03,3.160635e-04,2.722908e-04,1.890197e-01,1.072287e-02
3.120037e-02,1.956189e-03,7.895392e-02,8.930940e-03,1.229626e-02,5.814433e-03,1.089911e-04,1.335257e-02,6.521080e-01,1.286031e-02,5.613210e-03,2.872704e-04,2.222321e-04,1.680688e-01,8.226505e-03
3.032023e-02,1.883130e-03,7.823143e-02,1.268452e-02,1.635879e-02,4.999747e-03,1.274417e-04,1.956980e-02,6.882153e-01,1.035714e-02,4.255441e-03,2.738313e-04,1.910271e-04,1.261630e-01,6.369163e-03
3.768524e-02,1.760102e-03,6.208045e-02,9.659517e-03,1.713116e-02,4.999313e-03,1.873015e-04,1.564579e-02,6.951360e-01,8.456014e-03,4.418325e-03,2.332539e-04,1.960615e-04,1.370752e-01,5.336270e-03
4.711701e-02,1.712439e-03,5.071283e-02,7.253504e-03,1.415796e-02,4.368461e-03,1.644814e-04,1.195847e-02,7.092630e-01,6.774080e-03,4.380189e-03,2.300608e-04,1.804962e-04,1.361423e-01,5.584773e-03
5.164351e-02,1.699430e-03,3.854762e-02,5.981228e-03,1.221033e-02,3.884600e-03,1.512359e-04,1.011454e-02,7.389221e-01,5.254929e-03,4.336894e-03,3.113101e-04,1.980504e-04,1.214115e-01,5.332721e-03
5.183676e-02,2.006900e-03,2.949337e-02,4.832802e-03,9.699862e-03,3.082157e-03,1.356632e-04,7.524884e-03,7.528655e-01,4.388777e-03,6.128034e-03,3.098102e-04,1.950607e-04,1.220718e-01,5.428591e-03
5.790825e-02,3.971845e-03,3.557714e-02,1.282470e-02,1.286390e-02,2.860965e-03,1.776357e-04,9.221584e-03,7.260221e-01,3.523987e-03,6.029873e-03,4.884813e-04,2.642119e-04,1.222081e-01,6.057265e-03
7.621232e-02,3.503032e-03,3.010950e-02,9.646038e-03,1.135229e-02,2.750719e-03,2.246741e-04,6.754176e-03,7.295737e-01,3.610754e-03,5.770345e-03,6.243644e-04,3.158158e-04,1.121652e-01,7.387128e-03
1.166586e-01,3.410833e-03,2.704486e-02,7.688685e-03,9.523768e-03,3.387440e-03,3.036289e-04,4.937307e-03,7.053508e-01,3.812194e-03,5.293181e-03,1.003998e-03,5.321093e-04,1.031832e-01,7.869394e-03
2.373657e-01,3.815355e-03,2.690066e-02,1.155077e-02,8.627952e-03,4.754743e-03,6.493180e-04,3.953315e-03,5.877018e-01,4.204133e-03,6.418025e-03,3.559722e-03,1.600538e-03,8.890975e-02,9.988224e-03
3.671648e-01,3.985334e-03,2.288529e-02,1.181491e-02,7.710986e-03,4.902007e-03,6.967377e-04,3.210360e-03,4.831699e-01,3.649359e-03,5.782693e-03,7.038836e-03,2.116022e-03,6.705317e-02,8.819659e-03
4.687151e-01,3.731352e-03,1.987078e-02,1.002057e-02,7.367155e-03,5.018870e-03,6.082514e-04,2.479256e-03,4.066621e-01,2.981454e-03,4.807599e-03,7.672675e-03,1.931749e-03,5.064550e-02,7.487556e-03
1.000000e+00,0.000000e+00,0.000000e+00,0.000000e+00,0.000000e+00,0.000000e+00,0.000000e+00,0.000000e+00,0.000000e+00,0.000000e+00,0.000000e+00,0.000000e+00,0.000000e+00,0.000000e+00,0.000000e+00
1.000000e+00,0.000000e+00,0.000000e+00,0.000000e+00,0.000000e+00,0.000000e+00,0.000000e+00,0.000000e+00,0.000000e+00,0.000000e+00,0.000000e+00,0.000000e+00,0.000000e+00,0.000000e+00,0.000000e+00
1.000000e+00,0.000000e+00,0.000000e+00,0.000000e+00,0.000000e+00,0.000000e+00,0.000000e+00,0.000000e+00,0.000000e+00,0.000000e+00,0.000000e+00,0.000000e+00,0.000000e+00,0.000000e+00,0.000000e+00
1.000000e+00,0.000000e+00,0.000000e+00,0.000000e+00,0.000000e+00,0.000000e+00,0.000000e+00,0.000000e+00,0.000000e+00,0.000000e+00,0.000000e+00,0.000000e+00,0.000000e+00,0.000000e+00,0.000000e+00
1.000000e+00,0.000000e+00,0.000000e+00,0.000000e+00,0.000000e+00,0.000000e+00,0.000000e+00,0.000000e+00,0.000000e+00,0.000000e+00,0.000000e+00,0.000000e+00,0.000000e+00,0.000000e+00,0.000000e+00
1.000000e+00,0.000000e+00,0.000000e+00,0.000000e+00,0.000000e+00,0.000000e+00,0.000000e+00,0.000000e+00,0.000000e+00,0.000000e+00,0.000000e+00,0.000000e+00,0.000000e+00,0.000000e+00,0.000000e+00
1.000000e+00,0.000000e+00,0.000000e+00,0.000000e+00,0.000000e+00,0.000000e+00,0.000000e+00,0.000000e+00,0.000000e+00,0.000000e+00,0.000000e+00,0.000000e+00,0.000000e+00,0.000000e+00,0.000000e+00
1.000000e+00,0.000000e+00,0.000000e+00,0.000000e+00,0.000000e+00,0.000000e+00,0.000000e+00,0.000000e+00,0.000000e+00,0.000000e+00,0.000000e+00,0.000000e+00,0.000000e+00,0.000000e+00,0.000000e+00
1.000000e+00,0.000000e+00,0.000000e+00,0.000000e+00,0.000000e+00,0.000000e+00,0.000000e+00,0.000000e+00,0.000000e+00,0.000000e+00,0.000000e+00,0.000000e+00,0.000000e+00,0.000000e+00,0.000000e+00
1.000000e+00,0.000000e+00,0.000000e+00,0.000000e+00,0.000000e+00,0.000000e+00,0.000000e+00,0.000000e+00,0.000000e+00,0.000000e+00,0.000000e+00,0.000000e+00,0.000000e+00,0.000000e+00,0.000000e+00
1.000000e+00,0.000000e+00,0.000000e+00,0.000000e+00,0.000000e+00,0.000000e+00,0.000000e+00,0.000000e+00,0.000000e+00,0.000000e+00,0.000000e+00,0.000000e+00,0.000000e+00,0.000000e+00,0.000000e+00
1.000000e+00,0.000000e+00,0.000000e+00,0.000000e+00,0.000000e+00,0.000000e+00,0.000000e+00,0.000000e+00,0.000000e+00,0.000000e+00,0.000000e+00,0.000000e+00,0.000000e+00,0.000000e+00,0.000000e+00
1.000000e+00,0.000000e+00,0.000000e+00,0.000000e+00,0.000000e+00,0.000000e+00,0.000000e+00,0.000000e+00,0.000000e+00,0.000000e+00,0.000000e+00,0.000000e+00,0.000000e+00,0.000000e+00,0.000000e+00
1.000000e+00,0.000000e+00,0.000000e+00,0.000000e+00,0.000000e+00,0.000000e+00,0.000000e+00,0.000000e+00,0.000000e+00,0.000000e+00,0.000000e+00,0.000000e+00,0.000000e+00,0.000000e+00,0.000000e+00
1.000000e+00,0.000000e+00,0.000000e+00,0.000000e+00,0.000000e+00,0.000000e+00,0.000000e+00,0.000000e+00,0.000000e+00,0.000000e+00,0.000000e+00,0.000000e+00,0.000000e+00,0.000000e+00,0.000000e+00
1.000000e+00,0.000000e+00,0.000000e+00,0.000000e+00,0.000000e+00,0.000000e+00,0.000000e+00,0.000000e+00,0.000000e+00,0.000000e+00,0.000000e+00,0.000000e+00,0.000000e+00,0.000000e+00,0.000000e+00
1.000000e+00,0.000000e+00,0.000000e+00,0.000000e+00,0.000000e+00,0.000000e+00,0.000000e+00,0.000000e+00,0.000000e+00,0.000000e+00,0.000000e+00,0.000000e+00,0.000000e+00,0.000000e+00,0.000000e+00
1.000000e+00,0.000000e+00,0.000000e+00,0.000000e+00,0.000000e+00,0.000000e+00,0.000000e+00,0.000000e+00,0.000000e+00,0.000000e+00,0.000000e+00,0.000000e+00,0.000000e+00,0.000000e+00,0.000000e+00
1.000000e+00,0.000000e+00,0.000000e+00,0.000000e+00,0.000000e+00,0.000000e+00,0.000000e+00,0.000000e+00,0.000000e+00,0.000000e+00,0.000000e+00,0.000000e+00,0.000000e+00,0.000000e+00,0.000000e+00
1.000000e+00,0.000000e+00,0.000000e+00,0.000000e+00,0.000000e+00,0.000000e+00,0.000000e+00,0.000000e+00,0.000000e+00,0.000000e+00,0.000000e+00,0.000000e+00,0.000000e+00,0.000000e+00,0.000000e+00
1.000000e+00,0.000000e+00,0.000000e+00,0.000000e+00,0.000000e+00,0.000000e+00,0.000000e+00,0.000000e+00,0.000000e+00,0.000000e+00,0.000000e+00,0.000000e+00,0.000000e+00,0.000000e+00,0.000000e+00
1.000000e+00,0.000000e+00,0.000000e+00,0.000000e+00,0.000000e+00,0.000000e+00,0.000000e+00,0.000000e+00,0.000000e+00,0.000000e+00,0.000000e+00,0.000000e+00,0.000000e+00,0.000000e+00,0.000000e+00
1.000000e+00,0.000000e+00,0.000000e+00,0.000000e+00,0.000000e+00,0.000000e+00,0.000000e+00,0.000000e+00,0.000000e+00,0.000000e+00,0.000000e+00,0.000000e+00,0.000000e+00,0.000000e+00,0.000000e+00
1.000000e+00,0.000000e+00,0.000000e+00,0.000000e+00,0.000000e+00,0.000000e+00,0.000000e+00,0.000000e+00,0.000000e+00,0.000000e+00,0.000000e+00,0.000000e+00,0.000000e+00,0.000000e+00,0.000000e+00
1.000000e+00,0.000000e+00,0.000000e+00,0.000000e+00,0.000000e+00,0.000000e+00,0.000000e+00,0.000000e+00,0.000000e+00,0.000000e+00,0.000000e+00,0.000000e+00,0.000000e+00,0.000000e+00,0.000000e+00
1.000000e+00,0.000000e+00,0.000000e+00,0.000000e+00,0.000000e+00,0.000000e+00,0.000000e+00,0.000000e+00,0.000000e+00,0.000000e+00,0.000000e+00,0.000000e+00,0.000000e+00,0.000000e+00,0.000000e+00
1.000000e+00,0.000000e+00,0.000000e+00,0.000000e+00,0.000000e+00,0.000000e+00,0.000000e+00,0.000000e+00,0.000000e+00,0.000000e+00,0.000000e+00,0.000000e+00,0.000000e+00,0.000000e+00,0.000000e+00
1.000000e+00,0.000000e+00,0.000000e+00,0.000000e+00,0.000000e+00,0.000000e+00,0.000000e+00,0.000000e+00,0.000000e+00,0.000000e+00,0.000000e+00,0.000000e+00,0.000000e+00,0.000000e+00,0.000000e+00
1.000000e+00,0.000000e+00,0.000000e+00,0.000000e+00,0.000000e+00,0.000000e+00,0.000000e+00,0.000000e+00,0.000000e+00,0.000000e+00,0.000000e+00,0.000000e+00,0.000000e+00,0.000000e+00,0.000000e+00
1.000000e+00,0.000000e+00,0.000000e+00,0.000000e+00,0.000000e+00,0.000000e+00,0.000000e+00,0.000000e+00,0.000000e+00,0.000000e+00,0.000000e+00,0.000000e+00,0.000000e+00,0.000000e+00,0.000000e+00
1.000000e+00,0.000000e+00,0.000000e+00,0.000000e+00,0.000000e+00,0.000000e+00,0.000000e+00,0.000000e+00,0.000000e+00,0.000000e+00,0.000000e+00,0.000000e+00,0.000000e+00,0.000000e+00,0.000000e+00
1.000000e+00,0.000000e+00,0.000000e+00,0.000000e+00,0.000000e+00,0.000000e+00,0.000000e+00,0.000000e+00,0.000000e+00,0.000000e+00,0.000000e+00,0.000000e+00,0.000000e+00,0.000000e+00,0.000000e+00
4.403854e-01,1.387827e-02,8.853531e-03,2.432146e-01,5.852636e-03,2.246986e-02,6.610796e-03,2.456718e-02,3.044911e-02,9.402039e-03,5.219291e-02,9.187285e-02,3.168825e-02,2.140075e-03,1.642254e-02
3.216285e-01,1.270673e-02,7.157471e-03,2.907585e-01,5.505423e-03,1.897501e-02,4.993865e-03,1.788397e-02,5.068551e-02,7.810149e-03,9.968546e-02,1.128736e-01,3.062488e-02,3.844846e-03,1.486622e-02
2.331677e-01,1.311155e-02,6.892135e-03,2.763034e-01,8.550402e-03,1.650362e-02,4.043992e-03,1.288099e-02,9.958062e-02,8.912543e-03,1.480336e-01,1.183981e-01,3.278596e-02,4.735538e-03,1.609991e-02
1.993348e-01,1.224122e-02,6.403875e-03,2.157087e-01,1.009925e-02,2.034153e-02,3.385069e-03,9.884526e-03,9.785572e-02,7.091401e-03,1.150973e-01,2.165991e-01,5.676353e-02,7.554021e-03,2.164000e-02
1.536102e-01,9.427819e-03,5.221633e-03,1.612821e-01,1.115685e-02,3.635979e-02,6.137624e-03,8.585591e-03,8.059657e-02,7.321474e-03,9.619193e-02,2.586165e-01,1.408057e-01,6.248796e-03,1.843742e-02
1.242853e-01,9.069246e-03,6.546891e-03,1.173280e-01,1.329847e-02,6.205751e-02,7.822708e-03,1.046749e-02,6.764860e-02,5.516497e-03,7.304230e-02,2.426813e-01,2.349248e-01,6.792247e-03,1.851872e-02
1.062531e-01,1.497263e-02,1.159890e-02,9.131812e-02,1.825954e-02,1.139832e-01,1.620101e-02,2.133097e-02,7.076067e-02,4.464540e-03,5.597369e-02,2.066162e-01,2.469070e-01,5.811720e-03,1.554867e-02
8.791137e-02,2.488124e-02,1.005478e-02,8.098549e-02,1.757721e-02,1.493115e-01,1.462657e-02,1.765585e-02,8.862606e-02,4.323534e-03,4.564565e-02,1.913442e-01,2.357321e-01,5.859188e-03,2.546522e-02
9.999231e-02,3.263916e-02,1.105270e-02,1.317390e-01,2.169633e-02,1.251875e-01,1.289056e-02,1.890868e-02,1.369245e-01,6.274138e-03,3.427834e-02,1.417316e-01,1.920694e-01,5.286771e-03,2.932906e-02
1.447039e-01,3.303660e-02,1.076412e-02,1.025051e-01,1.983613e-02,1.285576e-01,1.095320e-02,1.636829e-02,1.255371e-01,5.343830e-03,2.990999e-02,1.201489e-01,2.213435e-01,5.305248e-03,2.568651e-02
1.995207e-01,3.571093e-02,1.210529e-02,1.431741e-01,1.580390e-02,1.120789e-01,8.946721e-03,1.418985e-02,1.307978e-01,4.866406e-03,3.022297e-02,9.523398e-02,1.635597e-01,4.819083e-03,2.896964e-02
2.665722e-01,4.249978e-02,1.067073e-02,1.372996e-01,1.443609e-02,9.763683e-02,7.279223e-03,1.293204e-02,1.297569e-01,4.299412e-03,2.956790e-02,8.430398e-02,1.250530e-01,4.710368e-03,3.298196e-02
2.261493e-01,4.776020e-02,1.078145e-02,1.600172e-01,1.129598e-02,7.150710e-02,5.518341e-03,1.144381e-02,2.250440e-01,5.339080e-03,2.279806e-02,6.236950e-02,9.788631e-02,3.762697e-03,3.832697e-02
2.043402e-01,4.857055e-02,1.250344e-02,1.420250e-01,9.168537e-03,5.178032e-02,4.142520e-03,9.050142e-03,3.248709e-01,6.163323e-03,1.820647e-02,4.784235e-02,7.965759e-02,3.280068e-03,3.839850e-02
2.273704e-01,5.763177e-02,1.153366e-02,1.130959e-01,1.105713e-02,3.859084e-02,3.935496e-03,7.828360e-03,3.577583e-01,6.533231e-03,1.661579e-02,3.720589e-02,7.295413e-02,2.887989e-03,3.500112e-02
1.677146e-01,7.181819e-02,2.022136e-02,9.723813e-02,7.911809e-03,2.723561e-02,2.791125e-03,6.090085e-03,4.689991e-01,6.670439e-03,1.229468e-02,2.640774e-02,5.309517e-02,2.260298e-03,2.925164e-02
1.298523e-01,6.180459e-02,1.515058e-02,6.918467e-02,6.663779e-03,2.153357e-02,2.284415e-03,5.167665e-03,5.522740e-01,5.074266e-03,9.512864e-03,1.874604e-02,7.660487e-02,1.769367e-03,2.437698e-02
1.051638e-01,4.986118e-02,1.237768e-02,5.107598e-02,7.655533e-03,1.955085e-02,2.862623e-03,1.329502e-02,6.254001e-01,4.663466e-03,8.725235e-03,1.337400e-02,6.396832e-02,1.556205e-03,2.046998e-02
9.543677e-02,3.635646e-02,1.091426e-02,3.609811e-02,1.782404e-02,2.552060e-02,1.385516e-01,4.050941e-02,4.918014e-01,3.478212e-03,7.227739e-03,9.631080e-03,6.421862e-02,1.366876e-03,2.106484e-02
8.517155e-02,2.606645e-02,8.497743e-03,2.568061e-02,2.332742e-02,2.294507e-02,2.850589e-01,7.294859e-02,3.695537e-01,2.536111e-03,5.419433e-03,6.958455e-03,4.866439e-02,1.153563e-03,1.601803e-02
7.798977e-02,2.114919e-02,6.653955e-03,1.833351e-02,2.635958e-02,2.339828e-02,2.860028e-01,1.160456e-01,3.419863e-01,2.017389e-03,5.007801e-03,5.135079e-03,5.491669e-02,1.069077e-03,1.393503e-02
9.008522e-02,1.827673e-02,5.879472e-03,1.318813e-02,3.146030e-02,2.553196e-02,3.387713e-01,1.088303e-01,2.993819e-01,1.762556e-03,4.245536e-03,4.228160e-03,4.544077e-02,1.228943e-03,1.168880e-02
1.115742e-01,1.657553e-02,6.653089e-03,1.013323e-02,3.818172e-02,2.906348e-02,3.244153e-01,1.235403e-01,2.812145e-01,2.065344e-03,4.328310e-03,3.959891e-03,3.555849e-02,2.165020e-03,1.057157e-02
1.567245e-01,1.780439e-02,6.052879e-03,8.339846e-03,3.705966e-02,2.615752e-02,2.970535e-01,1.110140e-01,2.815589e-01,1.992789e-03,3.659130e-03,4.216228e-03,2.989885e-02,1.733704e-03,1.673410e-02
2.192267e-01,1.717222e-02,6.191765e-03,6.780010e-03,3.613092e-02,2.638577e-02,2.579490e-01,1.080826e-01,2.687225e-01,1.578375e-03,2.776365e-03,3.818093e-03,2.519415e-02,1.290646e-03,1.870087e-02
2.870190e-01,1.439444e-02,5.387622e-03,5.588491e-03,3.527360e-02,2.297346e-02,2.233411e-01,1.191885e-01,2.209619e-01,1.567222e-03,2.272320e-03,3.541984e-03,3.471160e-02,1.032293e-03,2.274651e-02
2.671047e-01,1.110792e-02,5.362436e-03,4.301826e-03,2.788072e-02,1.923492e-02,3.417940e-01,1.036051e-01,1.605186e-01,1.143481e-03,1.728707e-03,3.050779e-03,3.503362e-02,7.897330e-04,1.734342e-02
2.704658e-01,9.248232e-03,5.125511e-03,3.418009e-03,2.269408e-02,1.795355e-02,3.914661e-01,9.924727e-02,1.209777e-01,9.124000e-04,1.513454e-03,2.920141e-03,3.884925e-02,6.194661e-04,1.458910e-02
2.388896e-01,6.971411e-03,4.888538e-03,2.754876e-03,1.710788e-02,1.631047e-02,4.880825e-01,8.393706e-02,8.885607e-02,7.119741e-04,1.315033e-03,2.912119e-03,3.549634e-02,4.857885e-04,1.128040e-02
2.165087e-01,5.452911e-03,4.470580e-03,2.221751e-03,1.341664e-02,1.582841e-02,5.457670e-01,7.749455e-02,6.550153e-02,5.624820e-04,1.299871e-03,2.576591e-03,3.965837e-02,3.860652e-04,8.854562e-03
2.434519e-01,3.982241e-03,4.882785e-03,1.809281e-03,1.020318e-02,1.963421e-02,5.181674e-01,1.009144e-01,4.804100e-02,4.408337e-04,1.127936e-03,2.730374e-03,3.753404e-02,3.233455e-04,6.757115e-03
2.287969e-01,3.028997e-03,3.899951e-03,1.436127e-03,7.926306e-03,1.893758e-02,5.505736e-01,1.082463e-01,3.523746e-02,3.457630e-04,1.184848e-03,2.294667e-03,3.263913e-02,2.691223e-04,5.183234e-03
1.945749e-01,2.246423e-03,3.164586e-03,1.164661e-03,6.158406e-03,1.709712e-02,5.970900e-01,1.182968e-01,2.542049e-02,2.699963e-04,1.447193e-03,2.035833e-03,2.686931e-02,2.208343e-04,3.943427e-03
1.578686e-01,2.694147e-03,2.696072e-03,1.279709e-03,6.298197e-03,1.598340e-02,6.374080e-01,1.062159e-01,1.976427e-02,8.268347e-04,8.331475e-03,3.136967e-03,3.331897e-02,3.055081e-04,3.871950e-03
1.249221e-01,3.097734e-03,2.304498e-03,1.360497e-03,5.530795e-03,1.347805e-02,6.711749e-01,9.842828e-02,1.689449e-02,8.033875e-04,1.177062e-02,3.432079e-03,4.317202e-02,2.412865e-04,3.389245e-03
1.184454e-01,2.782480e-03,1.909973e-03,2.736341e-03,7.083783e-03,1.202291e-02,6.873611e-01,9.329497e-02,1.305204e-02,9.093035e-04,1.053144e-02,5.125523e-03,4.056858e-02,2.179765e-04,3.958257e-03
1.328535e-01,3.016989e-03,2.551246e-03,5.054973e-03,1.570217e-02,1.253121e-02,6.269373e-01,1.163360e-01,1.568270e-02,9.845109e-04,1.090186e-02,1.149741e-02,3.982846e-02,2.840613e-04,5.837587e-03
1.417040e-01,2.981444e-03,2.833632e-03,5.422791e-03,1.720809e-02,1.085226e-02,5.409368e-01,2.067301e-01,1.397311e-02,7.778066e-04,8.680038e-03,1.072842e-02,3.137234e-02,3.023285e-04,5.496837e-03
1.418614e-01,2.986009e-03,3.125396e-03,5.405928e-03,1.797056e-02,1.069123e-02,5.077995e-01,2.398020e-01,1.603352e-02,7.890526e-04,7.367199e-03,1.327086e-02,2.703308e-02,3.318127e-04,5.532431e-03
1.861348e-01,3.711588e-03,3.853136e-03,7.967503e-03,1.934923e-02,1.604615e-02,4.466717e-01,2.378395e-01,1.878833e-02,8.337070e-04,6.172511e-03,1.672146e-02,2.936509e-02,4.436913e-04,6.101626e-03
1.801525e-01,4.133570e-03,6.138916e-03,8.829713e-03,2.082460e-02,1.945053e-02,4.696307e-01,2.189624e-01,1.559932e-02,9.981792e-04,5.663870e-03,1.545896e-02,2.706165e-02,5.694199e-04,6.525584e-03
2.267742e-01,4.910126e-03,5.143309e-03,8.383913e-03,1.823208e-02,1.779055e-02,4.767869e-01,1.753890e-01,1.314838e-02,1.187747e-03,5.203282e-03,1.546705e-02,2.227140e-02,8.612418e-04,8.450969e-03
2.274659e-01,6.476921e-03,6.146119e-03,1.202862e-02,1.878623e-02,1.761117e-02,5.195208e-01,1.291341e-01,1.096431e-02,1.587010e-03,5.867195e-03,1.661290e-02,1.843504e-02,1.006202e-03,8.357598e-03
2.697584e-01,8.397432e-03,5.533168e-03,1.168432e-02,1.649918e-02,1.801031e-02,5.070366e-01,9.684169e-02,1.256227e-02,1.772145e-03,7.311719e-03,1.767277e-02,1.529079e-02,1.091593e-03,1.053769e-02
3.506400e-01,9.323224e-03,5.772463e-03,1.183679e-02,1.347100e-02,1.879572e-02,4.522340e-01,7.484925e-02,1.166837e-02,1.702274e-03,7.836892e-03,1.703428e-02,1.403006e-02,1.068375e-03,9.737276e-03
3.993780e-01,1.160283e-02,4.701575e-02,4.763797e-02,1.282585e-02,2.158377e-02,3.206010e-01,5.551819e-02,1.154035e-02,2.000063e-03,1.054753e-02,3.494969e-02,1.332927e-02,1.185890e-03,1.028383e-02
1.000000e+00,0.000000e+00,0.000000e+00,0.000000e+00,0.000000e+00,0.000000e+00,0.000000e+00,0.000000e+00,0.000000e+00,0.000000e+00,0.000000e+00,0.000000e+00,0.000000e+00,0.000000e+00,0.000000e+00
1.000000e+00,0.000000e+00,0.000000e+00,0.000000e+00,0.000000e+00,0.000000e+00,0.000000e+00,0.000000e+00,0.000000e+00,0.000000e+00,0.000000e+00,0.000000e+00,0.000000e+00,0.000000e+00,0.000000e+00
1.000000e+00,0.000000e+00,0.000000e+00,0.000000e+00,0.000000e+00,0.000000e+00,0.000000e+00,0.000000e+00,0.000000e+00,0.000000e+00,0.000000e+00,0.000000e+00,0.000000e+00,0.000000e+00,0.000000e+00
1.000000e+00,0.000000e+00,0.000000e+00,0.000000e+00,0.000000e+00,0.000000e+00,0.000000e+00,0.000000e+00,0.000000e+00,0.000000e+00,0.000000e+00,0.000000e+00,0.000000e+00,0.000000e+00,0.000000e+00
1.000000e+00,0.000000e+00,0.000000e+00,0.000000e+00,0.000000e+00,0.000000e+00,0.000000e+00,0.000000e+00,0.000000e+00,0.000000e+00,0.000000e+00,0.000000e+00,0.000000e+00,0.000000e+00,0.000000e+00
1.000000e+00,0.000000e+00,0.000000e+00,0.000000e+00,0.000000e+00,0.000000e+00,0.000000e+00,0.000000e+00,0.000000e+00,0.000000e+00,0.000000e+00,0.000000e+00,0.000000e+00,0.000000e+00,0.000000e+00
1.000000e+00,0.000000e+00,0.000000e+00,0.000000e+00,0.000000e+00,0.000000e+00,0.000000e+00,0.000000e+00,0.000000e+00,0.000000e+00,0.000000e+00,0.000000e+00,0.000000e+00,0.000000e+00,0.000000e+00
1.000000e+00,0.000000e+00,0.000000e+00,0.000000e+00,0.000000e+00,0.000000e+00,0.000000e+00,0.000000e+00,0.000000e+00,0.000000e+00,0.000000e+00,0.000000e+00,0.000000e+00,0.000000e+00,0.000000e+00
1.000000e+00,0.000000e+00,0.000000e+00,0.000000e+00,0.000000e+00,0.000000e+00,0.000000e+00,0.000000e+00,0.000000e+00,0.000000e+00,0.000000e+00,0.000000e+00,0.000000e+00,0.000000e+00,0.000000e+00
1.000000e+00,0.000000e+00,0.000000e+00,0.000000e+00,0.000000e+00,0.000000e+00,0.000000e+00,0.000000e+00,0.000000e+00,0.000000e+00,0.000000e+00,0.000000e+00,0.000000e+00,0.000000e+00,0.000000e+00
1.000000e+00,0.000000e+00,0.000000e+00,0.000000e+00,0.000000e+00,0.000000e+00,0.000000e+00,0.000000e+00,0.000000e+00,0.000000e+00,0.000000e+00,0.000000e+00,0.000000e+00,0.000000e+00,0.000000e+00
1.000000e+00,0.000000e+00,0.000000e+00,0.000000e+00,0.000000e+00,0.000000e+00,0.000000e+00,0.000000e+00,0.000000e+00,0.000000e+00,0.000000e+00,0.000000e+00,0.000000e+00,0.000000e+00,0.000000e+00
1.000000e+00,0.000000e+00,0.000000e+00,0.000000e+00,0.000000e+00,0.000000e+00,0.000000e+00,0.000000e+00,0.000000e+00,0.000000e+00,0.000000e+00,0.000000e+00,0.000000e+00,0.000000e+00,0.000000e+00
1.000000e+00,0.000000e+00,0.000000e+00,0.000000e+00,0.000000e+00,0.000000e+00,0.000000e+00,0.000000e+00,0.000000e+00,0.000000e+00,0.000000e+00,0.000000e+00,0.000000e+00,0.000000e+00,0.000000e+00
1.000000e+00,0.000000e+00,0.000000e+00,0.000000e+00,0.000000e+00,0.000000e+00,0.000000e+00,0.000000e+00,0.000000e+00,0.000000e+00,0.000000e+00,0.000000e+00,0.000000e+00,0.000000e+00,0.000000e+00
1.000000e+00,0.000000e+00,0.000000e+00,0.000000e+00,0.000000e+00,0.000000e+00,0.000000e+00,0.000000e+00,0.000000e+00,0.000000e+00,0.000000e+00,0.000000e+00,0.000000e+00,0.000000e+00,0.000000e+00
1.000000e+00,0.000000e+00,0.000000e+00,0.000000e+00,0.000000e+00,0.000000e+00,0.000000e+00,0.000000e+00,0.000000e+00,0.000000e+00,0.000000e+00,0.000000e+00,0.000000e+00,0.000000e+00,0.000000e+00
1.000000e+00,0.000000e+00,0.000000e+00,0.000000e+00,0.000000e+00,0.000000e+00,0.000000e+00,0.000000e+00,0.000000e+00,0.000000e+00,0.000000e+00,0.000000e+00,0.000000e+00,0.000000e+00,0.000000e+00
1.000000e+00,0.000000e+00,0.000000e+00,0.000000e+00,0.000000e+00,0.000000e+00,0.000000e+00,0.000000e+00,0.000000e+00,0.000000e+00,0.000000e+00,0.000000e+00,0.000000e+00,0.000000e+00,0.000000e+00
1.000000e+00,0.000000e+00,0.000000e+00,0.000000e+00,0.000000e+00,0.000000e+00,0.000000e+00,0.000000e+00,0.000000e+00,0.000000e+00,0.000000e+00,0.000000e+00,0.000000e+00,0.000000e+00,0.000000e+00
1.000000e+00,0.000000e+00,0.000000e+00,0.000000e+00,0.000000e+00,0.000000e+00,0.000000e+00,0.000000e+00,0.000000e+00,0.000000e+00,0.000000e+00,0.000000e+00,0.000000e+00,0.000000e+00,0.000000e+00
1.000000e+00,0.000000e+00,0.000000e+00,0.000000e+00,0.000000e+00,0.000000e+00,0.000000e+00,0.000000e+00,0.000000e+00,0.000000e+00,0.000000e+00,0.000000e+00,0.000000e+00,0.000000e+00,0.000000e+00
1.000000e+00,0.000000e+00,0.000000e+00,0.000000e+00,0.000000e+00,0.000000e+00,0.000000e+00,0.000000e+00,0.000000e+00,0.000000e+00,0.000000e+00,0.000000e+00,0.000000e+00,0.000000e+00,0.000000e+00
1.000000e+00,0.000000e+00,0.000000e+00,0.000000e+00,0.000000e+00,0.000000e+00,0.000000e+00,0.000000e+00,0.000000e+00,0.000000e+00,0.000000e+00,0.000000e+00,0.000000e+00,0.000000e+00,0.000000e+00
1.000000e+00,0.000000e+00,0.000000e+00,0.000000e+00,0.000000e+00,0.000000e+00,0.000000e+00,0.000000e+00,0.000000e+00,0.000000e+00,0.000000e+00,0.000000e+00,0.000000e+00,0.000000e+00,0.000000e+00
1.000000e+00,0.000000e+00,0.000000e+00,0.000000e+00,0.000000e+00,0.000000e+00,0.000000e+00,0.000000e+00,0.000000e+00,0.000000e+00,0.000000e+00,0.000000e+00,0.000000e+00,0.000000e+00,0.000000e+00
1.000000e+00,0.000000e+00,0.000000e+00,0.000000e+00,0.000000e+00,0.000000e+00,0.000000e+00,0.000000e+00,0.000000e+00,0.000000e+00,0.000000e+00,0.000000e+00,0.000000e+00,0.000000e+00,0.000000e+00
1.000000e+00,0.000000e+00,0.000000e+00,0.000000e+00,0.000000e+00,0.000000e+00,0.000000e+00,0.000000e+00,0.000000e+00,0.000000e+00,0.000000e+00,0.000000e+00,0.000000e+00,0.000000e+00,0.000000e+00
1.000000e+00,0.000000e+00,0.000000e+00,0.000000e+00,0.000000e+00,0.000000e+00,0.000000e+00,0.000000e+00,0.000000e+00,0.000000e+00,0.000000e+00,0.000000e+00,0.000000e+00,0.000000e+00,0.000000e+00
1.000000e+00,0.000000e+00,0.000000e+00,0.000000e+00,0.000000e+00,0.000000e+00,0.000000e+00,0.000000e+00,0.000000e+00,0.000000e+00,0.000000e+00,0.000000e+00,0.000000e+00,0.000000e+00,0.000000e+00
1.000000e+00,0.000000e+00,0.000000e+00,0.000000e+00,0.000000e+00,0.000000e+00,0.000000e+00,0.000000e+00,0.000000e+00,0.000000e+00,0.000000e+00,0.000000e+00,0.000000e+00,0.000000e+00,0.000000e+00
1.000000e+00,0.000000e+00,0.000000e+00,0.000000e+00,0.000000e+00,0.000000e+00,0.000000e+00,0.000000e+00,0.000000e+00,0.000000e+00,0.000000e+00,0.000000e+00,0.000000e+00,0.000000e+00,0.000000e+00
1.000000e+00,0.000000e+00,0.000000e+00,0.000000e+00,0.000000e+00,0.000000e+00,0.000000e+00,0.000000e+00,0.000000e+00,0.000000e+00,0.000000e+00,0.000000e+00,0.000000e+00,0.000000e+00,0.000000e+00
1.000000e+00,0.000000e+00,0.000000e+00,0.000000e+00,0.000000e+00,0.000000e+00,0.000000e+00,0.000000e+00,0.000000e+00,0.000000e+00,0.000000e+00,0.000000e+00,0.000000e+00,0.000000e+00,0.000000e+00
1.000000e+00,0.000000e+00,0.000000e+00,0.000000e+00,0.000000e+00,0.000000e+00,0.000000e+00,0.000000e+00,0.000000e+00,0.000000e+00,0.000000e+00,0.000000e+00,0.000000e+00,0.000000e+00,0.000000e+00
1.000000e+00,0.000000e+00,0.000000e+00,0.000000e+00,0.000000e+00,0.000000e+00,0.000000e+00,0.000000e+00,0.000000e+00,0.000000e+00,0.000000e+00,0.000000e+00,0.000000e+00,0.000000e+00,0.000000e+00
1.000000e+00,0.000000e+00,0.000000e+00,0.000000e+00,0.000000e+00,0.000000e+00,0.000000e+00,0.000000e+00,0.000000e+00,0.000000e+00,0.000000e+00,0.000000e+00,0.000000e+00,0.000000e+00,0.000000e+00
1.000000e+00,0.000000e+00,0.000000e+00,0.000000e+00,0.000000e+00,0.000000e+00,0.000000e+00,0.000000e+00,0.000000e+00,0.000000e+00,0.000000e+00,0.000000e+00,0.000000e+00,0.000000e+00,0.000000e+00
1.000000e+00,0.000000e+00,0.000000e+00,0.000000e+00,0.000000e+00,0.000000e+00,0.000000e+00,0.000000e+00,0.000000e+00,0.000000e+00,0.000000e+00,0.000000e+00,0.000000e+00,0.000000e+00,0.000000e+00
1.000000e+00,0.000000e+00,0.000000e+00,0.000000e+00,0.000000e+00,0.000000e+00,0.000000e+00,0.000000e+00,0.000000e+00,0.000000e+00,0.000000e+00,0.000000e+00,0.000000e+00,0.000000e+00,0.000000e+00
1.000000e+00,0.000000e+00,0.000000e+00,0.000000e+00,0.000000e+00,0.000000e+00,0.000000e+00,0.000000e+00,0.000000e+00,0.000000e+00,0.000000e+00,0.000000e+00,0.000000e+00,0.000000e+00,0.000000e+00
1.000000e+00,0.000000e+00,0.000000e+00,0.000000e+00,0.000000e+00,0.000000e+00,0.000000e+00,0.000000e+00,0.000000e+00,0.000000e+00,0.000000e+00,0.000000e+00,0.000000e+00,0.000000e+00,0.000000e+00
1.000000e+00,0.000000e+00,0.000000e+00,0.000000e+00,0.000000e+00,0.000000e+00,0.000000e+00,0.000000e+00,0.000000e+00,0.000000e+00,0.000000e+00,0.000000e+00,0.000000e+00,0.000000e+00,0.000000e+00
1.000000e+00,0.000000e+00,0.000000e+00,0.000000e+00,0.000000e+00,0.000000e+00,0.000000e+00,0.000000e+00,0.000000e+00,0.000000e+00,0.000000e+00,0.000000e+00,0.000000e+00,0.000000e+00,0.000000e+00
1.000000e+00,0.000000e+00,0.000000e+00,0.000000e+00,0.000000e+00,0.000000e+00,0.000000e+00,0.000000e+00,0.000000e+00,0.000000e+00,0.000000e+00,0.000000e+00,0.000000e+00,0.000000e+00,0.000000e+00
1.000000e+00,0.000000e+00,0.000000e+00,0.000000e+00,0.000000e+00,0.000000e+00,0.000000e+00,0.000000e+00,0.000000e+00,0.000000e+00,0.000000e+00,0.000000e+00,0.000000e+00,0.000000e+00,0.000000e+00
1.000000e+00,0.000000e+00,0.000000e+00,0.000000e+00,0.000000e+00,0.000000e+00,0.000000e+00,0.000000e+00,0.000000e+00,0.000000e+00,0.000000e+00,0.000000e+00,0.000000e+00,0.000000e+00,0.000000e+00
1.000000e+00,0.000000e+00,0.000000e+00,0.000000e+00,0.000000e+00,0.000000e+00,0.000000e+00,0.000000e+00,0.000000e+00,0.000000e+00,0.000000e+00,0.000000e+00,0.000000e+00,0.000000e+00,0.000000e+00
1.000000e+00,0.000000e+00,0.000000e+00,0.000000e+00,0.000000e+00,0.000000e+00,0.000000e+00,0.000000e+00,0.000000e+00,0.000000e+00,0.000000e+00,0.000000e+00,0.000000e+00,0.000000e+00,0.000000e+00
1.000000e+00,0.000000e+00,0.000000e+00,0.000000e+00,0.000000e+00,0.000000e+00,0.000000e+00,0.000000e+00,0.000000e+00,0.000000e+00,0.000000e+00,0.000000e+00,0.000000e+00,0.000000e+00,0.000000e+00
1.000000e+00,0.000000e+00,0.000000e+00,0.000000e+00,0.000000e+00,0.000000e+00,0.000000e+00,0.000000e+00,0.000000e+00,0.000000e+00,0.000000e+00,0.000000e+00,0.000000e+00,0.000000e+00,0.000000e+00
1.000000e+00,0.000000e+00,0.000000e+00,0.000000e+00,0.000000e+00,0.000000e+00,0.000000e+00,0.000000e+00,0.000000e+00,0.000000e+00,0.000000e+00,0.000000e+00,0.000000e+00,0.000000e+00,0.000000e+00
1.000000e+00,0.000000e+00,0.000000e+00,0.000000e+00,0.000000e+00,0.000000e+00,0.000000e+00,0.000000e+00,0.000000e+00,0.000000e+00,0.000000e+00,0.000000e+00,0.000000e+00,0.000000e+00,0.000000e+00
1.000000e+00,0.000000e+00,0.000000e+00,0.000000e+00,0.000000e+00,0.000000e+00,0.000000e+00,0.000000e+00,0.000000e+00,0.000000e+00,0.000000e+00,0.000000e+00,0.000000e+00,0.000000e+00,0.000000e+00
1.000000e+00,0.000000e+00,0.000000e+00,0.000000e+00,0.000000e+00,0.000000e+00,0.000000e+00,0.000000e+00,0.000000e+00,0.000000e+00,0.000000e+00,0.000000e+00,0.000000e+00,0.000000e+00,0.000000e+00
1.000000e+00,0.000000e+00,0.000000e+00,0.000000e+00,0.000000e+00,0.000000e+00,0.000000e+00,0.000000e+00,0.000000e+00,0.000000e+00,0.000000e+00,0.000000e+00,0.000000e+00,0.000000e+00,0.000000e+00
4.556859e-01,3.297649e-02,1.331497e-02,6.863903e-02,7.810384e-03,6.461322e-02,4.076130e-03,9.322386e-03,1.610425e-02,6.523965e-03,1.627987e-01,5.794396e-02,2.072109e-02,2.502462e-02,5.444489e-02
4.647758e-01,3.294424e-02,1.381792e-02,7.713813e-02,8.941357e-03,6.088635e-02,4.275224e-03,9.157332e-03,1.732493e-02,6.578145e-03,1.439649e-01,6.359371e-02,1.996984e-02,2.216557e-02,5.446660e-02
4.767729e-01,3.351435e-02,1.474859e-02,7.771732e-02,8.795373e-03,5.786945e-02,5.238966e-03,9.746584e-03,1.637498e-02,6.268804e-03,1.302127e-01,7.011010e-02,2.050150e-02,1.833995e-02,5.378845e-02
4.792997e-01,3.265342e-02,1.316803e-02,8.069849e-02,9.040078e-03,5.263683e-02,5.429284e-03,9.298592e-03,2.011904e-02,6.446923e-03,1.120418e-01,8.914369e-02,1.840801e-02,1.530528e-02,5.631080e-02
4.466586e-01,3.414299e-02,2.062240e-02,8.819323e-02,1.071397e-02,6.334854e-02,7.407771e-03,1.410577e-02,2.084459e-02,5.989756e-03,1.063776e-01,1.012515e-01,1.679341e-02,1.248729e-02,5.106250e-02
4.759093e-01,3.152319e-02,1.731485e-02,7.773169e-02,1.088501e-02,6.158426e-02,7.407992e-03,1.275547e-02,2.193261e-02,5.233215e-03,1.034232e-01,1.010036e-01,1.544981e-02,1.106122e-02,4.678462e-02
1.000000e+00,0.000000e+00,0.000000e+00,0.000000e+00,0.000000e+00,0.000000e+00,0.000000e+00,0.000000e+00,0.000000e+00,0.000000e+00,0.000000e+00,0.000000e+00,0.000000e+00,0.000000e+00,0.000000e+00
1.000000e+00,0.000000e+00,0.000000e+00,0.000000e+00,0.000000e+00,0.000000e+00,0.000000e+00,0.000000e+00,0.000000e+00,0.000000e+00,0.000000e+00,0.000000e+00,0.000000e+00,0.000000e+00,0.000000e+00
1.000000e+00,0.000000e+00,0.000000e+00,0.000000e+00,0.000000e+00,0.000000e+00,0.000000e+00,0.000000e+00,0.000000e+00,0.000000e+00,0.000000e+00,0.000000e+00,0.000000e+00,0.000000e+00,0.000000e+00
1.000000e+00,0.000000e+00,0.000000e+00,0.000000e+00,0.000000e+00,0.000000e+00,0.000000e+00,0.000000e+00,0.000000e+00,0.000000e+00,0.000000e+00,0.000000e+00,0.000000e+00,0.000000e+00,0.000000e+00
1.000000e+00,0.000000e+00,0.000000e+00,0.000000e+00,0.000000e+00,0.000000e+00,0.000000e+00,0.000000e+00,0.000000e+00,0.000000e+00,0.000000e+00,0.000000e+00,0.000000e+00,0.000000e+00,0.000000e+00
1.000000e+00,0.000000e+00,0.000000e+00,0.000000e+00,0.000000e+00,0.000000e+00,0.000000e+00,0.000000e+00,0.000000e+00,0.000000e+00,0.000000e+00,0.000000e+00,0.000000e+00,0.000000e+00,0.000000e+00
1.000000e+00,0.000000e+00,0.000000e+00,0.000000e+00,0.000000e+00,0.000000e+00,0.000000e+00,0.000000e+00,0.000000e+00,0.000000e+00,0.000000e+00,0.000000e+00,0.000000e+00,0.000000e+00,0.000000e+00
1.000000e+00,0.000000e+00,0.000000e+00,0.000000e+00,0.000000e+00,0.000000e+00,0.000000e+00,0.000000e+00,0.000000e+00,0.000000e+00,0.000000e+00,0.000000e+00,0.000000e+00,0.000000e+00,0.000000e+00
1.000000e+00,0.000000e+00,0.000000e+00,0.000000e+00,0.000000e+00,0.000000e+00,0.000000e+00,0.000000e+00,0.000000e+00,0.000000e+00,0.000000e+00,0.000000e+00,0.000000e+00,0.000000e+00,0.000000e+00
1.000000e+00,0.000000e+00,0.000000e+00,0.000000e+00,0.000000e+00,0.000000e+00,0.000000e+00,0.000000e+00,0.000000e+00,0.000000e+00,0.000000e+00,0.000000e+00,0.000000e+00,0.000000e+00,0.000000e+00
1.000000e+00,0.000000e+00,0.000000e+00,0.000000e+00,0.000000e+00,0.000000e+00,0.000000e+00,0.000000e+00,0.000000e+00,0.000000e+00,0.000000e+00,0.000000e+00,0.000000e+00,0.000000e+00,0.000000e+00
1.000000e+00,0.000000e+00,0.000000e+00,0.000000e+00,0.000000e+00,0.000000e+00,0.000000e+00,0.000000e+00,0.000000e+00,0.000000e+00,0.000000e+00,0.000000e+00,0.000000e+00,0.000000e+00,0.000000e+00
1.000000e+00,0.000000e+00,0.000000e+00,0.000000e+00,0.000000e+00,0.000000e+00,0.000000e+00,0.000000e+00,0.000000e+00,0.000000e+00,0.000000e+00,0.000000e+00,0.000000e+00,0.000000e+00,0.000000e+00
1.000000e+00,0.000000e+00,0.000000e+00,0.000000e+00,0.000000e+00,0.000000e+00,0.000000e+00,0.000000e+00,0.000000e+00,0.000000e+00,0.000000e+00,0.000000e+00,0.000000e+00,0.000000e+00,0.000000e+00
1.000000e+00,0.000000e+00,0.000000e+00,0.000000e+00,0.000000e+00,0.000000e+00,0.000000e+00,0.000000e+00,0.000000e+00,0.000000e+00,0.000000e+00,0.000000e+00,0.000000e+00,0.000000e+00,0.000000e+00
1.000000e+00,0.000000e+00,0.000000e+00,0.000000e+00,0.000000e+00,0.000000e+00,0.000000e+00,0.000000e+00,0.000000e+00,0.000000e+00,0.000000e+00,0.000000e+00,0.000000e+00,0.000000e+00,0.000000e+00
1.000000e+00,0.000000e+00,0.000000e+00,0.000000e+00,0.000000e+00,0.000000e+00,0.000000e+00,0.000000e+00,0.000000e+00,0.000000e+00,0.000000e+00,0.000000e+00,0.000000e+00,0.000000e+00,0.000000e+00
1.000000e+00,0.000000e+00,0.000000e+00,0.000000e+00,0.000000e+00,0.000000e+00,0.000000e+00,0.000000e+00,0.000000e+00,0.000000e+00,0.000000e+00,0.000000e+00,0.000000e+00,0.000000e+00,0.000000e+00
1.000000e+00,0.000000e+00,0.000000e+00,0.000000e+00,0.000000e+00,0.000000e+00,0.000000e+00,0.000000e+00,0.000000e+00,0.000000e+00,0.000000e+00,0.000000e+00,0.000000e+00,0.000000e+00,0.000000e+00
1.000000e+00,0.000000e+00,0.000000e+00,0.000000e+00,0.000000e+00,0.000000e+00,0.000000e+00,0.000000e+00,0.000000e+00,0.000000e+00,0.000000e+00,0.000000e+00,0.000000e+00,0.000000e+00,0.000000e+00
1.000000e+00,0.000000e+00,0.000000e+00,0.000000e+00,0.000000e+00,0.000000e+00,0.000000e+00,0.000000e+00,0.000000e+00,0.000000e+00,0.000000e+00,0.000000e+00,0.000000e+00,0.000000e+00,0.000000e+00
1.000000e+00,0.000000e+00,0.000000e+00,0.000000e+00,0.000000e+00,0.000000e+00,0.000000e+00,0.000000e+00,0.000000e+00,0.000000e+00,0.000000e+00,0.000000e+00,0.000000e+00,0.000000e+00,0.000000e+00
1.000000e+00,0.000000e+00,0.000000e+00,0.000000e+00,0.000000e+00,0.000000e+00,0.000000e+00,0.000000e+00,0.000000e+00,0.000000e+00,0.000000e+00,0.000000e+00,0.000000e+00,0.000000e+00,0.000000e+00
1.000000e+00,0.000000e+00,0.000000e+00,0.000000e+00,0.000000e+00,0.000000e+00,0.000000e+00,0.000000e+00,0.000000e+00,0.000000e+00,0.000000e+00,0.000000e+00,0.000000e+00,0.000000e+00,0.000000e+00
1.000000e+00,0.000000e+00,0.000000e+00,0.000000e+00,0.000000e+00,0.000000e+00,0.000000e+00,0.000000e+00,0.000000e+00,0.000000e+00,0.000000e+00,0.000000e+00,0.000000e+00,0.000000e+00,0.000000e+00
1.000000e+00,0.000000e+00,0.000000e+00,0.000000e+00,0.000000e+00,0.000000e+00,0.000000e+00,0.000000e+00,0.000000e+00,0.000000e+00,0.000000e+00,0.000000e+00,0.000000e+00,0.000000e+00,0.000000e+00
1.000000e+00,0.000000e+00,0.000000e+00,0.000000e+00,0.000000e+00,0.000000e+00,0.000000e+00,0.000000e+00,0.000000e+00,0.000000e+00,0.000000e+00,0.000000e+00,0.000000e+00,0.000000e+00,0.000000e+00
1.000000e+00,0.000000e+00,0.000000e+00,0.000000e+00,0.000000e+00,0.000000e+00,0.000000e+00,0.000000e+00,0.000000e+00,0.000000e+00,0.000000e+00,0.000000e+00,0.000000e+00,0.000000e+00,0.000000e+00
1.000000e+00,0.000000e+00,0.000000e+00,0.000000e+00,0.000000e+00,0.000000e+00,0.000000e+00,0.000000e+00,0.000000e+00,0.000000e+00,0.000000e+00,0.000000e+00,0.000000e+00,0.000000e+00,0.000000e+00
1.000000e+00,0.000000e+00,0.000000e+00,0.000000e+00,0.000000e+00,0.000000e+00,0.000000e+00,0.000000e+00,0.000000e+00,0.000000e+00,0.000000e+00,0.000000e+00,0.000000e+00,0.000000e+00,0.000000e+00
4.878436e-01,1.903590e-02,1.500490e-02,5.030537e-02,1.276594e-02,7.255849e-02,5.406719e-03,8.115126e-03,1.861179e-02,7.690432e-03,6.981718e-02,1.939823e-01,7.384889e-03,4.319356e-03,2.715803e-02
4.965402e-01,1.804086e-02,1.240975e-02,5.328249e-02,1.239271e-02,6.929528e-02,4.851747e-03,8.249335e-03,2.133796e-02,7.011270e-03,7.743463e-02,1.800722e-01,7.684514e-03,4.272439e-03,2.712465e-02
1.000000e+00,0.000000e+00,0.000000e+00,0.000000e+00,0.000000e+00,0.000000e+00,0.000000e+00,0.000000e+00,0.000000e+00,0.000000e+00,0.000000e+00,0.000000e+00,0.000000e+00,0.000000e+00,0.000000e+00
4.975148e-01,2.041974e-02,1.200546e-02,6.498682e-02,1.968271e-02,7.833926e-02,5.539886e-03,1.338203e-02,3.064844e-02,6.489271e-03,6.999415e-02,1.471238e-01,6.766766e-03,4.317174e-03,2.278966e-02
1.000000e+00,0.000000e+00,0.000000e+00,0.000000e+00,0.000000e+00,0.000000e+00,0.000000e+00,0.000000e+00,0.000000e+00,0.000000e+00,0.000000e+00,0.000000e+00,0.000000e+00,0.000000e+00,0.000000e+00
1.000000e+00,0.000000e+00,0.000000e+00,0.000000e+00,0.000000e+00,0.000000e+00,0.000000e+00,0.000000e+00,0.000000e+00,0.000000e+00,0.000000e+00,0.000000e+00,0.000000e+00,0.000000e+00,0.000000e+00
4.757446e-01,2.813642e-02,2.561785e-02,6.226511e-02,4.976638e-02,6.423867e-02,5.873734e-03,1.991841e-02,9.105821e-02,7.083342e-03,4.919383e-02,8.942115e-02,9.751100e-03,4.431261e-03,1.749998e-02
4.368143e-01,4.069453e-02,2.505992e-02,5.226326e-02,4.456207e-02,5.164373e-02,5.026968e-03,1.847569e-02,1.133003e-01,8.296509e-03,5.310287e-02,1.015978e-01,1.532201e-02,8.678654e-03,2.516143e-02
3.402668e-01,8.565776e-02,2.965443e-02,4.315080e-02,5.578233e-02,4.534854e-02,4.257715e-03,1.923312e-02,1.948342e-01,1.085133e-02,4.074255e-02,8.066452e-02,1.448791e-02,8.009816e-03,2.705819e-02
3.477629e-01,7.762844e-02,2.736198e-02,4.361302e-02,6.834646e-02,3.946715e-02,4.011719e-03,2.166671e-02,2.045877e-01,1.237207e-02,3.161116e-02,6.246355e-02,1.553634e-02,7.141087e-03,3.642973e-02
4.101405e-01,7.647166e-02,2.434617e-02,4.734071e-02,7.245510e-02,4.053971e-02,3.699294e-03,1.834597e-02,1.624241e-01,9.344337e-03,2.938385e-02,4.687215e-02,1.416443e-02,6.136973e-03,3.833517e-02
4.281062e-01,7.474266e-02,2.163032e-02,4.181065e-02,7.079019e-02,3.695313e-02,4.290367e-03,2.239851e-02,1.599426e-01,7.857913e-03,2.685281e-02,3.663865e-02,1.515386e-02,5.800338e-03,4.703188e-02
3.506485e-01,5.926996e-02,1.853659e-02,1.541198e-01,9.542966e-02,2.752813e-02,3.866483e-03,4.229937e-02,1.397406e-01,5.814553e-03,2.035761e-02,2.735727e-02,1.184877e-02,4.240695e-03,3.894203e-02
2.573223e-01,4.291154e-02,1.483041e-02,1.264959e-01,1.253040e-01,2.037177e-02,3.233789e-03,2.258613e-01,1.071301e-01,4.093729e-03,1.437850e-02,1.928584e-02,8.420161e-03,3.004967e-03,2.735580e-02
2.126897e-01,4.219363e-02,1.524373e-02,1.158664e-01,1.801342e-01,2.775623e-02,3.224982e-03,2.236497e-01,1.230430e-01,2.967937e-03,1.090148e-02,1.384907e-02,6.304620e-03,2.366413e-03,1.980896e-02
1.949124e-01,7.036623e-02,1.349233e-02,9.379082e-02,2.268933e-01,2.394522e-02,2.868906e-03,1.903948e-01,1.369181e-01,2.373190e-03,8.241040e-03,1.073327e-02,5.694043e-03,2.539604e-03,1.683685e-02
1.849010e-01,6.234403e-02,1.222021e-02,8.573230e-02,2.672874e-01,2.214941e-02,2.613955e-03,1.736350e-01,1.496228e-01,1.906786e-03,7.128363e-03,8.977216e-03,5.242097e-03,2.654698e-03,1.358471e-02
1.550953e-01,4.873437e-02,2.801637e-02,1.884031e-01,2.236694e-01,1.712840e-02,2.407233e-03,1.911725e-01,1.140633e-01,1.699829e-03,6.246729e-03,6.866878e-03,3.974025e-03,2.106712e-03,1.041586e-02
2.022599e-01,4.008651e-02,3.623487e-02,2.575696e-01,1.710977e-01,1.445083e-02,1.961217e-03,1.474472e-01,8.337536e-02,3.089993e-03,1.724806e-02,8.777929e-03,4.062321e-03,2.503851e-03,9.834616e-03
1.593615e-01,3.785621e-02,3.544695e-02,3.342630e-01,1.230118e-01,1.152404e-02,1.660047e-03,1.058758e-01,8.146937e-02,4.557458e-03,4.996280e-02,3.354874e-02,5.797353e-03,3.865263e-03,1.179968e-02
2.700941e-01,3.140324e-02,2.957080e-02,2.749569e-01,9.035971e-02,1.033524e-02,1.804208e-03,7.612919e-02,6.064430e-02,6.182703e-03,5.649744e-02,6.610412e-02,6.854521e-03,7.788826e-03,1.127474e-02
2.605176e-01,2.623081e-02,2.377154e-02,2.633567e-01,7.173339e-02,1.177312e-02,2.099764e-03,5.779433e-02,4.455714e-02,5.489704e-03,8.786322e-02,1.165180e-01,6.690030e-03,1.249802e-02,9.106709e-03
3.705977e-01,2.025150e-02,1.820726e-02,1.925211e-01,5.346774e-02,1.591184e-02,2.694078e-03,4.214622e-02,3.219869e-02,4.798434e-03,7.947017e-02,1.302643e-01,6.061821e-03,2.433169e-02,7.077344e-03
4.096673e-01,1.538196e-02,1.692749e-02,1.435211e-01,5.039222e-02,1.908150e-02,3.019491e-03,3.247880e-02,2.392497e-02,4.269960e-03,8.038293e-02,1.273717e-01,6.349407e-03,6.161637e-02,5.614764e-03
4.129869e-01,1.203962e-02,2.791977e-02,1.362348e-01,6.121981e-02,2.508237e-02,3.013881e-03,2.934080e-02,1.844099e-02,4.043293e-03,7.411462e-02,1.187054e-01,6.996830e-03,6.516498e-02,4.695914e-03
4.405664e-01,1.081600e-02,2.523713e-02,1.104353e-01,7.239471e-02,3.570447e-02,2.925505e-03,2.831925e-02,1.518794e-02,3.612889e-03,7.221795e-02,1.073178e-01,6.412355e-03,6.377020e-02,5.082179e-03
4.924579e-01,1.015845e-02,2.130860e-02,8.309379e-02,8.156001e-02,4.140250e-02,2.747445e-03,2.904900e-02,1.218897e-02,3.022853e-03,6.648018e-02,8.644204e-02,5.836068e-03,5.911198e-02,5.140275e-03
1.000000e+00,0.000000e+00,0.000000e+00,0.000000e+00,0.000000e+00,0.000000e+00,0.000000e+00,0.000000e+00,0.000000e+00,0.000000e+00,0.000000e+00,0.000000e+00,0.000000e+00,0.000000e+00,0.000000e+00
1.000000e+00,0.000000e+00,0.000000e+00,0.000000e+00,0.000000e+00,0.000000e+00,0.000000e+00,0.000000e+00,0.000000e+00,0.000000e+00,0.000000e+00,0.000000e+00,0.000000e+00,0.000000e+00,0.000000e+00
1.000000e+00,0.000000e+00,0.000000e+00,0.000000e+00,0.000000e+00,0.000000e+00,0.000000e+00,0.000000e+00,0.000000e+00,0.000000e+00,0.000000e+00,0.000000e+00,0.000000e+00,0.000000e+00,0.000000e+00
1.000000e+00,0.000000e+00,0.000000e+00,0.000000e+00,0.000000e+00,0.000000e+00,0.000000e+00,0.000000e+00,0.000000e+00,0.000000e+00,0.000000e+00,0.000000e+00,0.000000e+00,0.000000e+00,0.000000e+00
1.000000e+00,0.000000e+00,0.000000e+00,0.000000e+00,0.000000e+00,0.000000e+00,0.000000e+00,0.000000e+00,0.000000e+00,0.000000e+00,0.000000e+00,0.000000e+00,0.000000e+00,0.000000e+00,0.000000e+00
1.000000e+00,0.000000e+00,0.000000e+00,0.000000e+00,0.000000e+00,0.000000e+00,0.000000e+00,0.000000e+00,0.000000e+00,0.000000e+00,0.000000e+00,0.000000e+00,0.000000e+00,0.000000e+00,0.000000e+00
1.000000e+00,0.000000e+00,0.000000e+00,0.000000e+00,0.000000e+00,0.000000e+00,0.000000e+00,0.000000e+00,0.000000e+00,0.000000e+00,0.000000e+00,0.000000e+00,0.000000e+00,0.000000e+00,0.000000e+00
4.898502e-01,1.902759e-02,1.331913e-02,2.139255e-02,1.446664e-02,2.672836e-02,2.527806e-03,1.281532e-02,2.549115e-02,2.463808e-03,1.600688e-01,3.631233e-02,5.819616e-03,1.458366e-01,2.388018e-02
3.931536e-01,1.554674e-02,1.292677e-02,1.762885e-02,1.176216e-02,2.498164e-02,2.345626e-03,1.061738e-02,3.319451e-02,2.672212e-03,2.250392e-01,3.085839e-02,5.065983e-03,1.944488e-01,1.975825e-02
2.892997e-01,1.144126e-02,1.056278e-02,1.291483e-02,8.548879e-03,1.984800e-02,1.797914e-03,7.981441e-03,3.210087e-02,2.212297e-03,3.007671e-01,2.400638e-02,3.793318e-03,2.601087e-01,1.461656e-02
2.414499e-01,9.379432e-03,1.442871e-02,1.102513e-02,6.488231e-03,1.768240e-02,1.618754e-03,7.335584e-03,7.487294e-02,2.130337e-03,2.849568e-01,2.247332e-02,2.973847e-03,2.904630e-01,1.272161e-02
1.774924e-01,8.500347e-03,2.125593e-02,8.635685e-03,5.189928e-03,1.800981e-02,1.459959e-03,6.592298e-03,2.022201e-01,2.080566e-03,2.492622e-01,1.771956e-02,2.205598e-03,2.695046e-01,9.871027e-03
1.262629e-01,6.150750e-03,1.625653e-02,6.278804e-03,3.813893e-03,1.509066e-02,1.040662e-03,4.793495e-03,1.895437e-01,1.570970e-03,2.327503e-01,1.312614e-02,1.603646e-03,3.746459e-01,7.071640e-03
8.926979e-02,4.752629e-03,2.280010e-02,5.781775e-03,3.000889e-03,1.201025e-02,7.375869e-04,3.580560e-03,2.842459e-01,1.425098e-03,1.843726e-01,9.304371e-03,1.147073e-03,3.725224e-01,5.048994e-03
6.399193e-02,5.515822e-03,1.910322e-02,6.169474e-03,3.445497e-03,1.975237e-02,5.519028e-04,2.697023e-03,3.890721e-01,1.513447e-03,1.424779e-01,6.571111e-03,8.262125e-04,3.347093e-01,3.602728e-03
4.949455e-02,4.758431e-03,1.544574e-02,5.374454e-03,3.528737e-03,1.731119e-02,3.953922e-04,2.018990e-03,5.326935e-01,1.625987e-03,1.094476e-01,4.669885e-03,6.046811e-04,2.496135e-01,3.017386e-03
4.104007e-02,4.101987e-03,1.504870e-02,9.188941e-03,4.101460e-03,2.402987e-02,2.892913e-04,2.351574e-03,5.816118e-01,2.342075e-03,9.041310e-02,3.629365e-03,4.836606e-04,2.186971e-01,2.671069e-03
3.369877e-02,3.266214e-03,1.176252e-02,9.342922e-03,5.786607e-03,3.786342e-02,2.149058e-04,2.070606e-03,5.853725e-01,2.176552e-03,6.850375e-02,2.731259e-03,4.132077e-04,2.346166e-01,2.180160e-03
3.356129e-02,2.636791e-03,9.307399e-03,1.071891e-02,6.394546e-03,3.876910e-02,1.639829e-04,1.848933e-03,5.649294e-01,2.570638e-03,6.807380e-02,2.351848e-03,4.278120e-04,2.562301e-01,2.015572e-03
3.477278e-02,2.206622e-03,8.108575e-03,1.444209e-02,7.281882e-03,4.323889e-02,1.318599e-04,1.604654e-03,5.278355e-01,3.439593e-03,7.993995e-02,2.133440e-03,4.716483e-04,2.720139e-01,2.378726e-03
4.547594e-02,2.035552e-03,7.494636e-03,1.835606e-02,8.398742e-03,6.854115e-02,1.314658e-04,1.707756e-03,4.610136e-01,3.407773e-03,7.695764e-02,2.537429e-03,4.977770e-04,3.006670e-01,2.777438e-03
6.041867e-02,2.018084e-03,7.379321e-03,2.124536e-02,1.134732e-02,1.214674e-01,1.480495e-04,2.119252e-03,3.535652e-01,3.327784e-03,6.437769e-02,2.567912e-03,5.755383e-04,3.461444e-01,3.297927e-03
5.501065e-02,2.400138e-03,7.586436e-03,2.702783e-02,1.466732e-02,1.255479e-01,1.310271e-04,1.645391e-03,2.655817e-01,3.233337e-03,5.299097e-02,2.080439e-03,4.739407e-04,4.383205e-01,3.302435e-03
9.128224e-02,2.714302e-03,6.205117e-03,3.247139e-02,1.728370e-02,1.465507e-01,1.776064e-04,1.677572e-03,1.985093e-01,3.117187e-03,4.681101e-02,3.386466e-03,5.482793e-04,4.461169e-01,3.148288e-03
1.413676e-01,5.206294e-03,1.280265e-02,8.178805e-02,3.422823e-02,1.220437e-01,4.945702e-04,5.654945e-03,1.486170e-01,4.133161e-03,4.274879e-02,5.187790e-03,8.359870e-04,3.898638e-01,5.027505e-03
1.971459e-01,6.227980e-03,3.702729e-02,1.306105e-01,4.247671e-02,9.897555e-02,9.277234e-04,1.074719e-02,1.147015e-01,4.380434e-03,3.501314e-02,4.680059e-03,9.447654e-04,3.111499e-01,4.991385e-03
2.098572e-01,6.375268e-03,6.156046e-02,1.869785e-01,4.836600e-02,8.431292e-02,8.391172e-04,9.501412e-03,9.659553e-02,4.701589e-03,2.818658e-02,3.983204e-03,1.080783e-03,2.534374e-01,4.224121e-03
2.262018e-01,1.122127e-02,9.075899e-02,2.166517e-01,8.000270e-02,6.625978e-02,1.153238e-03,1.168321e-02,7.600283e-02,4.150026e-03,2.161799e-02,4.664114e-03,1.245106e-03,1.838947e-01,4.492633e-03
3.635346e-01,1.203245e-02,8.356537e-02,1.872127e-01,6.314967e-02,5.335618e-02,1.062504e-03,8.929835e-03,5.846417e-02,3.387573e-03,1.755893e-02,7.514488e-03,2.264744e-03,1.322569e-01,5.709982e-03
4.298876e-01,1.473454e-02,9.715287e-02,1.718816e-01,5.068291e-02,5.103160e-02,1.128998e-03,8.475821e-03,4.496704e-02,2.779120e-03,1.486199e-02,8.191527e-03,3.316546e-03,9.430706e-02,6.600783e-03
4.807357e-01,1.561439e-02,1.050943e-01,1.681297e-01,3.929606e-02,4.030714e-02,1.127020e-03,8.174868e-03,3.681013e-02,2.535743e-03,1.287374e-02,8.386275e-03,3.712621e-03,6.969820e-02,7.504190e-03
1.000000e+00,0.000000e+00,0.000000e+00,0.000000e+00,0.000000e+00,0.000000e+00,0.000000e+00,0.000000e+00,0.000000e+00,0.000000e+00,0.000000e+00,0.000000e+00,0.000000e+00,0.000000e+00,0.000000e+00
1.000000e+00,0.000000e+00,0.000000e+00,0.000000e+00,0.000000e+00,0.000000e+00,0.000000e+00,0.000000e+00,0.000000e+00,0.000000e+00,0.000000e+00,0.000000e+00,0.000000e+00,0.000000e+00,0.000000e+00
1.000000e+00,0.000000e+00,0.000000e+00,0.000000e+00,0.000000e+00,0.000000e+00,0.000000e+00,0.000000e+00,0.000000e+00,0.000000e+00,0.000000e+00,0.000000e+00,0.000000e+00,0.000000e+00,0.000000e+00
1.000000e+00,0.000000e+00,0.000000e+00,0.000000e+00,0.000000e+00,0.000000e+00,0.000000e+00,0.000000e+00,0.000000e+00,0.000000e+00,0.000000e+00,0.000000e+00,0.000000e+00,0.000000e+00,0.000000e+00
1.000000e+00,0.000000e+00,0.000000e+00,0.000000e+00,0.000000e+00,0.000000e+00,0.000000e+00,0.000000e+00,0.000000e+00,0.000000e+00,0.000000e+00,0.000000e+00,0.000000e+00,0.000000e+00,0.000000e+00
1.000000e+00,0.000000e+00,0.000000e+00,0.000000e+00,0.000000e+00,0.000000e+00,0.000000e+00,0.000000e+00,0.000000e+00,0.000000e+00,0.000000e+00,0.000000e+00,0.000000e+00,0.000000e+00,0.000000e+00
1.000000e+00,0.000000e+00,0.000000e+00,0.000000e+00,0.000000e+00,0.000000e+00,0.000000e+00,0.000000e+00,0.000000e+00,0.000000e+00,0.000000e+00,0.000000e+00,0.000000e+00,0.000000e+00,0.000000e+00
1.000000e+00,0.000000e+00,0.000000e+00,0.000000e+00,0.000000e+00,0.000000e+00,0.000000e+00,0.000000e+00,0.000000e+00,0.000000e+00,0.000000e+00,0.000000e+00,0.000000e+00,0.000000e+00,0.000000e+00
1.000000e+00,0.000000e+00,0.000000e+00,0.000000e+00,0.000000e+00,0.000000e+00,0.000000e+00,0.000000e+00,0.000000e+00,0.000000e+00,0.000000e+00,0.000000e+00,0.000000e+00,0.000000e+00,0.000000e+00
1.000000e+00,0.000000e+00,0.000000e+00,0.000000e+00,0.000000e+00,0.000000e+00,0.000000e+00,0.000000e+00,0.000000e+00,0.000000e+00,0.000000e+00,0.000000e+00,0.000000e+00,0.000000e+00,0.000000e+00
1.000000e+00,0.000000e+00,0.000000e+00,0.000000e+00,0.000000e+00,0.000000e+00,0.000000e+00,0.000000e+00,0.000000e+00,0.000000e+00,0.000000e+00,0.000000e+00,0.000000e+00,0.000000e+00,0.000000e+00
1.000000e+00,0.000000e+00,0.000000e+00,0.000000e+00,0.000000e+00,0.000000e+00,0.000000e+00,0.000000e+00,0.000000e+00,0.000000e+00,0.000000e+00,0.000000e+00,0.000000e+00,0.000000e+00,0.000000e+00
1.000000e+00,0.000000e+00,0.000000e+00,0.000000e+00,0.000000e+00,0.000000e+00,0.000000e+00,0.000000e+00,0.000000e+00,0.000000e+00,0.000000e+00,0.000000e+00,0.000000e+00,0.000000e+00,0.000000e+00
1.000000e+00,0.000000e+00,0.000000e+00,0.000000e+00,0.000000e+00,0.000000e+00,0.000000e+00,0.000000e+00,0.000000e+00,0.000000e+00,0.000000e+00,0.000000e+00,0.000000e+00,0.000000e+00,0.000000e+00
1.000000e+00,0.000000e+00,0.000000e+00,0.000000e+00,0.000000e+00,0.000000e+00,0.000000e+00,0.000000e+00,0.000000e+00,0.000000e+00,0.000000e+00,0.000000e+00,0.000000e+00,0.000000e+00,0.000000e+00
1.000000e+00,0.000000e+00,0.000000e+00,0.000000e+00,0.000000e+00,0.000000e+00,0.000000e+00,0.000000e+00,0.000000e+00,0.000000e+00,0.000000e+00,0.000000e+00,0.000000e+00,0.000000e+00,0.000000e+00
1.000000e+00,0.000000e+00,0.000000e+00,0.000000e+00,0.000000e+00,0.000000e+00,0.000000e+00,0.000000e+00,0.000000e+00,0.000000e+00,0.000000e+00,0.000000e+00,0.000000e+00,0.000000e+00,0.000000e+00
1.000000e+00,0.000000e+00,0.000000e+00,0.000000e+00,0.000000e+00,0.000000e+00,0.000000e+00,0.000000e+00,0.000000e+00,0.000000e+00,0.000000e+00,0.000000e+00,0.000000e+00,0.000000e+00,0.000000e+00
1.000000e+00,0.000000e+00,0.000000e+00,0.000000e+00,0.000000e+00,0.000000e+00,0.000000e+00,0.000000e+00,0.000000e+00,0.000000e+00,0.000000e+00,0.000000e+00,0.000000e+00,0.000000e+00,0.000000e+00
1.000000e+00,0.000000e+00,0.000000e+00,0.000000e+00,0.000000e+00,0.000000e+00,0.000000e+00,0.000000e+00,0.000000e+00,0.000000e+00,0.000000e+00,0.000000e+00,0.000000e+00,0.000000e+00,0.000000e+00
1.000000e+00,0.000000e+00,0.000000e+00,0.000000e+00,0.000000e+00,0.000000e+00,0.000000e+00,0.000000e+00,0.000000e+00,0.000000e+00,0.000000e+00,0.000000e+00,0.000000e+00,0.000000e+00,0.000000e+00
1.000000e+00,0.000000e+00,0.000000e+00,0.000000e+00,0.000000e+00,0.000000e+00,0.000000e+00,0.000000e+00,0.000000e+00,0.000000e+00,0.000000e+00,0.000000e+00,0.000000e+00,0.000000e+00,0.000000e+00
1.000000e+00,0.000000e+00,0.000000e+00,0.000000e+00,0.000000e+00,0.000000e+00,0.000000e+00,0.000000e+00,0.000000e+00,0.000000e+00,0.000000e+00,0.000000e+00,0.000000e+00,0.000000e+00,0.000000e+00
1.000000e+00,0.000000e+00,0.000000e+00,0.000000e+00,0.000000e+00,0.000000e+00,0.000000e+00,0.000000e+00,0.000000e+00,0.000000e+00,0.000000e+00,0.000000e+00,0.000000e+00,0.000000e+00,0.000000e+00
1.000000e+00,0.000000e+00,0.000000e+00,0.000000e+00,0.000000e+00,0.000000e+00,0.000000e+00,0.000000e+00,0.000000e+00,0.000000e+00,0.000000e+00,0.000000e+00,0.000000e+00,0.000000e+00,0.000000e+00
1.000000e+00,0.000000e+00,0.000000e+00,0.000000e+00,0.000000e+00,0.000000e+00,0.000000e+00,0.000000e+00,0.000000e+00,0.000000e+00,0.000000e+00,0.000000e+00,0.000000e+00,0.000000e+00,0.000000e+00
1.000000e+00,0.000000e+00,0.000000e+00,0.000000e+00,0.000000e+00,0.000000e+00,0.000000e+00,0.000000e+00,0.000000e+00,0.000000e+00,0.000000e+00,0.000000e+00,0.000000e+00,0.000000e+00,0.000000e+00
1.000000e+00,0.000000e+00,0.000000e+00,0.000000e+00,0.000000e+00,0.000000e+00,0.000000e+00,0.000000e+00,0.000000e+00,0.000000e+00,0.000000e+00,0.000000e+00,0.000000e+00,0.000000e+00,0.000000e+00
1.000000e+00,0.000000e+00,0.000000e+00,0.000000e+00,0.000000e+00,0.000000e+00,0.000000e+00,0.000000e+00,0.000000e+00,0.000000e+00,0.000000e+00,0.000000e+00,0.000000e+00,0.000000e+00,0.000000e+00
1.000000e+00,0.000000e+00,0.000000e+00,0.000000e+00,0.000000e+00,0.000000e+00,0.000000e+00,0.000000e+00,0.000000e+00,0.000000e+00,0.000000e+00,0.000000e+00,0.000000e+00,0.000000e+00,0.000000e+00
1.000000e+00,0.000000e+00,0.000000e+00,0.000000e+00,0.000000e+00,0.000000e+00,0.000000e+00,0.000000e+00,0.000000e+00,0.000000e+00,0.000000e+00,0.000000e+00,0.000000e+00,0.000000e+00,0.000000e+00
1.000000e+00,0.000000e+00,0.000000e+00,0.000000e+00,0.000000e+00,0.000000e+00,0.000000e+00,0.000000e+00,0.000000e+00,0.000000e+00,0.000000e+00,0.000000e+00,0.000000e+00,0.000000e+00,0.000000e+00
1.000000e+00,0.000000e+00,0.000000e+00,0.000000e+00,0.000000e+00,0.000000e+00,0.000000e+00,0.000000e+00,0.000000e+00,0.000000e+00,0.000000e+00,0.000000e+00,0.000000e+00,0.000000e+00,0.000000e+00
1.000000e+00,0.000000e+00,0.000000e+00,0.000000e+00,0.000000e+00,0.000000e+00,0.000000e+00,0.000000e+00,0.000000e+00,0.000000e+00,0.000000e+00,0.000000e+00,0.000000e+00,0.000000e+00,0.000000e+00
1.000000e+00,0.000000e+00,0.000000e+00,0.000000e+00,0.000000e+00,0.000000e+00,0.000000e+00,0.000000e+00,0.000000e+00,0.000000e+00,0.000000e+00,0.000000e+00,0.000000e+00,0.000000e+00,0.000000e+00
1.000000e+00,0.000000e+00,0.000000e+00,0.000000e+00,0.000000e+00,0.000000e+00,0.000000e+00,0.000000e+00,0.000000e+00,0.000000e+00,0.000000e+00,0.000000e+00,0.000000e+00,0.000000e+00,0.000000e+00
1.000000e+00,0.000000e+00,0.000000e+00,0.000000e+00,0.000000e+00,0.000000e+00,0.000000e+00,0.000000e+00,0.000000e+00,0.000000e+00,0.000000e+00,0.000000e+00,0.000000e+00,0.000000e+00,0.000000e+00
1.000000e+00,0.000000e+00,0.000000e+00,0.000000e+00,0.000000e+00,0.000000e+00,0.000000e+00,0.000000e+00,0.000000e+00,0.000000e+00,0.000000e+00,0.000000e+00,0.000000e+00,0.000000e+00,0.000000e+00
1.000000e+00,0.000000e+00,0.000000e+00,0.000000e+00,0.000000e+00,0.000000e+00,0.000000e+00,0.000000e+00,0.000000e+00,0.000000e+00,0.000000e+00,0.000000e+00,0.000000e+00,0.000000e+00,0.000000e+00
1.000000e+00,0.000000e+00,0.000000e+00,0.000000e+00,0.000000e+00,0.000000e+00,0.000000e+00,0.000000e+00,0.000000e+00,0.000000e+00,0.000000e+00,0.000000e+00,0.000000e+00,0.000000e+00,0.000000e+00
1.000000e+00,0.000000e+00,0.000000e+00,0.000000e+00,0.000000e+00,0.000000e+00,0.000000e+00,0.000000e+00,0.000000e+00,0.000000e+00,0.000000e+00,0.000000e+00,0.000000e+00,0.000000e+00,0.000000e+00
1.000000e+00,0.000000e+00,0.000000e+00,0.000000e+00,0.000000e+00,0.000000e+00,0.000000e+00,0.000000e+00,0.000000e+00,0.000000e+00,0.000000e+00,0.000000e+00,0.000000e+00,0.000000e+00,0.000000e+00
1.000000e+00,0.000000e+00,0.000000e+00,0.000000e+00,0.000000e+00,0.000000e+00,0.000000e+00,0.000000e+00,0.000000e+00,0.000000e+00,0.000000e+00,0.000000e+00,0.000000e+00,0.000000e+00,0.000000e+00
1.000000e+00,0.000000e+00,0.000000e+00,0.000000e+00,0.000000e+00,0.000000e+00,0.000000e+00,0.000000e+00,0.000000e+00,0.000000e+00,0.000000e+00,0.000000e+00,0.000000e+00,0.000000e+00,0.000000e+00
1.000000e+00,0.000000e+00,0.000000e+00,0.000000e+00,0.000000e+00,0.000000e+00,0.000000e+00,0.000000e+00,0.000000e+00,0.000000e+00,0.000000e+00,0.000000e+00,0.000000e+00,0.000000e+00,0.000000e+00
1.000000e+00,0.000000e+00,0.000000e+00,0.000000e+00,0.000000e+00,0.000000e+00,0.000000e+00,0.000000e+00,0.000000e+00,0.000000e+00,0.000000e+00,0.000000e+00,0.000000e+00,0.000000e+00,0.000000e+00
1.000000e+00,0.000000e+00,0.000000e+00,0.000000e+00,0.000000e+00,0.000000e+00,0.000000e+00,0.000000e+00,0.000000e+00,0.000000e+00,0.000000e+00,0.000000e+00,0.000000e+00,0.000000e+00,0.000000e+00
