1.000000e+00,0.000000e+00,0.000000e+00,0.000000e+00,0.000000e+00,0.000000e+00,0.000000e+00,0.000000e+00,0.000000e+00,0.000000e+00,0.000000e+00,0.000000e+00,0.000000e+00,0.000000e+00,0.000000e+00
1.000000e+00,0.000000e+00,0.000000e+00,0.000000e+00,0.000000e+00,0.000000e+00,0.000000e+00,0.000000e+00,0.000000e+00,0.000000e+00,0.000000e+00,0.000000e+00,0.000000e+00,0.000000e+00,0.000000e+00
1.000000e+00,0.000000e+00,0.000000e+00,0.000000e+00,0.000000e+00,0.000000e+00,0.000000e+00,0.000000e+00,0.000000e+00,0.000000e+00,0.000000e+00,0.000000e+00,0.000000e+00,0.000000e+00,0.000000e+00
1.000000e+00,0.000000e+00,0.000000e+00,0.000000e+00,0.000000e+00,0.000000e+00,0.000000e+00,0.000000e+00,0.000000e+00,0.000000e+00,0.000000e+00,0.000000e+00,0.000000e+00,0.000000e+00,0.000000e+00
1.000000e+00,0.000000e+00,0.000000e+00,0.000000e+00,0.000000e+00,0.000000e+00,0.000000e+00,0.000000e+00,0.000000e+00,0.000000e+00,0.000000e+00,0.000000e+00,0.000000e+00,0.000000e+00,0.000000e+00
1.000000e+00,0.000000e+00,0.000000e+00,0.000000e+00,0.000000e+00,0.000000e+00,0.000000e+00,0.000000e+00,0.000000e+00,0.000000e+00,0.000000e+00,0.000000e+00,0.000000e+00,0.000000e+00,0.000000e+00
1.000000e+00,0.000000e+00,0.000000e+00,0.000000e+00,0.000000e+00,0.000000e+00,0.000000e+00,0.000000e+00,0.000000e+00,0.000000e+00,0.000000e+00,0.000000e+00,0.000000e+00,0.000000e+00,0.000000e+00
1.000000e+00,0.000000e+00,0.000000e+00,0.000000e+00,0.000000e+00,0.000000e+00,0.000000e+00,0.000000e+00,0.000000e+00,0.000000e+00,0.000000e+00,0.000000e+00,0.000000e+00,0.000000e+00,0.000000e+00
1.000000e+00,0.000000e+00,0.000000e+00,0.000000e+00,0.000000e+00,0.000000e+00,0.000000e+00,0.000000e+00,0.000000e+00,0.000000e+00,0.000000e+00,0.000000e+00,0.000000e+00,0.000000e+00,0.000000e+00
1.000000e+00,0.000000e+00,0.000000e+00,0.000000e+00,0.000000e+00,0.000000e+00,0.000000e+00,0.000000e+00,0.000000e+00,0.000000e+00,0.000000e+00,0.000000e+00,0.000000e+00,0.000000e+00,0.000000e+00
1.000000e+00,0.000000e+00,0.000000e+00,0.000000e+00,0.000000e+00,0.000000e+00,0.000000e+00,0.000000e+00,0.000000e+00,0.000000e+00,0.000000e+00,0.000000e+00,0.000000e+00,0.000000e+00,0.000000e+00
1.000000e+00,0.000000e+00,0.000000e+00,0.000000e+00,0.000000e+00,0.000000e+00,0.000000e+00,0.000000e+00,0.000000e+00,0.000000e+00,0.000000e+00,0.000000e+00,0.000000e+00,0.000000e+00,0.000000e+00
1.000000e+00,0.000000e+00,0.000000e+00,0.000000e+00,0.000000e+00,0.000000e+00,0.000000e+00,0.000000e+00,0.000000e+00,0.000000e+00,0.000000e+00,0.000000e+00,0.000000e+00,0.000000e+00,0.000000e+00
1.000000e+00,0.000000e+00,0.000000e+00,0.000000e+00,0.000000e+00,0.000000e+00,0.000000e+00,0.000000e+00,0.000000e+00,0.000000e+00,0.000000e+00,0.000000e+00,0.000000e+00,0.000000e+00,0.000000e+00
1.000000e+00,0.000000e+00,0.000000e+00,0.000000e+00,0.000000e+00,0.000000e+00,0.000000e+00,0.000000e+00,0.000000e+00,0.000000e+00,0.000000e+00,0.000000e+00,0.000000e+00,0.000000e+00,0.000000e+00
1.000000e+00,0.000000e+00,0.000000e+00,0.000000e+00,0.000000e+00,0.000000e+00,0.000000e+00,0.000000e+00,0.000000e+00,0.000000e+00,0.000000e+00,0.000000e+00,0.000000e+00,0.000000e+00,0.000000e+00
1.000000e+00,0.000000e+00,0.000000e+00,0.000000e+00,0.000000e+00,0.000000e+00,0.000000e+00,0.000000e+00,0.000000e+00,0.000000e+00,0.000000e+00,0.000000e+00,0.000000e+00,0.000000e+00,0.000000e+00
1.000000e+00,0.000000e+00,0.000000e+00,0.000000e+00,0.000000e+00,0.000000e+00,0.000000e+00,0.000000e+00,0.000000e+00,0.000000e+00,0.000000e+00,0.000000e+00,0.000000e+00,0.000000e+00,0.000000e+00
1.000000e+00,0.000000e+00,0.000000e+00,0.000000e+00,0.000000e+00,0.000000e+00,0.000000e+00,0.000000e+00,0.000000e+00,0.000000e+00,0.000000e+00,0.000000e+00,0.000000e+00,0.000000e+00,0.000000e+00
1.000000e+00,0.000000e+00,0.000000e+00,0.000000e+00,0.000000e+00,0.000000e+00,0.000000e+00,0.000000e+00,0.000000e+00,0.000000e+00,0.000000e+00,0.000000e+00,0.000000e+00,0.000000e+00,0.000000e+00
1.000000e+00,0.000000e+00,0.000000e+00,0.000000e+00,0.000000e+00,0.000000e+00,0.000000e+00,0.000000e+00,0.000000e+00,0.000000e+00,0.000000e+00,0.000000e+00,0.000000e+00,0.000000e+00,0.000000e+00
1.000000e+00,0.000000e+00,0.000000e+00,0.000000e+00,0.000000e+00,0.000000e+00,0.000000e+00,0.000000e+00,0.000000e+00,0.000000e+00,0.000000e+00,0.000000e+00,0.000000e+00,0.000000e+00,0.000000e+00
1.000000e+00,0.000000e+00,0.000000e+00,0.000000e+00,0.000000e+00,0.000000e+00,0.000000e+00,0.000000e+00,0.000000e+00,0.000000e+00,0.000000e+00,0.000000e+00,0.000000e+00,0.000000e+00,0.000000e+00
1.000000e+00,0.000000e+00,0.000000e+00,0.000000e+00,0.000000e+00,0.000000e+00,0.000000e+00,0.000000e+00,0.000000e+00,0.000000e+00,0.000000e+00,0.000000e+00,0.000000e+00,0.000000e+00,0.000000e+00
1.000000e+00,0.000000e+00,0.000000e+00,0.000000e+00,0.000000e+00,0.000000e+00,0.000000e+00,0.000000e+00,0.000000e+00,0.000000e+00,0.000000e+00,0.000000e+00,0.000000e+00,0.000000e+00,0.000000e+00
1.000000e+00,0.000000e+00,0.000000e+00,0.000000e+00,0.000000e+00,0.000000e+00,0.000000e+00,0.000000e+00,0.000000e+00,0.000000e+00,0.000000e+00,0.000000e+00,0.000000e+00,0.000000e+00,0.000000e+00
1.000000e+00,0.000000e+00,0.000000e+00,0.000000e+00,0.000000e+00,0.000000e+00,0.000000e+00,0.000000e+00,0.000000e+00,0.000000e+00,0.000000e+00,0.000000e+00,0.000000e+00,0.000000e+00,0.000000e+00
1.000000e+00,0.000000e+00,0.000000e+00,0.000000e+00,0.000000e+00,0.000000e+00,0.000000e+00,0.000000e+00,0.000000e+00,0.000000e+00,0.000000e+00,0.000000e+00,0.000000e+00,0.000000e+00,0.000000e+00
1.000000e+00,0.000000e+00,0.000000e+00,0.000000e+00,0.000000e+00,0.000000e+00,0.000000e+00,0.000000e+00,0.000000e+00,0.000000e+00,0.000000e+00,0.000000e+00,0.000000e+00,0.000000e+00,0.000000e+00
1.000000e+00,0.000000e+00,0.000000e+00,0.000000e+00,0.000000e+00,0.000000e+00,0.000000e+00,0.000000e+00,0.000000e+00,0.000000e+00,0.000000e+00,0.000000e+00,0.000000e+00,0.000000e+00,0.000000e+00
1.000000e+00,0.000000e+00,0.000000e+00,0.000000e+00,0.000000e+00,0.000000e+00,0.000000e+00,0.000000e+00,0.000000e+00,0.000000e+00,0.000000e+00,0.000000e+00,0.000000e+00,0.000000e+00,0.000000e+00
1.000000e+00,0.000000e+00,0.000000e+00,0.000000e+00,0.000000e+00,0.000000e+00,0.000000e+00,0.000000e+00,0.000000e+00,0.000000e+00,0.000000e+00,0.000000e+00,0.000000e+00,0.000000e+00,0.000000e+00
1.000000e+00,0.000000e+00,0.000000e+00,0.000000e+00,0.000000e+00,0.000000e+00,0.000000e+00,0.000000e+00,0.000000e+00,0.000000e+00,0.000000e+00,0.000000e+00,0.000000e+00,0.000000e+00,0.000000e+00
1.000000e+00,0.000000e+00,0.000000e+00,0.000000e+00,0.000000e+00,0.000000e+00,0.000000e+00,0.000000e+00,0.000000e+00,0.000000e+00,0.000000e+00,0.000000e+00,0.000000e+00,0.000000e+00,0.000000e+00
1.000000e+00,0.000000e+00,0.000000e+00,0.000000e+00,0.000000e+00,0.000000e+00,0.000000e+00,0.000000e+00,0.000000e+00,0.000000e+00,0.000000e+00,0.000000e+00,0.000000e+00,0.000000e+00,0.000000e+00
1.000000e+00,0.000000e+00,0.000000e+00,0.000000e+00,0.000000e+00,0.000000e+00,0.000000e+00,0.000000e+00,0.000000e+00,0.000000e+00,0.000000e+00,0.000000e+00,0.000000e+00,0.000000e+00,0.000000e+00
1.000000e+00,0.000000e+00,0.000000e+00,0.000000e+00,0.000000e+00,0.000000e+00,0.000000e+00,0.000000e+00,0.000000e+00,0.000000e+00,0.000000e+00,0.000000e+00,0.000000e+00,0.000000e+00,0.000000e+00
1.000000e+00,0.000000e+00,0.000000e+00,0.000000e+00,0.000000e+00,0.000000e+00,0.000000e+00,0.000000e+00,0.000000e+00,0.000000e+00,0.000000e+00,0.000000e+00,0.000000e+00,0.000000e+00,0.000000e+00
1.000000e+00,0.000000e+00,0.000000e+00,0.000000e+00,0.000000e+00,0.000000e+00,0.000000e+00,0.000000e+00,0.000000e+00,0.000000e+00,0.000000e+00,0.000000e+00,0.000000e+00,0.000000e+00,0.000000e+00
1.000000e+00,0.000000e+00,0.000000e+00,0.000000e+00,0.000000e+00,0.000000e+00,0.000000e+00,0.000000e+00,0.000000e+00,0.000000e+00,0.000000e+00,0.000000e+00,0.000000e+00,0.000000e+00,0.000000e+00
4.150977e-01,3.964734e-02,2.678652e-02,8.777494e-02,5.186066e-03,3.792062e-02,3.953329e-03,7.201263e-03,4.247158e-02,3.632877e-03,7.285684e-03,1.099791e-02,2.301487e-01,3.329545e-03,7.856596e-02
2.924182e-01,4.740024e-02,3.133071e-02,1.909426e-01,4.418657e-03,2.916192e-02,3.374803e-03,5.117033e-03,7.118678e-02,6.443846e-03,5.469148e-03,8.126130e-03,1.688807e-01,2.579971e-03,1.331493e-01
3.787758e-01,4.759349e-02,3.197726e-02,1.619704e-01,8.900631e-03,2.902799e-02,4.432832e-03,4.373827e-03,6.138472e-02,5.900500e-03,7.159780e-03,7.953309e-03,1.297931e-01,3.165108e-03,1.175912e-01
2.701449e-01,6.578463e-02,2.887819e-02,1.666675e-01,7.522263e-03,2.618209e-02,4.100805e-03,3.204095e-03,9.356110e-02,1.000620e-02,6.816247e-03,7.730476e-03,1.203147e-01,2.798523e-03,1.862883e-01
1.932254e-01,4.796892e-02,2.103015e-02,1.181904e-01,5.518496e-03,1.894807e-02,2.943642e-03,2.267326e-03,1.643614e-01,8.009332e-03,5.079062e-03,5.526812e-03,9.011783e-02,2.963507e-03,3.138495e-01
2.639038e-01,3.725208e-02,1.596404e-02,8.970530e-02,6.518080e-03,1.900963e-02,3.647304e-03,2.798601e-03,1.724437e-01,6.564554e-03,7.689460e-03,6.757820e-03,7.248787e-02,8.554679e-03,2.867032e-01
2.337004e-01,3.177027e-02,1.187600e-02,7.964061e-02,5.324865e-03,1.535644e-02,2.939101e-03,2.293133e-03,2.295044e-01,6.349785e-03,7.283268e-03,5.945171e-03,5.542240e-02,8.348038e-03,3.042461e-01
2.986311e-01,2.540805e-02,8.650301e-03,5.827834e-02,5.089101e-03,1.819637e-02,2.372213e-03,2.078456e-03,1.944696e-01,5.016067e-03,6.006578e-03,5.314849e-03,6.902856e-02,8.675056e-03,2.927853e-01
2.539963e-01,2.082357e-02,7.100308e-03,4.260688e-02,3.923517e-03,1.389148e-02,1.849027e-03,1.614101e-03,2.605242e-01,4.602554e-03,4.617624e-03,5.020034e-03,5.710856e-02,8.454628e-03,3.138672e-01
1.842309e-01,1.730355e-02,5.107670e-02,3.361541e-02,2.878308e-03,9.990888e-03,1.479351e-03,1.203628e-03,3.372465e-01,3.737432e-03,3.411810e-03,3.982595e-03,4.088693e-02,7.751726e-03,3.012043e-01
2.638870e-01,1.595889e-02,4.401176e-02,3.423566e-02,2.560046e-03,8.788297e-03,1.262316e-03,1.430115e-03,2.731913e-01,3.857845e-03,9.747542e-03,6.007542e-03,5.088422e-02,1.220397e-02,2.719735e-01
3.997840e-01,1.284507e-02,3.882753e-02,2.608051e-02,2.966248e-03,9.419808e-03,1.394148e-03,2.599282e-03,1.948242e-01,3.484809e-03,1.188400e-02,8.067358e-03,6.263901e-02,1.617878e-02,2.090053e-01
1.000000e+00,0.000000e+00,0.000000e+00,0.000000e+00,0.000000e+00,0.000000e+00,0.000000e+00,0.000000e+00,0.000000e+00,0.000000e+00,0.000000e+00,0.000000e+00,0.000000e+00,0.000000e+00,0.000000e+00
1.000000e+00,0.000000e+00,0.000000e+00,0.000000e+00,0.000000e+00,0.000000e+00,0.000000e+00,0.000000e+00,0.000000e+00,0.000000e+00,0.000000e+00,0.000000e+00,0.000000e+00,0.000000e+00,0.000000e+00
1.000000e+00,0.000000e+00,0.000000e+00,0.000000e+00,0.000000e+00,0.000000e+00,0.000000e+00,0.000000e+00,0.000000e+00,0.000000e+00,0.000000e+00,0.000000e+00,0.000000e+00,0.000000e+00,0.000000e+00
1.000000e+00,0.000000e+00,0.000000e+00,0.000000e+00,0.000000e+00,0.000000e+00,0.000000e+00,0.000000e+00,0.000000e+00,0.000000e+00,0.000000e+00,0.000000e+00,0.000000e+00,0.000000e+00,0.000000e+00
4.980550e-01,3.007206e-02,5.338348e-02,5.358087e-02,2.563898e-02,1.370524e-02,6.179507e-03,1.232104e-02,6.531848e-02,8.621271e-03,3.091550e-02,3.570427e-02,8.577910e-02,1.658139e-02,6.414397e-02
4.830048e-01,2.337470e-02,4.658013e-02,4.339729e-02,2.554499e-02,1.301951e-02,1.563077e-02,5.692859e-02,4.879875e-02,8.827541e-03,4.287162e-02,3.444257e-02,7.654060e-02,1.295120e-02,6.808700e-02
1.000000e+00,0.000000e+00,0.000000e+00,0.000000e+00,0.000000e+00,0.000000e+00,0.000000e+00,0.000000e+00,0.000000e+00,0.000000e+00,0.000000e+00,0.000000e+00,0.000000e+00,0.000000e+00,0.000000e+00
1.000000e+00,0.000000e+00,0.000000e+00,0.000000e+00,0.000000e+00,0.000000e+00,0.000000e+00,0.000000e+00,0.000000e+00,0.000000e+00,0.000000e+00,0.000000e+00,0.000000e+00,0.000000e+00,0.000000e+00
1.000000e+00,0.000000e+00,0.000000e+00,0.000000e+00,0.000000e+00,0.000000e+00,0.000000e+00,0.000000e+00,0.000000e+00,0.000000e+00,0.000000e+00,0.000000e+00,0.000000e+00,0.000000e+00,0.000000e+00
1.000000e+00,0.000000e+00,0.000000e+00,0.000000e+00,0.000000e+00,0.000000e+00,0.000000e+00,0.000000e+00,0.000000e+00,0.000000e+00,0.000000e+00,0.000000e+00,0.000000e+00,0.000000e+00,0.000000e+00
4.412902e-01,8.104293e-03,1.503898e-02,1.339339e-02,2.914134e-02,1.324964e-02,2.116987e-01,1.645934e-01,1.671160e-02,3.344829e-03,1.571896e-02,2.132605e-02,2.551233e-02,3.216234e-03,1.766007e-02
3.408480e-01,6.166034e-03,1.121748e-02,9.610662e-03,2.700583e-02,9.973772e-03,2.743798e-01,2.448454e-01,1.225523e-02,2.728820e-03,1.189300e-02,1.537633e-02,1.882181e-02,2.306312e-03,1.257153e-02
2.414873e-01,4.430362e-03,8.377855e-03,6.861659e-03,2.390138e-02,7.854132e-03,3.254412e-01,3.274249e-01,8.741188e-03,2.120028e-03,8.545042e-03,1.082328e-02,1.348275e-02,1.657210e-03,8.851605e-03
1.759090e-01,3.208506e-03,6.249242e-03,4.884596e-03,2.306021e-02,7.592125e-03,3.688473e-01,3.709913e-01,6.477327e-03,1.572665e-03,6.070541e-03,7.680072e-03,9.909490e-03,1.220126e-03,6.327369e-03
1.322190e-01,2.337073e-03,5.588084e-03,3.548291e-03,2.814564e-02,6.875518e-03,3.367616e-01,4.556280e-01,4.949164e-03,1.202060e-03,4.363344e-03,5.464728e-03,7.359031e-03,9.266870e-04,4.631775e-03
1.059874e-01,1.869934e-03,5.378404e-03,2.943312e-03,5.269898e-02,6.972424e-03,2.979899e-01,5.003120e-01,4.627875e-03,1.124228e-03,4.971237e-03,4.027505e-03,5.729983e-03,7.744372e-04,4.592364e-03
9.098239e-02,1.566021e-03,6.292798e-03,2.376958e-03,4.709572e-02,6.202811e-03,3.634002e-01,4.587570e-01,4.825180e-03,1.034094e-03,4.846453e-03,3.033575e-03,4.786211e-03,6.459046e-04,4.154741e-03
8.478156e-02,1.517760e-03,6.325191e-03,2.012803e-03,3.991443e-02,5.811459e-03,3.579631e-01,4.808171e-01,5.130215e-03,8.897148e-04,4.251658e-03,2.473175e-03,3.969551e-03,5.704967e-04,3.571833e-03
7.729529e-02,1.541251e-03,7.850470e-03,2.163765e-03,3.412317e-02,7.871100e-03,3.378626e-01,5.117615e-01,5.322393e-03,7.965760e-04,3.377944e-03,2.333722e-03,4.087662e-03,4.952343e-04,3.117314e-03
6.983849e-02,1.406444e-03,6.795670e-03,1.981087e-03,2.904804e-02,7.371409e-03,2.615072e-01,6.049778e-01,4.874163e-03,6.709050e-04,2.648040e-03,2.109029e-03,3.707651e-03,4.538012e-04,2.610307e-03
7.416627e-02,1.562524e-03,5.715275e-03,1.929790e-03,2.295880e-02,6.392590e-03,1.868626e-01,6.839612e-01,5.449739e-03,6.688694e-04,2.171114e-03,2.504859e-03,2.942724e-03,4.297670e-04,2.283950e-03
8.635110e-02,1.599324e-03,5.020161e-03,1.946960e-03,1.889361e-02,5.960806e-03,1.348098e-01,7.302239e-01,5.262600e-03,7.207368e-04,1.755937e-03,2.495111e-03,2.409279e-03,3.996736e-04,2.151008e-03
1.103363e-01,1.353076e-03,4.129533e-03,1.681810e-03,1.412384e-02,5.483740e-03,9.557969e-02,7.536370e-01,4.331570e-03,6.062543e-04,1.460649e-03,2.831589e-03,2.090758e-03,4.017282e-04,1.952503e-03
1.393444e-01,1.281521e-03,3.774791e-03,1.786831e-03,1.108440e-02,8.466966e-03,7.095874e-02,7.467141e-01,3.905857e-03,6.243656e-04,1.505846e-03,4.288053e-03,3.098521e-03,5.723519e-04,2.593281e-03
1.352154e-01,2.481401e-03,4.601368e-03,7.354138e-03,9.561609e-03,2.263732e-02,6.182247e-02,6.227101e-01,7.503877e-03,9.219661e-03,1.814989e-02,2.433470e-02,6.185090e-02,2.692850e-03,9.864324e-03
1.122458e-01,3.881223e-03,3.959002e-03,4.603575e-02,7.434804e-03,2.301776e-02,4.851688e-02,4.715071e-01,7.271272e-02,1.102063e-02,3.408293e-02,3.443036e-02,1.083132e-01,7.579364e-03,1.526249e-02
1.088290e-01,3.865733e-03,4.087030e-03,6.942674e-02,7.494409e-03,2.003732e-02,4.369038e-02,3.562693e-01,5.549917e-02,9.100178e-03,6.343719e-02,4.160001e-02,1.933795e-01,7.828659e-03,1.545546e-02
1.427317e-01,5.787190e-03,4.211755e-03,5.473953e-02,7.230229e-03,1.581547e-02,3.785534e-02,2.525811e-01,4.594171e-02,8.439320e-03,6.653074e-02,4.578713e-02,2.833342e-01,1.463642e-02,1.437819e-02
2.031112e-01,6.193715e-03,4.148989e-03,4.488440e-02,1.095812e-02,1.440665e-02,3.087784e-02,1.795703e-01,4.912670e-02,9.020615e-03,5.708500e-02,5.859742e-02,3.034618e-01,1.451429e-02,1.404296e-02
1.600437e-01,4.704540e-03,3.135541e-03,3.246022e-02,1.537155e-02,1.080306e-02,2.190319e-02,1.263446e-01,4.591205e-02,7.693823e-03,5.979033e-02,6.176340e-02,4.176806e-01,1.210692e-02,2.028655e-02
1.233449e-01,3.874384e-03,2.866854e-03,2.356788e-02,5.005261e-02,8.530462e-03,1.586233e-02,9.195450e-02,5.984482e-02,6.418868e-03,4.749257e-02,6.404194e-02,4.702138e-01,1.016177e-02,2.177238e-02
8.947701e-02,6.111947e-03,5.349333e-03,1.676134e-02,1.555323e-01,6.880215e-03,1.201611e-02,6.819005e-02,7.761589e-02,4.784903e-03,4.440435e-02,5.262346e-02,4.344445e-01,7.796723e-03,1.801198e-02
6.694010e-02,4.464753e-03,2.635185e-02,1.274022e-02,1.362166e-01,5.242451e-03,9.591612e-03,1.374651e-01,6.607011e-02,3.854383e-03,5.035213e-02,4.061367e-02,4.110291e-01,6.218139e-03,2.284986e-02
5.486164e-02,3.960198e-03,6.063635e-02,9.886670e-03,2.408688e-01,4.306542e-03,9.412043e-03,1.186968e-01,5.609595e-02,3.151926e-03,4.165455e-02,3.009379e-02,3.248394e-01,4.991092e-03,3.654428e-02
4.961310e-02,3.343454e-03,8.516435e-02,9.745971e-03,2.313407e-01,5.419810e-03,9.919462e-03,1.243782e-01,7.034221e-02,3.637347e-03,4.716995e-02,2.622368e-02,2.735780e-01,5.334214e-03,5.478942e-02
4.510808e-02,4.003392e-03,7.530510e-02,8.356612e-03,2.816373e-01,5.436774e-03,9.660417e-03,1.665598e-01,9.127916e-02,2.755538e-03,3.730942e-02,1.981880e-02,2.017485e-01,4.261366e-03,4.675963e-02
4.574886e-02,3.982153e-03,8.233434e-02,7.077891e-03,2.628208e-01,4.726443e-03,1.093538e-02,2.615625e-01,7.542390e-02,2.195682e-03,2.974881e-02,1.590773e-02,1.551255e-01,3.910801e-03,3.849921e-02
4.147041e-02,3.816740e-03,1.140898e-01,1.149466e-01,2.382560e-01,3.791224e-03,8.023011e-03,2.394895e-01,6.150571e-02,1.654214e-03,2.169927e-02,1.134890e-02,1.096206e-01,2.875908e-03,2.741205e-02
4.013414e-02,3.518131e-03,2.189668e-01,1.678215e-01,1.823820e-01,3.640248e-03,5.988159e-03,1.896520e-01,5.460254e-02,1.721844e-03,1.917594e-02,8.935525e-03,8.002237e-02,2.112384e-03,2.132636e-02
6.355970e-02,3.691710e-03,2.704552e-01,1.655842e-01,1.697855e-01,4.863279e-03,5.178739e-03,1.666803e-01,4.323211e-02,2.217880e-03,1.737112e-02,8.026008e-03,6.008197e-02,1.734098e-03,1.753808e-02
6.683745e-02,5.574268e-03,2.834374e-01,1.309859e-01,2.159368e-01,8.840056e-03,5.480370e-03,1.554190e-01,3.213545e-02,8.654448e-03,1.882918e-02,7.280194e-03,4.432976e-02,2.345346e-03,1.391438e-02
1.031212e-01,1.861804e-02,2.248708e-01,1.177213e-01,2.771702e-01,1.959917e-02,8.843560e-03,1.250047e-01,2.629770e-02,7.825337e-03,1.803905e-02,6.460323e-03,3.293684e-02,2.284492e-03,1.120725e-02
1.745402e-01,4.727736e-02,1.743309e-01,1.037178e-01,2.478479e-01,2.627575e-02,1.146647e-02,1.165220e-01,2.241644e-02,1.271023e-02,1.610943e-02,6.964943e-03,2.654840e-02,2.502716e-03,1.076959e-02
2.188391e-01,6.318848e-02,1.320575e-01,7.915554e-02,2.588473e-01,3.651832e-02,1.288628e-02,1.078156e-01,1.839673e-02,1.980813e-02,1.241945e-02,7.987974e-03,2.129211e-02,2.334339e-03,8.453245e-03
2.883921e-01,7.715344e-02,9.941707e-02,5.855301e-02,2.552762e-01,3.350422e-02,1.422800e-02,9.210545e-02,1.715467e-02,1.981565e-02,9.689638e-03,7.941809e-03,1.719432e-02,2.736043e-03,6.838353e-03
2.780380e-01,6.038212e-02,7.232441e-02,4.225481e-02,3.712883e-01,2.622480e-02,1.257174e-02,6.990675e-02,1.332646e-02,1.623365e-02,7.684657e-03,7.312951e-03,1.347234e-02,3.018438e-03,5.960538e-03
2.742927e-01,4.600890e-02,5.257294e-02,3.208994e-02,4.210286e-01,2.112579e-02,1.168281e-02,5.203212e-02,1.151883e-02,1.488679e-02,1.662454e-02,1.070437e-02,1.164532e-02,4.817388e-03,1.896898e-02
3.275553e-01,3.958822e-02,3.878009e-02,2.819007e-02,3.082879e-01,2.177478e-02,1.004671e-02,3.729438e-02,1.503917e-02,3.655126e-02,3.859209e-02,1.140627e-02,1.823689e-02,1.619850e-02,5.245829e-02
4.255714e-01,3.257012e-02,2.999934e-02,2.733240e-02,2.188889e-01,2.128740e-02,1.096404e-02,2.653332e-02,1.330706e-02,3.216091e-02,4.178343e-02,1.127302e-02,2.178035e-02,2.004635e-02,6.650193e-02
1.000000e+00,0.000000e+00,0.000000e+00,0.000000e+00,0.000000e+00,0.000000e+00,0.000000e+00,0.000000e+00,0.000000e+00,0.000000e+00,0.000000e+00,0.000000e+00,0.000000e+00,0.000000e+00,0.000000e+00
4.501308e-01,2.192139e-02,1.601543e-02,1.997375e-02,1.111425e-01,2.202879e-02,6.840961e-03,1.331158e-02,1.074536e-02,2.555926e-02,6.558114e-02,1.092089e-02,2.132692e-02,2.858908e-02,1.759122e-01
3.846907e-01,1.961865e-02,1.268588e-02,1.562915e-02,7.801680e-02,2.408586e-02,5.097021e-03,9.569166e-03,1.114979e-02,2.123475e-02,7.946406e-02,1.065977e-02,2.238609e-02,3.568498e-02,2.700273e-01
3.640367e-01,1.852758e-02,1.097783e-01,1.283775e-02,5.526786e-02,2.417539e-02,4.198571e-03,8.015834e-03,1.099036e-02,1.754626e-02,9.333248e-02,8.804831e-03,1.925965e-02,2.916199e-02,2.240665e-01
3.174473e-01,2.371576e-02,1.845877e-01,1.318783e-02,3.985946e-02,3.274390e-02,3.101310e-03,6.559511e-03,2.385364e-02,3.579962e-02,7.582107e-02,8.754315e-03,1.721027e-02,2.859525e-02,1.887630e-01
3.224888e-01,2.436016e-02,1.909173e-01,1.265435e-02,2.886774e-02,3.249612e-02,2.350221e-03,5.175785e-03,3.709309e-02,7.015716e-02,7.820314e-02,9.484642e-03,1.761871e-02,2.546397e-02,1.426688e-01
2.415287e-01,9.226456e-02,1.597985e-01,1.526338e-02,2.130815e-02,2.471125e-02,1.872406e-03,1.028355e-02,1.092334e-01,5.847742e-02,9.946433e-02,8.588035e-03,2.217915e-02,3.140197e-02,1.036252e-01
1.848179e-01,1.462194e-01,1.180575e-01,1.402290e-02,1.865743e-02,2.440445e-02,1.642206e-03,1.110696e-02,1.426563e-01,6.285974e-02,1.246834e-01,1.130989e-02,2.130065e-02,3.635174e-02,8.190967e-02
1.505405e-01,1.507509e-01,8.591883e-02,3.186227e-02,1.634180e-02,2.113292e-02,1.543165e-03,1.568770e-02,2.420219e-01,5.491156e-02,1.038467e-01,1.097766e-02,1.731097e-02,3.213706e-02,6.501605e-02
1.238756e-01,2.042194e-01,6.131469e-02,3.197812e-02,1.435502e-02,2.114541e-02,1.383044e-03,1.211912e-02,2.769385e-01,4.433912e-02,9.233557e-02,1.255475e-02,1.553060e-02,2.632998e-02,6.158100e-02
1.003365e-01,1.869099e-01,4.382470e-02,3.283182e-02,1.212026e-02,2.008215e-02,1.122494e-03,1.116876e-02,3.256838e-01,3.669360e-02,1.057279e-01,2.026215e-02,2.255918e-02,2.602288e-02,5.465390e-02
7.837209e-02,1.628130e-01,3.144048e-02,3.542449e-02,1.033419e-02,1.504899e-02,9.088098e-04,1.060681e-02,4.281593e-01,2.881512e-02,8.459406e-02,1.586421e-02,2.023418e-02,2.513641e-02,5.224785e-02
7.723141e-02,1.319876e-01,2.297256e-02,3.663222e-02,2.106402e-02,1.178159e-02,9.281456e-04,8.775688e-03,4.662746e-01,2.273853e-02,9.695402e-02,1.618228e-02,2.097823e-02,2.201622e-02,4.348286e-02
1.169698e-01,1.067895e-01,1.788438e-02,5.203359e-02,3.749719e-02,1.892701e-02,1.094490e-03,8.641934e-03,4.379317e-01,1.888599e-02,7.953903e-02,1.322924e-02,1.714426e-02,2.394244e-02,4.948936e-02
1.365130e-01,1.046415e-01,1.411028e-02,5.525523e-02,4.759212e-02,2.332063e-02,9.151169e-04,1.323941e-02,4.085078e-01,1.584719e-02,7.428239e-02,1.149597e-02,1.386344e-02,3.486027e-02,4.555549e-02
1.402660e-01,8.950240e-02,1.159337e-02,7.969286e-02,5.407801e-02,2.499232e-02,9.844111e-04,4.992794e-02,3.833190e-01,1.219920e-02,6.279679e-02,9.913563e-03,1.164662e-02,3.112674e-02,3.796083e-02
1.302792e-01,8.805209e-02,1.096676e-02,8.227926e-02,9.995370e-02,2.865077e-02,1.302094e-03,4.064659e-02,3.482381e-01,9.433231e-03,4.661214e-02,7.940366e-03,9.938338e-03,2.502104e-02,7.068629e-02
1.218387e-01,1.066681e-01,9.259161e-03,8.862545e-02,1.042981e-01,2.966659e-02,1.285808e-03,4.275226e-02,3.463917e-01,7.705940e-03,3.612338e-02,7.187720e-03,8.366444e-03,2.083596e-02,6.899478e-02
1.053771e-01,9.227195e-02,9.283161e-03,1.553157e-01,9.528390e-02,2.919545e-02,1.125785e-03,7.854223e-02,3.198414e-01,6.179718e-03,2.657419e-02,5.414074e-03,6.555555e-03,1.521703e-02,5.382282e-02
9.554417e-02,8.523323e-02,9.286340e-03,2.214743e-01,7.763944e-02,2.171384e-02,8.579387e-04,6.945658e-02,3.177437e-01,5.316982e-03,2.055206e-02,4.494235e-03,5.612150e-03,1.104198e-02,5.403300e-02
8.763570e-02,6.888252e-02,8.704863e-03,2.797656e-01,6.807433e-02,1.695847e-02,7.446817e-04,5.584737e-02,3.172135e-01,4.996448e-03,2.903963e-02,4.413011e-03,5.213827e-03,8.390670e-03,4.411932e-02
1.517467e-01,5.548543e-02,9.845136e-03,2.142611e-01,5.454321e-02,1.605632e-02,1.654018e-03,1.279566e-01,2.824082e-01,4.463778e-03,2.895254e-02,7.491163e-03,4.624366e-03,6.771558e-03,3.373993e-02
1.880303e-01,4.954296e-02,9.482993e-03,1.758153e-01,5.124918e-02,2.216320e-02,1.645955e-03,1.479360e-01,2.559665e-01,4.864524e-03,4.215109e-02,9.657422e-03,5.462617e-03,6.030957e-03,3.000102e-02
2.492581e-01,4.985915e-02,1.251147e-02,1.798606e-01,5.321686e-02,2.361855e-02,1.709788e-03,1.235436e-01,1.923550e-01,6.649829e-03,5.059167e-02,1.291087e-02,7.848561e-03,6.102490e-03,2.996352e-02
2.408125e-01,4.205075e-02,1.243122e-02,1.867033e-01,4.419358e-02,3.024725e-02,2.106514e-03,8.926587e-02,1.401918e-01,1.137410e-02,1.213021e-01,1.742266e-02,2.084146e-02,1.201404e-02,2.904281e-02
3.163045e-01,3.585076e-02,9.925931e-03,1.472996e-01,3.383969e-02,2.441140e-02,1.741218e-03,6.448989e-02,1.045640e-01,2.444641e-02,1.547612e-01,1.776269e-02,2.143423e-02,1.676874e-02,2.639975e-02
3.782248e-01,3.299408e-02,1.204129e-02,1.484773e-01,3.025764e-02,2.223980e-02,2.063739e-03,5.276454e-02,8.434777e-02,2.194914e-02,1.270640e-01,2.485130e-02,2.351426e-02,1.491235e-02,2.429794e-02
4.227886e-01,3.219707e-02,1.554092e-02,1.405710e-01,2.580201e-02,2.204647e-02,2.134703e-03,3.938352e-02,7.685708e-02,2.177627e-02,1.064264e-01,2.627451e-02,2.565486e-02,1.638163e-02,2.616497e-02
4.268863e-01,2.982297e-02,1.933849e-02,1.191459e-01,2.330574e-02,2.240177e-02,2.231940e-03,3.251959e-02,7.728683e-02,2.803342e-02,1.038701e-01,2.459273e-02,2.505160e-02,2.465269e-02,4.085995e-02
4.494283e-01,2.539809e-02,3.786536e-02,1.019528e-01,2.251225e-02,2.444375e-02,2.252239e-03,3.299393e-02,7.159794e-02,2.276619e-02,9.398212e-02,2.341570e-02,2.414974e-02,3.149489e-02,3.574664e-02
4.998629e-01,2.619434e-02,3.471345e-02,8.338426e-02,1.955447e-02,3.030943e-02,2.259970e-03,2.760788e-02,6.439988e-02,1.849015e-02,7.777853e-02,2.454896e-02,2.507807e-02,2.947754e-02,3.634010e-02
1.000000e+00,0.000000e+00,0.000000e+00,0.000000e+00,0.000000e+00,0.000000e+00,0.000000e+00,0.000000e+00,0.000000e+00,0.000000e+00,0.000000e+00,0.000000e+00,0.000000e+00,0.000000e+00,0.000000e+00
1.000000e+00,0.000000e+00,0.000000e+00,0.000000e+00,0.000000e+00,0.000000e+00,0.000000e+00,0.000000e+00,0.000000e+00,0.000000e+00,0.000000e+00,0.000000e+00,0.000000e+00,0.000000e+00,0.000000e+00
1.000000e+00,0.000000e+00,0.000000e+00,0.000000e+00,0.000000e+00,0.000000e+00,0.000000e+00,0.000000e+00,0.000000e+00,0.000000e+00,0.000000e+00,0.000000e+00,0.000000e+00,0.000000e+00,0.000000e+00
1.000000e+00,0.000000e+00,0.000000e+00,0.000000e+00,0.000000e+00,0.000000e+00,0.000000e+00,0.000000e+00,0.000000e+00,0.000000e+00,0.000000e+00,0.000000e+00,0.000000e+00,0.000000e+00,0.000000e+00
1.000000e+00,0.000000e+00,0.000000e+00,0.000000e+00,0.000000e+00,0.000000e+00,0.000000e+00,0.000000e+00,0.000000e+00,0.000000e+00,0.000000e+00,0.000000e+00,0.000000e+00,0.000000e+00,0.000000e+00
1.000000e+00,0.000000e+00,0.000000e+00,0.000000e+00,0.000000e+00,0.000000e+00,0.000000e+00,0.000000e+00,0.000000e+00,0.000000e+00,0.000000e+00,0.000000e+00,0.000000e+00,0.000000e+00,0.000000e+00
4.841582e-01,2.578137e-02,6.284930e-02,5.406326e-02,1.677795e-02,2.642903e-02,7.208664e-03,1.289650e-02,4.781723e-02,1.077872e-02,2.799905e-02,1.896747e-02,2.262480e-02,6.984150e-02,1.118070e-01
1.000000e+00,0.000000e+00,0.000000e+00,0.000000e+00,0.000000e+00,0.000000e+00,0.000000e+00,0.000000e+00,0.000000e+00,0.000000e+00,0.000000e+00,0.000000e+00,0.000000e+00,0.000000e+00,0.000000e+00
1.000000e+00,0.000000e+00,0.000000e+00,0.000000e+00,0.000000e+00,0.000000e+00,0.000000e+00,0.000000e+00,0.000000e+00,0.000000e+00,0.000000e+00,0.000000e+00,0.000000e+00,0.000000e+00,0.000000e+00
4.862607e-01,2.971253e-02,8.801258e-02,4.552901e-02,5.552924e-02,2.169898e-02,6.519980e-03,2.607022e-02,4.254149e-02,1.213193e-02,2.196839e-02,2.633398e-02,1.909647e-02,4.308818e-02,7.550627e-02
4.431650e-01,2.819023e-02,8.665012e-02,6.422412e-02,7.264949e-02,1.933703e-02,6.434426e-03,6.244780e-02,4.431402e-02,1.409101e-02,1.778842e-02,2.817819e-02,1.630984e-02,3.463866e-02,6.158159e-02
4.835487e-01,2.700529e-02,6.998681e-02,7.185467e-02,6.434759e-02,2.198416e-02,6.290404e-03,5.682863e-02,4.043901e-02,1.758724e-02,1.499463e-02,2.740491e-02,1.444123e-02,2.906932e-02,5.421734e-02
1.000000e+00,0.000000e+00,0.000000e+00,0.000000e+00,0.000000e+00,0.000000e+00,0.000000e+00,0.000000e+00,0.000000e+00,0.000000e+00,0.000000e+00,0.000000e+00,0.000000e+00,0.000000e+00,0.000000e+00
1.000000e+00,0.000000e+00,0.000000e+00,0.000000e+00,0.000000e+00,0.000000e+00,0.000000e+00,0.000000e+00,0.000000e+00,0.000000e+00,0.000000e+00,0.000000e+00,0.000000e+00,0.000000e+00,0.000000e+00
1.000000e+00,0.000000e+00,0.000000e+00,0.000000e+00,0.000000e+00,0.000000e+00,0.000000e+00,0.000000e+00,0.000000e+00,0.000000e+00,0.000000e+00,0.000000e+00,0.000000e+00,0.000000e+00,0.000000e+00
1.000000e+00,0.000000e+00,0.000000e+00,0.000000e+00,0.000000e+00,0.000000e+00,0.000000e+00,0.000000e+00,0.000000e+00,0.000000e+00,0.000000e+00,0.000000e+00,0.000000e+00,0.000000e+00,0.000000e+00
1.000000e+00,0.000000e+00,0.000000e+00,0.000000e+00,0.000000e+00,0.000000e+00,0.000000e+00,0.000000e+00,0.000000e+00,0.000000e+00,0.000000e+00,0.000000e+00,0.000000e+00,0.000000e+00,0.000000e+00
1.000000e+00,0.000000e+00,0.000000e+00,0.000000e+00,0.000000e+00,0.000000e+00,0.000000e+00,0.000000e+00,0.000000e+00,0.000000e+00,0.000000e+00,0.000000e+00,0.000000e+00,0.000000e+00,0.000000e+00
1.000000e+00,0.000000e+00,0.000000e+00,0.000000e+00,0.000000e+00,0.000000e+00,0.000000e+00,0.000000e+00,0.000000e+00,0.000000e+00,0.000000e+00,0.000000e+00,0.000000e+00,0.000000e+00,0.000000e+00
1.000000e+00,0.000000e+00,0.000000e+00,0.000000e+00,0.000000e+00,0.000000e+00,0.000000e+00,0.000000e+00,0.000000e+00,0.000000e+00,0.000000e+00,0.000000e+00,0.000000e+00,0.000000e+00,0.000000e+00
1.000000e+00,0.000000e+00,0.000000e+00,0.000000e+00,0.000000e+00,0.000000e+00,0.000000e+00,0.000000e+00,0.000000e+00,0.000000e+00,0.000000e+00,0.000000e+00,0.000000e+00,0.000000e+00,0.000000e+00
1.000000e+00,0.000000e+00,0.000000e+00,0.000000e+00,0.000000e+00,0.000000e+00,0.000000e+00,0.000000e+00,0.000000e+00,0.000000e+00,0.000000e+00,0.000000e+00,0.000000e+00,0.000000e+00,0.000000e+00
4.816462e-01,5.373065e-02,1.758434e-02,1.233501e-01,1.806745e-02,1.556406e-02,1.140512e-02,1.451086e-01,2.658811e-02,1.593664e-02,1.420784e-02,2.276520e-02,1.043404e-02,6.160489e-03,3.745124e-02
3.823426e-01,3.919236e-02,1.308453e-02,2.020787e-01,1.547897e-02,1.262886e-02,8.344276e-03,1.086835e-01,3.110270e-02,1.274733e-02,4.374343e-02,3.578115e-02,5.993377e-02,5.443714e-03,2.941417e-02
3.794041e-01,2.909895e-02,1.030598e-02,1.748139e-01,1.275950e-02,1.206017e-02,6.700249e-03,8.361901e-02,2.598368e-02,1.069659e-02,6.416209e-02,5.891408e-02,1.009176e-01,5.809556e-03,2.475458e-02
3.287698e-01,2.111961e-02,8.482792e-03,1.358048e-01,2.595763e-02,9.672867e-03,5.107367e-03,6.121213e-02,2.716216e-02,7.900241e-03,1.030375e-01,5.395683e-02,1.885913e-01,5.068097e-03,1.815683e-02
2.959342e-01,1.520018e-02,6.640967e-03,9.911342e-02,3.703918e-02,8.049136e-03,3.971753e-03,4.559774e-02,2.917812e-02,5.734178e-03,1.068908e-01,5.296237e-02,2.753580e-01,4.465561e-03,1.386432e-02
3.385145e-01,1.181157e-02,6.465232e-03,7.261025e-02,4.702469e-02,7.263587e-03,3.781688e-03,3.650861e-02,5.150459e-02,4.728365e-03,8.680375e-02,4.856801e-02,2.703153e-01,3.475099e-03,1.062468e-02
2.684945e-01,1.087639e-02,6.229989e-03,5.596897e-02,4.265326e-02,5.794148e-03,3.550061e-03,3.668343e-02,1.897044e-01,4.138294e-03,7.218616e-02,5.036031e-02,2.412851e-01,2.834695e-03,9.240200e-03
2.240700e-01,1.194577e-02,1.304392e-02,1.010148e-01,4.345558e-02,1.063959e-02,3.251013e-03,3.949884e-02,2.373550e-01,6.331526e-03,6.007346e-02,4.102547e-02,1.955411e-01,2.578344e-03,1.017562e-02
1.779905e-01,1.752561e-02,1.384186e-02,8.457072e-02,3.829289e-02,8.892193e-03,2.727802e-03,3.019791e-02,3.627605e-01,6.413059e-03,5.557086e-02,3.565573e-02,1.502023e-01,2.225602e-03,1.313243e-02
1.623646e-01,2.345347e-02,1.328911e-02,6.784683e-02,6.452116e-02,7.770027e-03,2.979469e-03,2.263289e-02,4.124247e-01,5.639107e-03,5.378809e-02,3.291712e-02,1.160222e-01,1.859607e-03,1.249158e-02
1.588429e-01,3.163745e-02,2.964398e-02,8.671459e-02,9.618847e-02,1.211644e-02,4.500291e-03,1.849307e-02,3.751834e-01,5.837027e-03,4.771146e-02,2.908647e-02,8.797993e-02,1.741159e-03,1.432338e-02
1.397820e-01,3.396208e-02,2.812391e-02,1.299355e-01,7.382904e-02,1.040174e-02,3.525453e-03,1.511037e-02,2.889642e-01,1.584234e-02,3.871916e-02,2.673202e-02,6.950414e-02,1.794192e-03,1.237738e-01
2.025512e-01,4.196297e-02,2.376503e-02,1.260384e-01,7.002072e-02,1.209313e-02,3.473000e-03,1.475740e-02,2.239511e-01,1.469548e-02,3.364279e-02,3.351094e-02,5.453014e-02,3.005341e-03,1.420024e-01
2.704039e-01,4.922933e-02,2.411786e-02,1.049800e-01,6.471888e-02,1.963065e-02,4.018582e-03,1.406811e-02,1.889910e-01,1.192027e-02,3.095019e-02,3.940560e-02,4.412130e-02,4.729046e-03,1.287152e-01
3.305629e-01,5.071150e-02,3.203759e-02,1.147697e-01,5.187113e-02,1.883277e-02,3.495705e-03,1.488025e-02,1.392147e-01,1.218110e-02,2.520571e-02,4.007623e-02,3.492958e-02,4.546991e-03,1.266841e-01
2.848112e-01,5.624054e-02,8.600358e-02,1.313709e-01,4.077832e-02,1.679410e-02,3.089648e-03,1.180745e-02,1.025481e-01,1.766534e-02,1.896568e-02,3.176070e-02,2.724821e-02,3.876592e-03,1.670396e-01
3.590480e-01,5.957053e-02,7.687683e-02,1.282224e-01,4.400504e-02,1.791319e-02,3.329560e-03,1.041709e-02,8.739553e-02,1.469957e-02,1.791732e-02,2.609794e-02,2.169275e-02,4.567759e-03,1.282465e-01
4.443362e-01,6.121418e-02,6.343037e-02,1.071837e-01,4.174612e-02,1.824416e-02,3.404150e-03,1.026209e-02,7.131651e-02,1.280830e-02,1.644825e-02,2.322656e-02,1.819684e-02,5.860582e-03,1.023220e-01
3.654787e-01,9.298640e-02,7.781678e-02,1.409188e-01,7.014523e-02,2.604445e-02,6.178329e-03,1.151637e-02,7.151677e-02,1.050213e-02,1.298170e-02,1.751568e-02,1.453460e-02,5.164325e-03,7.669973e-02
3.533452e-01,9.320410e-02,8.583063e-02,1.521183e-01,6.819921e-02,2.581082e-02,6.314143e-03,1.223395e-02,8.285108e-02,1.058390e-02,1.149876e-02,1.642043e-02,1.232661e-02,5.867299e-03,6.339557e-02
3.375808e-01,1.001234e-01,9.317029e-02,1.404185e-01,7.540534e-02,2.537442e-02,6.032398e-03,2.192342e-02,9.830883e-02,1.108870e-02,1.113322e-02,1.382744e-02,1.015921e-02,5.738003e-03,4.971600e-02
3.667424e-01,1.029542e-01,7.654386e-02,1.040374e-01,8.403444e-02,2.314668e-02,5.177225e-03,2.249019e-02,1.230887e-01,1.326283e-02,9.944576e-03,1.183310e-02,1.000557e-02,6.224727e-03,4.051410e-02
3.517007e-01,1.170360e-01,9.812249e-02,8.828156e-02,9.229013e-02,2.076670e-02,4.342363e-03,2.551995e-02,1.102830e-01,1.991370e-02,1.059937e-02,1.000189e-02,8.584932e-03,6.238116e-03,3.631905e-02
2.467712e-01,8.436535e-02,2.423708e-01,6.377716e-02,6.477022e-02,1.476386e-02,3.114456e-03,1.893898e-02,8.210844e-02,6.206290e-02,5.636794e-02,8.727975e-03,6.972031e-03,1.645111e-02,2.843758e-02
1.732015e-01,6.119055e-02,2.231607e-01,4.552930e-02,4.539348e-02,1.042647e-02,2.217198e-03,1.359361e-02,6.023603e-02,7.357742e-02,2.349106e-01,7.289282e-03,5.277954e-03,2.241796e-02,2.157796e-02
1.278961e-01,4.422758e-02,1.640719e-01,3.221726e-02,3.183803e-02,8.637974e-03,1.612415e-03,1.012141e-02,4.412731e-02,6.788343e-02,3.936692e-01,1.379313e-02,4.282097e-03,3.951779e-02,1.610439e-02
9.463876e-02,3.192531e-02,1.195744e-01,2.306923e-02,2.238150e-02,7.426102e-03,1.216027e-03,7.557613e-03,3.208432e-02,4.964536e-02,5.240275e-01,2.994236e-02,3.220380e-03,4.167761e-02,1.161346e-02
6.887583e-02,2.308020e-02,8.565643e-02,1.666216e-02,1.585254e-02,6.744973e-03,8.880084e-04,5.605933e-03,2.347232e-02,3.542766e-02,6.381218e-01,3.076778e-02,2.521376e-03,3.790302e-02,8.419937e-03
5.560948e-02,1.681979e-02,6.115355e-02,1.326433e-02,1.160652e-02,6.957400e-03,1.100772e-03,5.987015e-03,1.707324e-02,2.515841e-02,7.015443e-01,3.474217e-02,1.993351e-03,4.092406e-02,6.065669e-03
4.512309e-02,1.220332e-02,4.354563e-02,1.048531e-02,8.711323e-03,6.701122e-03,1.037965e-03,5.056887e-03,1.252554e-02,1.813370e-02,7.370082e-01,3.801604e-02,1.635601e-03,5.537396e-02,4.442390e-03
3.341110e-02,9.677709e-03,3.109416e-02,8.013821e-03,6.624821e-03,5.412270e-03,7.761247e-04,3.895828e-03,9.284998e-03,1.314756e-02,7.873805e-01,3.283210e-02,1.265468e-03,5.384943e-02,3.334201e-03
3.355702e-02,8.746005e-03,2.238622e-02,7.187017e-03,5.887896e-03,5.306649e-03,6.874740e-04,3.901535e-03,7.047846e-03,9.751875e-03,7.938227e-01,3.315894e-02,1.129585e-03,6.481690e-02,2.612364e-03
2.965195e-02,7.100923e-03,1.597134e-02,6.173377e-03,5.162744e-03,4.712562e-03,5.363675e-04,3.013320e-03,5.253365e-03,7.239933e-03,8.083477e-01,3.105310e-02,1.057842e-03,7.262598e-02,2.099517e-03
2.154159e-02,5.240656e-03,1.140754e-02,4.804783e-03,5.824444e-03,3.862781e-03,4.761200e-04,3.155547e-03,3.837709e-03,5.188541e-03,8.269987e-01,3.457848e-02,8.675030e-04,7.070880e-02,1.506804e-03
1.632909e-02,4.048408e-03,8.128485e-03,3.593750e-03,5.571081e-03,3.268776e-03,4.641262e-04,2.695948e-03,2.972164e-03,3.814457e-03,8.431022e-01,3.740216e-02,8.305716e-04,6.665932e-02,1.119450e-03
1.370720e-02,6.654441e-03,6.392518e-03,3.057812e-03,9.844400e-03,3.475569e-03,9.780715e-04,4.318330e-03,4.455495e-03,3.104402e-03,8.285260e-01,5.966814e-02,1.450923e-03,5.322773e-02,1.138943e-03
1.582530e-02,6.417014e-03,5.262961e-03,2.757965e-03,1.775088e-02,3.275672e-03,2.194596e-03,8.036937e-03,5.040101e-03,2.336917e-03,8.325707e-01,5.492554e-02,1.440247e-03,4.116445e-02,1.000708e-03
2.013147e-02,6.600185e-03,4.032688e-03,2.313707e-03,1.628108e-02,3.929711e-03,2.972163e-03,7.657541e-03,5.250471e-03,1.740393e-03,8.430026e-01,5.198298e-02,1.913136e-03,3.083574e-02,1.356239e-03
1.949706e-02,3.165391e-02,4.482709e-03,2.066537e-03,1.214715e-01,4.139202e-03,3.217326e-03,6.423186e-03,9.106371e-02,1.724726e-03,6.470944e-01,4.013706e-02,1.955352e-03,2.318400e-02,1.889324e-03
1.468924e-02,3.982197e-02,3.670511e-03,1.516445e-03,1.178628e-01,3.740008e-03,2.439343e-03,4.654102e-03,2.855415e-01,1.473828e-03,4.734056e-01,3.089381e-02,1.544705e-03,1.715042e-02,1.595716e-03
1.080024e-02,3.224530e-02,3.495642e-03,1.642212e-03,1.920273e-01,4.393991e-03,2.539417e-03,4.506497e-03,3.779888e-01,1.198794e-03,3.328739e-01,2.175887e-02,1.173305e-03,1.204481e-02,1.310939e-03
1.743571e-02,2.875195e-02,2.902011e-03,1.613796e-03,2.261790e-01,5.387072e-03,2.205756e-03,5.289258e-03,4.341334e-01,1.284352e-03,2.455993e-01,1.587508e-02,1.306021e-03,8.558537e-03,3.478697e-03
1.799395e-02,2.341089e-02,2.210097e-03,1.607051e-03,2.374586e-01,6.825288e-03,2.498451e-03,6.589041e-03,5.022327e-01,1.232742e-03,1.756037e-01,1.168967e-02,1.484483e-03,6.145001e-03,3.018359e-03
2.485869e-02,1.908479e-02,1.775338e-03,2.282501e-03,2.476345e-01,6.529260e-03,2.330638e-03,2.333263e-02,5.295883e-01,1.285470e-03,1.236485e-01,8.592560e-03,1.327155e-03,4.534202e-03,3.195423e-03
3.638744e-02,1.820508e-02,1.399816e-03,2.148818e-03,1.993784e-01,8.000457e-03,3.137772e-03,2.652191e-02,5.964583e-01,1.104650e-03,8.819204e-02,8.513818e-03,4.156664e-03,3.641497e-03,2.753321e-03
6.548399e-02,2.032909e-02,1.318387e-03,3.032998e-03,1.802346e-01,1.117996e-02,2.863770e-03,2.151390e-02,5.482301e-01,1.951844e-03,6.569550e-02,1.786030e-02,1.707061e-02,4.103006e-03,3.913195e-02
1.003505e-01,2.263877e-02,1.305968e-03,5.217705e-03,1.416565e-01,1.250990e-02,2.345268e-03,2.158758e-02,4.989464e-01,3.382606e-03,6.182496e-02,3.877657e-02,5.156469e-02,4.155469e-03,3.373715e-02
7.831220e-02,2.250933e-02,1.936230e-03,5.583491e-03,1.042417e-01,1.082699e-02,2.050202e-03,1.706763e-02,3.720166e-01,1.423719e-01,5.691517e-02,3.474697e-02,5.723179e-02,5.788393e-03,8.840140e-02
6.071264e-02,2.438942e-02,3.074676e-03,6.069178e-03,7.678977e-02,1.013942e-02,1.866346e-03,1.231997e-02,2.892282e-01,1.503379e-01,8.782057e-02,4.556836e-02,9.415082e-02,2.233904e-02,1.151936e-01
6.855365e-02,2.764130e-02,7.972604e-03,2.907097e-02,6.728274e-02,9.698573e-03,1.948883e-03,1.182688e-02,2.421950e-01,1.907125e-01,7.369701e-02,4.740502e-02,8.184171e-02,1.822635e-02,1.219268e-01
7.533746e-02,3.464403e-02,1.073989e-02,3.272023e-02,5.115717e-02,9.908590e-03,1.963984e-03,9.199246e-03,1.969775e-01,1.601085e-01,6.275959e-02,5.441586e-02,6.445917e-02,3.798322e-02,1.976256e-01
7.614865e-02,3.060992e-02,9.790914e-03,2.653736e-02,3.697100e-02,1.095106e-02,1.933978e-03,7.269900e-03,1.712796e-01,1.198958e-01,8.001492e-02,1.434360e-01,6.868451e-02,6.298491e-02,1.534915e-01
1.204278e-01,2.860229e-02,2.568426e-02,3.172377e-02,2.901898e-02,1.388176e-02,3.181887e-03,1.000021e-02,1.612353e-01,9.191636e-02,7.799638e-02,1.398221e-01,5.388246e-02,7.713678e-02,1.354897e-01
1.446638e-01,2.946208e-02,2.140036e-02,2.800662e-02,2.229348e-02,1.320251e-02,3.854009e-03,1.390762e-02,1.927120e-01,7.278249e-02,7.731536e-02,1.541262e-01,4.973512e-02,7.310501e-02,1.034333e-01
1.745937e-01,3.335994e-02,2.205012e-02,3.089198e-02,2.234029e-02,1.571897e-02,3.457391e-03,1.211555e-02,2.204754e-01,6.059913e-02,6.526625e-02,1.375676e-01,4.161226e-02,6.561953e-02,9.433191e-02
2.478099e-01,2.939036e-02,2.076111e-02,3.641858e-02,2.452812e-02,2.366505e-02,4.211391e-03,1.944257e-02,1.968874e-01,4.991116e-02,5.219617e-02,1.370826e-01,3.417655e-02,5.230446e-02,7.121455e-02
2.226026e-01,2.762743e-02,1.548425e-02,2.851603e-02,2.255012e-02,2.034615e-02,3.577893e-03,1.860408e-02,2.380511e-01,3.839922e-02,4.449148e-02,1.933552e-01,3.484686e-02,4.068914e-02,5.085840e-02
1.765101e-01,2.558496e-02,1.148209e-02,2.124064e-02,2.102488e-02,1.722354e-02,2.955422e-03,1.671009e-02,3.058127e-01,2.883662e-02,4.265243e-02,2.221080e-01,3.759606e-02,3.377019e-02,3.649230e-02
1.847532e-01,2.831383e-02,1.112076e-02,1.850154e-02,2.767873e-02,1.592160e-02,3.336699e-03,3.268282e-02,3.470522e-01,2.238230e-02,3.477336e-02,1.835997e-01,3.678314e-02,2.624264e-02,2.685761e-02
2.524964e-01,2.365149e-02,8.870255e-03,1.867261e-02,4.192147e-02,1.377552e-02,3.681203e-03,2.617676e-02,3.349968e-01,1.720005e-02,2.686511e-02,1.498328e-01,3.970935e-02,2.043521e-02,2.171509e-02
3.044661e-01,1.967948e-02,1.094805e-02,2.705126e-02,5.834534e-02,1.223307e-02,3.661351e-03,4.672732e-02,2.999897e-01,1.325886e-02,2.178342e-02,1.098537e-01,3.750918e-02,1.611355e-02,1.837968e-02
2.672930e-01,1.688685e-02,4.851666e-02,6.515573e-02,1.146679e-01,1.205313e-02,5.501054e-03,7.339968e-02,2.348940e-01,9.705461e-03,1.761237e-02,7.830040e-02,3.014559e-02,1.208329e-02,1.378494e-02
2.660733e-01,1.685046e-02,8.605408e-02,1.315344e-01,1.123102e-01,1.153702e-02,5.535491e-03,6.644514e-02,1.815350e-01,7.934464e-03,1.457462e-02,5.557497e-02,2.283320e-02,9.131873e-03,1.207583e-02
2.303660e-01,1.428208e-02,9.673753e-02,2.318984e-01,9.805191e-02,1.066626e-02,4.244782e-03,6.365657e-02,1.547859e-01,6.129280e-03,1.156776e-02,3.958238e-02,1.693060e-02,7.806739e-03,1.329390e-02
2.353527e-01,1.234847e-02,9.150419e-02,2.911243e-01,9.132454e-02,1.010797e-02,3.853720e-03,5.629332e-02,1.318929e-01,4.912375e-03,1.071014e-02,2.944665e-02,1.289194e-02,7.405400e-03,1.083143e-02
1.746841e-01,9.321369e-03,9.538449e-02,4.500561e-01,6.966859e-02,7.333610e-03,2.803497e-03,4.174234e-02,9.433077e-02,3.614858e-03,7.960967e-03,2.084598e-02,9.148517e-03,5.321012e-03,7.783834e-03
1.425046e-01,6.901952e-03,1.348873e-01,5.137657e-01,5.261767e-02,5.332629e-03,2.035576e-03,3.469487e-02,6.749148e-02,2.808832e-03,5.927627e-03,1.487345e-02,6.534446e-03,4.009142e-03,5.614745e-03
1.500827e-01,5.628258e-03,1.777996e-01,5.081787e-01,3.954351e-02,4.117996e-03,1.555413e-03,2.986661e-02,5.089356e-02,2.992470e-03,4.781773e-03,1.109516e-02,4.990291e-03,3.693356e-03,4.780662e-03
2.068955e-01,6.329565e-03,2.184758e-01,4.389466e-01,3.017490e-02,3.933701e-03,1.359412e-03,2.313974e-02,4.047999e-02,3.036355e-03,4.148914e-03,8.922622e-03,4.329880e-03,4.100195e-03,5.726778e-03
1.819950e-01,5.071874e-03,1.814264e-01,5.284918e-01,2.329350e-02,3.426722e-03,1.032804e-03,1.921089e-02,3.073788e-02,3.547420e-03,3.393888e-03,6.630067e-03,3.497538e-03,3.493947e-03,4.750348e-03
1.782206e-01,7.367438e-03,1.641404e-01,4.993817e-01,1.893115e-02,3.758361e-03,1.007381e-03,1.643625e-02,3.425832e-02,3.370017e-02,5.537028e-03,5.355014e-03,4.936544e-03,1.157761e-02,1.539203e-02
2.045532e-01,1.220496e-02,1.430620e-01,4.597964e-01,2.251462e-02,6.614343e-03,9.359003e-04,1.858937e-02,3.893664e-02,3.710354e-02,5.798987e-03,4.206556e-03,4.917213e-03,1.668823e-02,2.407807e-02
2.708532e-01,1.389495e-02,1.056074e-01,3.398382e-01,1.933631e-02,6.256235e-03,1.783641e-03,1.844306e-02,7.213821e-02,4.529955e-02,7.911069e-03,4.877144e-03,7.695695e-03,1.976840e-02,6.629698e-02
4.438007e-01,1.359388e-02,7.676560e-02,2.404259e-01,1.637297e-02,6.320815e-03,1.669687e-03,1.476176e-02,5.644491e-02,3.908445e-02,8.287006e-03,4.373123e-03,6.572590e-03,1.711071e-02,5.441599e-02
1.000000e+00,0.000000e+00,0.000000e+00,0.000000e+00,0.000000e+00,0.000000e+00,0.000000e+00,0.000000e+00,0.000000e+00,0.000000e+00,0.000000e+00,0.000000e+00,0.000000e+00,0.000000e+00,0.000000e+00
1.000000e+00,0.000000e+00,0.000000e+00,0.000000e+00,0.000000e+00,0.000000e+00,0.000000e+00,0.000000e+00,0.000000e+00,0.000000e+00,0.000000e+00,0.000000e+00,0.000000e+00,0.000000e+00,0.000000e+00
1.000000e+00,0.000000e+00,0.000000e+00,0.000000e+00,0.000000e+00,0.000000e+00,0.000000e+00,0.000000e+00,0.000000e+00,0.000000e+00,0.000000e+00,0.000000e+00,0.000000e+00,0.000000e+00,0.000000e+00
1.000000e+00,0.000000e+00,0.000000e+00,0.000000e+00,0.000000e+00,0.000000e+00,0.000000e+00,0.000000e+00,0.000000e+00,0.000000e+00,0.000000e+00,0.000000e+00,0.000000e+00,0.000000e+00,0.000000e+00
1.000000e+00,0.000000e+00,0.000000e+00,0.000000e+00,0.000000e+00,0.000000e+00,0.000000e+00,0.000000e+00,0.000000e+00,0.000000e+00,0.000000e+00,0.000000e+00,0.000000e+00,0.000000e+00,0.000000e+00
1.000000e+00,0.000000e+00,0.000000e+00,0.000000e+00,0.000000e+00,0.000000e+00,0.000000e+00,0.000000e+00,0.000000e+00,0.000000e+00,0.000000e+00,0.000000e+00,0.000000e+00,0.000000e+00,0.000000e+00
1.000000e+00,0.000000e+00,0.000000e+00,0.000000e+00,0.000000e+00,0.000000e+00,0.000000e+00,0.000000e+00,0.000000e+00,0.000000e+00,0.000000e+00,0.000000e+00,0.000000e+00,0.000000e+00,0.000000e+00
1.000000e+00,0.000000e+00,0.000000e+00,0.000000e+00,0.000000e+00,0.000000e+00,0.000000e+00,0.000000e+00,0.000000e+00,0.000000e+00,0.000000e+00,0.000000e+00,0.000000e+00,0.000000e+00,0.000000e+00
1.000000e+00,0.000000e+00,0.000000e+00,0.000000e+00,0.000000e+00,0.000000e+00,0.000000e+00,0.000000e+00,0.000000e+00,0.000000e+00,0.000000e+00,0.000000e+00,0.000000e+00,0.000000e+00,0.000000e+00
1.000000e+00,0.000000e+00,0.000000e+00,0.000000e+00,0.000000e+00,0.000000e+00,0.000000e+00,0.000000e+00,0.000000e+00,0.000000e+00,0.000000e+00,0.000000e+00,0.000000e+00,0.000000e+00,0.000000e+00
1.000000e+00,0.000000e+00,0.000000e+00,0.000000e+00,0.000000e+00,0.000000e+00,0.000000e+00,0.000000e+00,0.000000e+00,0.000000e+00,0.000000e+00,0.000000e+00,0.000000e+00,0.000000e+00,0.000000e+00
1.000000e+00,0.000000e+00,0.000000e+00,0.000000e+00,0.000000e+00,0.000000e+00,0.000000e+00,0.000000e+00,0.000000e+00,0.000000e+00,0.000000e+00,0.000000e+00,0.000000e+00,0.000000e+00,0.000000e+00
1.000000e+00,0.000000e+00,0.000000e+00,0.000000e+00,0.000000e+00,0.000000e+00,0.000000e+00,0.000000e+00,0.000000e+00,0.000000e+00,0.000000e+00,0.000000e+00,0.000000e+00,0.000000e+00,0.000000e+00
1.000000e+00,0.000000e+00,0.000000e+00,0.000000e+00,0.000000e+00,0.000000e+00,0.000000e+00,0.000000e+00,0.000000e+00,0.000000e+00,0.000000e+00,0.000000e+00,0.000000e+00,0.000000e+00,0.000000e+00
4.466932e-01,1.774513e-02,2.012510e-02,1.863543e-01,2.208505e-02,1.981853e-02,6.288118e-03,2.695887e-02,8.754162e-02,5.346068e-03,1.576237e-02,3.066528e-02,2.519987e-02,3.449806e-03,8.596664e-02
3.742734e-01,1.668552e-02,5.512595e-02,2.586952e-01,2.340022e-02,1.566976e-02,6.106668e-03,2.515254e-02,8.166990e-02,5.216369e-03,1.518306e-02,2.493785e-02,2.076166e-02,2.944388e-03,7.417752e-02
4.351163e-01,2.433047e-02,6.482819e-02,2.103985e-01,1.969286e-02,1.708260e-02,4.941136e-03,2.036056e-02,6.444072e-02,5.799192e-03,1.366780e-02,2.804394e-02,1.947986e-02,2.979105e-03,6.883883e-02
4.985883e-01,2.798184e-02,5.067546e-02,1.632089e-01,2.000601e-02,1.784798e-02,4.667534e-03,1.906844e-02,6.045828e-02,5.957682e-03,1.409389e-02,3.105883e-02,2.009527e-02,4.831296e-03,6.146032e-02
4.175224e-01,4.569780e-02,5.507306e-02,2.365091e-01,2.845638e-02,1.507691e-02,4.790463e-03,2.718253e-02,4.912252e-02,5.317134e-03,1.261237e-02,2.809032e-02,1.722852e-02,4.133372e-03,5.318710e-02
4.534990e-01,4.108365e-02,7.326677e-02,2.091189e-01,3.193663e-02,1.313292e-02,4.530389e-03,3.367481e-02,4.071694e-02,4.503503e-03,1.016088e-02,2.529690e-02,1.414560e-02,3.481376e-03,4.145180e-02
1.000000e+00,0.000000e+00,0.000000e+00,0.000000e+00,0.000000e+00,0.000000e+00,0.000000e+00,0.000000e+00,0.000000e+00,0.000000e+00,0.000000e+00,0.000000e+00,0.000000e+00,0.000000e+00,0.000000e+00
4.650548e-01,3.829689e-02,7.678130e-02,2.034977e-01,5.388639e-02,1.080810e-02,4.031313e-03,3.670169e-02,3.617128e-02,4.177159e-03,7.900732e-03,1.881165e-02,1.145087e-02,2.808677e-03,2.962155e-02
1.000000e+00,0.000000e+00,0.000000e+00,0.000000e+00,0.000000e+00,0.000000e+00,0.000000e+00,0.000000e+00,0.000000e+00,0.000000e+00,0.000000e+00,0.000000e+00,0.000000e+00,0.000000e+00,0.000000e+00
1.000000e+00,0.000000e+00,0.000000e+00,0.000000e+00,0.000000e+00,0.000000e+00,0.000000e+00,0.000000e+00,0.000000e+00,0.000000e+00,0.000000e+00,0.000000e+00,0.000000e+00,0.000000e+00,0.000000e+00
4.874438e-01,3.608679e-02,4.885190e-02,1.414269e-01,2.552926e-02,1.727415e-02,3.132550e-03,2.539735e-02,1.053524e-01,6.578779e-03,1.075406e-02,1.482543e-02,2.048132e-02,3.182878e-03,5.368243e-02
4.587867e-01,3.540736e-02,4.334556e-02,1.681377e-01,2.010237e-02,1.434316e-02,3.064798e-03,2.146841e-02,1.139167e-01,8.275872e-03,1.203309e-02,1.547496e-02,2.119990e-02,2.935900e-03,6.150755e-02
3.249637e-01,3.489364e-02,1.056927e-01,2.611505e-01,1.440156e-02,1.027620e-02,2.253004e-03,1.592416e-02,1.099118e-01,1.103860e-02,1.060629e-02,1.108667e-02,1.587712e-02,2.119651e-03,6.980447e-02
3.841633e-01,3.085279e-02,8.205987e-02,1.929412e-01,1.235284e-02,1.228317e-02,2.611955e-03,1.686478e-02,1.188786e-01,1.038393e-02,2.415829e-02,9.221957e-03,2.539412e-02,3.467267e-03,7.436599e-02
3.062759e-01,2.687084e-02,5.910226e-02,1.520594e-01,9.251678e-03,1.950939e-02,2.455810e-03,1.249595e-02,1.055064e-01,7.672838e-03,2.084626e-02,6.963616e-03,2.019782e-01,2.861082e-03,6.615043e-02
3.218753e-01,2.106274e-02,4.272899e-02,1.084155e-01,7.471467e-03,2.884116e-02,2.397171e-03,9.785469e-03,7.638885e-02,5.523446e-03,1.562545e-02,7.036583e-03,2.991617e-01,2.719421e-03,5.096664e-02
3.360149e-01,1.936868e-02,3.084419e-02,7.796525e-02,6.031460e-03,2.711845e-02,1.883913e-03,7.572195e-03,5.916663e-02,4.560445e-03,1.241471e-02,5.992344e-03,3.597257e-01,3.697490e-03,4.764369e-02
3.115753e-01,2.124715e-02,2.662578e-02,5.593558e-02,5.574346e-03,2.215546e-02,1.554483e-03,6.321770e-03,5.157084e-02,6.800808e-03,1.002322e-02,4.980982e-03,4.024558e-01,6.951066e-03,6.622736e-02
2.935091e-01,2.199850e-02,1.510221e-01,5.735619e-02,1.252653e-02,1.876498e-02,1.449329e-03,7.478463e-03,4.183982e-02,6.685551e-03,9.816903e-03,4.686448e-03,3.034849e-01,5.828328e-03,6.355285e-02
3.417985e-01,2.569461e-02,1.384658e-01,6.142386e-02,1.968227e-02,3.095932e-02,1.969954e-03,8.145025e-03,3.366295e-02,6.679012e-03,8.905449e-03,4.648011e-03,2.292865e-01,5.255634e-03,8.342312e-02
3.306095e-01,3.828823e-02,1.525972e-01,6.996028e-02,4.005896e-02,5.214197e-02,6.110888e-03,1.076637e-02,3.202932e-02,6.704341e-03,8.797866e-03,4.184215e-03,1.675244e-01,5.186067e-03,7.504036e-02
2.965762e-01,4.664225e-02,1.868497e-01,6.704921e-02,4.958552e-02,8.293948e-02,1.102764e-02,1.063630e-02,2.968256e-02,5.453968e-03,7.354754e-03,3.576322e-03,1.269028e-01,4.472613e-03,7.125064e-02
2.685731e-01,5.083607e-02,2.018766e-01,5.823314e-02,7.740398e-02,8.887280e-02,2.224271e-02,8.690816e-03,2.360549e-02,4.187444e-03,5.752466e-03,2.958289e-03,9.475707e-02,3.603983e-03,8.840606e-02
2.954872e-01,5.251641e-02,2.180396e-01,8.413862e-02,7.383491e-02,7.290290e-02,1.971717e-02,7.573595e-03,2.070388e-02,4.465386e-03,5.269661e-03,5.350478e-03,7.018188e-02,3.080740e-03,6.673755e-02
2.292552e-01,4.672458e-02,3.352810e-01,1.011858e-01,6.666714e-02,5.809774e-02,1.688769e-02,7.458494e-03,1.723375e-02,6.334475e-03,4.953748e-03,4.621482e-03,5.053430e-02,2.460991e-03,5.230364e-02
1.850347e-01,3.723565e-02,4.336126e-01,1.243536e-01,5.336647e-02,4.159429e-02,1.260657e-02,6.325179e-03,1.372489e-02,5.988313e-03,5.074775e-03,3.830578e-03,3.657553e-02,1.968633e-03,3.870819e-02
1.742910e-01,3.265040e-02,4.932875e-01,1.177430e-01,4.196711e-02,3.023589e-02,9.289403e-03,6.125073e-03,1.198899e-02,7.565688e-03,7.802318e-03,3.320328e-03,2.691547e-02,2.114660e-03,3.470314e-02
1.436244e-01,4.079827e-02,4.157459e-01,1.173149e-01,4.060664e-02,1.512825e-01,6.923695e-03,5.679089e-03,9.073659e-03,1.106836e-02,6.856270e-03,2.653128e-03,1.947344e-02,1.706923e-03,2.719281e-02
2.404255e-01,3.003210e-02,2.967590e-01,9.622293e-02,3.133618e-02,2.251526e-01,5.169901e-03,6.740176e-03,7.526116e-03,1.009486e-02,8.462611e-03,2.546531e-03,1.455472e-02,1.834538e-03,2.314213e-02
3.164087e-01,2.196088e-02,2.104642e-01,7.797399e-02,2.665086e-02,2.710464e-01,4.561086e-03,8.670123e-03,6.313294e-03,8.429708e-03,9.657731e-03,2.608344e-03,1.078665e-02,1.959553e-03,2.250843e-02
2.907950e-01,1.668013e-02,1.489018e-01,6.035715e-02,2.147710e-02,3.968562e-01,4.053886e-03,9.112981e-03,7.685007e-03,7.198458e-03,7.936591e-03,2.203335e-03,8.251080e-03,2.072533e-03,1.641873e-02
2.945943e-01,1.370531e-02,1.077822e-01,5.145079e-02,1.734578e-02,4.440424e-01,4.417412e-03,1.017935e-02,1.555070e-02,8.587842e-03,7.356514e-03,2.060287e-03,6.351940e-03,2.909776e-03,1.366529e-02
2.194494e-01,2.004417e-02,8.059951e-02,1.105478e-01,1.343641e-02,4.296316e-01,3.319554e-03,7.894260e-03,4.108170e-02,8.170444e-03,3.072715e-02,1.681158e-03,5.715902e-03,4.523711e-03,2.317715e-02
2.193065e-01,1.611382e-02,6.026165e-02,8.223220e-02,1.030882e-02,3.283513e-01,2.595046e-03,7.236908e-03,4.992250e-02,2.215813e-02,1.271049e-01,1.864710e-03,8.151708e-03,2.540072e-02,3.899097e-02
1.640849e-01,1.437434e-02,4.606895e-02,7.230329e-02,8.415555e-03,2.699905e-01,2.066608e-03,6.551009e-03,1.386744e-01,3.945152e-02,1.246812e-01,1.966965e-03,1.056686e-02,2.614474e-02,7.465901e-02
1.253591e-01,1.248557e-02,3.429690e-02,5.467865e-02,6.784900e-03,2.054923e-01,1.589403e-03,5.927712e-03,1.464341e-01,6.943506e-02,1.102228e-01,2.487252e-03,1.081998e-02,4.861695e-02,1.653692e-01
9.042676e-02,1.077814e-02,2.487554e-02,4.151699e-02,5.266684e-03,1.516822e-01,1.191238e-03,4.512580e-03,2.047582e-01,1.058975e-01,8.682409e-02,2.326995e-03,1.015276e-02,4.589681e-02,2.138936e-01
6.895851e-02,8.916624e-03,1.818506e-02,3.002841e-02,4.106772e-03,1.097948e-01,8.882023e-04,3.456937e-03,1.882200e-01,9.688371e-02,7.699130e-02,2.716180e-03,1.209935e-02,8.384875e-02,2.949054e-01
5.803446e-02,9.549719e-03,5.796012e-02,3.273631e-02,4.122964e-03,7.892475e-02,7.012109e-04,2.978519e-03,2.817794e-01,9.882153e-02,6.342865e-02,2.256667e-03,1.065202e-02,7.118239e-02,2.268713e-01
6.194922e-02,1.486075e-02,4.746957e-02,2.520943e-02,3.463123e-03,5.706276e-02,6.774254e-04,2.516740e-03,2.868217e-01,9.762698e-02,5.946800e-02,2.283334e-03,8.949423e-03,9.318317e-02,2.384583e-01
6.813424e-02,1.485944e-02,3.501497e-02,1.830707e-02,2.711452e-03,4.162817e-02,7.249869e-04,2.043943e-03,2.447516e-01,8.542559e-02,4.547467e-02,1.950753e-03,7.574473e-03,9.830020e-02,3.330984e-01
7.657279e-02,1.892834e-02,3.531565e-02,1.425343e-02,2.580604e-03,3.067164e-02,9.747976e-04,2.001291e-03,2.139207e-01,8.951923e-02,3.511707e-02,2.179325e-03,7.391300e-03,9.948479e-02,3.710890e-01
9.364381e-02,1.711186e-02,6.286415e-02,1.194923e-02,4.483857e-03,3.171652e-02,1.625722e-03,2.289325e-03,1.601910e-01,8.418667e-02,2.794449e-02,2.011789e-03,7.533813e-03,1.140368e-01,3.784109e-01
1.118494e-01,2.433704e-02,9.720784e-02,1.148812e-02,2.950500e-02,7.733621e-02,5.692943e-03,3.764883e-03,1.202764e-01,8.533827e-02,2.453424e-02,1.913952e-03,7.405489e-03,1.260097e-01,2.733404e-01
1.292288e-01,9.436325e-02,9.024273e-02,3.604068e-02,6.052567e-02,6.350479e-02,5.615134e-03,4.894658e-03,9.060804e-02,6.300762e-02,2.599967e-02,2.438243e-03,6.853341e-03,1.106556e-01,2.160218e-01
1.128695e-01,1.362948e-01,1.043352e-01,1.142471e-01,6.234458e-02,4.630413e-02,4.190724e-03,3.928791e-03,7.035420e-02,4.819175e-02,2.038794e-02,2.516811e-03,6.158240e-03,7.817794e-02,1.896983e-01
1.152759e-01,1.430841e-01,9.240694e-02,1.193093e-01,6.504253e-02,3.413360e-02,3.230769e-03,3.298267e-03,6.982364e-02,4.183564e-02,1.801820e-02,2.581465e-03,5.790408e-03,5.772008e-02,2.284491e-01
9.947222e-02,1.273581e-01,1.275376e-01,1.502494e-01,4.847206e-02,2.476708e-02,2.377318e-03,2.553676e-03,6.728670e-02,3.614679e-02,1.405231e-02,2.234205e-03,4.604708e-03,4.124964e-02,2.516382e-01
8.652893e-02,1.161240e-01,1.348698e-01,1.103884e-01,3.780399e-02,1.912808e-02,1.831318e-03,2.053702e-03,6.310950e-02,3.018322e-02,1.232434e-02,2.091512e-03,4.068817e-03,3.280455e-02,3.466899e-01
7.579987e-02,1.082274e-01,1.495343e-01,1.079237e-01,3.252217e-02,1.817126e-02,1.735783e-03,1.758151e-03,5.645438e-02,2.347698e-02,1.095780e-02,1.867241e-03,3.611809e-03,2.616063e-02,3.817986e-01
1.186500e-01,1.213589e-01,1.552610e-01,9.518611e-02,4.385826e-02,2.352224e-02,2.650968e-03,2.174868e-03,4.518750e-02,1.908420e-02,9.102438e-03,1.666182e-03,3.097918e-03,2.368316e-02,3.355162e-01
2.358205e-01,1.223762e-01,1.203887e-01,8.170994e-02,5.572884e-02,2.491735e-02,3.271776e-03,2.225813e-03,3.701484e-02,1.409220e-02,7.611820e-03,1.603224e-03,2.708209e-03,1.892348e-02,2.716071e-01
3.107473e-01,1.337549e-01,9.186870e-02,7.056081e-02,5.738979e-02,2.514330e-02,3.002784e-03,2.272887e-03,3.162950e-02,1.124795e-02,6.485330e-03,1.717661e-03,2.430128e-03,1.522207e-02,2.365269e-01
3.253616e-01,1.613429e-01,7.457660e-02,8.652631e-02,6.004457e-02,2.528790e-02,3.575153e-03,3.437284e-03,2.756008e-02,1.051711e-02,5.708804e-03,2.146083e-03,2.233626e-03,1.243301e-02,1.992490e-01
2.553203e-01,2.974170e-01,5.636034e-02,7.377389e-02,6.853566e-02,3.522940e-02,4.154435e-03,3.040675e-03,2.305178e-02,1.625317e-02,4.706684e-03,1.735810e-03,1.815200e-03,9.168780e-03,1.494368e-01
2.922932e-01,2.857557e-01,5.033626e-02,7.265745e-02,7.268408e-02,3.650882e-02,4.213406e-03,3.876087e-03,2.003522e-02,1.792180e-02,8.538501e-03,5.242831e-03,4.518765e-03,9.712680e-03,1.157053e-01
2.646704e-01,2.671957e-01,4.152608e-02,7.782058e-02,6.243912e-02,3.598827e-02,3.768652e-03,3.986218e-03,2.396081e-02,2.533839e-02,1.193972e-02,1.669327e-02,4.482200e-02,1.018851e-02,1.096623e-01
2.199655e-01,2.247495e-01,4.092399e-02,8.770015e-02,4.672590e-02,2.784630e-02,3.006673e-03,3.817856e-03,6.586139e-02,2.613054e-02,1.276337e-02,1.805268e-02,6.324336e-02,8.769117e-03,1.504436e-01
2.129656e-01,1.622249e-01,5.537139e-02,1.171402e-01,3.484835e-02,2.395401e-02,2.574948e-03,4.941272e-03,1.029607e-01,2.104624e-02,2.100661e-02,2.593407e-02,8.741612e-02,7.558249e-03,1.200573e-01
2.669573e-01,1.174978e-01,4.029153e-02,1.113254e-01,2.722821e-02,3.538170e-02,2.309036e-03,4.194779e-03,9.161587e-02,1.542344e-02,1.985688e-02,2.880724e-02,1.443880e-01,5.827029e-03,8.889587e-02
2.809239e-01,8.484556e-02,2.946826e-02,9.300162e-02,2.061441e-02,3.291134e-02,2.291400e-03,3.734982e-03,9.245250e-02,1.159553e-02,1.708961e-02,3.381198e-02,2.274877e-01,4.610504e-03,6.516075e-02
2.606121e-01,6.073350e-02,2.090349e-02,6.870206e-02,1.590275e-02,2.847894e-02,1.794651e-03,2.877287e-03,6.876089e-02,8.252614e-03,1.305293e-02,4.013085e-02,3.591453e-01,3.454830e-03,4.719786e-02
1.902880e-01,4.306720e-02,1.478857e-02,4.898581e-02,1.189687e-02,2.223533e-02,1.681626e-03,2.532331e-03,5.722971e-02,5.920168e-03,9.790230e-03,3.783189e-02,5.164068e-01,3.074927e-03,3.427064e-02
1.345647e-01,3.256714e-02,1.080806e-02,3.511499e-02,9.884576e-03,3.502529e-02,1.399845e-03,3.183855e-03,6.665238e-02,4.456977e-03,8.425545e-03,3.178563e-02,5.978456e-01,2.388856e-03,2.589673e-02
9.615429e-02,3.145921e-02,1.109867e-02,2.673053e-02,8.177694e-03,3.681992e-02,1.216450e-03,6.378703e-03,1.099076e-01,4.055618e-03,7.410004e-03,2.561219e-02,6.122552e-01,1.928810e-03,2.079520e-02
6.930681e-02,3.799411e-02,1.172803e-02,2.980427e-02,5.958575e-03,8.127724e-02,9.154290e-04,5.805716e-03,2.359024e-01,3.546969e-03,5.736497e-03,1.895692e-02,4.735377e-01,1.567925e-03,1.796149e-02
6.209390e-02,3.500157e-02,1.065583e-02,2.308610e-02,5.098469e-03,1.592598e-01,9.950784e-04,8.699313e-03,2.223595e-01,3.033991e-03,5.083095e-03,1.461343e-02,4.230353e-01,1.391357e-03,2.559340e-02
5.520200e-02,8.230908e-02,3.122582e-02,4.291302e-02,5.268519e-03,1.150993e-01,9.179590e-04,8.517834e-03,3.028497e-01,4.028391e-03,7.711628e-03,1.155403e-02,3.062461e-01,1.363342e-03,2.479330e-02
1.294877e-01,8.016114e-02,5.048764e-02,4.620592e-02,1.047028e-02,8.817153e-02,3.207691e-03,1.525712e-02,2.697254e-01,4.854924e-03,1.118626e-02,1.165963e-02,2.469909e-01,2.394889e-03,2.973900e-02
1.954851e-01,6.918600e-02,8.492347e-02,4.929844e-02,1.480854e-02,6.977074e-02,6.432152e-03,2.788039e-02,2.255444e-01,7.389502e-03,1.255909e-02,1.065206e-02,1.890507e-01,4.673180e-03,3.234623e-02
2.167552e-01,5.469391e-02,1.632113e-01,7.360076e-02,1.452096e-02,5.337021e-02,5.133471e-03,2.231947e-02,1.968972e-01,9.667840e-03,1.153622e-02,8.680703e-03,1.346053e-01,4.912561e-03,3.009486e-02
3.121007e-01,4.686679e-02,1.293637e-01,6.859338e-02,1.911522e-02,5.122664e-02,5.340683e-03,2.110188e-02,1.572794e-01,9.022892e-03,1.447833e-02,9.244365e-03,1.027919e-01,6.848841e-03,4.662526e-02
3.404857e-01,4.578470e-02,1.256723e-01,6.066987e-02,3.833836e-02,7.002003e-02,7.842327e-03,2.906545e-02,1.222500e-01,8.996038e-03,1.528987e-02,8.626984e-03,8.152170e-02,6.733438e-03,3.870318e-02
3.652700e-01,5.313519e-02,9.219860e-02,5.721077e-02,5.651905e-02,8.776101e-02,9.621374e-03,2.896789e-02,1.004079e-01,7.295854e-03,1.418774e-02,8.962629e-03,7.668038e-02,6.141352e-03,3.564030e-02
3.259263e-01,7.238314e-02,7.927867e-02,9.616601e-02,6.793223e-02,9.183622e-02,1.074664e-02,3.689278e-02,8.161516e-02,7.134680e-03,1.415320e-02,1.119650e-02,6.194716e-02,5.437450e-03,3.735383e-02
3.594790e-01,6.939515e-02,6.541137e-02,8.876882e-02,5.793028e-02,8.096804e-02,9.617733e-03,3.101583e-02,6.990869e-02,7.363719e-03,1.457028e-02,1.492431e-02,7.057727e-02,7.183245e-03,5.288633e-02
4.094408e-01,5.972232e-02,5.326840e-02,7.174384e-02,4.603004e-02,8.659121e-02,7.879030e-03,2.866387e-02,5.732345e-02,7.083987e-03,1.410745e-02,1.665290e-02,6.908599e-02,8.243813e-03,6.416287e-02
1.000000e+00,0.000000e+00,0.000000e+00,0.000000e+00,0.000000e+00,0.000000e+00,0.000000e+00,0.000000e+00,0.000000e+00,0.000000e+00,0.000000e+00,0.000000e+00,0.000000e+00,0.000000e+00,0.000000e+00
1.000000e+00,0.000000e+00,0.000000e+00,0.000000e+00,0.000000e+00,0.000000e+00,0.000000e+00,0.000000e+00,0.000000e+00,0.000000e+00,0.000000e+00,0.000000e+00,0.000000e+00,0.000000e+00,0.000000e+00
1.000000e+00,0.000000e+00,0.000000e+00,0.000000e+00,0.000000e+00,0.000000e+00,0.000000e+00,0.000000e+00,0.000000e+00,0.000000e+00,0.000000e+00,0.000000e+00,0.000000e+00,0.000000e+00,0.000000e+00
1.000000e+00,0.000000e+00,0.000000e+00,0.000000e+00,0.000000e+00,0.000000e+00,0.000000e+00,0.000000e+00,0.000000e+00,0.000000e+00,0.000000e+00,0.000000e+00,0.000000e+00,0.000000e+00,0.000000e+00
1.000000e+00,0.000000e+00,0.000000e+00,0.000000e+00,0.000000e+00,0.000000e+00,0.000000e+00,0.000000e+00,0.000000e+00,0.000000e+00,0.000000e+00,0.000000e+00,0.000000e+00,0.000000e+00,0.000000e+00
1.000000e+00,0.000000e+00,0.000000e+00,0.000000e+00,0.000000e+00,0.000000e+00,0.000000e+00,0.000000e+00,0.000000e+00,0.000000e+00,0.000000e+00,0.000000e+00,0.000000e+00,0.000000e+00,0.000000e+00
1.000000e+00,0.000000e+00,0.000000e+00,0.000000e+00,0.000000e+00,0.000000e+00,0.000000e+00,0.000000e+00,0.000000e+00,0.000000e+00,0.000000e+00,0.000000e+00,0.000000e+00,0.000000e+00,0.000000e+00
1.000000e+00,0.000000e+00,0.000000e+00,0.000000e+00,0.000000e+00,0.000000e+00,0.000000e+00,0.000000e+00,0.000000e+00,0.000000e+00,0.000000e+00,0.000000e+00,0.000000e+00,0.000000e+00,0.000000e+00
1.000000e+00,0.000000e+00,0.000000e+00,0.000000e+00,0.000000e+00,0.000000e+00,0.000000e+00,0.000000e+00,0.000000e+00,0.000000e+00,0.000000e+00,0.000000e+00,0.000000e+00,0.000000e+00,0.000000e+00
1.000000e+00,0.000000e+00,0.000000e+00,0.000000e+00,0.000000e+00,0.000000e+00,0.000000e+00,0.000000e+00,0.000000e+00,0.000000e+00,0.000000e+00,0.000000e+00,0.000000e+00,0.000000e+00,0.000000e+00
1.000000e+00,0.000000e+00,0.000000e+00,0.000000e+00,0.000000e+00,0.000000e+00,0.000000e+00,0.000000e+00,0.000000e+00,0.000000e+00,0.000000e+00,0.000000e+00,0.000000e+00,0.000000e+00,0.000000e+00
1.000000e+00,0.000000e+00,0.000000e+00,0.000000e+00,0.000000e+00,0.000000e+00,0.000000e+00,0.000000e+00,0.000000e+00,0.000000e+00,0.000000e+00,0.000000e+00,0.000000e+00,0.000000e+00,0.000000e+00
1.000000e+00,0.000000e+00,0.000000e+00,0.000000e+00,0.000000e+00,0.000000e+00,0.000000e+00,0.000000e+00,0.000000e+00,0.000000e+00,0.000000e+00,0.000000e+00,0.000000e+00,0.000000e+00,0.000000e+00
1.000000e+00,0.000000e+00,0.000000e+00,0.000000e+00,0.000000e+00,0.000000e+00,0.000000e+00,0.000000e+00,0.000000e+00,0.000000e+00,0.000000e+00,0.000000e+00,0.000000e+00,0.000000e+00,0.000000e+00
1.000000e+00,0.000000e+00,0.000000e+00,0.000000e+00,0.000000e+00,0.000000e+00,0.000000e+00,0.000000e+00,0.000000e+00,0.000000e+00,0.000000e+00,0.000000e+00,0.000000e+00,0.000000e+00,0.000000e+00
4.351052e-01,1.023037e-01,2.314094e-02,4.853277e-02,5.981129e-03,1.336577e-02,3.197672e-03,5.725069e-03,1.484635e-01,1.456994e-02,9.699472e-03,7.500176e-03,1.496601e-02,9.843873e-03,1.576047e-01
3.653373e-01,1.230705e-01,2.912275e-02,1.003682e-01,4.670356e-03,1.209871e-02,2.324620e-03,4.460869e-03,1.490538e-01,1.525980e-02,1.151921e-02,7.219285e-03,1.280262e-02,7.501861e-03,1.551902e-01
3.400137e-01,1.365479e-01,3.320012e-02,9.618479e-02,4.434673e-03,1.132514e-02,1.735058e-03,3.747805e-03,1.455047e-01,2.195851e-02,1.348878e-02,7.794015e-03,1.200559e-02,5.843111e-03,1.662161e-01
2.516928e-01,1.861883e-01,4.431240e-02,8.434740e-02,4.121162e-03,8.663807e-03,1.272464e-03,3.018841e-03,1.882296e-01,2.523909e-02,1.397417e-02,7.016458e-03,1.076849e-02,5.209209e-03,1.659458e-01
1.844140e-01,2.053841e-01,3.803852e-02,6.506147e-02,4.376773e-03,7.068740e-03,9.238084e-04,2.647337e-03,2.783949e-01,2.972210e-02,1.238123e-02,5.288326e-03,8.717387e-03,4.495131e-03,1.530861e-01
1.339433e-01,2.390624e-01,3.689114e-02,5.026273e-02,3.906257e-03,6.100809e-03,6.820581e-04,2.202796e-03,3.320422e-01,3.377660e-02,1.005026e-02,4.334980e-03,7.719497e-03,5.197672e-03,1.338272e-01
1.034369e-01,2.822494e-01,2.873810e-02,4.035570e-02,4.514933e-03,5.688276e-03,5.557497e-04,2.105553e-03,3.745307e-01,2.649693e-02,8.106478e-03,3.388126e-03,7.153879e-03,4.691194e-03,1.079880e-01
9.602270e-02,2.895148e-01,2.303092e-02,3.487708e-02,8.303468e-03,6.603865e-03,5.312699e-04,2.606868e-03,3.911077e-01,2.204197e-02,7.613631e-03,2.673817e-03,7.966149e-03,5.486117e-03,1.016195e-01
1.064362e-01,2.630862e-01,1.873623e-02,3.275352e-02,2.389278e-02,1.096432e-02,8.215802e-04,4.261856e-03,4.103221e-01,1.746797e-02,6.464500e-03,2.122235e-03,7.479684e-03,5.539484e-03,8.965126e-02
1.107763e-01,2.388596e-01,1.446901e-02,2.638853e-02,4.923892e-02,1.757076e-02,1.304893e-03,6.984921e-03,4.137051e-01,1.345967e-02,5.779304e-03,1.673303e-03,6.748565e-03,4.945022e-03,8.809614e-02
1.081332e-01,2.199855e-01,1.074408e-02,2.074305e-02,6.736529e-02,1.627152e-02,1.289039e-03,7.503584e-03,4.327902e-01,1.324868e-02,4.446447e-03,1.295515e-03,7.283267e-03,4.423543e-03,8.447712e-02
1.215089e-01,2.336374e-01,1.041308e-02,2.157669e-02,7.602713e-02,1.643951e-02,1.704636e-03,1.293868e-02,3.841767e-01,1.275804e-02,3.761497e-03,1.204038e-03,7.971242e-03,4.785178e-03,9.109733e-02
1.397551e-01,2.196503e-01,1.198487e-02,2.084378e-02,1.241196e-01,2.180572e-02,3.276099e-03,3.781801e-02,3.170411e-01,1.093590e-02,2.905916e-03,1.012009e-03,6.919350e-03,4.280435e-03,7.765189e-02
1.494739e-01,2.012919e-01,2.087224e-02,2.550488e-02,1.109748e-01,3.257921e-02,3.865526e-03,7.071918e-02,2.729884e-01,9.763300e-03,2.310631e-03,1.157576e-03,6.472388e-03,3.425932e-03,8.860009e-02
1.380982e-01,2.203373e-01,2.853169e-02,2.176873e-02,9.637823e-02,3.643556e-02,3.687411e-03,1.425971e-01,2.223156e-01,7.293952e-03,1.761940e-03,9.484937e-04,6.123992e-03,2.679339e-03,7.104245e-02
1.205029e-01,2.855532e-01,2.322067e-02,1.661616e-02,8.481382e-02,4.206289e-02,3.505531e-03,1.375103e-01,2.173421e-01,5.310161e-03,1.344605e-03,7.524341e-04,4.647810e-03,2.502040e-03,5.431539e-02
1.064329e-01,3.423613e-01,1.737086e-02,1.259358e-02,6.704754e-02,8.311760e-02,2.834759e-03,1.051866e-01,2.091981e-01,4.007653e-03,1.109967e-03,6.263735e-04,3.719906e-03,2.544990e-03,4.184788e-02
9.721518e-02,3.539841e-01,1.468026e-02,1.045146e-02,5.344780e-02,1.262786e-01,2.577936e-03,8.203205e-02,2.144047e-01,3.634929e-03,1.015354e-03,6.229078e-04,2.960758e-03,2.515580e-03,3.417847e-02
1.012024e-01,3.327718e-01,1.139905e-02,9.091735e-03,4.391903e-02,1.308024e-01,2.319099e-03,6.626626e-02,2.399446e-01,6.061233e-03,1.374416e-03,1.324990e-03,3.694745e-03,3.157544e-03,4.667074e-02
1.151845e-01,3.348878e-01,1.267840e-02,1.014958e-02,3.608377e-02,1.303793e-01,2.769010e-03,6.140650e-02,2.218391e-01,7.590355e-03,2.492711e-03,3.253994e-03,5.418582e-03,4.309065e-03,5.155734e-02
8.979744e-02,2.854204e-01,4.392974e-02,1.027333e-01,2.662158e-02,9.189918e-02,2.025942e-03,4.358953e-02,1.632828e-01,1.740661e-02,4.814834e-03,3.598693e-03,5.933875e-03,3.215101e-03,1.157311e-01
1.071897e-01,2.041813e-01,1.780546e-01,1.172786e-01,1.954600e-02,6.928334e-02,1.689917e-03,3.608073e-02,1.204978e-01,1.539074e-02,1.033475e-02,7.796540e-03,1.092838e-02,2.745517e-03,9.900222e-02
1.080882e-01,1.472222e-01,2.853660e-01,1.057653e-01,1.410145e-02,5.035732e-02,1.333406e-03,2.843914e-02,9.362881e-02,1.636616e-02,1.186650e-02,9.212921e-03,1.081287e-02,3.759761e-03,1.136800e-01
2.951106e-01,1.054836e-01,2.319057e-01,7.964873e-02,1.104213e-02,3.816374e-02,1.238569e-03,2.436536e-02,7.103021e-02,1.487210e-02,1.242003e-02,1.499399e-02,1.026272e-02,5.488873e-03,8.397354e-02
4.381654e-01,7.628924e-02,1.804430e-01,5.922255e-02,1.067853e-02,2.881982e-02,1.254026e-03,2.341262e-02,5.847304e-02,1.320657e-02,1.336619e-02,1.478111e-02,8.548883e-03,8.736249e-03,6.460279e-02
1.000000e+00,0.000000e+00,0.000000e+00,0.000000e+00,0.000000e+00,0.000000e+00,0.000000e+00,0.000000e+00,0.000000e+00,0.000000e+00,0.000000e+00,0.000000e+00,0.000000e+00,0.000000e+00,0.000000e+00
1.000000e+00,0.000000e+00,0.000000e+00,0.000000e+00,0.000000e+00,0.000000e+00,0.000000e+00,0.000000e+00,0.000000e+00,0.000000e+00,0.000000e+00,0.000000e+00,0.000000e+00,0.000000e+00,0.000000e+00
4.379019e-01,2.961817e-02,6.907709e-02,2.540054e-02,8.047543e-03,1.431587e-02,1.235966e-03,1.050245e-02,6.356461e-02,2.014307e-02,1.655878e-02,1.114033e-02,1.239309e-02,2.245058e-01,5.559488e-02
3.951652e-01,2.398341e-02,6.391639e-02,2.160025e-02,1.185100e-02,1.213583e-02,2.261985e-03,1.143631e-02,9.841067e-02,4.210743e-02,1.810070e-02,1.530189e-02,2.991864e-02,2.031635e-01,5.064672e-02
2.999200e-01,1.876152e-02,4.980277e-02,1.655520e-02,9.740423e-03,1.006368e-02,1.931794e-03,9.120435e-03,1.923050e-01,5.735896e-02,1.574803e-02,1.302296e-02,2.679366e-02,2.027432e-01,7.613236e-02
2.374244e-01,1.689574e-02,3.661449e-02,1.208910e-02,7.446301e-03,8.046908e-03,1.485841e-03,6.593410e-03,2.125096e-01,5.601520e-02,1.282944e-02,9.933325e-03,2.082948e-02,2.483596e-01,1.129272e-01
2.818787e-01,3.055324e-02,3.773949e-02,1.521291e-02,2.530635e-02,7.646615e-03,2.746361e-03,1.024934e-02,2.402242e-01,4.286681e-02,1.189716e-02,8.366423e-03,1.929180e-02,1.787563e-01,8.726433e-02
3.189424e-01,5.468621e-02,3.653721e-02,1.707788e-02,6.096857e-02,9.593675e-03,2.859201e-03,1.364023e-02,2.186923e-01,3.138829e-02,9.376321e-03,6.951889e-03,1.698230e-02,1.316050e-01,7.069852e-02
2.769894e-01,4.778365e-02,4.248208e-02,8.330046e-02,1.081908e-01,8.267074e-03,2.529813e-03,2.272653e-02,2.084589e-01,2.349473e-02,7.497917e-03,5.808192e-03,1.256137e-02,9.256083e-02,5.734833e-02
2.560953e-01,4.093605e-02,4.464070e-02,9.956604e-02,1.740077e-01,7.205068e-03,2.568310e-03,2.989062e-02,1.901020e-01,1.800053e-02,6.098373e-03,4.802119e-03,9.368313e-03,6.557724e-02,5.114163e-02
2.737443e-01,3.795568e-02,9.470615e-02,1.103282e-01,1.713839e-01,7.259246e-03,2.802812e-03,3.516908e-02,1.479218e-01,1.412375e-02,5.074417e-03,4.159192e-03,7.183433e-03,4.653329e-02,4.165476e-02
2.574390e-01,3.637314e-02,1.739379e-01,1.532601e-01,1.415127e-01,6.969502e-03,2.389859e-03,3.288592e-02,1.080942e-01,1.038975e-02,4.349522e-03,3.607966e-03,5.375461e-03,3.309228e-02,3.032267e-02
2.685073e-01,3.305776e-02,2.460250e-01,1.322988e-01,1.230926e-01,7.064844e-03,2.044177e-03,2.874347e-02,8.862306e-02,8.270234e-03,5.101452e-03,3.264731e-03,4.206862e-03,2.446562e-02,2.523408e-02
2.911386e-01,3.236080e-02,2.100068e-01,1.127644e-01,1.241136e-01,7.334498e-03,1.918831e-03,9.681135e-02,6.908888e-02,6.271249e-03,4.929457e-03,3.082167e-03,3.374537e-03,1.831873e-02,1.848613e-02
2.779747e-01,2.866577e-02,1.578299e-01,8.417243e-02,1.184989e-01,6.339981e-03,1.629596e-03,2.305396e-01,5.290543e-02,4.678794e-03,4.416681e-03,2.569905e-03,2.668332e-03,1.351383e-02,1.359611e-02
3.064606e-01,2.370713e-02,1.163656e-01,7.795671e-02,9.960152e-02,6.081196e-03,1.465953e-03,1.856966e-01,6.125475e-02,2.928765e-02,3.045341e-02,1.225373e-02,2.140761e-02,1.146142e-02,1.654611e-02
2.260442e-01,1.731185e-02,8.315688e-02,9.158581e-02,7.073362e-02,4.759493e-03,1.104106e-03,1.382437e-01,9.475243e-02,2.410755e-02,1.528655e-01,1.275717e-02,4.819183e-02,8.768434e-03,2.561744e-02
1.660497e-01,1.546525e-02,7.241222e-02,1.106365e-01,5.078907e-02,3.738777e-03,8.398115e-04,1.036774e-01,1.597032e-01,3.347171e-02,1.311305e-01,1.251069e-02,3.787589e-02,9.373721e-03,9.232552e-02
1.425862e-01,1.406608e-02,7.164098e-02,1.063692e-01,3.728222e-02,4.134345e-03,7.984504e-04,8.698341e-02,2.077034e-01,5.469627e-02,1.105417e-01,1.173273e-02,3.067586e-02,1.224393e-02,1.085453e-01
1.520650e-01,1.214683e-02,5.953728e-02,8.655694e-02,2.952007e-02,3.991850e-03,6.392867e-04,7.249115e-02,2.395125e-01,5.089314e-02,1.501424e-01,1.004124e-02,2.768975e-02,1.073041e-02,9.404212e-02
1.934944e-01,1.115361e-02,5.203686e-02,8.840772e-02,2.154711e-02,5.388794e-03,5.365394e-04,5.411605e-02,2.386108e-01,5.851659e-02,1.414238e-01,8.719055e-03,3.152325e-02,1.618900e-02,7.833640e-02
1.767970e-01,8.924946e-03,3.726128e-02,7.035305e-02,1.572298e-02,4.955992e-03,5.491389e-04,3.980888e-02,2.821604e-01,4.344927e-02,1.830716e-01,9.351579e-03,3.412994e-02,2.982305e-02,6.364081e-02
2.686169e-01,8.162988e-03,2.765775e-02,5.921941e-02,1.184879e-02,6.530580e-03,7.149171e-04,2.931427e-02,2.525041e-01,3.404898e-02,1.678936e-01,1.082580e-02,2.831923e-02,4.311965e-02,5.122310e-02
3.350096e-01,9.223123e-03,2.067349e-02,4.666859e-02,1.117732e-02,6.947851e-03,6.715515e-04,2.177943e-02,2.067371e-01,2.643654e-02,1.827992e-01,1.924088e-02,2.389812e-02,4.986920e-02,3.886801e-02
3.374888e-01,9.823320e-03,1.614526e-02,3.437008e-02,1.117817e-02,8.701617e-03,7.682263e-04,1.602581e-02,1.658410e-01,1.976038e-02,2.106036e-01,1.708936e-02,1.920182e-02,1.036567e-01,2.934584e-02
3.097932e-01,9.114301e-03,1.254297e-02,2.548596e-02,9.452054e-03,1.018231e-02,6.543638e-04,1.206661e-02,1.602980e-01,1.586512e-02,2.170468e-01,1.475490e-02,1.595523e-02,1.645794e-01,2.220881e-02
2.535036e-01,9.163481e-03,1.227372e-02,1.936099e-02,9.117682e-03,1.257842e-02,5.820874e-04,9.236989e-03,2.502122e-01,1.252172e-02,1.885901e-01,1.260918e-02,1.173675e-02,1.813442e-01,1.716894e-02
2.037099e-01,8.539825e-03,1.037814e-02,1.447173e-02,8.004389e-03,1.345951e-02,5.316692e-04,6.754969e-03,2.714575e-01,1.116209e-02,1.751591e-01,1.282384e-02,8.911109e-03,2.416782e-01,1.295812e-02
1.502996e-01,8.532425e-03,1.203646e-02,1.061726e-02,6.968510e-03,1.824412e-02,4.570144e-04,5.171471e-03,3.734802e-01,9.064020e-03,1.343069e-01,9.800903e-03,6.820197e-03,2.441773e-01,1.002361e-02
1.114087e-01,9.993481e-03,1.258029e-02,8.607829e-03,7.085096e-03,2.918654e-02,5.101124e-04,4.225838e-03,3.942869e-01,8.951261e-03,1.082490e-01,8.699166e-03,5.608879e-03,2.826244e-01,7.982491e-03
9.407151e-02,2.086712e-02,1.479257e-02,8.711403e-03,7.816289e-03,3.192040e-02,5.395550e-04,4.540038e-03,3.626168e-01,1.284371e-02,1.250767e-01,1.043341e-02,6.294426e-03,2.898707e-01,9.605424e-03
8.544532e-02,2.164731e-02,1.628578e-02,6.811022e-03,7.907122e-03,3.717434e-02,4.813788e-04,6.632666e-03,4.299701e-01,1.162386e-02,9.752574e-02,8.306360e-03,5.179080e-03,2.574047e-01,7.605220e-03
8.521944e-02,2.300798e-02,1.980416e-02,5.567151e-03,7.366636e-03,4.342020e-02,4.575356e-04,7.327145e-03,4.591700e-01,1.123587e-02,7.789233e-02,6.871021e-03,4.224202e-03,2.419265e-01,6.509984e-03
9.150893e-02,2.429009e-02,1.605172e-02,4.483560e-03,6.968956e-03,3.990521e-02,4.315997e-04,7.410169e-03,5.039231e-01,1.595252e-02,6.162854e-02,5.309585e-03,3.308916e-03,2.131530e-01,5.674095e-03
8.470517e-02,3.006800e-02,1.815606e-02,4.638206e-03,7.018899e-03,3.860721e-02,1.162375e-03,2.375883e-02,5.194327e-01,1.565589e-02,5.069301e-02,4.526285e-03,2.926588e-03,1.937600e-01,4.890844e-03
7.170110e-02,2.580631e-02,1.829533e-02,4.022898e-03,7.256988e-03,3.141393e-02,1.187318e-03,1.947948e-02,5.602689e-01,2.571417e-02,3.901070e-02,3.760747e-03,2.268546e-03,1.858373e-01,3.976208e-03
6.655199e-02,2.115957e-02,1.772187e-02,3.555068e-03,6.644263e-03,2.952061e-02,1.061498e-03,1.508729e-02,5.833143e-01,4.104677e-02,2.993689e-02,3.252239e-03,1.752095e-03,1.755856e-01,3.809920e-03
6.265810e-02,1.762385e-02,1.504081e-02,3.083355e-03,5.785020e-03,2.597817e-02,8.863257e-04,1.106533e-02,5.666774e-01,7.484895e-02,2.332366e-02,3.100404e-03,1.376282e-03,1.847043e-01,3.848047e-03
1.092319e-01,2.101566e-02,2.261312e-02,1.995938e-02,1.305667e-02,2.694933e-02,1.325976e-03,1.238524e-02,5.133176e-01,8.678595e-02,2.124458e-02,5.548957e-03,2.139285e-03,1.348609e-01,9.565426e-03
1.757674e-01,2.057646e-02,2.777093e-02,1.846797e-02,1.341662e-02,2.496443e-02,1.351066e-03,9.792057e-03,4.334925e-01,1.194838e-01,1.844925e-02,7.696006e-03,2.128126e-03,1.146106e-01,1.203293e-02
2.958443e-01,1.675916e-02,2.516554e-02,1.728151e-02,1.234840e-02,1.940783e-02,1.464817e-03,9.717269e-03,3.421715e-01,1.261964e-01,1.484511e-02,1.303448e-02,2.511600e-03,8.901931e-02,1.423274e-02
4.123927e-01,1.302100e-02,2.080113e-02,1.340567e-02,1.025389e-02,1.447596e-02,1.325843e-03,8.899615e-03,2.887493e-01,1.061573e-01,1.292349e-02,1.353607e-02,2.675545e-03,6.857400e-02,1.280841e-02
1.000000e+00,0.000000e+00,0.000000e+00,0.000000e+00,0.000000e+00,0.000000e+00,0.000000e+00,0.000000e+00,0.000000e+00,0.000000e+00,0.000000e+00,0.000000e+00,0.000000e+00,0.000000e+00,0.000000e+00
1.000000e+00,0.000000e+00,0.000000e+00,0.000000e+00,0.000000e+00,0.000000e+00,0.000000e+00,0.000000e+00,0.000000e+00,0.000000e+00,0.000000e+00,0.000000e+00,0.000000e+00,0.000000e+00,0.000000e+00
1.000000e+00,0.000000e+00,0.000000e+00,0.000000e+00,0.000000e+00,0.000000e+00,0.000000e+00,0.000000e+00,0.000000e+00,0.000000e+00,0.000000e+00,0.000000e+00,0.000000e+00,0.000000e+00,0.000000e+00
1.000000e+00,0.000000e+00,0.000000e+00,0.000000e+00,0.000000e+00,0.000000e+00,0.000000e+00,0.000000e+00,0.000000e+00,0.000000e+00,0.000000e+00,0.000000e+00,0.000000e+00,0.000000e+00,0.000000e+00
1.000000e+00,0.000000e+00,0.000000e+00,0.000000e+00,0.000000e+00,0.000000e+00,0.000000e+00,0.000000e+00,0.000000e+00,0.000000e+00,0.000000e+00,0.000000e+00,0.000000e+00,0.000000e+00,0.000000e+00
1.000000e+00,0.000000e+00,0.000000e+00,0.000000e+00,0.000000e+00,0.000000e+00,0.000000e+00,0.000000e+00,0.000000e+00,0.000000e+00,0.000000e+00,0.000000e+00,0.000000e+00,0.000000e+00,0.000000e+00
1.000000e+00,0.000000e+00,0.000000e+00,0.000000e+00,0.000000e+00,0.000000e+00,0.000000e+00,0.000000e+00,0.000000e+00,0.000000e+00,0.000000e+00,0.000000e+00,0.000000e+00,0.000000e+00,0.000000e+00
1.000000e+00,0.000000e+00,0.000000e+00,0.000000e+00,0.000000e+00,0.000000e+00,0.000000e+00,0.000000e+00,0.000000e+00,0.000000e+00,0.000000e+00,0.000000e+00,0.000000e+00,0.000000e+00,0.000000e+00
1.000000e+00,0.000000e+00,0.000000e+00,0.000000e+00,0.000000e+00,0.000000e+00,0.000000e+00,0.000000e+00,0.000000e+00,0.000000e+00,0.000000e+00,0.000000e+00,0.000000e+00,0.000000e+00,0.000000e+00
1.000000e+00,0.000000e+00,0.000000e+00,0.000000e+00,0.000000e+00,0.000000e+00,0.000000e+00,0.000000e+00,0.000000e+00,0.000000e+00,0.000000e+00,0.000000e+00,0.000000e+00,0.000000e+00,0.000000e+00
1.000000e+00,0.000000e+00,0.000000e+00,0.000000e+00,0.000000e+00,0.000000e+00,0.000000e+00,0.000000e+00,0.000000e+00,0.000000e+00,0.000000e+00,0.000000e+00,0.000000e+00,0.000000e+00,0.000000e+00
1.000000e+00,0.000000e+00,0.000000e+00,0.000000e+00,0.000000e+00,0.000000e+00,0.000000e+00,0.000000e+00,0.000000e+00,0.000000e+00,0.000000e+00,0.000000e+00,0.000000e+00,0.000000e+00,0.000000e+00
1.000000e+00,0.000000e+00,0.000000e+00,0.000000e+00,0.000000e+00,0.000000e+00,0.000000e+00,0.000000e+00,0.000000e+00,0.000000e+00,0.000000e+00,0.000000e+00,0.000000e+00,0.000000e+00,0.000000e+00
1.000000e+00,0.000000e+00,0.000000e+00,0.000000e+00,0.000000e+00,0.000000e+00,0.000000e+00,0.000000e+00,0.000000e+00,0.000000e+00,0.000000e+00,0.000000e+00,0.000000e+00,0.000000e+00,0.000000e+00
1.000000e+00,0.000000e+00,0.000000e+00,0.000000e+00,0.000000e+00,0.000000e+00,0.000000e+00,0.000000e+00,0.000000e+00,0.000000e+00,0.000000e+00,0.000000e+00,0.000000e+00,0.000000e+00,0.000000e+00
1.000000e+00,0.000000e+00,0.000000e+00,0.000000e+00,0.000000e+00,0.000000e+00,0.000000e+00,0.000000e+00,0.000000e+00,0.000000e+00,0.000000e+00,0.000000e+00,0.000000e+00,0.000000e+00,0.000000e+00
1.000000e+00,0.000000e+00,0.000000e+00,0.000000e+00,0.000000e+00,0.000000e+00,0.000000e+00,0.000000e+00,0.000000e+00,0.000000e+00,0.000000e+00,0.000000e+00,0.000000e+00,0.000000e+00,0.000000e+00
1.000000e+00,0.000000e+00,0.000000e+00,0.000000e+00,0.000000e+00,0.000000e+00,0.000000e+00,0.000000e+00,0.000000e+00,0.000000e+00,0.000000e+00,0.000000e+00,0.000000e+00,0.000000e+00,0.000000e+00
1.000000e+00,0.000000e+00,0.000000e+00,0.000000e+00,0.000000e+00,0.000000e+00,0.000000e+00,0.000000e+00,0.000000e+00,0.000000e+00,0.000000e+00,0.000000e+00,0.000000e+00,0.000000e+00,0.000000e+00
1.000000e+00,0.000000e+00,0.000000e+00,0.000000e+00,0.000000e+00,0.000000e+00,0.000000e+00,0.000000e+00,0.000000e+00,0.000000e+00,0.000000e+00,0.000000e+00,0.000000e+00,0.000000e+00,0.000000e+00
1.000000e+00,0.000000e+00,0.000000e+00,0.000000e+00,0.000000e+00,0.000000e+00,0.000000e+00,0.000000e+00,0.000000e+00,0.000000e+00,0.000000e+00,0.000000e+00,0.000000e+00,0.000000e+00,0.000000e+00
1.000000e+00,0.000000e+00,0.000000e+00,0.000000e+00,0.000000e+00,0.000000e+00,0.000000e+00,0.000000e+00,0.000000e+00,0.000000e+00,0.000000e+00,0.000000e+00,0.000000e+00,0.000000e+00,0.000000e+00
1.000000e+00,0.000000e+00,0.000000e+00,0.000000e+00,0.000000e+00,0.000000e+00,0.000000e+00,0.000000e+00,0.000000e+00,0.000000e+00,0.000000e+00,0.000000e+00,0.000000e+00,0.000000e+00,0.000000e+00
1.000000e+00,0.000000e+00,0.000000e+00,0.000000e+00,0.000000e+00,0.000000e+00,0.000000e+00,0.000000e+00,0.000000e+00,0.000000e+00,0.000000e+00,0.000000e+00,0.000000e+00,0.000000e+00,0.000000e+00
1.000000e+00,0.000000e+00,0.000000e+00,0.000000e+00,0.000000e+00,0.000000e+00,0.000000e+00,0.000000e+00,0.000000e+00,0.000000e+00,0.000000e+00,0.000000e+00,0.000000e+00,0.000000e+00,0.000000e+00
1.000000e+00,0.000000e+00,0.000000e+00,0.000000e+00,0.000000e+00,0.000000e+00,0.000000e+00,0.000000e+00,0.000000e+00,0.000000e+00,0.000000e+00,0.000000e+00,0.000000e+00,0.000000e+00,0.000000e+00
1.000000e+00,0.000000e+00,0.000000e+00,0.000000e+00,0.000000e+00,0.000000e+00,0.000000e+00,0.000000e+00,0.000000e+00,0.000000e+00,0.000000e+00,0.000000e+00,0.000000e+00,0.000000e+00,0.000000e+00
1.000000e+00,0.000000e+00,0.000000e+00,0.000000e+00,0.000000e+00,0.000000e+00,0.000000e+00,0.000000e+00,0.000000e+00,0.000000e+00,0.000000e+00,0.000000e+00,0.000000e+00,0.000000e+00,0.000000e+00
1.000000e+00,0.000000e+00,0.000000e+00,0.000000e+00,0.000000e+00,0.000000e+00,0.000000e+00,0.000000e+00,0.000000e+00,0.000000e+00,0.000000e+00,0.000000e+00,0.000000e+00,0.000000e+00,0.000000e+00
1.000000e+00,0.000000e+00,0.000000e+00,0.000000e+00,0.000000e+00,0.000000e+00,0.000000e+00,0.000000e+00,0.000000e+00,0.000000e+00,0.000000e+00,0.000000e+00,0.000000e+00,0.000000e+00,0.000000e+00
1.000000e+00,0.000000e+00,0.000000e+00,0.000000e+00,0.000000e+00,0.000000e+00,0.000000e+00,0.000000e+00,0.000000e+00,0.000000e+00,0.000000e+00,0.000000e+00,0.000000e+00,0.000000e+00,0.000000e+00
1.000000e+00,0.000000e+00,0.000000e+00,0.000000e+00,0.000000e+00,0.000000e+00,0.000000e+00,0.000000e+00,0.000000e+00,0.000000e+00,0.000000e+00,0.000000e+00,0.000000e+00,0.000000e+00,0.000000e+00
1.000000e+00,0.000000e+00,0.000000e+00,0.000000e+00,0.000000e+00,0.000000e+00,0.000000e+00,0.000000e+00,0.000000e+00,0.000000e+00,0.000000e+00,0.000000e+00,0.000000e+00,0.000000e+00,0.000000e+00
1.000000e+00,0.000000e+00,0.000000e+00,0.000000e+00,0.000000e+00,0.000000e+00,0.000000e+00,0.000000e+00,0.000000e+00,0.000000e+00,0.000000e+00,0.000000e+00,0.000000e+00,0.000000e+00,0.000000e+00
1.000000e+00,0.000000e+00,0.000000e+00,0.000000e+00,0.000000e+00,0.000000e+00,0.000000e+00,0.000000e+00,0.000000e+00,0.000000e+00,0.000000e+00,0.000000e+00,0.000000e+00,0.000000e+00,0.000000e+00
1.000000e+00,0.000000e+00,0.000000e+00,0.000000e+00,0.000000e+00,0.000000e+00,0.000000e+00,0.000000e+00,0.000000e+00,0.000000e+00,0.000000e+00,0.000000e+00,0.000000e+00,0.000000e+00,0.000000e+00
1.000000e+00,0.000000e+00,0.000000e+00,0.000000e+00,0.000000e+00,0.000000e+00,0.000000e+00,0.000000e+00,0.000000e+00,0.000000e+00,0.000000e+00,0.000000e+00,0.000000e+00,0.000000e+00,0.000000e+00
1.000000e+00,0.000000e+00,0.000000e+00,0.000000e+00,0.000000e+00,0.000000e+00,0.000000e+00,0.000000e+00,0.000000e+00,0.000000e+00,0.000000e+00,0.000000e+00,0.000000e+00,0.000000e+00,0.000000e+00
1.000000e+00,0.000000e+00,0.000000e+00,0.000000e+00,0.000000e+00,0.000000e+00,0.000000e+00,0.000000e+00,0.000000e+00,0.000000e+00,0.000000e+00,0.000000e+00,0.000000e+00,0.000000e+00,0.000000e+00
1.000000e+00,0.000000e+00,0.000000e+00,0.000000e+00,0.000000e+00,0.000000e+00,0.000000e+00,0.000000e+00,0.000000e+00,0.000000e+00,0.000000e+00,0.000000e+00,0.000000e+00,0.000000e+00,0.000000e+00
1.000000e+00,0.000000e+00,0.000000e+00,0.000000e+00,0.000000e+00,0.000000e+00,0.000000e+00,0.000000e+00,0.000000e+00,0.000000e+00,0.000000e+00,0.000000e+00,0.000000e+00,0.000000e+00,0.000000e+00
1.000000e+00,0.000000e+00,0.000000e+00,0.000000e+00,0.000000e+00,0.000000e+00,0.000000e+00,0.000000e+00,0.000000e+00,0.000000e+00,0.000000e+00,0.000000e+00,0.000000e+00,0.000000e+00,0.000000e+00
1.000000e+00,0.000000e+00,0.000000e+00,0.000000e+00,0.000000e+00,0.000000e+00,0.000000e+00,0.000000e+00,0.000000e+00,0.000000e+00,0.000000e+00,0.000000e+00,0.000000e+00,0.000000e+00,0.000000e+00
1.000000e+00,0.000000e+00,0.000000e+00,0.000000e+00,0.000000e+00,0.000000e+00,0.000000e+00,0.000000e+00,0.000000e+00,0.000000e+00,0.000000e+00,0.000000e+00,0.000000e+00,0.000000e+00,0.000000e+00
1.000000e+00,0.000000e+00,0.000000e+00,0.000000e+00,0.000000e+00,0.000000e+00,0.000000e+00,0.000000e+00,0.000000e+00,0.000000e+00,0.000000e+00,0.000000e+00,0.000000e+00,0.000000e+00,0.000000e+00
1.000000e+00,0.000000e+00,0.000000e+00,0.000000e+00,0.000000e+00,0.000000e+00,0.000000e+00,0.000000e+00,0.000000e+00,0.000000e+00,0.000000e+00,0.000000e+00,0.000000e+00,0.000000e+00,0.000000e+00
1.000000e+00,0.000000e+00,0.000000e+00,0.000000e+00,0.000000e+00,0.000000e+00,0.000000e+00,0.000000e+00,0.000000e+00,0.000000e+00,0.000000e+00,0.000000e+00,0.000000e+00,0.000000e+00,0.000000e+00
1.000000e+00,0.000000e+00,0.000000e+00,0.000000e+00,0.000000e+00,0.000000e+00,0.000000e+00,0.000000e+00,0.000000e+00,0.000000e+00,0.000000e+00,0.000000e+00,0.000000e+00,0.000000e+00,0.000000e+00
1.000000e+00,0.000000e+00,0.000000e+00,0.000000e+00,0.000000e+00,0.000000e+00,0.000000e+00,0.000000e+00,0.000000e+00,0.000000e+00,0.000000e+00,0.000000e+00,0.000000e+00,0.000000e+00,0.000000e+00
1.000000e+00,0.000000e+00,0.000000e+00,0.000000e+00,0.000000e+00,0.000000e+00,0.000000e+00,0.000000e+00,0.000000e+00,0.000000e+00,0.000000e+00,0.000000e+00,0.000000e+00,0.000000e+00,0.000000e+00
1.000000e+00,0.000000e+00,0.000000e+00,0.000000e+00,0.000000e+00,0.000000e+00,0.000000e+00,0.000000e+00,0.000000e+00,0.000000e+00,0.000000e+00,0.000000e+00,0.000000e+00,0.000000e+00,0.000000e+00
1.000000e+00,0.000000e+00,0.000000e+00,0.000000e+00,0.000000e+00,0.000000e+00,0.000000e+00,0.000000e+00,0.000000e+00,0.000000e+00,0.000000e+00,0.000000e+00,0.000000e+00,0.000000e+00,0.000000e+00
1.000000e+00,0.000000e+00,0.000000e+00,0.000000e+00,0.000000e+00,0.000000e+00,0.000000e+00,0.000000e+00,0.000000e+00,0.000000e+00,0.000000e+00,0.000000e+00,0.000000e+00,0.000000e+00,0.000000e+00
1.000000e+00,0.000000e+00,0.000000e+00,0.000000e+00,0.000000e+00,0.000000e+00,0.000000e+00,0.000000e+00,0.000000e+00,0.000000e+00,0.000000e+00,0.000000e+00,0.000000e+00,0.000000e+00,0.000000e+00
1.000000e+00,0.000000e+00,0.000000e+00,0.000000e+00,0.000000e+00,0.000000e+00,0.000000e+00,0.000000e+00,0.000000e+00,0.000000e+00,0.000000e+00,0.000000e+00,0.000000e+00,0.000000e+00,0.000000e+00
1.000000e+00,0.000000e+00,0.000000e+00,0.000000e+00,0.000000e+00,0.000000e+00,0.000000e+00,0.000000e+00,0.000000e+00,0.000000e+00,0.000000e+00,0.000000e+00,0.000000e+00,0.000000e+00,0.000000e+00
1.000000e+00,0.000000e+00,0.000000e+00,0.000000e+00,0.000000e+00,0.000000e+00,0.000000e+00,0.000000e+00,0.000000e+00,0.000000e+00,0.000000e+00,0.000000e+00,0.000000e+00,0.000000e+00,0.000000e+00
