1.000000e+00,0.000000e+00,0.000000e+00,0.000000e+00,0.000000e+00,0.000000e+00,0.000000e+00,0.000000e+00,0.000000e+00,0.000000e+00,0.000000e+00,0.000000e+00,0.000000e+00,0.000000e+00,0.000000e+00
1.000000e+00,0.000000e+00,0.000000e+00,0.000000e+00,0.000000e+00,0.000000e+00,0.000000e+00,0.000000e+00,0.000000e+00,0.000000e+00,0.000000e+00,0.000000e+00,0.000000e+00,0.000000e+00,0.000000e+00
1.000000e+00,0.000000e+00,0.000000e+00,0.000000e+00,0.000000e+00,0.000000e+00,0.000000e+00,0.000000e+00,0.000000e+00,0.000000e+00,0.000000e+00,0.000000e+00,0.000000e+00,0.000000e+00,0.000000e+00
1.000000e+00,0.000000e+00,0.000000e+00,0.000000e+00,0.000000e+00,0.000000e+00,0.000000e+00,0.000000e+00,0.000000e+00,0.000000e+00,0.000000e+00,0.000000e+00,0.000000e+00,0.000000e+00,0.000000e+00
1.000000e+00,0.000000e+00,0.000000e+00,0.000000e+00,0.000000e+00,0.000000e+00,0.000000e+00,0.000000e+00,0.000000e+00,0.000000e+00,0.000000e+00,0.000000e+00,0.000000e+00,0.000000e+00,0.000000e+00
1.000000e+00,0.000000e+00,0.000000e+00,0.000000e+00,0.000000e+00,0.000000e+00,0.000000e+00,0.000000e+00,0.000000e+00,0.000000e+00,0.000000e+00,0.000000e+00,0.000000e+00,0.000000e+00,0.000000e+00
1.000000e+00,0.000000e+00,0.000000e+00,0.000000e+00,0.000000e+00,0.000000e+00,0.000000e+00,0.000000e+00,0.000000e+00,0.000000e+00,0.000000e+00,0.000000e+00,0.000000e+00,0.000000e+00,0.000000e+00
1.000000e+00,0.000000e+00,0.000000e+00,0.000000e+00,0.000000e+00,0.000000e+00,0.000000e+00,0.000000e+00,0.000000e+00,0.000000e+00,0.000000e+00,0.000000e+00,0.000000e+00,0.000000e+00,0.000000e+00
1.000000e+00,0.000000e+00,0.000000e+00,0.000000e+00,0.000000e+00,0.000000e+00,0.000000e+00,0.000000e+00,0.000000e+00,0.000000e+00,0.000000e+00,0.000000e+00,0.000000e+00,0.000000e+00,0.000000e+00
1.000000e+00,0.000000e+00,0.000000e+00,0.000000e+00,0.000000e+00,0.000000e+00,0.000000e+00,0.000000e+00,0.000000e+00,0.000000e+00,0.000000e+00,0.000000e+00,0.000000e+00,0.000000e+00,0.000000e+00
1.000000e+00,0.000000e+00,0.000000e+00,0.000000e+00,0.000000e+00,0.000000e+00,0.000000e+00,0.000000e+00,0.000000e+00,0.000000e+00,0.000000e+00,0.000000e+00,0.000000e+00,0.000000e+00,0.000000e+00
1.000000e+00,0.000000e+00,0.000000e+00,0.000000e+00,0.000000e+00,0.000000e+00,0.000000e+00,0.000000e+00,0.000000e+00,0.000000e+00,0.000000e+00,0.000000e+00,0.000000e+00,0.000000e+00,0.000000e+00
1.000000e+00,0.000000e+00,0.000000e+00,0.000000e+00,0.000000e+00,0.000000e+00,0.000000e+00,0.000000e+00,0.000000e+00,0.000000e+00,0.000000e+00,0.000000e+00,0.000000e+00,0.000000e+00,0.000000e+00
1.000000e+00,0.000000e+00,0.000000e+00,0.000000e+00,0.000000e+00,0.000000e+00,0.000000e+00,0.000000e+00,0.000000e+00,0.000000e+00,0.000000e+00,0.000000e+00,0.000000e+00,0.000000e+00,0.000000e+00
1.000000e+00,0.000000e+00,0.000000e+00,0.000000e+00,0.000000e+00,0.000000e+00,0.000000e+00,0.000000e+00,0.000000e+00,0.000000e+00,0.000000e+00,0.000000e+00,0.000000e+00,0.000000e+00,0.000000e+00
1.000000e+00,0.000000e+00,0.000000e+00,0.000000e+00,0.000000e+00,0.000000e+00,0.000000e+00,0.000000e+00,0.000000e+00,0.000000e+00,0.000000e+00,0.000000e+00,0.000000e+00,0.000000e+00,0.000000e+00
1.000000e+00,0.000000e+00,0.000000e+00,0.000000e+00,0.000000e+00,0.000000e+00,0.000000e+00,0.000000e+00,0.000000e+00,0.000000e+00,0.000000e+00,0.000000e+00,0.000000e+00,0.000000e+00,0.000000e+00
1.000000e+00,0.000000e+00,0.000000e+00,0.000000e+00,0.000000e+00,0.000000e+00,0.000000e+00,0.000000e+00,0.000000e+00,0.000000e+00,0.000000e+00,0.000000e+00,0.000000e+00,0.000000e+00,0.000000e+00
1.000000e+00,0.000000e+00,0.000000e+00,0.000000e+00,0.000000e+00,0.000000e+00,0.000000e+00,0.000000e+00,0.000000e+00,0.000000e+00,0.000000e+00,0.000000e+00,0.000000e+00,0.000000e+00,0.000000e+00
1.000000e+00,0.000000e+00,0.000000e+00,0.000000e+00,0.000000e+00,0.000000e+00,0.000000e+00,0.000000e+00,0.000000e+00,0.000000e+00,0.000000e+00,0.000000e+00,0.000000e+00,0.000000e+00,0.000000e+00
1.000000e+00,0.000000e+00,0.000000e+00,0.000000e+00,0.000000e+00,0.000000e+00,0.000000e+00,0.000000e+00,0.000000e+00,0.000000e+00,0.000000e+00,0.000000e+00,0.000000e+00,0.000000e+00,0.000000e+00
1.000000e+00,0.000000e+00,0.000000e+00,0.000000e+00,0.000000e+00,0.000000e+00,0.000000e+00,0.000000e+00,0.000000e+00,0.000000e+00,0.000000e+00,0.000000e+00,0.000000e+00,0.000000e+00,0.000000e+00
1.000000e+00,0.000000e+00,0.000000e+00,0.000000e+00,0.000000e+00,0.000000e+00,0.000000e+00,0.000000e+00,0.000000e+00,0.000000e+00,0.000000e+00,0.000000e+00,0.000000e+00,0.000000e+00,0.000000e+00
1.000000e+00,0.000000e+00,0.000000e+00,0.000000e+00,0.000000e+00,0.000000e+00,0.000000e+00,0.000000e+00,0.000000e+00,0.000000e+00,0.000000e+00,0.000000e+00,0.000000e+00,0.000000e+00,0.000000e+00
1.000000e+00,0.000000e+00,0.000000e+00,0.000000e+00,0.000000e+00,0.000000e+00,0.000000e+00,0.000000e+00,0.000000e+00,0.000000e+00,0.000000e+00,0.000000e+00,0.000000e+00,0.000000e+00,0.000000e+00
1.000000e+00,0.000000e+00,0.000000e+00,0.000000e+00,0.000000e+00,0.000000e+00,0.000000e+00,0.000000e+00,0.000000e+00,0.000000e+00,0.000000e+00,0.000000e+00,0.000000e+00,0.000000e+00,0.000000e+00
1.000000e+00,0.000000e+00,0.000000e+00,0.000000e+00,0.000000e+00,0.000000e+00,0.000000e+00,0.000000e+00,0.000000e+00,0.000000e+00,0.000000e+00,0.000000e+00,0.000000e+00,0.000000e+00,0.000000e+00
1.000000e+00,0.000000e+00,0.000000e+00,0.000000e+00,0.000000e+00,0.000000e+00,0.000000e+00,0.000000e+00,0.000000e+00,0.000000e+00,0.000000e+00,0.000000e+00,0.000000e+00,0.000000e+00,0.000000e+00
1.000000e+00,0.000000e+00,0.000000e+00,0.000000e+00,0.000000e+00,0.000000e+00,0.000000e+00,0.000000e+00,0.000000e+00,0.000000e+00,0.000000e+00,0.000000e+00,0.000000e+00,0.000000e+00,0.000000e+00
1.000000e+00,0.000000e+00,0.000000e+00,0.000000e+00,0.000000e+00,0.000000e+00,0.000000e+00,0.000000e+00,0.000000e+00,0.000000e+00,0.000000e+00,0.000000e+00,0.000000e+00,0.000000e+00,0.000000e+00
1.000000e+00,0.000000e+00,0.000000e+00,0.000000e+00,0.000000e+00,0.000000e+00,0.000000e+00,0.000000e+00,0.000000e+00,0.000000e+00,0.000000e+00,0.000000e+00,0.000000e+00,0.000000e+00,0.000000e+00
1.000000e+00,0.000000e+00,0.000000e+00,0.000000e+00,0.000000e+00,0.000000e+00,0.000000e+00,0.000000e+00,0.000000e+00,0.000000e+00,0.000000e+00,0.000000e+00,0.000000e+00,0.000000e+00,0.000000e+00
1.000000e+00,0.000000e+00,0.000000e+00,0.000000e+00,0.000000e+00,0.000000e+00,0.000000e+00,0.000000e+00,0.000000e+00,0.000000e+00,0.000000e+00,0.000000e+00,0.000000e+00,0.000000e+00,0.000000e+00
1.000000e+00,0.000000e+00,0.000000e+00,0.000000e+00,0.000000e+00,0.000000e+00,0.000000e+00,0.000000e+00,0.000000e+00,0.000000e+00,0.000000e+00,0.000000e+00,0.000000e+00,0.000000e+00,0.000000e+00
1.000000e+00,0.000000e+00,0.000000e+00,0.000000e+00,0.000000e+00,0.000000e+00,0.000000e+00,0.000000e+00,0.000000e+00,0.000000e+00,0.000000e+00,0.000000e+00,0.000000e+00,0.000000e+00,0.000000e+00
1.000000e+00,0.000000e+00,0.000000e+00,0.000000e+00,0.000000e+00,0.000000e+00,0.000000e+00,0.000000e+00,0.000000e+00,0.000000e+00,0.000000e+00,0.000000e+00,0.000000e+00,0.000000e+00,0.000000e+00
1.000000e+00,0.000000e+00,0.000000e+00,0.000000e+00,0.000000e+00,0.000000e+00,0.000000e+00,0.000000e+00,0.000000e+00,0.000000e+00,0.000000e+00,0.000000e+00,0.000000e+00,0.000000e+00,0.000000e+00
1.000000e+00,0.000000e+00,0.000000e+00,0.000000e+00,0.000000e+00,0.000000e+00,0.000000e+00,0.000000e+00,0.000000e+00,0.000000e+00,0.000000e+00,0.000000e+00,0.000000e+00,0.000000e+00,0.000000e+00
1.000000e+00,0.000000e+00,0.000000e+00,0.000000e+00,0.000000e+00,0.000000e+00,0.000000e+00,0.000000e+00,0.000000e+00,0.000000e+00,0.000000e+00,0.000000e+00,0.000000e+00,0.000000e+00,0.000000e+00
1.000000e+00,0.000000e+00,0.000000e+00,0.000000e+00,0.000000e+00,0.000000e+00,0.000000e+00,0.000000e+00,0.000000e+00,0.000000e+00,0.000000e+00,0.000000e+00,0.000000e+00,0.000000e+00,0.000000e+00
1.000000e+00,0.000000e+00,0.000000e+00,0.000000e+00,0.000000e+00,0.000000e+00,0.000000e+00,0.000000e+00,0.000000e+00,0.000000e+00,0.000000e+00,0.000000e+00,0.000000e+00,0.000000e+00,0.000000e+00
1.000000e+00,0.000000e+00,0.000000e+00,0.000000e+00,0.000000e+00,0.000000e+00,0.000000e+00,0.000000e+00,0.000000e+00,0.000000e+00,0.000000e+00,0.000000e+00,0.000000e+00,0.000000e+00,0.000000e+00
1.000000e+00,0.000000e+00,0.000000e+00,0.000000e+00,0.000000e+00,0.000000e+00,0.000000e+00,0.000000e+00,0.000000e+00,0.000000e+00,0.000000e+00,0.000000e+00,0.000000e+00,0.000000e+00,0.000000e+00
1.000000e+00,0.000000e+00,0.000000e+00,0.000000e+00,0.000000e+00,0.000000e+00,0.000000e+00,0.000000e+00,0.000000e+00,0.000000e+00,0.000000e+00,0.000000e+00,0.000000e+00,0.000000e+00,0.000000e+00
1.000000e+00,0.000000e+00,0.000000e+00,0.000000e+00,0.000000e+00,0.000000e+00,0.000000e+00,0.000000e+00,0.000000e+00,0.000000e+00,0.000000e+00,0.000000e+00,0.000000e+00,0.000000e+00,0.000000e+00
1.000000e+00,0.000000e+00,0.000000e+00,0.000000e+00,0.000000e+00,0.000000e+00,0.000000e+00,0.000000e+00,0.000000e+00,0.000000e+00,0.000000e+00,0.000000e+00,0.000000e+00,0.000000e+00,0.000000e+00
1.000000e+00,0.000000e+00,0.000000e+00,0.000000e+00,0.000000e+00,0.000000e+00,0.000000e+00,0.000000e+00,0.000000e+00,0.000000e+00,0.000000e+00,0.000000e+00,0.000000e+00,0.000000e+00,0.000000e+00
1.000000e+00,0.000000e+00,0.000000e+00,0.000000e+00,0.000000e+00,0.000000e+00,0.000000e+00,0.000000e+00,0.000000e+00,0.000000e+00,0.000000e+00,0.000000e+00,0.000000e+00,0.000000e+00,0.000000e+00
1.000000e+00,0.000000e+00,0.000000e+00,0.000000e+00,0.000000e+00,0.000000e+00,0.000000e+00,0.000000e+00,0.000000e+00,0.000000e+00,0.000000e+00,0.000000e+00,0.000000e+00,0.000000e+00,0.000000e+00
1.000000e+00,0.000000e+00,0.000000e+00,0.000000e+00,0.000000e+00,0.000000e+00,0.000000e+00,0.000000e+00,0.000000e+00,0.000000e+00,0.000000e+00,0.000000e+00,0.000000e+00,0.000000e+00,0.000000e+00
1.000000e+00,0.000000e+00,0.000000e+00,0.000000e+00,0.000000e+00,0.000000e+00,0.000000e+00,0.000000e+00,0.000000e+00,0.000000e+00,0.000000e+00,0.000000e+00,0.000000e+00,0.000000e+00,0.000000e+00
1.000000e+00,0.000000e+00,0.000000e+00,0.000000e+00,0.000000e+00,0.000000e+00,0.000000e+00,0.000000e+00,0.000000e+00,0.000000e+00,0.000000e+00,0.000000e+00,0.000000e+00,0.000000e+00,0.000000e+00
1.000000e+00,0.000000e+00,0.000000e+00,0.000000e+00,0.000000e+00,0.000000e+00,0.000000e+00,0.000000e+00,0.000000e+00,0.000000e+00,0.000000e+00,0.000000e+00,0.000000e+00,0.000000e+00,0.000000e+00
1.000000e+00,0.000000e+00,0.000000e+00,0.000000e+00,0.000000e+00,0.000000e+00,0.000000e+00,0.000000e+00,0.000000e+00,0.000000e+00,0.000000e+00,0.000000e+00,0.000000e+00,0.000000e+00,0.000000e+00
1.000000e+00,0.000000e+00,0.000000e+00,0.000000e+00,0.000000e+00,0.000000e+00,0.000000e+00,0.000000e+00,0.000000e+00,0.000000e+00,0.000000e+00,0.000000e+00,0.000000e+00,0.000000e+00,0.000000e+00
1.000000e+00,0.000000e+00,0.000000e+00,0.000000e+00,0.000000e+00,0.000000e+00,0.000000e+00,0.000000e+00,0.000000e+00,0.000000e+00,0.000000e+00,0.000000e+00,0.000000e+00,0.000000e+00,0.000000e+00
1.000000e+00,0.000000e+00,0.000000e+00,0.000000e+00,0.000000e+00,0.000000e+00,0.000000e+00,0.000000e+00,0.000000e+00,0.000000e+00,0.000000e+00,0.000000e+00,0.000000e+00,0.000000e+00,0.000000e+00
4.737718e-01,1.343135e-02,1.514747e-01,8.487014e-02,4.933764e-03,1.464457e-02,4.459105e-03,1.667626e-01,6.198905e-03,2.686164e-03,1.443897e-02,1.871135e-02,1.457718e-02,4.080596e-03,2.495893e-02
3.913025e-01,1.147598e-02,2.571189e-01,7.996010e-02,4.056802e-03,1.384828e-02,4.364384e-03,1.717714e-01,4.707573e-03,2.237804e-03,1.127297e-02,1.434692e-02,1.101814e-02,3.209607e-03,1.930867e-02
4.584124e-01,9.520168e-03,2.228727e-01,6.145135e-02,3.812100e-03,1.794478e-02,6.232432e-03,1.610238e-01,3.911015e-03,2.522106e-03,9.661066e-03,1.294612e-02,9.696575e-03,2.922481e-03,1.707098e-02
1.000000e+00,0.000000e+00,0.000000e+00,0.000000e+00,0.000000e+00,0.000000e+00,0.000000e+00,0.000000e+00,0.000000e+00,0.000000e+00,0.000000e+00,0.000000e+00,0.000000e+00,0.000000e+00,0.000000e+00
1.000000e+00,0.000000e+00,0.000000e+00,0.000000e+00,0.000000e+00,0.000000e+00,0.000000e+00,0.000000e+00,0.000000e+00,0.000000e+00,0.000000e+00,0.000000e+00,0.000000e+00,0.000000e+00,0.000000e+00
1.000000e+00,0.000000e+00,0.000000e+00,0.000000e+00,0.000000e+00,0.000000e+00,0.000000e+00,0.000000e+00,0.000000e+00,0.000000e+00,0.000000e+00,0.000000e+00,0.000000e+00,0.000000e+00,0.000000e+00
1.000000e+00,0.000000e+00,0.000000e+00,0.000000e+00,0.000000e+00,0.000000e+00,0.000000e+00,0.000000e+00,0.000000e+00,0.000000e+00,0.000000e+00,0.000000e+00,0.000000e+00,0.000000e+00,0.000000e+00
1.000000e+00,0.000000e+00,0.000000e+00,0.000000e+00,0.000000e+00,0.000000e+00,0.000000e+00,0.000000e+00,0.000000e+00,0.000000e+00,0.000000e+00,0.000000e+00,0.000000e+00,0.000000e+00,0.000000e+00
1.000000e+00,0.000000e+00,0.000000e+00,0.000000e+00,0.000000e+00,0.000000e+00,0.000000e+00,0.000000e+00,0.000000e+00,0.000000e+00,0.000000e+00,0.000000e+00,0.000000e+00,0.000000e+00,0.000000e+00
1.000000e+00,0.000000e+00,0.000000e+00,0.000000e+00,0.000000e+00,0.000000e+00,0.000000e+00,0.000000e+00,0.000000e+00,0.000000e+00,0.000000e+00,0.000000e+00,0.000000e+00,0.000000e+00,0.000000e+00
4.239159e-01,1.832772e-02,3.319766e-02,3.152772e-02,9.181007e-03,3.204212e-01,4.262556e-03,2.208998e-02,1.506218e-02,1.847258e-02,3.672515e-02,2.714980e-02,8.103011e-03,3.930674e-03,2.763288e-02
2.968892e-01,1.314592e-02,2.341504e-02,2.260388e-02,6.752109e-03,5.045632e-01,3.006830e-03,1.547393e-02,1.096024e-02,1.348919e-02,3.045062e-02,3.056571e-02,5.825800e-03,2.925812e-03,1.993252e-02
2.092555e-01,1.003535e-02,1.725219e-02,1.731126e-02,5.269068e-03,4.935578e-01,2.209972e-03,1.087429e-02,8.722963e-03,9.172235e-02,3.339633e-02,7.482586e-02,4.696761e-03,3.245708e-03,1.762465e-02
1.475035e-01,7.355599e-03,1.248595e-02,1.314580e-02,3.965424e-03,3.598152e-01,1.592876e-03,7.658478e-03,7.738957e-03,2.447670e-01,3.577884e-02,1.353829e-01,3.811320e-03,4.257309e-03,1.474089e-02
1.035896e-01,5.248060e-03,8.852665e-03,9.435068e-03,2.832370e-03,2.737930e-01,1.155220e-03,5.384930e-03,6.201194e-03,2.429435e-01,4.200909e-02,2.794770e-01,3.158630e-03,4.751910e-03,1.116777e-02
7.333110e-02,3.738173e-03,6.244632e-03,6.722903e-03,2.101750e-03,2.181937e-01,1.100885e-03,3.889343e-03,5.607107e-03,1.868787e-01,4.439792e-02,4.332427e-01,2.562749e-03,4.002420e-03,7.985946e-03
5.344241e-02,3.046991e-03,4.721301e-03,4.905907e-03,3.068241e-03,1.717590e-01,1.827231e-03,3.122921e-03,9.260511e-03,1.968658e-01,3.978903e-02,4.964129e-01,1.983038e-03,3.754780e-03,6.039982e-03
3.820510e-02,2.804837e-03,3.800974e-03,3.642032e-03,1.560888e-02,1.248751e-01,2.449874e-03,3.086884e-03,3.275146e-02,2.067406e-01,4.075649e-02,5.120845e-01,1.830408e-03,5.512322e-03,5.850580e-03
2.940674e-02,5.236261e-03,3.474554e-03,2.892327e-03,1.489682e-02,1.399419e-01,6.233584e-03,8.539266e-03,4.075556e-02,2.700444e-01,3.988912e-02,4.233588e-01,1.895698e-03,8.558962e-03,4.875991e-03
2.414469e-02,6.633197e-03,3.109383e-03,2.454322e-03,1.572307e-02,1.692360e-01,1.467139e-02,1.825109e-02,4.946376e-02,2.826666e-01,3.518800e-02,3.621277e-01,3.001325e-03,9.347047e-03,3.982464e-03
1.943035e-02,1.278094e-02,6.410254e-03,3.244375e-03,1.257728e-01,1.436262e-01,1.702846e-02,1.836981e-02,7.549291e-02,2.144240e-01,5.367318e-02,2.850952e-01,1.176990e-02,8.418676e-03,4.463067e-03
1.587329e-02,2.309043e-02,1.301545e-02,4.693325e-03,1.502505e-01,1.317385e-01,1.596143e-02,1.702920e-02,7.743996e-02,1.594919e-01,1.204357e-01,2.284769e-01,2.699973e-02,8.798455e-03,6.705262e-03
1.182180e-02,2.136409e-01,1.507528e-02,4.166778e-03,1.135028e-01,9.551846e-02,1.203443e-02,1.735761e-02,8.185238e-02,1.141358e-01,1.200413e-01,1.632699e-01,2.210354e-02,7.637299e-03,7.841670e-03
2.459898e-02,2.369832e-01,1.612483e-02,4.792846e-03,1.132904e-01,8.269869e-02,9.980936e-03,2.331931e-02,8.991066e-02,8.508942e-02,1.248721e-01,1.347754e-01,2.793154e-02,1.244386e-02,1.318786e-02
4.344682e-02,1.933671e-01,1.652774e-02,4.756957e-03,1.385657e-01,6.720732e-02,8.593401e-03,3.234912e-02,1.069511e-01,6.372110e-02,1.497594e-01,1.121650e-01,3.265495e-02,1.447896e-02,1.545531e-02
3.985132e-02,1.587842e-01,2.813313e-02,1.801932e-01,1.090989e-01,4.943863e-02,7.575333e-03,2.856341e-02,9.042447e-02,4.778563e-02,1.128572e-01,8.784309e-02,3.164348e-02,1.188035e-02,1.592771e-02
7.722607e-02,1.195293e-01,2.873887e-02,2.133389e-01,8.555084e-02,4.136857e-02,6.075552e-03,3.068959e-02,7.676236e-02,3.661615e-02,1.173471e-01,8.213962e-02,5.438011e-02,1.394679e-02,1.629026e-02
1.391121e-01,9.531272e-02,2.437475e-02,1.733930e-01,6.360515e-02,3.207192e-02,5.067400e-03,3.049947e-02,8.778819e-02,2.908340e-02,1.113036e-01,8.720130e-02,7.872063e-02,1.704387e-02,2.542252e-02
2.787932e-01,7.611072e-02,1.952249e-02,1.613286e-01,4.833360e-02,3.077787e-02,4.477858e-03,2.375702e-02,7.963959e-02,2.512791e-02,8.367039e-02,6.710864e-02,5.951014e-02,1.596456e-02,2.587745e-02
4.217198e-01,6.240786e-02,1.478019e-02,1.218184e-01,3.539658e-02,2.663215e-02,3.816272e-03,1.824109e-02,6.465866e-02,1.990830e-02,6.194561e-02,5.023821e-02,4.286174e-02,1.872814e-02,3.684697e-02
1.000000e+00,0.000000e+00,0.000000e+00,0.000000e+00,0.000000e+00,0.000000e+00,0.000000e+00,0.000000e+00,0.000000e+00,0.000000e+00,0.000000e+00,0.000000e+00,0.000000e+00,0.000000e+00,0.000000e+00
1.000000e+00,0.000000e+00,0.000000e+00,0.000000e+00,0.000000e+00,0.000000e+00,0.000000e+00,0.000000e+00,0.000000e+00,0.000000e+00,0.000000e+00,0.000000e+00,0.000000e+00,0.000000e+00,0.000000e+00
1.000000e+00,0.000000e+00,0.000000e+00,0.000000e+00,0.000000e+00,0.000000e+00,0.000000e+00,0.000000e+00,0.000000e+00,0.000000e+00,0.000000e+00,0.000000e+00,0.000000e+00,0.000000e+00,0.000000e+00
1.000000e+00,0.000000e+00,0.000000e+00,0.000000e+00,0.000000e+00,0.000000e+00,0.000000e+00,0.000000e+00,0.000000e+00,0.000000e+00,0.000000e+00,0.000000e+00,0.000000e+00,0.000000e+00,0.000000e+00
1.000000e+00,0.000000e+00,0.000000e+00,0.000000e+00,0.000000e+00,0.000000e+00,0.000000e+00,0.000000e+00,0.000000e+00,0.000000e+00,0.000000e+00,0.000000e+00,0.000000e+00,0.000000e+00,0.000000e+00
4.872165e-01,2.798590e-02,1.910670e-02,4.340861e-02,1.633318e-02,2.484634e-02,3.031987e-03,8.897224e-03,9.299522e-02,2.414873e-02,2.430016e-02,1.758259e-02,1.808304e-02,6.166992e-02,1.303939e-01
4.084519e-01,3.674287e-02,1.903346e-02,3.516702e-02,1.662862e-02,2.465934e-02,2.861273e-03,7.574773e-03,1.350868e-01,2.521592e-02,2.030810e-02,1.430969e-02,1.846339e-02,8.057716e-02,1.549196e-01
3.432412e-01,3.990668e-02,1.554924e-02,2.839733e-02,1.546772e-02,2.570838e-02,2.853225e-03,5.863500e-03,1.793182e-01,2.309170e-02,1.632502e-02,1.224454e-02,2.199896e-02,9.760568e-02,1.724285e-01
2.780662e-01,3.786178e-02,5.663949e-02,7.001691e-02,1.729507e-02,2.226834e-02,2.716557e-03,6.124077e-03,2.045682e-01,2.153453e-02,1.430555e-02,1.071038e-02,1.814554e-02,7.452301e-02,1.652244e-01
2.367483e-01,3.231543e-02,5.355649e-02,6.400678e-02,1.926512e-02,1.915329e-02,2.417830e-03,5.859713e-03,2.487800e-01,2.306833e-02,1.766322e-02,8.994000e-03,1.523184e-02,6.081985e-02,1.921198e-01
1.838285e-01,2.829139e-02,5.229787e-02,6.201778e-02,1.658830e-02,1.484859e-02,1.957350e-03,5.536559e-03,3.363664e-01,2.056109e-02,1.828234e-02,7.765950e-03,1.315855e-02,4.792506e-02,1.905744e-01
1.743157e-01,2.515058e-02,5.398304e-02,5.435543e-02,1.539211e-02,1.235290e-02,2.200281e-03,5.519429e-03,3.049484e-01,2.121233e-02,2.192479e-02,8.767794e-03,1.518933e-02,5.461574e-02,2.300722e-01
1.369184e-01,1.966655e-02,5.090977e-02,3.941317e-02,1.156896e-02,9.327434e-03,1.653250e-03,4.150962e-03,2.390480e-01,6.089845e-02,1.759266e-02,6.550515e-03,1.149430e-02,6.016776e-02,3.306398e-01
1.694690e-01,2.482538e-02,5.875511e-02,3.247660e-02,1.432949e-02,9.012379e-03,2.135659e-03,1.906866e-02,2.320079e-01,5.597655e-02,1.907901e-02,5.498220e-03,1.110213e-02,5.062939e-02,2.956345e-01
1.884285e-01,3.671398e-02,4.704466e-02,2.408701e-02,1.280927e-02,7.260166e-03,1.764404e-03,1.452214e-02,1.932007e-01,9.513266e-02,1.535700e-02,4.265777e-03,9.536240e-03,3.944105e-02,3.104365e-01
1.917727e-01,6.780998e-02,4.412828e-02,2.043393e-02,1.651581e-02,6.980761e-03,1.888812e-03,3.069801e-02,1.693565e-01,1.145561e-01,1.248351e-02,4.030789e-03,9.338455e-03,3.740074e-02,2.726057e-01
1.758416e-01,1.249744e-01,3.701061e-02,1.875060e-02,1.704179e-02,6.866828e-03,1.976959e-03,2.397245e-02,1.567555e-01,1.272789e-01,9.839911e-03,3.642552e-03,9.263748e-03,2.998324e-02,2.568009e-01
1.528209e-01,1.122770e-01,2.740026e-02,2.038070e-02,1.444866e-02,6.612261e-03,1.637681e-03,1.714129e-02,1.300438e-01,1.367111e-01,7.689759e-03,3.394760e-03,8.750380e-03,2.282771e-02,3.378637e-01
1.094189e-01,9.424624e-02,2.367553e-02,5.626778e-02,1.052305e-02,4.992346e-03,1.206859e-03,1.223473e-02,1.269415e-01,1.231490e-01,6.260321e-03,2.890491e-03,7.205887e-03,1.633084e-02,4.046566e-01
1.293745e-01,1.141493e-01,1.977022e-02,6.285303e-02,1.558631e-02,5.891382e-03,1.359764e-03,1.094070e-02,1.374641e-01,1.027753e-01,8.303964e-03,3.809071e-03,9.588081e-03,1.386232e-02,3.642721e-01
1.290656e-01,9.778539e-02,4.666378e-02,1.751403e-01,1.860160e-02,5.922792e-03,1.385018e-03,1.274016e-02,1.171397e-01,7.525724e-02,8.649296e-03,6.814880e-03,9.730624e-03,1.024170e-02,2.848620e-01
2.056341e-01,9.902444e-02,3.912076e-02,1.636238e-01,3.505335e-02,1.001407e-02,2.008419e-03,3.410331e-02,1.052508e-01,5.345420e-02,9.033658e-03,7.225886e-03,1.069396e-02,8.353807e-03,2.174055e-01
1.920194e-01,8.683264e-02,5.943622e-02,2.452419e-01,4.674837e-02,1.060345e-02,2.265623e-03,4.516507e-02,8.073664e-02,3.796840e-02,8.898170e-03,9.069512e-03,9.800899e-03,6.741269e-03,1.584724e-01
2.694756e-01,8.558466e-02,5.482508e-02,2.209051e-01,4.609790e-02,1.160583e-02,2.554629e-03,4.093187e-02,7.743558e-02,2.792371e-02,1.005397e-02,1.083447e-02,1.045877e-02,5.930355e-03,1.253825e-01
2.468096e-01,7.456354e-02,5.903915e-02,3.136013e-01,5.115192e-02,1.177684e-02,3.780269e-03,3.738048e-02,5.899225e-02,2.012070e-02,8.851297e-03,1.048210e-02,8.517173e-03,4.397419e-03,9.053591e-02
3.222885e-01,7.593784e-02,5.195575e-02,2.733206e-01,6.064170e-02,1.236988e-02,4.943033e-03,3.193987e-02,5.240805e-02,1.453904e-02,8.005433e-03,1.127455e-02,8.373775e-03,4.035452e-03,6.796655e-02
4.084208e-01,7.218203e-02,4.362195e-02,2.257288e-01,5.957984e-02,1.377260e-02,5.648476e-03,2.662413e-02,4.450159e-02,1.087967e-02,7.877696e-03,1.463889e-02,8.964629e-03,4.013745e-03,5.354517e-02
4.889400e-01,6.617666e-02,3.414921e-02,1.740430e-01,6.729787e-02,1.409012e-02,6.302636e-03,2.051216e-02,4.522621e-02,8.071476e-03,7.279831e-03,1.390209e-02,8.888843e-03,3.534429e-03,4.158549e-02
4.917118e-01,5.783322e-02,3.130739e-02,1.385167e-01,1.063095e-01,2.435553e-02,1.816440e-02,1.744407e-02,3.459324e-02,6.767360e-03,8.138957e-03,1.737592e-02,1.147079e-02,3.268922e-03,3.274214e-02
4.590167e-01,4.424911e-02,2.567857e-02,1.004777e-01,1.297583e-01,2.679609e-02,1.046321e-01,1.913107e-02,2.720890e-02,5.782589e-03,6.352374e-03,1.343478e-02,9.776123e-03,2.495056e-03,2.521058e-02
3.978113e-01,3.311289e-02,2.424365e-02,7.168293e-02,1.211534e-01,2.352690e-02,2.313810e-01,1.987260e-02,2.258592e-02,5.859486e-03,4.744946e-03,1.076689e-02,8.586420e-03,2.582151e-03,2.208949e-02
3.128559e-01,2.423603e-02,1.773571e-02,5.046411e-02,9.956568e-02,1.748352e-02,4.007543e-01,1.580567e-02,1.645353e-02,4.865024e-03,3.743261e-03,8.888345e-03,7.610872e-03,2.280903e-03,1.725716e-02
2.240211e-01,1.750398e-02,1.281790e-02,3.546725e-02,7.129551e-02,1.256593e-02,5.691788e-01,1.217424e-02,1.168006e-02,3.854587e-03,2.756397e-03,6.720587e-03,5.888635e-03,1.690275e-03,1.238482e-02
1.651776e-01,1.238638e-02,9.617643e-03,2.499642e-02,5.538660e-02,1.054553e-02,6.736538e-01,9.176657e-03,8.765475e-03,3.650268e-03,3.357107e-03,6.684377e-03,6.122220e-03,1.263600e-03,9.216301e-03
1.239829e-01,8.752932e-03,6.801470e-03,1.755884e-02,4.049192e-02,8.117907e-03,7.576873e-01,6.681831e-03,6.400938e-03,2.693112e-03,2.540396e-03,5.539383e-03,5.287489e-03,9.029112e-04,6.560612e-03
1.577706e-01,7.131805e-03,5.173503e-03,1.320374e-02,3.322861e-02,1.445128e-02,7.015479e-01,5.835452e-03,5.383317e-03,2.768010e-03,9.640926e-03,1.554427e-02,1.186087e-02,1.586264e-03,1.487348e-02
1.947027e-01,5.866428e-03,3.831511e-03,9.715614e-03,2.586285e-02,1.659499e-02,6.528658e-01,5.271073e-03,4.018529e-03,2.355973e-03,1.248961e-02,1.749275e-02,2.467351e-02,1.696395e-03,2.256232e-02
2.927392e-01,6.408630e-03,2.950652e-03,1.012419e-02,2.303514e-02,2.487753e-02,4.835313e-01,4.369903e-03,3.877007e-03,2.603326e-03,1.439925e-02,3.444922e-02,7.566158e-02,2.003437e-03,1.896970e-02
3.508951e-01,6.898038e-03,2.270544e-03,1.170825e-02,3.671055e-02,2.661232e-02,3.686449e-01,3.735434e-03,1.463613e-02,3.326971e-03,2.051907e-02,5.122336e-02,8.178862e-02,2.222028e-03,1.880872e-02
4.176764e-01,7.852478e-03,1.922619e-03,1.465967e-02,3.703948e-02,2.520988e-02,3.013266e-01,3.539971e-03,1.729470e-02,3.470780e-03,2.083428e-02,5.163044e-02,7.714309e-02,2.172072e-03,1.822761e-02
1.000000e+00,0.000000e+00,0.000000e+00,0.000000e+00,0.000000e+00,0.000000e+00,0.000000e+00,0.000000e+00,0.000000e+00,0.000000e+00,0.000000e+00,0.000000e+00,0.000000e+00,0.000000e+00,0.000000e+00
1.000000e+00,0.000000e+00,0.000000e+00,0.000000e+00,0.000000e+00,0.000000e+00,0.000000e+00,0.000000e+00,0.000000e+00,0.000000e+00,0.000000e+00,0.000000e+00,0.000000e+00,0.000000e+00,0.000000e+00
1.000000e+00,0.000000e+00,0.000000e+00,0.000000e+00,0.000000e+00,0.000000e+00,0.000000e+00,0.000000e+00,0.000000e+00,0.000000e+00,0.000000e+00,0.000000e+00,0.000000e+00,0.000000e+00,0.000000e+00
1.000000e+00,0.000000e+00,0.000000e+00,0.000000e+00,0.000000e+00,0.000000e+00,0.000000e+00,0.000000e+00,0.000000e+00,0.000000e+00,0.000000e+00,0.000000e+00,0.000000e+00,0.000000e+00,0.000000e+00
1.000000e+00,0.000000e+00,0.000000e+00,0.000000e+00,0.000000e+00,0.000000e+00,0.000000e+00,0.000000e+00,0.000000e+00,0.000000e+00,0.000000e+00,0.000000e+00,0.000000e+00,0.000000e+00,0.000000e+00
4.617553e-01,1.246817e-02,1.084115e-02,1.875122e-02,1.945104e-02,4.814214e-02,5.514390e-02,2.388822e-02,1.211161e-01,6.031820e-03,1.263739e-02,1.180634e-01,6.603823e-02,2.865657e-03,2.280629e-02
4.908492e-01,1.435896e-02,1.279667e-02,2.313998e-02,1.779779e-02,4.967231e-02,4.170713e-02,2.364488e-02,1.077974e-01,6.225488e-03,1.114518e-02,1.116533e-01,6.269398e-02,2.829410e-03,2.368824e-02
4.833493e-01,1.226764e-02,1.352655e-02,1.843615e-02,1.830573e-02,7.176374e-02,5.027404e-02,4.329854e-02,1.006919e-01,5.681293e-03,9.331433e-03,9.688466e-02,5.518958e-02,2.217498e-03,1.878192e-02
4.515253e-01,1.228117e-02,1.290431e-02,1.582815e-02,1.823227e-02,1.003214e-01,4.175438e-02,3.930697e-02,1.390569e-01,5.540335e-03,8.416866e-03,8.812847e-02,4.752335e-02,2.270968e-03,1.690918e-02
1.000000e+00,0.000000e+00,0.000000e+00,0.000000e+00,0.000000e+00,0.000000e+00,0.000000e+00,0.000000e+00,0.000000e+00,0.000000e+00,0.000000e+00,0.000000e+00,0.000000e+00,0.000000e+00,0.000000e+00
1.000000e+00,0.000000e+00,0.000000e+00,0.000000e+00,0.000000e+00,0.000000e+00,0.000000e+00,0.000000e+00,0.000000e+00,0.000000e+00,0.000000e+00,0.000000e+00,0.000000e+00,0.000000e+00,0.000000e+00
1.000000e+00,0.000000e+00,0.000000e+00,0.000000e+00,0.000000e+00,0.000000e+00,0.000000e+00,0.000000e+00,0.000000e+00,0.000000e+00,0.000000e+00,0.000000e+00,0.000000e+00,0.000000e+00,0.000000e+00
1.000000e+00,0.000000e+00,0.000000e+00,0.000000e+00,0.000000e+00,0.000000e+00,0.000000e+00,0.000000e+00,0.000000e+00,0.000000e+00,0.000000e+00,0.000000e+00,0.000000e+00,0.000000e+00,0.000000e+00
1.000000e+00,0.000000e+00,0.000000e+00,0.000000e+00,0.000000e+00,0.000000e+00,0.000000e+00,0.000000e+00,0.000000e+00,0.000000e+00,0.000000e+00,0.000000e+00,0.000000e+00,0.000000e+00,0.000000e+00
1.000000e+00,0.000000e+00,0.000000e+00,0.000000e+00,0.000000e+00,0.000000e+00,0.000000e+00,0.000000e+00,0.000000e+00,0.000000e+00,0.000000e+00,0.000000e+00,0.000000e+00,0.000000e+00,0.000000e+00
1.000000e+00,0.000000e+00,0.000000e+00,0.000000e+00,0.000000e+00,0.000000e+00,0.000000e+00,0.000000e+00,0.000000e+00,0.000000e+00,0.000000e+00,0.000000e+00,0.000000e+00,0.000000e+00,0.000000e+00
1.000000e+00,0.000000e+00,0.000000e+00,0.000000e+00,0.000000e+00,0.000000e+00,0.000000e+00,0.000000e+00,0.000000e+00,0.000000e+00,0.000000e+00,0.000000e+00,0.000000e+00,0.000000e+00,0.000000e+00
1.000000e+00,0.000000e+00,0.000000e+00,0.000000e+00,0.000000e+00,0.000000e+00,0.000000e+00,0.000000e+00,0.000000e+00,0.000000e+00,0.000000e+00,0.000000e+00,0.000000e+00,0.000000e+00,0.000000e+00
1.000000e+00,0.000000e+00,0.000000e+00,0.000000e+00,0.000000e+00,0.000000e+00,0.000000e+00,0.000000e+00,0.000000e+00,0.000000e+00,0.000000e+00,0.000000e+00,0.000000e+00,0.000000e+00,0.000000e+00
1.000000e+00,0.000000e+00,0.000000e+00,0.000000e+00,0.000000e+00,0.000000e+00,0.000000e+00,0.000000e+00,0.000000e+00,0.000000e+00,0.000000e+00,0.000000e+00,0.000000e+00,0.000000e+00,0.000000e+00
1.000000e+00,0.000000e+00,0.000000e+00,0.000000e+00,0.000000e+00,0.000000e+00,0.000000e+00,0.000000e+00,0.000000e+00,0.000000e+00,0.000000e+00,0.000000e+00,0.000000e+00,0.000000e+00,0.000000e+00
4.342082e-01,1.177177e-02,2.163572e-03,1.380513e-02,9.846756e-03,3.283574e-02,5.750935e-02,4.674999e-03,1.469221e-02,1.312388e-02,3.605939e-02,2.340608e-02,6.666782e-02,1.010711e-02,2.691280e-01
3.791194e-01,8.779339e-03,2.728943e-03,1.201918e-02,1.262175e-02,4.652811e-02,4.776493e-02,3.727583e-03,1.986432e-02,2.170389e-02,3.866927e-02,2.879615e-02,1.206133e-01,1.177319e-02,2.452906e-01
2.973891e-01,6.397782e-03,2.575434e-03,1.035569e-02,1.064013e-01,5.050105e-02,3.917031e-02,4.889282e-03,2.683319e-02,1.987942e-02,3.719162e-02,3.137744e-02,9.392541e-02,8.905121e-03,2.642079e-01
2.389852e-01,5.138614e-03,2.871639e-03,9.779608e-03,1.363649e-01,5.263333e-02,3.084774e-02,1.061477e-02,3.049245e-02,2.152300e-02,4.280505e-02,4.326569e-02,9.694138e-02,8.455290e-03,2.692813e-01
1.766456e-01,3.914296e-03,4.975242e-03,9.045921e-03,1.516192e-01,4.072112e-02,2.405420e-02,3.829837e-02,3.992271e-02,3.364645e-02,5.328837e-02,4.387084e-02,9.523165e-02,9.129886e-03,2.756361e-01
1.302649e-01,3.339242e-03,1.514606e-02,9.262840e-03,1.375981e-01,3.233297e-02,1.996620e-02,8.599289e-02,5.076425e-02,3.878921e-02,5.441085e-02,4.490415e-02,8.330685e-02,8.994009e-03,2.849275e-01
1.052558e-01,5.421434e-03,4.488715e-02,8.712742e-03,1.516879e-01,2.399081e-02,1.577892e-02,9.874865e-02,1.030902e-01,3.323220e-02,4.626031e-02,3.986035e-02,6.520457e-02,7.614077e-03,2.502550e-01
8.380228e-02,5.233798e-03,1.596030e-01,1.140272e-02,1.215105e-01,1.837738e-02,1.286410e-02,1.652060e-01,8.848193e-02,2.717327e-02,3.523954e-02,2.858531e-02,5.006942e-02,5.477062e-03,1.869738e-01
6.673213e-02,4.160271e-03,1.404576e-01,8.991520e-03,9.480001e-02,1.372209e-02,1.996500e-02,3.334970e-01,6.577225e-02,2.048667e-02,2.682774e-02,2.059994e-02,3.940649e-02,3.915163e-03,1.406662e-01
5.614343e-02,3.472838e-03,1.112305e-01,8.117124e-03,6.986710e-02,1.065504e-02,1.480677e-02,4.960085e-01,4.834336e-02,1.467733e-02,1.978019e-02,1.490671e-02,2.967071e-02,2.765658e-03,9.955484e-02
1.005765e-01,4.889612e-03,1.004117e-01,2.248997e-02,6.252125e-02,1.047130e-02,1.295129e-02,5.038797e-01,4.102501e-02,1.233390e-02,1.524391e-02,1.126409e-02,2.581377e-02,2.040389e-03,7.408766e-02
1.402393e-01,1.691223e-02,7.994930e-02,3.900373e-02,5.906132e-02,2.037682e-02,1.116637e-02,4.411841e-01,5.083903e-02,1.221149e-02,1.510951e-02,1.212297e-02,4.109308e-02,1.799268e-03,5.893150e-02
1.957727e-01,2.318280e-02,6.015641e-02,8.846834e-02,6.437907e-02,1.995194e-02,1.282052e-02,3.490964e-01,5.118611e-02,1.129743e-02,1.581215e-02,1.505702e-02,3.668067e-02,1.865754e-03,5.427267e-02
1.672526e-01,2.638603e-02,4.628323e-02,1.864066e-01,8.557884e-02,1.896242e-02,1.651544e-02,3.058941e-01,4.182712e-02,9.388838e-03,1.373092e-02,1.251806e-02,2.808315e-02,1.529590e-03,3.964304e-02
2.163652e-01,3.594745e-02,4.007200e-02,2.427979e-01,7.787724e-02,1.765298e-02,1.526102e-02,2.234522e-01,3.324776e-02,9.149965e-03,1.607386e-02,1.387830e-02,2.313295e-02,1.641220e-03,3.345001e-02
2.207638e-01,2.942089e-02,3.170696e-02,2.994158e-01,6.882306e-02,1.688979e-02,1.332097e-02,1.962457e-01,2.682383e-02,7.887598e-03,2.606168e-02,1.504631e-02,2.012578e-02,1.713167e-03,2.575473e-02
3.618534e-01,2.693304e-02,2.524370e-02,2.299171e-01,5.549673e-02,2.039377e-02,1.128122e-02,1.485505e-01,2.323762e-02,7.071815e-03,2.193546e-02,2.171266e-02,2.182150e-02,2.202480e-03,2.234902e-02
3.814086e-01,2.330593e-02,2.151070e-02,1.774805e-01,4.690524e-02,2.403120e-02,1.152180e-02,2.048239e-01,1.857766e-02,6.384860e-03,1.942490e-02,2.254687e-02,2.130095e-02,2.091498e-03,1.868551e-02
3.953256e-01,1.909784e-02,1.778832e-02,1.285042e-01,5.225966e-02,2.284641e-02,1.024704e-02,2.645474e-01,1.547826e-02,5.889041e-03,1.475668e-02,1.946178e-02,1.693306e-02,1.718639e-03,1.514609e-02
4.863195e-01,1.590192e-02,1.403923e-02,9.366669e-02,4.993148e-02,2.214655e-02,8.603238e-03,2.308566e-01,1.341945e-02,4.788146e-03,1.149427e-02,1.898356e-02,1.459189e-02,1.587985e-03,1.366947e-02
1.000000e+00,0.000000e+00,0.000000e+00,0.000000e+00,0.000000e+00,0.000000e+00,0.000000e+00,0.000000e+00,0.000000e+00,0.000000e+00,0.000000e+00,0.000000e+00,0.000000e+00,0.000000e+00,0.000000e+00
1.000000e+00,0.000000e+00,0.000000e+00,0.000000e+00,0.000000e+00,0.000000e+00,0.000000e+00,0.000000e+00,0.000000e+00,0.000000e+00,0.000000e+00,0.000000e+00,0.000000e+00,0.000000e+00,0.000000e+00
1.000000e+00,0.000000e+00,0.000000e+00,0.000000e+00,0.000000e+00,0.000000e+00,0.000000e+00,0.000000e+00,0.000000e+00,0.000000e+00,0.000000e+00,0.000000e+00,0.000000e+00,0.000000e+00,0.000000e+00
1.000000e+00,0.000000e+00,0.000000e+00,0.000000e+00,0.000000e+00,0.000000e+00,0.000000e+00,0.000000e+00,0.000000e+00,0.000000e+00,0.000000e+00,0.000000e+00,0.000000e+00,0.000000e+00,0.000000e+00
1.000000e+00,0.000000e+00,0.000000e+00,0.000000e+00,0.000000e+00,0.000000e+00,0.000000e+00,0.000000e+00,0.000000e+00,0.000000e+00,0.000000e+00,0.000000e+00,0.000000e+00,0.000000e+00,0.000000e+00
1.000000e+00,0.000000e+00,0.000000e+00,0.000000e+00,0.000000e+00,0.000000e+00,0.000000e+00,0.000000e+00,0.000000e+00,0.000000e+00,0.000000e+00,0.000000e+00,0.000000e+00,0.000000e+00,0.000000e+00
1.000000e+00,0.000000e+00,0.000000e+00,0.000000e+00,0.000000e+00,0.000000e+00,0.000000e+00,0.000000e+00,0.000000e+00,0.000000e+00,0.000000e+00,0.000000e+00,0.000000e+00,0.000000e+00,0.000000e+00
1.000000e+00,0.000000e+00,0.000000e+00,0.000000e+00,0.000000e+00,0.000000e+00,0.000000e+00,0.000000e+00,0.000000e+00,0.000000e+00,0.000000e+00,0.000000e+00,0.000000e+00,0.000000e+00,0.000000e+00
1.000000e+00,0.000000e+00,0.000000e+00,0.000000e+00,0.000000e+00,0.000000e+00,0.000000e+00,0.000000e+00,0.000000e+00,0.000000e+00,0.000000e+00,0.000000e+00,0.000000e+00,0.000000e+00,0.000000e+00
1.000000e+00,0.000000e+00,0.000000e+00,0.000000e+00,0.000000e+00,0.000000e+00,0.000000e+00,0.000000e+00,0.000000e+00,0.000000e+00,0.000000e+00,0.000000e+00,0.000000e+00,0.000000e+00,0.000000e+00
1.000000e+00,0.000000e+00,0.000000e+00,0.000000e+00,0.000000e+00,0.000000e+00,0.000000e+00,0.000000e+00,0.000000e+00,0.000000e+00,0.000000e+00,0.000000e+00,0.000000e+00,0.000000e+00,0.000000e+00
1.000000e+00,0.000000e+00,0.000000e+00,0.000000e+00,0.000000e+00,0.000000e+00,0.000000e+00,0.000000e+00,0.000000e+00,0.000000e+00,0.000000e+00,0.000000e+00,0.000000e+00,0.000000e+00,0.000000e+00
1.000000e+00,0.000000e+00,0.000000e+00,0.000000e+00,0.000000e+00,0.000000e+00,0.000000e+00,0.000000e+00,0.000000e+00,0.000000e+00,0.000000e+00,0.000000e+00,0.000000e+00,0.000000e+00,0.000000e+00
1.000000e+00,0.000000e+00,0.000000e+00,0.000000e+00,0.000000e+00,0.000000e+00,0.000000e+00,0.000000e+00,0.000000e+00,0.000000e+00,0.000000e+00,0.000000e+00,0.000000e+00,0.000000e+00,0.000000e+00
1.000000e+00,0.000000e+00,0.000000e+00,0.000000e+00,0.000000e+00,0.000000e+00,0.000000e+00,0.000000e+00,0.000000e+00,0.000000e+00,0.000000e+00,0.000000e+00,0.000000e+00,0.000000e+00,0.000000e+00
4.753291e-01,9.859301e-03,1.481429e-02,1.444961e-02,1.026826e-01,3.860546e-02,1.058548e-01,1.014416e-01,9.161777e-03,9.681419e-03,1.016289e-02,4.613043e-02,4.676530e-02,2.036498e-03,1.302496e-02
4.020697e-01,1.351539e-02,2.760925e-02,2.305996e-02,1.099389e-01,3.268227e-02,1.195058e-01,1.172562e-01,1.049323e-02,7.648950e-03,8.294058e-03,4.845757e-02,6.677645e-02,1.621116e-03,1.107119e-02
3.859839e-01,1.428381e-02,7.113708e-02,3.308535e-02,9.864521e-02,3.359680e-02,1.040596e-01,9.991795e-02,1.719000e-02,6.652108e-03,1.015895e-02,4.024550e-02,7.290591e-02,1.416238e-03,1.072160e-02
3.452939e-01,1.140710e-02,7.758509e-02,2.531937e-02,8.477968e-02,2.715647e-02,1.534394e-01,1.379079e-01,1.448909e-02,6.855160e-03,9.793118e-03,3.067165e-02,6.396400e-02,1.266387e-03,1.007168e-02
3.111637e-01,1.102829e-02,7.505412e-02,1.925672e-02,6.801881e-02,2.345586e-02,2.446417e-01,1.265933e-01,1.340921e-02,5.967727e-03,7.499615e-03,2.330139e-02,5.977681e-02,1.182616e-03,9.650173e-03
2.478064e-01,8.766782e-03,5.542511e-02,1.485676e-02,5.149341e-02,1.850970e-02,3.709125e-01,1.286554e-01,1.130404e-02,4.612587e-03,5.549659e-03,1.730734e-02,5.569663e-02,8.945949e-04,8.209011e-03
1.742979e-01,6.279888e-03,3.895301e-02,1.043152e-02,3.652791e-02,1.318885e-02,5.521156e-01,9.138692e-02,8.259043e-03,3.285095e-03,3.969048e-03,1.219946e-02,4.257840e-02,6.343829e-04,5.892952e-03
1.244644e-01,4.687750e-03,2.740587e-02,7.342536e-03,2.766724e-02,9.572914e-03,6.747909e-01,6.641621e-02,6.908843e-03,2.388547e-03,3.325150e-03,8.657347e-03,3.128738e-02,4.501320e-04,4.634851e-03
9.091021e-02,3.703707e-03,1.925525e-02,5.197556e-03,2.218075e-02,7.270043e-03,7.567244e-01,4.842848e-02,5.748017e-03,1.723372e-03,3.423584e-03,6.451644e-03,2.449094e-02,3.211739e-04,4.170910e-03
8.817079e-02,3.218801e-03,1.368664e-02,4.098844e-03,2.047030e-02,7.872804e-03,7.869076e-01,3.464345e-02,4.724885e-03,1.290540e-03,4.542352e-03,7.351578e-03,1.871800e-02,2.660165e-04,4.037458e-03
6.955101e-02,2.451231e-03,9.695860e-03,3.079304e-03,1.659435e-02,6.226237e-03,8.364966e-01,2.496711e-02,3.731416e-03,9.436243e-04,3.728571e-03,5.744018e-03,1.358283e-02,1.932782e-04,3.014582e-03
5.501769e-02,1.905165e-03,6.830746e-03,2.251524e-03,1.245232e-02,4.862605e-03,8.752815e-01,1.799394e-02,2.965657e-03,6.938075e-04,3.073098e-03,4.311555e-03,9.831590e-03,1.468197e-04,2.381990e-03
8.332667e-02,3.528772e-03,4.997086e-03,2.847167e-03,9.382647e-03,5.863120e-03,8.404249e-01,1.351240e-02,3.724361e-03,1.294288e-03,6.278426e-03,6.474728e-03,1.386015e-02,2.546885e-04,4.230548e-03
1.468534e-01,1.305396e-02,4.275310e-03,1.039686e-02,8.095612e-03,1.741487e-02,6.901467e-01,1.002241e-02,7.926472e-03,2.615246e-03,1.800886e-02,2.275901e-02,3.562280e-02,7.891613e-04,1.201936e-02
1.538336e-01,1.359236e-02,3.354000e-03,1.204619e-02,6.696203e-03,1.919817e-02,5.346019e-01,7.368387e-03,1.401979e-02,8.600831e-03,3.249310e-02,5.387429e-02,7.025971e-02,3.332244e-03,6.672926e-02
1.673994e-01,1.255009e-02,3.116485e-03,1.222334e-02,6.733456e-03,1.985762e-02,4.654374e-01,5.923591e-03,1.943591e-02,1.051980e-02,3.702382e-02,6.663193e-02,9.266433e-02,3.927152e-03,7.655571e-02
1.600550e-01,1.729071e-02,8.504141e-03,8.554959e-02,1.305960e-02,2.616512e-02,3.513585e-01,7.313801e-03,2.998312e-02,3.343752e-02,3.689483e-02,6.628034e-02,8.115502e-02,5.388254e-03,7.756449e-02
1.359744e-01,1.570326e-02,8.080496e-03,1.091478e-01,1.315196e-02,3.798220e-02,2.555128e-01,7.207864e-03,4.143543e-02,4.974726e-02,5.112851e-02,7.180762e-02,1.037005e-01,1.191064e-02,8.750929e-02
1.041479e-01,1.228220e-02,7.221538e-03,9.880105e-02,1.186795e-02,3.268738e-02,1.936764e-01,8.714892e-03,3.928117e-02,8.702982e-02,7.754880e-02,6.804920e-02,9.748018e-02,1.353363e-02,1.476779e-01
7.971730e-02,9.203102e-03,1.688274e-02,7.415597e-02,1.357564e-02,2.408620e-02,1.376689e-01,3.694000e-02,3.742083e-02,1.722426e-01,9.682579e-02,6.762020e-02,8.178279e-02,1.049924e-02,1.413787e-01
6.134663e-02,6.854386e-03,2.712934e-02,5.849229e-02,1.427835e-02,1.824326e-02,9.778876e-02,5.863732e-02,3.336809e-02,2.352995e-01,1.012433e-01,6.322576e-02,7.484299e-02,8.400401e-03,1.408496e-01
7.684603e-02,5.832838e-03,3.390422e-02,4.893488e-02,1.249745e-02,1.511787e-02,6.970274e-02,5.567845e-02,2.654153e-02,3.029203e-01,8.315849e-02,5.046919e-02,6.011140e-02,6.684323e-03,1.516003e-01
5.682260e-02,5.102806e-03,2.653160e-02,4.330764e-02,1.176973e-02,1.374683e-02,4.935299e-02,7.614345e-02,2.445475e-02,3.392179e-01,8.801246e-02,4.684518e-02,8.147828e-02,4.858757e-03,1.323550e-01
4.133938e-02,7.580382e-03,1.957259e-02,3.315728e-02,1.261364e-02,9.977690e-03,3.516109e-02,1.169730e-01,4.405189e-02,3.666337e-01,8.022171e-02,3.857104e-02,7.438460e-02,3.496816e-03,1.162652e-01
3.388019e-02,9.530598e-03,1.826311e-02,2.591924e-02,1.396436e-02,8.206684e-03,2.489862e-02,2.380239e-01,5.607111e-02,3.281704e-01,6.584533e-02,3.039710e-02,5.883472e-02,2.669342e-03,8.532529e-02
2.906767e-02,1.133822e-02,1.485054e-02,2.209394e-02,1.599067e-02,7.297287e-03,1.770389e-02,2.276680e-01,6.304735e-02,3.688725e-01,6.010411e-02,2.931514e-02,5.892878e-02,2.187140e-03,7.153477e-02
3.218610e-02,1.691619e-02,1.860506e-02,4.417219e-02,2.111067e-02,9.434057e-03,1.281936e-02,1.996540e-01,8.971083e-02,2.910987e-01,6.391875e-02,4.133500e-02,8.914520e-02,3.653111e-03,6.624077e-02
2.762072e-02,1.765242e-02,2.354269e-02,4.059784e-02,2.168812e-02,7.240780e-03,9.309832e-03,1.994655e-01,9.834643e-02,2.608651e-01,6.777304e-02,4.145231e-02,8.566239e-02,6.935209e-03,9.184764e-02
3.513060e-02,1.879290e-02,3.104418e-02,3.105382e-02,2.172697e-02,5.317316e-03,6.683703e-03,1.693596e-01,8.579209e-02,3.032582e-01,5.996379e-02,3.257833e-02,6.631389e-02,8.206893e-03,1.247777e-01
7.985114e-02,3.045352e-02,2.970074e-02,1.740373e-01,2.235888e-02,6.015705e-03,5.388909e-03,1.311132e-01,7.991831e-02,2.150473e-01,4.669433e-02,2.693104e-02,5.122873e-02,6.236238e-03,9.502462e-02
1.306258e-01,2.949773e-02,2.942578e-02,2.086691e-01,3.372910e-02,7.890212e-03,4.362692e-03,1.050233e-01,1.038711e-01,1.564187e-01,4.195984e-02,2.541087e-02,4.389106e-02,6.312044e-03,7.291276e-02
2.185900e-01,3.694220e-02,3.779692e-02,1.742714e-01,4.197161e-02,1.044730e-02,4.804148e-03,9.281103e-02,1.100493e-01,1.151042e-01,3.312801e-02,2.204001e-02,3.313489e-02,6.827954e-03,6.208104e-02
2.227000e-01,3.760015e-02,7.170872e-02,1.715575e-01,5.493349e-02,9.640881e-03,7.396592e-03,9.512349e-02,1.050815e-01,8.762974e-02,2.633531e-02,1.841810e-02,2.489056e-02,6.810999e-03,6.017300e-02
2.671296e-01,4.235127e-02,6.350142e-02,1.571534e-01,5.733226e-02,1.011992e-02,9.543600e-03,7.814079e-02,8.827214e-02,7.066038e-02,2.165672e-02,1.615123e-02,1.898583e-02,8.348206e-03,9.065321e-02
2.838700e-01,4.515850e-02,5.973500e-02,1.394303e-01,7.125472e-02,1.188403e-02,1.159825e-02,1.107081e-01,7.788142e-02,5.322656e-02,1.910464e-02,1.387460e-02,1.610637e-02,8.184163e-03,7.798339e-02
3.215134e-01,5.074074e-02,5.559805e-02,1.178492e-01,7.508875e-02,1.460370e-02,1.099980e-02,8.597105e-02,6.566443e-02,7.469748e-02,1.642328e-02,1.146709e-02,1.588358e-02,9.457828e-03,7.404169e-02
3.917798e-01,4.876937e-02,4.886825e-02,1.025164e-01,6.374590e-02,1.341131e-02,8.839338e-03,6.239002e-02,5.075721e-02,9.092773e-02,1.676868e-02,1.479270e-02,1.605758e-02,9.306512e-03,6.106923e-02
4.306527e-01,4.935306e-02,5.214497e-02,1.106244e-01,6.032606e-02,1.218048e-02,9.598912e-03,4.946175e-02,4.520602e-02,6.818911e-02,1.829332e-02,2.323715e-02,1.636841e-02,7.555932e-03,4.680773e-02
1.000000e+00,0.000000e+00,0.000000e+00,0.000000e+00,0.000000e+00,0.000000e+00,0.000000e+00,0.000000e+00,0.000000e+00,0.000000e+00,0.000000e+00,0.000000e+00,0.000000e+00,0.000000e+00,0.000000e+00
4.769272e-01,5.950674e-02,4.315939e-02,1.643921e-01,4.581238e-02,8.391468e-03,7.048931e-03,3.248504e-02,3.332456e-02,4.122430e-02,1.548710e-02,2.329091e-02,1.365153e-02,5.068474e-03,3.022987e-02
1.000000e+00,0.000000e+00,0.000000e+00,0.000000e+00,0.000000e+00,0.000000e+00,0.000000e+00,0.000000e+00,0.000000e+00,0.000000e+00,0.000000e+00,0.000000e+00,0.000000e+00,0.000000e+00,0.000000e+00
1.000000e+00,0.000000e+00,0.000000e+00,0.000000e+00,0.000000e+00,0.000000e+00,0.000000e+00,0.000000e+00,0.000000e+00,0.000000e+00,0.000000e+00,0.000000e+00,0.000000e+00,0.000000e+00,0.000000e+00
1.000000e+00,0.000000e+00,0.000000e+00,0.000000e+00,0.000000e+00,0.000000e+00,0.000000e+00,0.000000e+00,0.000000e+00,0.000000e+00,0.000000e+00,0.000000e+00,0.000000e+00,0.000000e+00,0.000000e+00
1.000000e+00,0.000000e+00,0.000000e+00,0.000000e+00,0.000000e+00,0.000000e+00,0.000000e+00,0.000000e+00,0.000000e+00,0.000000e+00,0.000000e+00,0.000000e+00,0.000000e+00,0.000000e+00,0.000000e+00
1.000000e+00,0.000000e+00,0.000000e+00,0.000000e+00,0.000000e+00,0.000000e+00,0.000000e+00,0.000000e+00,0.000000e+00,0.000000e+00,0.000000e+00,0.000000e+00,0.000000e+00,0.000000e+00,0.000000e+00
1.000000e+00,0.000000e+00,0.000000e+00,0.000000e+00,0.000000e+00,0.000000e+00,0.000000e+00,0.000000e+00,0.000000e+00,0.000000e+00,0.000000e+00,0.000000e+00,0.000000e+00,0.000000e+00,0.000000e+00
1.000000e+00,0.000000e+00,0.000000e+00,0.000000e+00,0.000000e+00,0.000000e+00,0.000000e+00,0.000000e+00,0.000000e+00,0.000000e+00,0.000000e+00,0.000000e+00,0.000000e+00,0.000000e+00,0.000000e+00
1.000000e+00,0.000000e+00,0.000000e+00,0.000000e+00,0.000000e+00,0.000000e+00,0.000000e+00,0.000000e+00,0.000000e+00,0.000000e+00,0.000000e+00,0.000000e+00,0.000000e+00,0.000000e+00,0.000000e+00
1.000000e+00,0.000000e+00,0.000000e+00,0.000000e+00,0.000000e+00,0.000000e+00,0.000000e+00,0.000000e+00,0.000000e+00,0.000000e+00,0.000000e+00,0.000000e+00,0.000000e+00,0.000000e+00,0.000000e+00
1.000000e+00,0.000000e+00,0.000000e+00,0.000000e+00,0.000000e+00,0.000000e+00,0.000000e+00,0.000000e+00,0.000000e+00,0.000000e+00,0.000000e+00,0.000000e+00,0.000000e+00,0.000000e+00,0.000000e+00
1.000000e+00,0.000000e+00,0.000000e+00,0.000000e+00,0.000000e+00,0.000000e+00,0.000000e+00,0.000000e+00,0.000000e+00,0.000000e+00,0.000000e+00,0.000000e+00,0.000000e+00,0.000000e+00,0.000000e+00
1.000000e+00,0.000000e+00,0.000000e+00,0.000000e+00,0.000000e+00,0.000000e+00,0.000000e+00,0.000000e+00,0.000000e+00,0.000000e+00,0.000000e+00,0.000000e+00,0.000000e+00,0.000000e+00,0.000000e+00
1.000000e+00,0.000000e+00,0.000000e+00,0.000000e+00,0.000000e+00,0.000000e+00,0.000000e+00,0.000000e+00,0.000000e+00,0.000000e+00,0.000000e+00,0.000000e+00,0.000000e+00,0.000000e+00,0.000000e+00
1.000000e+00,0.000000e+00,0.000000e+00,0.000000e+00,0.000000e+00,0.000000e+00,0.000000e+00,0.000000e+00,0.000000e+00,0.000000e+00,0.000000e+00,0.000000e+00,0.000000e+00,0.000000e+00,0.000000e+00
1.000000e+00,0.000000e+00,0.000000e+00,0.000000e+00,0.000000e+00,0.000000e+00,0.000000e+00,0.000000e+00,0.000000e+00,0.000000e+00,0.000000e+00,0.000000e+00,0.000000e+00,0.000000e+00,0.000000e+00
1.000000e+00,0.000000e+00,0.000000e+00,0.000000e+00,0.000000e+00,0.000000e+00,0.000000e+00,0.000000e+00,0.000000e+00,0.000000e+00,0.000000e+00,0.000000e+00,0.000000e+00,0.000000e+00,0.000000e+00
1.000000e+00,0.000000e+00,0.000000e+00,0.000000e+00,0.000000e+00,0.000000e+00,0.000000e+00,0.000000e+00,0.000000e+00,0.000000e+00,0.000000e+00,0.000000e+00,0.000000e+00,0.000000e+00,0.000000e+00
1.000000e+00,0.000000e+00,0.000000e+00,0.000000e+00,0.000000e+00,0.000000e+00,0.000000e+00,0.000000e+00,0.000000e+00,0.000000e+00,0.000000e+00,0.000000e+00,0.000000e+00,0.000000e+00,0.000000e+00
1.000000e+00,0.000000e+00,0.000000e+00,0.000000e+00,0.000000e+00,0.000000e+00,0.000000e+00,0.000000e+00,0.000000e+00,0.000000e+00,0.000000e+00,0.000000e+00,0.000000e+00,0.000000e+00,0.000000e+00
1.000000e+00,0.000000e+00,0.000000e+00,0.000000e+00,0.000000e+00,0.000000e+00,0.000000e+00,0.000000e+00,0.000000e+00,0.000000e+00,0.000000e+00,0.000000e+00,0.000000e+00,0.000000e+00,0.000000e+00
1.000000e+00,0.000000e+00,0.000000e+00,0.000000e+00,0.000000e+00,0.000000e+00,0.000000e+00,0.000000e+00,0.000000e+00,0.000000e+00,0.000000e+00,0.000000e+00,0.000000e+00,0.000000e+00,0.000000e+00
1.000000e+00,0.000000e+00,0.000000e+00,0.000000e+00,0.000000e+00,0.000000e+00,0.000000e+00,0.000000e+00,0.000000e+00,0.000000e+00,0.000000e+00,0.000000e+00,0.000000e+00,0.000000e+00,0.000000e+00
4.098828e-01,4.672677e-02,3.284024e-02,6.460666e-02,2.584813e-02,2.580227e-02,8.921804e-02,6.236958e-03,4.705701e-02,1.933846e-02,2.308889e-02,1.702170e-02,2.101609e-02,9.530196e-03,1.617857e-01
3.269522e-01,5.221668e-02,3.340922e-02,5.626788e-02,2.030415e-02,2.122126e-02,6.738197e-02,5.972672e-03,6.327697e-02,4.324527e-02,2.235755e-02,1.386361e-02,1.985792e-02,1.613505e-02,2.375376e-01
2.748924e-01,4.081526e-02,2.696402e-02,4.074108e-02,1.556175e-02,1.635546e-02,4.983287e-02,4.929737e-03,6.518576e-02,1.044998e-01,3.072813e-02,1.074050e-02,2.159209e-02,8.633562e-02,2.108255e-01
2.520486e-01,3.345028e-02,2.939622e-02,3.114400e-02,1.233965e-02,1.333183e-02,3.534592e-02,4.778738e-03,8.291856e-02,1.245020e-01,3.878365e-02,8.489492e-03,2.262844e-02,1.242265e-01,1.866162e-01
1.806362e-01,2.463091e-02,4.115390e-02,2.202946e-02,9.035206e-03,1.116605e-02,2.489684e-02,3.487831e-03,6.831773e-02,1.174678e-01,3.465822e-02,6.494848e-03,1.776077e-02,2.824586e-01,1.558056e-01
1.364925e-01,2.026124e-02,5.369921e-02,1.671288e-02,7.545442e-03,9.988619e-03,1.773336e-02,2.724129e-03,9.758370e-02,1.209387e-01,3.207241e-02,5.064742e-03,1.506687e-02,2.586157e-01,2.055005e-01
1.155784e-01,2.463317e-02,5.181149e-02,1.280526e-02,6.680168e-03,1.086308e-02,1.258727e-02,2.428774e-03,1.491871e-01,1.078101e-01,2.982222e-02,3.798579e-03,1.316112e-02,2.440104e-01,2.148228e-01
8.240822e-02,5.739805e-02,3.953576e-02,1.200856e-02,5.635414e-03,9.715347e-03,8.916816e-03,1.990797e-03,2.544746e-01,9.564977e-02,2.354410e-02,2.897949e-03,1.079210e-02,1.937231e-01,2.013094e-01
5.939185e-02,1.357211e-01,2.926173e-02,1.087179e-02,4.695321e-03,7.851644e-03,6.281904e-03,1.566045e-03,3.078701e-01,8.151233e-02,2.084221e-02,2.385695e-03,9.443223e-03,1.515436e-01,1.707615e-01
4.203448e-02,1.646068e-01,2.160577e-02,1.568700e-02,3.658288e-03,7.363650e-03,4.413475e-03,1.588857e-03,3.960315e-01,6.422436e-02,1.622390e-02,1.918111e-03,7.252371e-03,1.191548e-01,1.342368e-01
3.001339e-02,1.751283e-01,3.352857e-02,1.625968e-02,3.177137e-03,6.611866e-03,3.099908e-03,1.378688e-03,4.136347e-01,7.493779e-02,1.371511e-02,2.053578e-03,6.104118e-03,9.422324e-02,1.261339e-01
2.184288e-02,1.420417e-01,2.538136e-02,1.352088e-02,2.936913e-03,6.112053e-03,2.187830e-03,1.324908e-03,4.608786e-01,8.226061e-02,1.182895e-02,1.757540e-03,5.782461e-03,7.677841e-02,1.453651e-01
1.606563e-02,1.133101e-01,3.623807e-02,2.011336e-02,3.097798e-03,4.507386e-03,1.577748e-03,2.098799e-03,5.382518e-01,6.854822e-02,1.015194e-02,1.933439e-03,5.137805e-03,5.726567e-02,1.217022e-01
1.416915e-02,8.973775e-02,7.010543e-02,3.186236e-02,3.752814e-03,3.523743e-03,1.162379e-03,2.229763e-03,4.914875e-01,7.148591e-02,1.009975e-02,2.023384e-03,5.525772e-03,4.526808e-02,1.575662e-01
1.465202e-02,6.921731e-02,1.424918e-01,2.826154e-02,8.113796e-03,5.182229e-03,9.269270e-04,5.615014e-03,3.911594e-01,1.129449e-01,9.326432e-03,1.739440e-03,6.007407e-03,3.658221e-02,1.677797e-01
2.823285e-02,5.631149e-02,2.444052e-01,5.762991e-02,1.837316e-02,7.021300e-03,1.329625e-03,9.330101e-03,3.009484e-01,1.024721e-01,9.944806e-03,1.628287e-03,5.564209e-03,2.784979e-02,1.289587e-01
4.569771e-02,5.193308e-02,1.885604e-01,9.308292e-02,2.849985e-02,7.348883e-03,1.831227e-03,8.742369e-03,2.773783e-01,1.088240e-01,1.840585e-02,1.948495e-03,1.046029e-02,2.155465e-02,1.357320e-01
5.187268e-02,4.825652e-02,1.748735e-01,1.686910e-01,2.302995e-02,6.851625e-03,1.507521e-03,7.570455e-03,2.248294e-01,9.055015e-02,1.631153e-02,3.737568e-03,1.030283e-02,1.585731e-02,1.557579e-01
5.881394e-02,4.675060e-02,1.457210e-01,2.062287e-01,1.913478e-02,6.108604e-03,1.266479e-03,6.836775e-03,1.834315e-01,8.987044e-02,1.719943e-02,5.239887e-03,1.655114e-02,1.219514e-02,1.846516e-01
1.612676e-01,4.602289e-02,1.155174e-01,1.766821e-01,2.022066e-02,8.757819e-03,1.627504e-03,7.409110e-03,1.476323e-01,7.190529e-02,1.673637e-02,1.612657e-02,1.809105e-02,1.011456e-02,1.818887e-01
2.455601e-01,4.502191e-02,1.224593e-01,1.599154e-01,2.535422e-02,1.468051e-02,5.445859e-03,1.370834e-02,1.157442e-01,5.418384e-02,1.396638e-02,1.397816e-02,1.573261e-02,7.976993e-03,1.462723e-01
3.314965e-01,4.461937e-02,1.047055e-01,1.221705e-01,2.551681e-02,1.779969e-02,1.840254e-02,3.697151e-02,9.377830e-02,4.026570e-02,1.105188e-02,1.153334e-02,1.743331e-02,6.358013e-03,1.178970e-01
4.263062e-01,4.400849e-02,9.161416e-02,9.119107e-02,2.379258e-02,1.735763e-02,1.820792e-02,4.868988e-02,7.310355e-02,3.000687e-02,8.447932e-03,1.023725e-02,1.587985e-02,5.595002e-03,9.556157e-02
1.000000e+00,0.000000e+00,0.000000e+00,0.000000e+00,0.000000e+00,0.000000e+00,0.000000e+00,0.000000e+00,0.000000e+00,0.000000e+00,0.000000e+00,0.000000e+00,0.000000e+00,0.000000e+00,0.000000e+00
1.000000e+00,0.000000e+00,0.000000e+00,0.000000e+00,0.000000e+00,0.000000e+00,0.000000e+00,0.000000e+00,0.000000e+00,0.000000e+00,0.000000e+00,0.000000e+00,0.000000e+00,0.000000e+00,0.000000e+00
1.000000e+00,0.000000e+00,0.000000e+00,0.000000e+00,0.000000e+00,0.000000e+00,0.000000e+00,0.000000e+00,0.000000e+00,0.000000e+00,0.000000e+00,0.000000e+00,0.000000e+00,0.000000e+00,0.000000e+00
1.000000e+00,0.000000e+00,0.000000e+00,0.000000e+00,0.000000e+00,0.000000e+00,0.000000e+00,0.000000e+00,0.000000e+00,0.000000e+00,0.000000e+00,0.000000e+00,0.000000e+00,0.000000e+00,0.000000e+00
1.000000e+00,0.000000e+00,0.000000e+00,0.000000e+00,0.000000e+00,0.000000e+00,0.000000e+00,0.000000e+00,0.000000e+00,0.000000e+00,0.000000e+00,0.000000e+00,0.000000e+00,0.000000e+00,0.000000e+00
1.000000e+00,0.000000e+00,0.000000e+00,0.000000e+00,0.000000e+00,0.000000e+00,0.000000e+00,0.000000e+00,0.000000e+00,0.000000e+00,0.000000e+00,0.000000e+00,0.000000e+00,0.000000e+00,0.000000e+00
1.000000e+00,0.000000e+00,0.000000e+00,0.000000e+00,0.000000e+00,0.000000e+00,0.000000e+00,0.000000e+00,0.000000e+00,0.000000e+00,0.000000e+00,0.000000e+00,0.000000e+00,0.000000e+00,0.000000e+00
1.000000e+00,0.000000e+00,0.000000e+00,0.000000e+00,0.000000e+00,0.000000e+00,0.000000e+00,0.000000e+00,0.000000e+00,0.000000e+00,0.000000e+00,0.000000e+00,0.000000e+00,0.000000e+00,0.000000e+00
1.000000e+00,0.000000e+00,0.000000e+00,0.000000e+00,0.000000e+00,0.000000e+00,0.000000e+00,0.000000e+00,0.000000e+00,0.000000e+00,0.000000e+00,0.000000e+00,0.000000e+00,0.000000e+00,0.000000e+00
1.000000e+00,0.000000e+00,0.000000e+00,0.000000e+00,0.000000e+00,0.000000e+00,0.000000e+00,0.000000e+00,0.000000e+00,0.000000e+00,0.000000e+00,0.000000e+00,0.000000e+00,0.000000e+00,0.000000e+00
1.000000e+00,0.000000e+00,0.000000e+00,0.000000e+00,0.000000e+00,0.000000e+00,0.000000e+00,0.000000e+00,0.000000e+00,0.000000e+00,0.000000e+00,0.000000e+00,0.000000e+00,0.000000e+00,0.000000e+00
4.478020e-01,8.001615e-03,9.029244e-03,9.748843e-03,8.384092e-03,3.355575e-01,5.860702e-02,3.590301e-02,6.672118e-03,2.431699e-02,7.265592e-03,2.676740e-02,8.311782e-03,1.421326e-03,1.221146e-02
3.225115e-01,5.881079e-03,6.527666e-03,7.413018e-03,6.169739e-03,3.369740e-01,4.147999e-02,2.534523e-02,5.207389e-03,1.362955e-01,2.282096e-02,6.501642e-02,7.140536e-03,1.627198e-03,9.589837e-03
2.273779e-01,4.201197e-03,4.679740e-03,5.261079e-03,4.411916e-03,3.732964e-01,2.919425e-02,1.781356e-02,3.863435e-03,1.215209e-01,4.068465e-02,1.532834e-01,5.663038e-03,1.559363e-03,7.189236e-03
1.593152e-01,2.988338e-03,3.299768e-03,3.758074e-03,3.120102e-03,2.862007e-01,2.044427e-02,1.249932e-02,3.539764e-03,1.497602e-01,5.019525e-02,2.935547e-01,4.621728e-03,1.502648e-03,5.200001e-03
1.115987e-01,2.153999e-03,2.330680e-03,2.707373e-03,2.227300e-03,2.051738e-01,1.432066e-02,8.789977e-03,6.904910e-03,1.429239e-01,4.416716e-02,4.479149e-01,3.550943e-03,1.480213e-03,3.755601e-03
7.838362e-02,2.307444e-03,3.721540e-03,2.847542e-03,7.093868e-03,1.450336e-01,1.007236e-02,7.588313e-03,4.886031e-02,1.132275e-01,4.258903e-02,5.315178e-01,2.744430e-03,1.252625e-03,2.760005e-03
5.535919e-02,3.019624e-03,6.566313e-03,2.526032e-03,2.135880e-02,1.032629e-01,7.178462e-03,9.197473e-03,9.540319e-02,9.069370e-02,3.364718e-02,5.653202e-01,2.390654e-03,1.995163e-03,2.081092e-03
3.982392e-02,4.573830e-03,8.459201e-03,2.781232e-03,2.850194e-02,8.084259e-02,5.332449e-03,1.020779e-02,1.470344e-01,8.548701e-02,2.990043e-02,5.494062e-01,2.447226e-03,3.386758e-03,1.815011e-03
2.900176e-02,1.364848e-02,7.244870e-03,2.289772e-03,2.973426e-02,5.850744e-02,3.908446e-03,1.102403e-02,3.515189e-01,6.836078e-02,2.298731e-02,3.944250e-01,1.976606e-03,3.990625e-03,1.381685e-03
2.215728e-02,1.594687e-02,7.690799e-03,2.770217e-03,4.097939e-02,4.469316e-02,3.185526e-03,1.436226e-02,4.449486e-01,6.550480e-02,1.988813e-02,3.111003e-01,2.025226e-03,3.588399e-03,1.159013e-03
2.486334e-02,1.458889e-02,2.981803e-02,1.721488e-02,7.442206e-02,3.571574e-02,7.047667e-03,1.175713e-01,3.816569e-01,4.808022e-02,1.576356e-02,2.275325e-01,2.099488e-03,2.615344e-03,1.009982e-03
2.611779e-02,4.504599e-02,2.646868e-02,1.599197e-02,1.006468e-01,3.067558e-02,5.597741e-03,9.556338e-02,4.136977e-01,4.217697e-02,1.756913e-02,1.712971e-01,4.236034e-03,2.860517e-03,2.054602e-03
2.730428e-02,6.803098e-02,2.028799e-02,1.305619e-02,9.895970e-02,2.322312e-02,4.362680e-03,7.243211e-02,4.838120e-01,3.671832e-02,1.834054e-02,1.238886e-01,4.835283e-03,2.692085e-03,2.056071e-03
3.166848e-02,1.853634e-01,1.730369e-02,1.016631e-02,8.980134e-02,1.912602e-02,3.577296e-03,7.288279e-02,4.051584e-01,4.258712e-02,1.740040e-02,9.159673e-02,6.994100e-03,4.003728e-03,2.370121e-03
5.238020e-02,2.478590e-01,1.574402e-02,9.728791e-03,9.102690e-02,1.925942e-02,3.286577e-03,7.433146e-02,3.332125e-01,4.002523e-02,2.078103e-02,7.486376e-02,7.902274e-03,6.343008e-03,3.255805e-03
1.696434e-01,2.236755e-01,1.351756e-02,1.286088e-02,7.913505e-02,1.972840e-02,3.333302e-03,6.286344e-02,2.664128e-01,2.991275e-02,2.468936e-02,6.771839e-02,9.773402e-03,7.885071e-03,8.850701e-03
2.396935e-01,1.994815e-01,1.105766e-02,1.336667e-02,7.110567e-02,1.828967e-02,3.964304e-03,5.832034e-02,2.549089e-01,2.865938e-02,2.199305e-02,5.365766e-02,9.086430e-03,7.661347e-03,8.753838e-03
3.154877e-01,1.573687e-01,9.264583e-03,2.395944e-02,6.472158e-02,1.882486e-02,4.253380e-03,5.588001e-02,2.131074e-01,2.340485e-02,2.135291e-02,5.336219e-02,1.417569e-02,7.241407e-03,1.759518e-02
3.335789e-01,1.535395e-01,1.524208e-02,8.327454e-02,5.444551e-02,1.685842e-02,5.639719e-03,5.500418e-02,1.601807e-01,1.883593e-02,1.952954e-02,4.484197e-02,1.493843e-02,6.224118e-03,1.786635e-02
4.541318e-01,1.167785e-01,1.342478e-02,7.018174e-02,4.268442e-02,1.697082e-02,5.727133e-03,4.407471e-02,1.244205e-01,1.525610e-02,1.744209e-02,3.935187e-02,1.460840e-02,5.777780e-03,1.916935e-02
1.000000e+00,0.000000e+00,0.000000e+00,0.000000e+00,0.000000e+00,0.000000e+00,0.000000e+00,0.000000e+00,0.000000e+00,0.000000e+00,0.000000e+00,0.000000e+00,0.000000e+00,0.000000e+00,0.000000e+00
1.000000e+00,0.000000e+00,0.000000e+00,0.000000e+00,0.000000e+00,0.000000e+00,0.000000e+00,0.000000e+00,0.000000e+00,0.000000e+00,0.000000e+00,0.000000e+00,0.000000e+00,0.000000e+00,0.000000e+00
1.000000e+00,0.000000e+00,0.000000e+00,0.000000e+00,0.000000e+00,0.000000e+00,0.000000e+00,0.000000e+00,0.000000e+00,0.000000e+00,0.000000e+00,0.000000e+00,0.000000e+00,0.000000e+00,0.000000e+00
1.000000e+00,0.000000e+00,0.000000e+00,0.000000e+00,0.000000e+00,0.000000e+00,0.000000e+00,0.000000e+00,0.000000e+00,0.000000e+00,0.000000e+00,0.000000e+00,0.000000e+00,0.000000e+00,0.000000e+00
1.000000e+00,0.000000e+00,0.000000e+00,0.000000e+00,0.000000e+00,0.000000e+00,0.000000e+00,0.000000e+00,0.000000e+00,0.000000e+00,0.000000e+00,0.000000e+00,0.000000e+00,0.000000e+00,0.000000e+00
1.000000e+00,0.000000e+00,0.000000e+00,0.000000e+00,0.000000e+00,0.000000e+00,0.000000e+00,0.000000e+00,0.000000e+00,0.000000e+00,0.000000e+00,0.000000e+00,0.000000e+00,0.000000e+00,0.000000e+00
1.000000e+00,0.000000e+00,0.000000e+00,0.000000e+00,0.000000e+00,0.000000e+00,0.000000e+00,0.000000e+00,0.000000e+00,0.000000e+00,0.000000e+00,0.000000e+00,0.000000e+00,0.000000e+00,0.000000e+00
1.000000e+00,0.000000e+00,0.000000e+00,0.000000e+00,0.000000e+00,0.000000e+00,0.000000e+00,0.000000e+00,0.000000e+00,0.000000e+00,0.000000e+00,0.000000e+00,0.000000e+00,0.000000e+00,0.000000e+00
1.000000e+00,0.000000e+00,0.000000e+00,0.000000e+00,0.000000e+00,0.000000e+00,0.000000e+00,0.000000e+00,0.000000e+00,0.000000e+00,0.000000e+00,0.000000e+00,0.000000e+00,0.000000e+00,0.000000e+00
1.000000e+00,0.000000e+00,0.000000e+00,0.000000e+00,0.000000e+00,0.000000e+00,0.000000e+00,0.000000e+00,0.000000e+00,0.000000e+00,0.000000e+00,0.000000e+00,0.000000e+00,0.000000e+00,0.000000e+00
1.000000e+00,0.000000e+00,0.000000e+00,0.000000e+00,0.000000e+00,0.000000e+00,0.000000e+00,0.000000e+00,0.000000e+00,0.000000e+00,0.000000e+00,0.000000e+00,0.000000e+00,0.000000e+00,0.000000e+00
1.000000e+00,0.000000e+00,0.000000e+00,0.000000e+00,0.000000e+00,0.000000e+00,0.000000e+00,0.000000e+00,0.000000e+00,0.000000e+00,0.000000e+00,0.000000e+00,0.000000e+00,0.000000e+00,0.000000e+00
1.000000e+00,0.000000e+00,0.000000e+00,0.000000e+00,0.000000e+00,0.000000e+00,0.000000e+00,0.000000e+00,0.000000e+00,0.000000e+00,0.000000e+00,0.000000e+00,0.000000e+00,0.000000e+00,0.000000e+00
1.000000e+00,0.000000e+00,0.000000e+00,0.000000e+00,0.000000e+00,0.000000e+00,0.000000e+00,0.000000e+00,0.000000e+00,0.000000e+00,0.000000e+00,0.000000e+00,0.000000e+00,0.000000e+00,0.000000e+00
1.000000e+00,0.000000e+00,0.000000e+00,0.000000e+00,0.000000e+00,0.000000e+00,0.000000e+00,0.000000e+00,0.000000e+00,0.000000e+00,0.000000e+00,0.000000e+00,0.000000e+00,0.000000e+00,0.000000e+00
1.000000e+00,0.000000e+00,0.000000e+00,0.000000e+00,0.000000e+00,0.000000e+00,0.000000e+00,0.000000e+00,0.000000e+00,0.000000e+00,0.000000e+00,0.000000e+00,0.000000e+00,0.000000e+00,0.000000e+00
1.000000e+00,0.000000e+00,0.000000e+00,0.000000e+00,0.000000e+00,0.000000e+00,0.000000e+00,0.000000e+00,0.000000e+00,0.000000e+00,0.000000e+00,0.000000e+00,0.000000e+00,0.000000e+00,0.000000e+00
4.049141e-01,1.301515e-02,1.071760e-02,4.953968e-02,4.254519e-02,1.135542e-01,7.000994e-03,1.330721e-02,3.220459e-02,5.346494e-03,1.455046e-01,6.508195e-02,3.620997e-02,4.929479e-02,1.176352e-02
2.866847e-01,9.981179e-03,8.737072e-03,3.933045e-02,3.117278e-02,8.181740e-02,4.962619e-03,1.031040e-02,3.153107e-02,5.839878e-03,2.843274e-01,5.767049e-02,3.253590e-02,9.484426e-02,2.025443e-02
2.060642e-01,8.969925e-03,9.798463e-03,3.258777e-02,2.266683e-02,5.913484e-02,3.601725e-03,8.544806e-03,5.389239e-02,4.908124e-03,3.293267e-01,4.667711e-02,2.492936e-02,1.682607e-01,2.063708e-02
1.475633e-01,1.634981e-02,1.038325e-02,2.625136e-02,1.686521e-02,4.540334e-02,2.613690e-03,6.191759e-03,5.511579e-02,3.744392e-03,2.435830e-01,3.295743e-02,1.825822e-02,3.136635e-01,6.105594e-02
1.041305e-01,2.916914e-02,1.132316e-02,2.445356e-02,1.251604e-02,3.897867e-02,1.919767e-03,5.356114e-03,8.401199e-02,3.086167e-03,1.753529e-01,2.330475e-02,1.602053e-02,3.785378e-01,9.183893e-02
7.377485e-02,2.550027e-02,8.766740e-03,1.926675e-02,9.319085e-03,3.226068e-02,1.444578e-03,8.760215e-03,7.037733e-02,2.689729e-03,1.272779e-01,1.675915e-02,1.385760e-02,5.016991e-01,8.824604e-02
5.287370e-02,2.402258e-02,1.094620e-02,3.064052e-02,8.067125e-03,2.484017e-02,1.346921e-03,4.355034e-02,1.123383e-01,2.363745e-03,9.235238e-02,1.211395e-02,1.629484e-02,4.941485e-01,7.410087e-02
3.788961e-02,2.537458e-02,4.883415e-02,5.047723e-02,7.529711e-03,1.890818e-02,1.728177e-03,7.105833e-02,1.159077e-01,2.455780e-03,6.695709e-02,8.748798e-03,1.405167e-02,4.472337e-01,8.284530e-02
2.771041e-02,3.855240e-02,3.555224e-02,3.643993e-02,5.808652e-03,1.369768e-02,1.418241e-03,5.843203e-02,3.361488e-01,1.949972e-03,4.794150e-02,6.245873e-03,1.023127e-02,3.195327e-01,6.033834e-02
1.954340e-02,7.617925e-02,2.696414e-02,3.347019e-02,4.833162e-03,1.060895e-02,1.027179e-03,4.426004e-02,4.679024e-01,1.662880e-03,3.392762e-02,4.407623e-03,7.656397e-03,2.243345e-01,4.322235e-02
1.416941e-02,8.481009e-02,2.091576e-02,2.694589e-02,5.258791e-03,9.243593e-03,7.769670e-04,3.253375e-02,5.817817e-01,1.453685e-03,2.408309e-02,3.116380e-03,5.521946e-03,1.574341e-01,3.195487e-02
1.666156e-02,8.468907e-02,1.924889e-02,2.420610e-02,1.075040e-02,9.397823e-03,9.498500e-04,2.426162e-02,6.466658e-01,3.014036e-03,1.721390e-02,2.240022e-03,4.390317e-03,1.109045e-01,2.540618e-02
1.614295e-02,9.570435e-02,1.571608e-02,2.479776e-02,1.265362e-02,8.919597e-03,9.328450e-04,1.784815e-02,6.776983e-01,7.867407e-03,1.253425e-02,1.628922e-03,3.924516e-03,7.802283e-02,2.560843e-02
1.635442e-02,1.425753e-01,1.211113e-02,2.890295e-02,1.124297e-02,9.960597e-03,7.929828e-04,1.263727e-02,6.604142e-01,9.814600e-03,9.435699e-03,1.225507e-03,7.845234e-03,5.468230e-02,2.200484e-02
1.707645e-02,1.653521e-01,9.987134e-03,3.887147e-02,1.609408e-02,7.744831e-03,7.959295e-04,9.400153e-03,6.546192e-01,8.422354e-03,7.010132e-03,9.257544e-04,7.189518e-03,3.836182e-02,1.814913e-02
1.409808e-02,1.665584e-01,7.893566e-03,5.658241e-02,2.045506e-02,6.278282e-03,7.734331e-04,8.469377e-03,6.572037e-01,7.064870e-03,5.163136e-03,6.984599e-04,7.259012e-03,2.689271e-02,1.460957e-02
1.122508e-02,2.084959e-01,8.596061e-03,1.069279e-01,1.603256e-02,4.822998e-03,5.961991e-04,7.244497e-03,5.797139e-01,7.513529e-03,3.783923e-03,7.463293e-04,6.283846e-03,1.891956e-02,1.909781e-02
1.294844e-02,2.168041e-01,1.340135e-02,1.101703e-01,1.857532e-02,5.479346e-03,6.536505e-04,7.892805e-03,5.541452e-01,9.843264e-03,3.023248e-03,6.490622e-04,5.360044e-03,1.342038e-02,2.763359e-02
1.119135e-02,2.383122e-01,3.662660e-02,1.049554e-01,1.409829e-02,4.411626e-03,5.274655e-04,7.040172e-03,4.830313e-01,1.565565e-02,2.746436e-03,9.392457e-04,4.418910e-03,1.008339e-02,6.596191e-02
5.417591e-02,2.108154e-01,3.551656e-02,7.975140e-02,4.527581e-02,9.728775e-03,3.116517e-03,1.057286e-02,4.527951e-01,1.249119e-02,3.464200e-03,9.781143e-04,3.351798e-03,7.280177e-03,7.068617e-02
7.612464e-02,1.808361e-01,3.222808e-02,5.928520e-02,5.315015e-02,1.866741e-02,4.356110e-03,1.209872e-02,4.629446e-01,9.991169e-03,2.957864e-03,8.237385e-04,2.534052e-03,5.483024e-03,7.851918e-02
8.869740e-02,1.935257e-01,3.580666e-02,4.558352e-02,5.720306e-02,2.097554e-02,4.682726e-03,1.271193e-02,4.306204e-01,8.962718e-03,2.482685e-03,7.994654e-04,2.193713e-03,4.242054e-03,9.151247e-02
6.935243e-02,2.118123e-01,6.719628e-02,7.704437e-02,5.081227e-02,1.789640e-02,4.071738e-03,1.341576e-02,3.107668e-01,1.111385e-02,2.020350e-03,6.901794e-04,1.691615e-03,3.087619e-03,1.590280e-01
6.867647e-02,1.715413e-01,1.759174e-01,7.559925e-02,4.896262e-02,1.575653e-02,3.798878e-03,1.259998e-02,2.316212e-01,1.472339e-02,1.741273e-03,6.100931e-04,1.438875e-03,2.730055e-03,1.742828e-01
7.169838e-02,1.570946e-01,2.094830e-01,8.931966e-02,5.096573e-02,1.512039e-02,4.808395e-03,2.779216e-02,1.890997e-01,1.726456e-02,2.672612e-03,9.590563e-04,2.180843e-03,3.517085e-03,1.580238e-01
9.684186e-02,1.703258e-01,1.987570e-01,8.855823e-02,5.061658e-02,1.369944e-02,4.506015e-03,5.261505e-02,1.615380e-01,1.621557e-02,3.511027e-03,1.708013e-03,3.044548e-03,4.603376e-03,1.334595e-01
9.479329e-02,1.439481e-01,1.691880e-01,8.107392e-02,4.073538e-02,1.092784e-02,4.038045e-03,2.077301e-01,1.197492e-01,1.252870e-02,5.173904e-03,2.347342e-03,3.430906e-03,4.108667e-03,1.002266e-01
8.514197e-02,1.053391e-01,1.734435e-01,1.043224e-01,3.257655e-02,1.006131e-02,4.532058e-03,2.950879e-01,8.933310e-02,9.937297e-03,6.823505e-03,2.340288e-03,3.749502e-03,3.325749e-03,7.398577e-02
1.038745e-01,7.980923e-02,1.632493e-01,8.909488e-02,2.709297e-02,1.051424e-02,5.345658e-03,3.644459e-01,6.658636e-02,8.544059e-03,9.504697e-03,3.629119e-03,5.930673e-03,3.708411e-03,5.866995e-02
1.981254e-01,7.051896e-02,1.232815e-01,6.953534e-02,2.609473e-02,1.305914e-02,6.244706e-03,3.330454e-01,5.568276e-02,9.391794e-03,1.329893e-02,1.447401e-02,9.066121e-03,6.356155e-03,5.182512e-02
3.197193e-01,5.655234e-02,9.193072e-02,5.561854e-02,2.482556e-02,1.605824e-02,6.752440e-03,2.825546e-01,4.474461e-02,8.485639e-03,1.406287e-02,1.923774e-02,1.040330e-02,6.206578e-03,4.284753e-02
4.272912e-01,4.367749e-02,6.799339e-02,4.384993e-02,2.257528e-02,1.723863e-02,6.246935e-03,2.376642e-01,3.755549e-02,7.264030e-03,1.318066e-02,2.197458e-02,1.073455e-02,6.503011e-03,3.625064e-02
1.000000e+00,0.000000e+00,0.000000e+00,0.000000e+00,0.000000e+00,0.000000e+00,0.000000e+00,0.000000e+00,0.000000e+00,0.000000e+00,0.000000e+00,0.000000e+00,0.000000e+00,0.000000e+00,0.000000e+00
1.000000e+00,0.000000e+00,0.000000e+00,0.000000e+00,0.000000e+00,0.000000e+00,0.000000e+00,0.000000e+00,0.000000e+00,0.000000e+00,0.000000e+00,0.000000e+00,0.000000e+00,0.000000e+00,0.000000e+00
1.000000e+00,0.000000e+00,0.000000e+00,0.000000e+00,0.000000e+00,0.000000e+00,0.000000e+00,0.000000e+00,0.000000e+00,0.000000e+00,0.000000e+00,0.000000e+00,0.000000e+00,0.000000e+00,0.000000e+00
1.000000e+00,0.000000e+00,0.000000e+00,0.000000e+00,0.000000e+00,0.000000e+00,0.000000e+00,0.000000e+00,0.000000e+00,0.000000e+00,0.000000e+00,0.000000e+00,0.000000e+00,0.000000e+00,0.000000e+00
1.000000e+00,0.000000e+00,0.000000e+00,0.000000e+00,0.000000e+00,0.000000e+00,0.000000e+00,0.000000e+00,0.000000e+00,0.000000e+00,0.000000e+00,0.000000e+00,0.000000e+00,0.000000e+00,0.000000e+00
1.000000e+00,0.000000e+00,0.000000e+00,0.000000e+00,0.000000e+00,0.000000e+00,0.000000e+00,0.000000e+00,0.000000e+00,0.000000e+00,0.000000e+00,0.000000e+00,0.000000e+00,0.000000e+00,0.000000e+00
1.000000e+00,0.000000e+00,0.000000e+00,0.000000e+00,0.000000e+00,0.000000e+00,0.000000e+00,0.000000e+00,0.000000e+00,0.000000e+00,0.000000e+00,0.000000e+00,0.000000e+00,0.000000e+00,0.000000e+00
1.000000e+00,0.000000e+00,0.000000e+00,0.000000e+00,0.000000e+00,0.000000e+00,0.000000e+00,0.000000e+00,0.000000e+00,0.000000e+00,0.000000e+00,0.000000e+00,0.000000e+00,0.000000e+00,0.000000e+00
1.000000e+00,0.000000e+00,0.000000e+00,0.000000e+00,0.000000e+00,0.000000e+00,0.000000e+00,0.000000e+00,0.000000e+00,0.000000e+00,0.000000e+00,0.000000e+00,0.000000e+00,0.000000e+00,0.000000e+00
1.000000e+00,0.000000e+00,0.000000e+00,0.000000e+00,0.000000e+00,0.000000e+00,0.000000e+00,0.000000e+00,0.000000e+00,0.000000e+00,0.000000e+00,0.000000e+00,0.000000e+00,0.000000e+00,0.000000e+00
1.000000e+00,0.000000e+00,0.000000e+00,0.000000e+00,0.000000e+00,0.000000e+00,0.000000e+00,0.000000e+00,0.000000e+00,0.000000e+00,0.000000e+00,0.000000e+00,0.000000e+00,0.000000e+00,0.000000e+00
1.000000e+00,0.000000e+00,0.000000e+00,0.000000e+00,0.000000e+00,0.000000e+00,0.000000e+00,0.000000e+00,0.000000e+00,0.000000e+00,0.000000e+00,0.000000e+00,0.000000e+00,0.000000e+00,0.000000e+00
1.000000e+00,0.000000e+00,0.000000e+00,0.000000e+00,0.000000e+00,0.000000e+00,0.000000e+00,0.000000e+00,0.000000e+00,0.000000e+00,0.000000e+00,0.000000e+00,0.000000e+00,0.000000e+00,0.000000e+00
1.000000e+00,0.000000e+00,0.000000e+00,0.000000e+00,0.000000e+00,0.000000e+00,0.000000e+00,0.000000e+00,0.000000e+00,0.000000e+00,0.000000e+00,0.000000e+00,0.000000e+00,0.000000e+00,0.000000e+00
1.000000e+00,0.000000e+00,0.000000e+00,0.000000e+00,0.000000e+00,0.000000e+00,0.000000e+00,0.000000e+00,0.000000e+00,0.000000e+00,0.000000e+00,0.000000e+00,0.000000e+00,0.000000e+00,0.000000e+00
1.000000e+00,0.000000e+00,0.000000e+00,0.000000e+00,0.000000e+00,0.000000e+00,0.000000e+00,0.000000e+00,0.000000e+00,0.000000e+00,0.000000e+00,0.000000e+00,0.000000e+00,0.000000e+00,0.000000e+00
1.000000e+00,0.000000e+00,0.000000e+00,0.000000e+00,0.000000e+00,0.000000e+00,0.000000e+00,0.000000e+00,0.000000e+00,0.000000e+00,0.000000e+00,0.000000e+00,0.000000e+00,0.000000e+00,0.000000e+00
1.000000e+00,0.000000e+00,0.000000e+00,0.000000e+00,0.000000e+00,0.000000e+00,0.000000e+00,0.000000e+00,0.000000e+00,0.000000e+00,0.000000e+00,0.000000e+00,0.000000e+00,0.000000e+00,0.000000e+00
1.000000e+00,0.000000e+00,0.000000e+00,0.000000e+00,0.000000e+00,0.000000e+00,0.000000e+00,0.000000e+00,0.000000e+00,0.000000e+00,0.000000e+00,0.000000e+00,0.000000e+00,0.000000e+00,0.000000e+00
1.000000e+00,0.000000e+00,0.000000e+00,0.000000e+00,0.000000e+00,0.000000e+00,0.000000e+00,0.000000e+00,0.000000e+00,0.000000e+00,0.000000e+00,0.000000e+00,0.000000e+00,0.000000e+00,0.000000e+00
1.000000e+00,0.000000e+00,0.000000e+00,0.000000e+00,0.000000e+00,0.000000e+00,0.000000e+00,0.000000e+00,0.000000e+00,0.000000e+00,0.000000e+00,0.000000e+00,0.000000e+00,0.000000e+00,0.000000e+00
1.000000e+00,0.000000e+00,0.000000e+00,0.000000e+00,0.000000e+00,0.000000e+00,0.000000e+00,0.000000e+00,0.000000e+00,0.000000e+00,0.000000e+00,0.000000e+00,0.000000e+00,0.000000e+00,0.000000e+00
1.000000e+00,0.000000e+00,0.000000e+00,0.000000e+00,0.000000e+00,0.000000e+00,0.000000e+00,0.000000e+00,0.000000e+00,0.000000e+00,0.000000e+00,0.000000e+00,0.000000e+00,0.000000e+00,0.000000e+00
1.000000e+00,0.000000e+00,0.000000e+00,0.000000e+00,0.000000e+00,0.000000e+00,0.000000e+00,0.000000e+00,0.000000e+00,0.000000e+00,0.000000e+00,0.000000e+00,0.000000e+00,0.000000e+00,0.000000e+00
1.000000e+00,0.000000e+00,0.000000e+00,0.000000e+00,0.000000e+00,0.000000e+00,0.000000e+00,0.000000e+00,0.000000e+00,0.000000e+00,0.000000e+00,0.000000e+00,0.000000e+00,0.000000e+00,0.000000e+00
1.000000e+00,0.000000e+00,0.000000e+00,0.000000e+00,0.000000e+00,0.000000e+00,0.000000e+00,0.000000e+00,0.000000e+00,0.000000e+00,0.000000e+00,0.000000e+00,0.000000e+00,0.000000e+00,0.000000e+00
1.000000e+00,0.000000e+00,0.000000e+00,0.000000e+00,0.000000e+00,0.000000e+00,0.000000e+00,0.000000e+00,0.000000e+00,0.000000e+00,0.000000e+00,0.000000e+00,0.000000e+00,0.000000e+00,0.000000e+00
1.000000e+00,0.000000e+00,0.000000e+00,0.000000e+00,0.000000e+00,0.000000e+00,0.000000e+00,0.000000e+00,0.000000e+00,0.000000e+00,0.000000e+00,0.000000e+00,0.000000e+00,0.000000e+00,0.000000e+00
1.000000e+00,0.000000e+00,0.000000e+00,0.000000e+00,0.000000e+00,0.000000e+00,0.000000e+00,0.000000e+00,0.000000e+00,0.000000e+00,0.000000e+00,0.000000e+00,0.000000e+00,0.000000e+00,0.000000e+00
1.000000e+00,0.000000e+00,0.000000e+00,0.000000e+00,0.000000e+00,0.000000e+00,0.000000e+00,0.000000e+00,0.000000e+00,0.000000e+00,0.000000e+00,0.000000e+00,0.000000e+00,0.000000e+00,0.000000e+00
4.357036e-01,4.806298e-02,3.913759e-02,3.774828e-01,5.967003e-03,7.962350e-03,1.636942e-03,3.745985e-03,6.466603e-03,5.230774e-03,4.703921e-03,1.247449e-02,8.490910e-03,2.632678e-03,4.030138e-02
3.218444e-01,4.301559e-02,2.181270e-01,2.951656e-01,4.570045e-03,7.446530e-03,1.296097e-03,3.422748e-03,5.791734e-03,1.371166e-02,5.042777e-03,9.683728e-03,6.920765e-03,2.981185e-03,6.098010e-02
2.328346e-01,3.090422e-02,1.801634e-01,2.072819e-01,3.352613e-03,6.770334e-03,9.519355e-04,2.685975e-03,4.795417e-03,2.384052e-01,4.804632e-03,7.222940e-03,8.664759e-03,3.197160e-03,6.796492e-02
1.876836e-01,3.870966e-02,1.539740e-01,2.348542e-01,3.856040e-03,8.439539e-03,1.033661e-03,5.747742e-03,1.530211e-02,2.048570e-01,1.134990e-02,7.655693e-03,1.825855e-02,3.763740e-03,1.045146e-01
2.651020e-01,4.007588e-02,1.422550e-01,1.812029e-01,6.163820e-03,1.293625e-02,9.491299e-04,6.867563e-03,1.345029e-02,1.928808e-01,1.422351e-02,7.784633e-03,2.881987e-02,5.246697e-03,8.204163e-02
3.058467e-01,3.642057e-02,1.324457e-01,2.021942e-01,1.284649e-02,1.611040e-02,1.765301e-03,1.194918e-02,1.331068e-02,1.450913e-01,1.741781e-02,8.327946e-03,3.027805e-02,4.464512e-03,6.153115e-02
3.223164e-01,2.879491e-02,1.790752e-01,2.127657e-01,1.333159e-02,1.469001e-02,1.694518e-03,1.067415e-02,1.097429e-02,1.051136e-01,1.899304e-02,7.343562e-03,2.320745e-02,4.727279e-03,4.629831e-02
4.249693e-01,2.623964e-02,1.717967e-01,1.649665e-01,1.358852e-02,1.624087e-02,2.246864e-03,1.029037e-02,8.744866e-03,7.495607e-02,1.555723e-02,8.294948e-03,1.865740e-02,4.431354e-03,3.901940e-02
4.799818e-01,3.145623e-02,1.474246e-01,1.404076e-01,1.386653e-02,2.092661e-02,3.055203e-03,9.948622e-03,8.037320e-03,5.439800e-02,1.441859e-02,1.410492e-02,1.812083e-02,5.077686e-03,3.877555e-02
1.000000e+00,0.000000e+00,0.000000e+00,0.000000e+00,0.000000e+00,0.000000e+00,0.000000e+00,0.000000e+00,0.000000e+00,0.000000e+00,0.000000e+00,0.000000e+00,0.000000e+00,0.000000e+00,0.000000e+00
1.000000e+00,0.000000e+00,0.000000e+00,0.000000e+00,0.000000e+00,0.000000e+00,0.000000e+00,0.000000e+00,0.000000e+00,0.000000e+00,0.000000e+00,0.000000e+00,0.000000e+00,0.000000e+00,0.000000e+00
1.000000e+00,0.000000e+00,0.000000e+00,0.000000e+00,0.000000e+00,0.000000e+00,0.000000e+00,0.000000e+00,0.000000e+00,0.000000e+00,0.000000e+00,0.000000e+00,0.000000e+00,0.000000e+00,0.000000e+00
1.000000e+00,0.000000e+00,0.000000e+00,0.000000e+00,0.000000e+00,0.000000e+00,0.000000e+00,0.000000e+00,0.000000e+00,0.000000e+00,0.000000e+00,0.000000e+00,0.000000e+00,0.000000e+00,0.000000e+00
1.000000e+00,0.000000e+00,0.000000e+00,0.000000e+00,0.000000e+00,0.000000e+00,0.000000e+00,0.000000e+00,0.000000e+00,0.000000e+00,0.000000e+00,0.000000e+00,0.000000e+00,0.000000e+00,0.000000e+00
1.000000e+00,0.000000e+00,0.000000e+00,0.000000e+00,0.000000e+00,0.000000e+00,0.000000e+00,0.000000e+00,0.000000e+00,0.000000e+00,0.000000e+00,0.000000e+00,0.000000e+00,0.000000e+00,0.000000e+00
1.000000e+00,0.000000e+00,0.000000e+00,0.000000e+00,0.000000e+00,0.000000e+00,0.000000e+00,0.000000e+00,0.000000e+00,0.000000e+00,0.000000e+00,0.000000e+00,0.000000e+00,0.000000e+00,0.000000e+00
1.000000e+00,0.000000e+00,0.000000e+00,0.000000e+00,0.000000e+00,0.000000e+00,0.000000e+00,0.000000e+00,0.000000e+00,0.000000e+00,0.000000e+00,0.000000e+00,0.000000e+00,0.000000e+00,0.000000e+00
1.000000e+00,0.000000e+00,0.000000e+00,0.000000e+00,0.000000e+00,0.000000e+00,0.000000e+00,0.000000e+00,0.000000e+00,0.000000e+00,0.000000e+00,0.000000e+00,0.000000e+00,0.000000e+00,0.000000e+00
1.000000e+00,0.000000e+00,0.000000e+00,0.000000e+00,0.000000e+00,0.000000e+00,0.000000e+00,0.000000e+00,0.000000e+00,0.000000e+00,0.000000e+00,0.000000e+00,0.000000e+00,0.000000e+00,0.000000e+00
1.000000e+00,0.000000e+00,0.000000e+00,0.000000e+00,0.000000e+00,0.000000e+00,0.000000e+00,0.000000e+00,0.000000e+00,0.000000e+00,0.000000e+00,0.000000e+00,0.000000e+00,0.000000e+00,0.000000e+00
4.901173e-01,5.895088e-02,1.645659e-02,2.623221e-02,1.045303e-02,6.140465e-02,1.924362e-03,1.236256e-02,4.064831e-02,4.370483e-02,1.717628e-01,2.657473e-02,6.230311e-03,1.870513e-02,1.447229e-02
4.418102e-01,6.031523e-02,1.665006e-02,2.207764e-02,8.191474e-03,5.939049e-02,1.636140e-03,1.137402e-02,3.269518e-02,5.005214e-02,2.323523e-01,2.542531e-02,6.145912e-03,1.918528e-02,1.269866e-02
4.124004e-01,5.536430e-02,3.210231e-02,2.061548e-02,8.310654e-03,6.135158e-02,1.464476e-03,1.365351e-02,3.043647e-02,6.826150e-02,2.348398e-01,2.254981e-02,6.430389e-03,1.993301e-02,1.228640e-02
4.080147e-01,4.822048e-02,3.000113e-02,1.795819e-02,7.466707e-03,5.342235e-02,1.154690e-03,1.086399e-02,2.688749e-02,9.119113e-02,2.464195e-01,1.832314e-02,5.624913e-03,2.164494e-02,1.280663e-02
4.535042e-01,4.003827e-02,3.198485e-02,2.010366e-02,7.447367e-03,4.677384e-02,1.094414e-03,1.014282e-02,2.304103e-02,9.374067e-02,2.119886e-01,1.551770e-02,5.508963e-03,2.121728e-02,1.789632e-02
4.696399e-01,3.814676e-02,3.219935e-02,2.082483e-02,7.592694e-03,4.239286e-02,8.949901e-04,8.323608e-03,2.265802e-02,8.746076e-02,1.968044e-01,1.569211e-02,5.609204e-03,2.598363e-02,2.577696e-02
1.000000e+00,0.000000e+00,0.000000e+00,0.000000e+00,0.000000e+00,0.000000e+00,0.000000e+00,0.000000e+00,0.000000e+00,0.000000e+00,0.000000e+00,0.000000e+00,0.000000e+00,0.000000e+00,0.000000e+00
1.000000e+00,0.000000e+00,0.000000e+00,0.000000e+00,0.000000e+00,0.000000e+00,0.000000e+00,0.000000e+00,0.000000e+00,0.000000e+00,0.000000e+00,0.000000e+00,0.000000e+00,0.000000e+00,0.000000e+00
1.000000e+00,0.000000e+00,0.000000e+00,0.000000e+00,0.000000e+00,0.000000e+00,0.000000e+00,0.000000e+00,0.000000e+00,0.000000e+00,0.000000e+00,0.000000e+00,0.000000e+00,0.000000e+00,0.000000e+00
1.000000e+00,0.000000e+00,0.000000e+00,0.000000e+00,0.000000e+00,0.000000e+00,0.000000e+00,0.000000e+00,0.000000e+00,0.000000e+00,0.000000e+00,0.000000e+00,0.000000e+00,0.000000e+00,0.000000e+00
1.000000e+00,0.000000e+00,0.000000e+00,0.000000e+00,0.000000e+00,0.000000e+00,0.000000e+00,0.000000e+00,0.000000e+00,0.000000e+00,0.000000e+00,0.000000e+00,0.000000e+00,0.000000e+00,0.000000e+00
1.000000e+00,0.000000e+00,0.000000e+00,0.000000e+00,0.000000e+00,0.000000e+00,0.000000e+00,0.000000e+00,0.000000e+00,0.000000e+00,0.000000e+00,0.000000e+00,0.000000e+00,0.000000e+00,0.000000e+00
1.000000e+00,0.000000e+00,0.000000e+00,0.000000e+00,0.000000e+00,0.000000e+00,0.000000e+00,0.000000e+00,0.000000e+00,0.000000e+00,0.000000e+00,0.000000e+00,0.000000e+00,0.000000e+00,0.000000e+00
1.000000e+00,0.000000e+00,0.000000e+00,0.000000e+00,0.000000e+00,0.000000e+00,0.000000e+00,0.000000e+00,0.000000e+00,0.000000e+00,0.000000e+00,0.000000e+00,0.000000e+00,0.000000e+00,0.000000e+00
1.000000e+00,0.000000e+00,0.000000e+00,0.000000e+00,0.000000e+00,0.000000e+00,0.000000e+00,0.000000e+00,0.000000e+00,0.000000e+00,0.000000e+00,0.000000e+00,0.000000e+00,0.000000e+00,0.000000e+00
1.000000e+00,0.000000e+00,0.000000e+00,0.000000e+00,0.000000e+00,0.000000e+00,0.000000e+00,0.000000e+00,0.000000e+00,0.000000e+00,0.000000e+00,0.000000e+00,0.000000e+00,0.000000e+00,0.000000e+00
1.000000e+00,0.000000e+00,0.000000e+00,0.000000e+00,0.000000e+00,0.000000e+00,0.000000e+00,0.000000e+00,0.000000e+00,0.000000e+00,0.000000e+00,0.000000e+00,0.000000e+00,0.000000e+00,0.000000e+00
1.000000e+00,0.000000e+00,0.000000e+00,0.000000e+00,0.000000e+00,0.000000e+00,0.000000e+00,0.000000e+00,0.000000e+00,0.000000e+00,0.000000e+00,0.000000e+00,0.000000e+00,0.000000e+00,0.000000e+00
1.000000e+00,0.000000e+00,0.000000e+00,0.000000e+00,0.000000e+00,0.000000e+00,0.000000e+00,0.000000e+00,0.000000e+00,0.000000e+00,0.000000e+00,0.000000e+00,0.000000e+00,0.000000e+00,0.000000e+00
1.000000e+00,0.000000e+00,0.000000e+00,0.000000e+00,0.000000e+00,0.000000e+00,0.000000e+00,0.000000e+00,0.000000e+00,0.000000e+00,0.000000e+00,0.000000e+00,0.000000e+00,0.000000e+00,0.000000e+00
1.000000e+00,0.000000e+00,0.000000e+00,0.000000e+00,0.000000e+00,0.000000e+00,0.000000e+00,0.000000e+00,0.000000e+00,0.000000e+00,0.000000e+00,0.000000e+00,0.000000e+00,0.000000e+00,0.000000e+00
1.000000e+00,0.000000e+00,0.000000e+00,0.000000e+00,0.000000e+00,0.000000e+00,0.000000e+00,0.000000e+00,0.000000e+00,0.000000e+00,0.000000e+00,0.000000e+00,0.000000e+00,0.000000e+00,0.000000e+00
1.000000e+00,0.000000e+00,0.000000e+00,0.000000e+00,0.000000e+00,0.000000e+00,0.000000e+00,0.000000e+00,0.000000e+00,0.000000e+00,0.000000e+00,0.000000e+00,0.000000e+00,0.000000e+00,0.000000e+00
1.000000e+00,0.000000e+00,0.000000e+00,0.000000e+00,0.000000e+00,0.000000e+00,0.000000e+00,0.000000e+00,0.000000e+00,0.000000e+00,0.000000e+00,0.000000e+00,0.000000e+00,0.000000e+00,0.000000e+00
1.000000e+00,0.000000e+00,0.000000e+00,0.000000e+00,0.000000e+00,0.000000e+00,0.000000e+00,0.000000e+00,0.000000e+00,0.000000e+00,0.000000e+00,0.000000e+00,0.000000e+00,0.000000e+00,0.000000e+00
1.000000e+00,0.000000e+00,0.000000e+00,0.000000e+00,0.000000e+00,0.000000e+00,0.000000e+00,0.000000e+00,0.000000e+00,0.000000e+00,0.000000e+00,0.000000e+00,0.000000e+00,0.000000e+00,0.000000e+00
1.000000e+00,0.000000e+00,0.000000e+00,0.000000e+00,0.000000e+00,0.000000e+00,0.000000e+00,0.000000e+00,0.000000e+00,0.000000e+00,0.000000e+00,0.000000e+00,0.000000e+00,0.000000e+00,0.000000e+00
1.000000e+00,0.000000e+00,0.000000e+00,0.000000e+00,0.000000e+00,0.000000e+00,0.000000e+00,0.000000e+00,0.000000e+00,0.000000e+00,0.000000e+00,0.000000e+00,0.000000e+00,0.000000e+00,0.000000e+00
1.000000e+00,0.000000e+00,0.000000e+00,0.000000e+00,0.000000e+00,0.000000e+00,0.000000e+00,0.000000e+00,0.000000e+00,0.000000e+00,0.000000e+00,0.000000e+00,0.000000e+00,0.000000e+00,0.000000e+00
1.000000e+00,0.000000e+00,0.000000e+00,0.000000e+00,0.000000e+00,0.000000e+00,0.000000e+00,0.000000e+00,0.000000e+00,0.000000e+00,0.000000e+00,0.000000e+00,0.000000e+00,0.000000e+00,0.000000e+00
1.000000e+00,0.000000e+00,0.000000e+00,0.000000e+00,0.000000e+00,0.000000e+00,0.000000e+00,0.000000e+00,0.000000e+00,0.000000e+00,0.000000e+00,0.000000e+00,0.000000e+00,0.000000e+00,0.000000e+00
1.000000e+00,0.000000e+00,0.000000e+00,0.000000e+00,0.000000e+00,0.000000e+00,0.000000e+00,0.000000e+00,0.000000e+00,0.000000e+00,0.000000e+00,0.000000e+00,0.000000e+00,0.000000e+00,0.000000e+00
1.000000e+00,0.000000e+00,0.000000e+00,0.000000e+00,0.000000e+00,0.000000e+00,0.000000e+00,0.000000e+00,0.000000e+00,0.000000e+00,0.000000e+00,0.000000e+00,0.000000e+00,0.000000e+00,0.000000e+00
1.000000e+00,0.000000e+00,0.000000e+00,0.000000e+00,0.000000e+00,0.000000e+00,0.000000e+00,0.000000e+00,0.000000e+00,0.000000e+00,0.000000e+00,0.000000e+00,0.000000e+00,0.000000e+00,0.000000e+00
1.000000e+00,0.000000e+00,0.000000e+00,0.000000e+00,0.000000e+00,0.000000e+00,0.000000e+00,0.000000e+00,0.000000e+00,0.000000e+00,0.000000e+00,0.000000e+00,0.000000e+00,0.000000e+00,0.000000e+00
1.000000e+00,0.000000e+00,0.000000e+00,0.000000e+00,0.000000e+00,0.000000e+00,0.000000e+00,0.000000e+00,0.000000e+00,0.000000e+00,0.000000e+00,0.000000e+00,0.000000e+00,0.000000e+00,0.000000e+00
1.000000e+00,0.000000e+00,0.000000e+00,0.000000e+00,0.000000e+00,0.000000e+00,0.000000e+00,0.000000e+00,0.000000e+00,0.000000e+00,0.000000e+00,0.000000e+00,0.000000e+00,0.000000e+00,0.000000e+00
1.000000e+00,0.000000e+00,0.000000e+00,0.000000e+00,0.000000e+00,0.000000e+00,0.000000e+00,0.000000e+00,0.000000e+00,0.000000e+00,0.000000e+00,0.000000e+00,0.000000e+00,0.000000e+00,0.000000e+00
1.000000e+00,0.000000e+00,0.000000e+00,0.000000e+00,0.000000e+00,0.000000e+00,0.000000e+00,0.000000e+00,0.000000e+00,0.000000e+00,0.000000e+00,0.000000e+00,0.000000e+00,0.000000e+00,0.000000e+00
1.000000e+00,0.000000e+00,0.000000e+00,0.000000e+00,0.000000e+00,0.000000e+00,0.000000e+00,0.000000e+00,0.000000e+00,0.000000e+00,0.000000e+00,0.000000e+00,0.000000e+00,0.000000e+00,0.000000e+00
1.000000e+00,0.000000e+00,0.000000e+00,0.000000e+00,0.000000e+00,0.000000e+00,0.000000e+00,0.000000e+00,0.000000e+00,0.000000e+00,0.000000e+00,0.000000e+00,0.000000e+00,0.000000e+00,0.000000e+00
1.000000e+00,0.000000e+00,0.000000e+00,0.000000e+00,0.000000e+00,0.000000e+00,0.000000e+00,0.000000e+00,0.000000e+00,0.000000e+00,0.000000e+00,0.000000e+00,0.000000e+00,0.000000e+00,0.000000e+00
1.000000e+00,0.000000e+00,0.000000e+00,0.000000e+00,0.000000e+00,0.000000e+00,0.000000e+00,0.000000e+00,0.000000e+00,0.000000e+00,0.000000e+00,0.000000e+00,0.000000e+00,0.000000e+00,0.000000e+00
1.000000e+00,0.000000e+00,0.000000e+00,0.000000e+00,0.000000e+00,0.000000e+00,0.000000e+00,0.000000e+00,0.000000e+00,0.000000e+00,0.000000e+00,0.000000e+00,0.000000e+00,0.000000e+00,0.000000e+00
1.000000e+00,0.000000e+00,0.000000e+00,0.000000e+00,0.000000e+00,0.000000e+00,0.000000e+00,0.000000e+00,0.000000e+00,0.000000e+00,0.000000e+00,0.000000e+00,0.000000e+00,0.000000e+00,0.000000e+00
1.000000e+00,0.000000e+00,0.000000e+00,0.000000e+00,0.000000e+00,0.000000e+00,0.000000e+00,0.000000e+00,0.000000e+00,0.000000e+00,0.000000e+00,0.000000e+00,0.000000e+00,0.000000e+00,0.000000e+00
1.000000e+00,0.000000e+00,0.000000e+00,0.000000e+00,0.000000e+00,0.000000e+00,0.000000e+00,0.000000e+00,0.000000e+00,0.000000e+00,0.000000e+00,0.000000e+00,0.000000e+00,0.000000e+00,0.000000e+00
1.000000e+00,0.000000e+00,0.000000e+00,0.000000e+00,0.000000e+00,0.000000e+00,0.000000e+00,0.000000e+00,0.000000e+00,0.000000e+00,0.000000e+00,0.000000e+00,0.000000e+00,0.000000e+00,0.000000e+00
1.000000e+00,0.000000e+00,0.000000e+00,0.000000e+00,0.000000e+00,0.000000e+00,0.000000e+00,0.000000e+00,0.000000e+00,0.000000e+00,0.000000e+00,0.000000e+00,0.000000e+00,0.000000e+00,0.000000e+00
1.000000e+00,0.000000e+00,0.000000e+00,0.000000e+00,0.000000e+00,0.000000e+00,0.000000e+00,0.000000e+00,0.000000e+00,0.000000e+00,0.000000e+00,0.000000e+00,0.000000e+00,0.000000e+00,0.000000e+00
1.000000e+00,0.000000e+00,0.000000e+00,0.000000e+00,0.000000e+00,0.000000e+00,0.000000e+00,0.000000e+00,0.000000e+00,0.000000e+00,0.000000e+00,0.000000e+00,0.000000e+00,0.000000e+00,0.000000e+00
1.000000e+00,0.000000e+00,0.000000e+00,0.000000e+00,0.000000e+00,0.000000e+00,0.000000e+00,0.000000e+00,0.000000e+00,0.000000e+00,0.000000e+00,0.000000e+00,0.000000e+00,0.000000e+00,0.000000e+00
1.000000e+00,0.000000e+00,0.000000e+00,0.000000e+00,0.000000e+00,0.000000e+00,0.000000e+00,0.000000e+00,0.000000e+00,0.000000e+00,0.000000e+00,0.000000e+00,0.000000e+00,0.000000e+00,0.000000e+00
1.000000e+00,0.000000e+00,0.000000e+00,0.000000e+00,0.000000e+00,0.000000e+00,0.000000e+00,0.000000e+00,0.000000e+00,0.000000e+00,0.000000e+00,0.000000e+00,0.000000e+00,0.000000e+00,0.000000e+00
1.000000e+00,0.000000e+00,0.000000e+00,0.000000e+00,0.000000e+00,0.000000e+00,0.000000e+00,0.000000e+00,0.000000e+00,0.000000e+00,0.000000e+00,0.000000e+00,0.000000e+00,0.000000e+00,0.000000e+00
1.000000e+00,0.000000e+00,0.000000e+00,0.000000e+00,0.000000e+00,0.000000e+00,0.000000e+00,0.000000e+00,0.000000e+00,0.000000e+00,0.000000e+00,0.000000e+00,0.000000e+00,0.000000e+00,0.000000e+00
1.000000e+00,0.000000e+00,0.000000e+00,0.000000e+00,0.000000e+00,0.000000e+00,0.000000e+00,0.000000e+00,0.000000e+00,0.000000e+00,0.000000e+00,0.000000e+00,0.000000e+00,0.000000e+00,0.000000e+00
1.000000e+00,0.000000e+00,0.000000e+00,0.000000e+00,0.000000e+00,0.000000e+00,0.000000e+00,0.000000e+00,0.000000e+00,0.000000e+00,0.000000e+00,0.000000e+00,0.000000e+00,0.000000e+00,0.000000e+00
1.000000e+00,0.000000e+00,0.000000e+00,0.000000e+00,0.000000e+00,0.000000e+00,0.000000e+00,0.000000e+00,0.000000e+00,0.000000e+00,0.000000e+00,0.000000e+00,0.000000e+00,0.000000e+00,0.000000e+00
1.000000e+00,0.000000e+00,0.000000e+00,0.000000e+00,0.000000e+00,0.000000e+00,0.000000e+00,0.000000e+00,0.000000e+00,0.000000e+00,0.000000e+00,0.000000e+00,0.000000e+00,0.000000e+00,0.000000e+00
1.000000e+00,0.000000e+00,0.000000e+00,0.000000e+00,0.000000e+00,0.000000e+00,0.000000e+00,0.000000e+00,0.000000e+00,0.000000e+00,0.000000e+00,0.000000e+00,0.000000e+00,0.000000e+00,0.000000e+00
