1.000000e+00,0.000000e+00,0.000000e+00,0.000000e+00,0.000000e+00,0.000000e+00,0.000000e+00,0.000000e+00,0.000000e+00,0.000000e+00,0.000000e+00,0.000000e+00,0.000000e+00,0.000000e+00,0.000000e+00
1.000000e+00,0.000000e+00,0.000000e+00,0.000000e+00,0.000000e+00,0.000000e+00,0.000000e+00,0.000000e+00,0.000000e+00,0.000000e+00,0.000000e+00,0.000000e+00,0.000000e+00,0.000000e+00,0.000000e+00
1.000000e+00,0.000000e+00,0.000000e+00,0.000000e+00,0.000000e+00,0.000000e+00,0.000000e+00,0.000000e+00,0.000000e+00,0.000000e+00,0.000000e+00,0.000000e+00,0.000000e+00,0.000000e+00,0.000000e+00
1.000000e+00,0.000000e+00,0.000000e+00,0.000000e+00,0.000000e+00,0.000000e+00,0.000000e+00,0.000000e+00,0.000000e+00,0.000000e+00,0.000000e+00,0.000000e+00,0.000000e+00,0.000000e+00,0.000000e+00
1.000000e+00,0.000000e+00,0.000000e+00,0.000000e+00,0.000000e+00,0.000000e+00,0.000000e+00,0.000000e+00,0.000000e+00,0.000000e+00,0.000000e+00,0.000000e+00,0.000000e+00,0.000000e+00,0.000000e+00
1.000000e+00,0.000000e+00,0.000000e+00,0.000000e+00,0.000000e+00,0.000000e+00,0.000000e+00,0.000000e+00,0.000000e+00,0.000000e+00,0.000000e+00,0.000000e+00,0.000000e+00,0.000000e+00,0.000000e+00
1.000000e+00,0.000000e+00,0.000000e+00,0.000000e+00,0.000000e+00,0.000000e+00,0.000000e+00,0.000000e+00,0.000000e+00,0.000000e+00,0.000000e+00,0.000000e+00,0.000000e+00,0.000000e+00,0.000000e+00
1.000000e+00,0.000000e+00,0.000000e+00,0.000000e+00,0.000000e+00,0.000000e+00,0.000000e+00,0.000000e+00,0.000000e+00,0.000000e+00,0.000000e+00,0.000000e+00,0.000000e+00,0.000000e+00,0.000000e+00
1.000000e+00,0.000000e+00,0.000000e+00,0.000000e+00,0.000000e+00,0.000000e+00,0.000000e+00,0.000000e+00,0.000000e+00,0.000000e+00,0.000000e+00,0.000000e+00,0.000000e+00,0.000000e+00,0.000000e+00
1.000000e+00,0.000000e+00,0.000000e+00,0.000000e+00,0.000000e+00,0.000000e+00,0.000000e+00,0.000000e+00,0.000000e+00,0.000000e+00,0.000000e+00,0.000000e+00,0.000000e+00,0.000000e+00,0.000000e+00
1.000000e+00,0.000000e+00,0.000000e+00,0.000000e+00,0.000000e+00,0.000000e+00,0.000000e+00,0.000000e+00,0.000000e+00,0.000000e+00,0.000000e+00,0.000000e+00,0.000000e+00,0.000000e+00,0.000000e+00
1.000000e+00,0.000000e+00,0.000000e+00,0.000000e+00,0.000000e+00,0.000000e+00,0.000000e+00,0.000000e+00,0.000000e+00,0.000000e+00,0.000000e+00,0.000000e+00,0.000000e+00,0.000000e+00,0.000000e+00
1.000000e+00,0.000000e+00,0.000000e+00,0.000000e+00,0.000000e+00,0.000000e+00,0.000000e+00,0.000000e+00,0.000000e+00,0.000000e+00,0.000000e+00,0.000000e+00,0.000000e+00,0.000000e+00,0.000000e+00
1.000000e+00,0.000000e+00,0.000000e+00,0.000000e+00,0.000000e+00,0.000000e+00,0.000000e+00,0.000000e+00,0.000000e+00,0.000000e+00,0.000000e+00,0.000000e+00,0.000000e+00,0.000000e+00,0.000000e+00
1.000000e+00,0.000000e+00,0.000000e+00,0.000000e+00,0.000000e+00,0.000000e+00,0.000000e+00,0.000000e+00,0.000000e+00,0.000000e+00,0.000000e+00,0.000000e+00,0.000000e+00,0.000000e+00,0.000000e+00
1.000000e+00,0.000000e+00,0.000000e+00,0.000000e+00,0.000000e+00,0.000000e+00,0.000000e+00,0.000000e+00,0.000000e+00,0.000000e+00,0.000000e+00,0.000000e+00,0.000000e+00,0.000000e+00,0.000000e+00
1.000000e+00,0.000000e+00,0.000000e+00,0.000000e+00,0.000000e+00,0.000000e+00,0.000000e+00,0.000000e+00,0.000000e+00,0.000000e+00,0.000000e+00,0.000000e+00,0.000000e+00,0.000000e+00,0.000000e+00
1.000000e+00,0.000000e+00,0.000000e+00,0.000000e+00,0.000000e+00,0.000000e+00,0.000000e+00,0.000000e+00,0.000000e+00,0.000000e+00,0.000000e+00,0.000000e+00,0.000000e+00,0.000000e+00,0.000000e+00
1.000000e+00,0.000000e+00,0.000000e+00,0.000000e+00,0.000000e+00,0.000000e+00,0.000000e+00,0.000000e+00,0.000000e+00,0.000000e+00,0.000000e+00,0.000000e+00,0.000000e+00,0.000000e+00,0.000000e+00
1.000000e+00,0.000000e+00,0.000000e+00,0.000000e+00,0.000000e+00,0.000000e+00,0.000000e+00,0.000000e+00,0.000000e+00,0.000000e+00,0.000000e+00,0.000000e+00,0.000000e+00,0.000000e+00,0.000000e+00
1.000000e+00,0.000000e+00,0.000000e+00,0.000000e+00,0.000000e+00,0.000000e+00,0.000000e+00,0.000000e+00,0.000000e+00,0.000000e+00,0.000000e+00,0.000000e+00,0.000000e+00,0.000000e+00,0.000000e+00
1.000000e+00,0.000000e+00,0.000000e+00,0.000000e+00,0.000000e+00,0.000000e+00,0.000000e+00,0.000000e+00,0.000000e+00,0.000000e+00,0.000000e+00,0.000000e+00,0.000000e+00,0.000000e+00,0.000000e+00
1.000000e+00,0.000000e+00,0.000000e+00,0.000000e+00,0.000000e+00,0.000000e+00,0.000000e+00,0.000000e+00,0.000000e+00,0.000000e+00,0.000000e+00,0.000000e+00,0.000000e+00,0.000000e+00,0.000000e+00
1.000000e+00,0.000000e+00,0.000000e+00,0.000000e+00,0.000000e+00,0.000000e+00,0.000000e+00,0.000000e+00,0.000000e+00,0.000000e+00,0.000000e+00,0.000000e+00,0.000000e+00,0.000000e+00,0.000000e+00
1.000000e+00,0.000000e+00,0.000000e+00,0.000000e+00,0.000000e+00,0.000000e+00,0.000000e+00,0.000000e+00,0.000000e+00,0.000000e+00,0.000000e+00,0.000000e+00,0.000000e+00,0.000000e+00,0.000000e+00
1.000000e+00,0.000000e+00,0.000000e+00,0.000000e+00,0.000000e+00,0.000000e+00,0.000000e+00,0.000000e+00,0.000000e+00,0.000000e+00,0.000000e+00,0.000000e+00,0.000000e+00,0.000000e+00,0.000000e+00
1.000000e+00,0.000000e+00,0.000000e+00,0.000000e+00,0.000000e+00,0.000000e+00,0.000000e+00,0.000000e+00,0.000000e+00,0.000000e+00,0.000000e+00,0.000000e+00,0.000000e+00,0.000000e+00,0.000000e+00
1.000000e+00,0.000000e+00,0.000000e+00,0.000000e+00,0.000000e+00,0.000000e+00,0.000000e+00,0.000000e+00,0.000000e+00,0.000000e+00,0.000000e+00,0.000000e+00,0.000000e+00,0.000000e+00,0.000000e+00
1.000000e+00,0.000000e+00,0.000000e+00,0.000000e+00,0.000000e+00,0.000000e+00,0.000000e+00,0.000000e+00,0.000000e+00,0.000000e+00,0.000000e+00,0.000000e+00,0.000000e+00,0.000000e+00,0.000000e+00
1.000000e+00,0.000000e+00,0.000000e+00,0.000000e+00,0.000000e+00,0.000000e+00,0.000000e+00,0.000000e+00,0.000000e+00,0.000000e+00,0.000000e+00,0.000000e+00,0.000000e+00,0.000000e+00,0.000000e+00
1.000000e+00,0.000000e+00,0.000000e+00,0.000000e+00,0.000000e+00,0.000000e+00,0.000000e+00,0.000000e+00,0.000000e+00,0.000000e+00,0.000000e+00,0.000000e+00,0.000000e+00,0.000000e+00,0.000000e+00
1.000000e+00,0.000000e+00,0.000000e+00,0.000000e+00,0.000000e+00,0.000000e+00,0.000000e+00,0.000000e+00,0.000000e+00,0.000000e+00,0.000000e+00,0.000000e+00,0.000000e+00,0.000000e+00,0.000000e+00
1.000000e+00,0.000000e+00,0.000000e+00,0.000000e+00,0.000000e+00,0.000000e+00,0.000000e+00,0.000000e+00,0.000000e+00,0.000000e+00,0.000000e+00,0.000000e+00,0.000000e+00,0.000000e+00,0.000000e+00
1.000000e+00,0.000000e+00,0.000000e+00,0.000000e+00,0.000000e+00,0.000000e+00,0.000000e+00,0.000000e+00,0.000000e+00,0.000000e+00,0.000000e+00,0.000000e+00,0.000000e+00,0.000000e+00,0.000000e+00
1.000000e+00,0.000000e+00,0.000000e+00,0.000000e+00,0.000000e+00,0.000000e+00,0.000000e+00,0.000000e+00,0.000000e+00,0.000000e+00,0.000000e+00,0.000000e+00,0.000000e+00,0.000000e+00,0.000000e+00
1.000000e+00,0.000000e+00,0.000000e+00,0.000000e+00,0.000000e+00,0.000000e+00,0.000000e+00,0.000000e+00,0.000000e+00,0.000000e+00,0.000000e+00,0.000000e+00,0.000000e+00,0.000000e+00,0.000000e+00
1.000000e+00,0.000000e+00,0.000000e+00,0.000000e+00,0.000000e+00,0.000000e+00,0.000000e+00,0.000000e+00,0.000000e+00,0.000000e+00,0.000000e+00,0.000000e+00,0.000000e+00,0.000000e+00,0.000000e+00
1.000000e+00,0.000000e+00,0.000000e+00,0.000000e+00,0.000000e+00,0.000000e+00,0.000000e+00,0.000000e+00,0.000000e+00,0.000000e+00,0.000000e+00,0.000000e+00,0.000000e+00,0.000000e+00,0.000000e+00
1.000000e+00,0.000000e+00,0.000000e+00,0.000000e+00,0.000000e+00,0.000000e+00,0.000000e+00,0.000000e+00,0.000000e+00,0.000000e+00,0.000000e+00,0.000000e+00,0.000000e+00,0.000000e+00,0.000000e+00
1.000000e+00,0.000000e+00,0.000000e+00,0.000000e+00,0.000000e+00,0.000000e+00,0.000000e+00,0.000000e+00,0.000000e+00,0.000000e+00,0.000000e+00,0.000000e+00,0.000000e+00,0.000000e+00,0.000000e+00
1.000000e+00,0.000000e+00,0.000000e+00,0.000000e+00,0.000000e+00,0.000000e+00,0.000000e+00,0.000000e+00,0.000000e+00,0.000000e+00,0.000000e+00,0.000000e+00,0.000000e+00,0.000000e+00,0.000000e+00
1.000000e+00,0.000000e+00,0.000000e+00,0.000000e+00,0.000000e+00,0.000000e+00,0.000000e+00,0.000000e+00,0.000000e+00,0.000000e+00,0.000000e+00,0.000000e+00,0.000000e+00,0.000000e+00,0.000000e+00
1.000000e+00,0.000000e+00,0.000000e+00,0.000000e+00,0.000000e+00,0.000000e+00,0.000000e+00,0.000000e+00,0.000000e+00,0.000000e+00,0.000000e+00,0.000000e+00,0.000000e+00,0.000000e+00,0.000000e+00
1.000000e+00,0.000000e+00,0.000000e+00,0.000000e+00,0.000000e+00,0.000000e+00,0.000000e+00,0.000000e+00,0.000000e+00,0.000000e+00,0.000000e+00,0.000000e+00,0.000000e+00,0.000000e+00,0.000000e+00
1.000000e+00,0.000000e+00,0.000000e+00,0.000000e+00,0.000000e+00,0.000000e+00,0.000000e+00,0.000000e+00,0.000000e+00,0.000000e+00,0.000000e+00,0.000000e+00,0.000000e+00,0.000000e+00,0.000000e+00
1.000000e+00,0.000000e+00,0.000000e+00,0.000000e+00,0.000000e+00,0.000000e+00,0.000000e+00,0.000000e+00,0.000000e+00,0.000000e+00,0.000000e+00,0.000000e+00,0.000000e+00,0.000000e+00,0.000000e+00
1.000000e+00,0.000000e+00,0.000000e+00,0.000000e+00,0.000000e+00,0.000000e+00,0.000000e+00,0.000000e+00,0.000000e+00,0.000000e+00,0.000000e+00,0.000000e+00,0.000000e+00,0.000000e+00,0.000000e+00
1.000000e+00,0.000000e+00,0.000000e+00,0.000000e+00,0.000000e+00,0.000000e+00,0.000000e+00,0.000000e+00,0.000000e+00,0.000000e+00,0.000000e+00,0.000000e+00,0.000000e+00,0.000000e+00,0.000000e+00
1.000000e+00,0.000000e+00,0.000000e+00,0.000000e+00,0.000000e+00,0.000000e+00,0.000000e+00,0.000000e+00,0.000000e+00,0.000000e+00,0.000000e+00,0.000000e+00,0.000000e+00,0.000000e+00,0.000000e+00
1.000000e+00,0.000000e+00,0.000000e+00,0.000000e+00,0.000000e+00,0.000000e+00,0.000000e+00,0.000000e+00,0.000000e+00,0.000000e+00,0.000000e+00,0.000000e+00,0.000000e+00,0.000000e+00,0.000000e+00
1.000000e+00,0.000000e+00,0.000000e+00,0.000000e+00,0.000000e+00,0.000000e+00,0.000000e+00,0.000000e+00,0.000000e+00,0.000000e+00,0.000000e+00,0.000000e+00,0.000000e+00,0.000000e+00,0.000000e+00
1.000000e+00,0.000000e+00,0.000000e+00,0.000000e+00,0.000000e+00,0.000000e+00,0.000000e+00,0.000000e+00,0.000000e+00,0.000000e+00,0.000000e+00,0.000000e+00,0.000000e+00,0.000000e+00,0.000000e+00
1.000000e+00,0.000000e+00,0.000000e+00,0.000000e+00,0.000000e+00,0.000000e+00,0.000000e+00,0.000000e+00,0.000000e+00,0.000000e+00,0.000000e+00,0.000000e+00,0.000000e+00,0.000000e+00,0.000000e+00
1.000000e+00,0.000000e+00,0.000000e+00,0.000000e+00,0.000000e+00,0.000000e+00,0.000000e+00,0.000000e+00,0.000000e+00,0.000000e+00,0.000000e+00,0.000000e+00,0.000000e+00,0.000000e+00,0.000000e+00
1.000000e+00,0.000000e+00,0.000000e+00,0.000000e+00,0.000000e+00,0.000000e+00,0.000000e+00,0.000000e+00,0.000000e+00,0.000000e+00,0.000000e+00,0.000000e+00,0.000000e+00,0.000000e+00,0.000000e+00
1.000000e+00,0.000000e+00,0.000000e+00,0.000000e+00,0.000000e+00,0.000000e+00,0.000000e+00,0.000000e+00,0.000000e+00,0.000000e+00,0.000000e+00,0.000000e+00,0.000000e+00,0.000000e+00,0.000000e+00
1.000000e+00,0.000000e+00,0.000000e+00,0.000000e+00,0.000000e+00,0.000000e+00,0.000000e+00,0.000000e+00,0.000000e+00,0.000000e+00,0.000000e+00,0.000000e+00,0.000000e+00,0.000000e+00,0.000000e+00
1.000000e+00,0.000000e+00,0.000000e+00,0.000000e+00,0.000000e+00,0.000000e+00,0.000000e+00,0.000000e+00,0.000000e+00,0.000000e+00,0.000000e+00,0.000000e+00,0.000000e+00,0.000000e+00,0.000000e+00
1.000000e+00,0.000000e+00,0.000000e+00,0.000000e+00,0.000000e+00,0.000000e+00,0.000000e+00,0.000000e+00,0.000000e+00,0.000000e+00,0.000000e+00,0.000000e+00,0.000000e+00,0.000000e+00,0.000000e+00
1.000000e+00,0.000000e+00,0.000000e+00,0.000000e+00,0.000000e+00,0.000000e+00,0.000000e+00,0.000000e+00,0.000000e+00,0.000000e+00,0.000000e+00,0.000000e+00,0.000000e+00,0.000000e+00,0.000000e+00
1.000000e+00,0.000000e+00,0.000000e+00,0.000000e+00,0.000000e+00,0.000000e+00,0.000000e+00,0.000000e+00,0.000000e+00,0.000000e+00,0.000000e+00,0.000000e+00,0.000000e+00,0.000000e+00,0.000000e+00
1.000000e+00,0.000000e+00,0.000000e+00,0.000000e+00,0.000000e+00,0.000000e+00,0.000000e+00,0.000000e+00,0.000000e+00,0.000000e+00,0.000000e+00,0.000000e+00,0.000000e+00,0.000000e+00,0.000000e+00
1.000000e+00,0.000000e+00,0.000000e+00,0.000000e+00,0.000000e+00,0.000000e+00,0.000000e+00,0.000000e+00,0.000000e+00,0.000000e+00,0.000000e+00,0.000000e+00,0.000000e+00,0.000000e+00,0.000000e+00
1.000000e+00,0.000000e+00,0.000000e+00,0.000000e+00,0.000000e+00,0.000000e+00,0.000000e+00,0.000000e+00,0.000000e+00,0.000000e+00,0.000000e+00,0.000000e+00,0.000000e+00,0.000000e+00,0.000000e+00
1.000000e+00,0.000000e+00,0.000000e+00,0.000000e+00,0.000000e+00,0.000000e+00,0.000000e+00,0.000000e+00,0.000000e+00,0.000000e+00,0.000000e+00,0.000000e+00,0.000000e+00,0.000000e+00,0.000000e+00
1.000000e+00,0.000000e+00,0.000000e+00,0.000000e+00,0.000000e+00,0.000000e+00,0.000000e+00,0.000000e+00,0.000000e+00,0.000000e+00,0.000000e+00,0.000000e+00,0.000000e+00,0.000000e+00,0.000000e+00
1.000000e+00,0.000000e+00,0.000000e+00,0.000000e+00,0.000000e+00,0.000000e+00,0.000000e+00,0.000000e+00,0.000000e+00,0.000000e+00,0.000000e+00,0.000000e+00,0.000000e+00,0.000000e+00,0.000000e+00
1.000000e+00,0.000000e+00,0.000000e+00,0.000000e+00,0.000000e+00,0.000000e+00,0.000000e+00,0.000000e+00,0.000000e+00,0.000000e+00,0.000000e+00,0.000000e+00,0.000000e+00,0.000000e+00,0.000000e+00
1.000000e+00,0.000000e+00,0.000000e+00,0.000000e+00,0.000000e+00,0.000000e+00,0.000000e+00,0.000000e+00,0.000000e+00,0.000000e+00,0.000000e+00,0.000000e+00,0.000000e+00,0.000000e+00,0.000000e+00
1.000000e+00,0.000000e+00,0.000000e+00,0.000000e+00,0.000000e+00,0.000000e+00,0.000000e+00,0.000000e+00,0.000000e+00,0.000000e+00,0.000000e+00,0.000000e+00,0.000000e+00,0.000000e+00,0.000000e+00
1.000000e+00,0.000000e+00,0.000000e+00,0.000000e+00,0.000000e+00,0.000000e+00,0.000000e+00,0.000000e+00,0.000000e+00,0.000000e+00,0.000000e+00,0.000000e+00,0.000000e+00,0.000000e+00,0.000000e+00
1.000000e+00,0.000000e+00,0.000000e+00,0.000000e+00,0.000000e+00,0.000000e+00,0.000000e+00,0.000000e+00,0.000000e+00,0.000000e+00,0.000000e+00,0.000000e+00,0.000000e+00,0.000000e+00,0.000000e+00
1.000000e+00,0.000000e+00,0.000000e+00,0.000000e+00,0.000000e+00,0.000000e+00,0.000000e+00,0.000000e+00,0.000000e+00,0.000000e+00,0.000000e+00,0.000000e+00,0.000000e+00,0.000000e+00,0.000000e+00
1.000000e+00,0.000000e+00,0.000000e+00,0.000000e+00,0.000000e+00,0.000000e+00,0.000000e+00,0.000000e+00,0.000000e+00,0.000000e+00,0.000000e+00,0.000000e+00,0.000000e+00,0.000000e+00,0.000000e+00
1.000000e+00,0.000000e+00,0.000000e+00,0.000000e+00,0.000000e+00,0.000000e+00,0.000000e+00,0.000000e+00,0.000000e+00,0.000000e+00,0.000000e+00,0.000000e+00,0.000000e+00,0.000000e+00,0.000000e+00
1.000000e+00,0.000000e+00,0.000000e+00,0.000000e+00,0.000000e+00,0.000000e+00,0.000000e+00,0.000000e+00,0.000000e+00,0.000000e+00,0.000000e+00,0.000000e+00,0.000000e+00,0.000000e+00,0.000000e+00
4.275913e-01,1.092572e-02,2.840005e-02,4.865129e-02,7.093390e-03,1.152053e-02,1.083327e-02,4.074153e-01,3.807444e-03,9.133450e-04,7.033490e-03,1.376275e-02,1.152422e-02,1.520211e-03,9.007751e-03
2.999363e-01,7.677051e-03,2.037509e-02,3.460396e-02,5.410274e-03,8.510277e-03,1.346884e-02,5.763934e-01,2.679901e-03,6.417446e-04,4.949883e-03,9.669388e-03,8.285267e-03,1.074783e-03,6.323828e-03
2.120800e-01,5.432911e-03,1.503030e-02,2.460144e-02,4.327987e-03,7.426293e-03,2.148038e-02,6.856038e-01,1.887284e-03,4.576092e-04,3.489031e-03,6.809290e-03,6.156119e-03,7.672396e-04,4.450310e-03
1.487129e-01,3.814183e-03,1.066894e-02,1.735191e-02,3.127912e-03,5.295585e-03,1.605109e-02,7.781200e-01,1.322274e-03,3.209155e-04,2.450285e-03,4.770400e-03,4.326700e-03,5.480421e-04,3.118874e-03
1.041960e-01,2.678903e-03,7.668962e-03,1.222580e-02,2.450073e-03,3.848769e-03,1.345439e-02,8.415667e-01,9.266771e-04,2.259459e-04,1.725277e-03,3.346654e-03,3.110827e-03,3.889895e-04,2.186124e-03
7.310673e-02,1.888187e-03,5.548007e-03,8.622455e-03,2.322086e-03,2.879406e-03,1.378460e-02,8.832157e-01,6.512737e-04,1.636440e-04,1.232351e-03,2.359509e-03,2.410829e-03,2.799754e-04,1.535314e-03
5.139120e-02,1.363315e-03,4.158315e-03,6.136235e-03,2.686662e-03,2.408784e-03,1.540367e-02,9.080880e-01,4.639305e-04,1.431246e-04,9.957788e-04,1.780600e-03,3.602956e-03,2.640647e-04,1.113449e-03
3.662824e-02,1.018313e-03,3.163307e-03,4.365562e-03,3.976151e-03,2.420251e-03,1.701985e-02,9.161401e-01,3.545440e-04,2.040801e-04,1.213450e-03,1.806157e-03,1.037939e-02,3.776094e-04,9.330421e-04
2.616210e-02,7.678585e-04,2.423302e-03,3.138411e-03,4.372681e-03,2.645089e-03,1.329888e-02,8.629701e-01,3.027599e-04,8.744915e-04,4.145826e-03,5.228603e-03,6.930902e-02,1.054288e-03,3.306619e-03
1.862982e-02,5.544456e-04,1.741334e-03,2.269952e-03,3.271552e-03,2.419413e-03,9.535035e-03,6.294346e-01,2.791904e-04,3.345335e-03,1.169024e-02,1.132919e-01,1.927724e-01,7.056961e-03,3.707935e-03
1.314126e-02,3.981710e-04,1.282987e-03,1.673724e-03,2.423102e-03,2.636843e-03,6.845501e-03,4.640870e-01,2.606568e-04,4.753550e-03,1.632730e-02,2.280938e-01,2.146047e-01,4.063915e-02,2.832305e-03
9.235744e-03,3.079524e-04,9.076778e-04,1.261798e-03,1.781995e-03,2.026371e-03,4.833334e-03,3.273054e-01,4.701511e-04,2.390863e-02,1.338670e-02,1.774808e-01,1.742125e-01,2.601366e-01,2.744449e-03
6.511994e-03,4.122869e-04,6.710939e-04,1.197479e-03,1.456992e-03,1.517471e-03,3.410921e-03,2.344448e-01,1.589295e-03,6.490432e-02,1.183594e-02,1.413966e-01,1.484753e-01,3.783175e-01,3.858115e-03
4.701938e-03,1.158046e-03,5.804638e-04,3.033453e-03,1.786751e-03,1.607285e-03,2.436403e-03,1.643294e-01,4.056247e-02,7.132540e-02,2.963678e-02,2.147017e-01,1.095579e-01,3.452469e-01,9.335103e-03
3.424898e-03,1.241844e-03,4.477784e-04,2.599669e-03,1.483871e-03,1.591827e-03,1.750297e-03,1.151605e-01,4.333015e-02,7.076265e-02,2.599989e-02,1.621487e-01,7.782587e-02,4.843991e-01,7.833024e-03
2.871723e-03,1.465001e-03,4.236279e-04,2.647863e-03,1.161015e-03,2.752258e-03,1.302375e-03,8.071786e-02,4.365821e-02,7.857692e-02,2.544872e-02,1.238687e-01,5.530803e-02,5.717794e-01,8.018361e-03
2.079939e-03,1.195373e-03,4.508339e-04,1.909467e-03,1.276876e-03,2.057307e-03,9.154519e-04,5.652266e-02,4.774948e-02,5.613043e-02,1.884035e-02,8.754742e-02,3.901343e-02,6.783552e-01,5.955792e-03
1.511834e-03,1.829965e-03,1.628590e-03,1.362090e-03,1.237375e-03,1.678440e-03,6.461965e-04,3.957770e-02,4.234755e-02,4.025880e-02,1.451593e-02,6.148692e-02,2.743343e-02,7.598472e-01,4.638114e-03
1.530377e-03,3.492477e-03,2.374983e-03,1.066235e-03,1.326433e-03,4.000803e-03,4.684082e-04,2.775747e-02,3.588390e-02,3.422125e-02,1.107304e-02,4.316023e-02,1.951454e-02,8.070482e-01,7.081755e-03
4.196830e-03,4.024555e-03,5.743014e-02,1.100014e-03,1.691561e-03,1.405815e-02,4.760555e-04,1.979699e-02,3.081337e-02,4.477766e-02,1.038944e-02,3.060651e-02,1.411764e-02,7.588112e-01,7.709930e-03
5.552659e-03,6.333611e-03,9.419486e-02,1.500758e-03,1.922659e-03,2.045410e-02,4.666755e-04,1.416505e-02,3.022160e-02,6.161101e-02,1.102779e-02,2.188367e-02,1.119225e-02,7.078268e-01,1.164660e-02
6.197064e-03,9.163927e-03,1.326281e-01,1.306501e-03,1.604153e-03,2.508975e-02,3.499704e-04,1.013315e-02,3.449236e-02,1.708445e-01,1.058805e-02,1.549314e-02,9.189417e-03,5.431656e-01,2.975447e-02
6.318197e-03,1.440868e-02,2.007989e-01,3.501252e-03,1.676655e-03,2.059045e-02,3.934133e-04,9.191084e-03,5.763312e-02,1.722691e-01,1.188063e-02,1.108200e-02,7.751457e-03,4.386585e-01,4.384672e-02
5.231320e-03,1.187481e-02,3.732672e-01,4.138813e-03,1.447777e-03,1.562676e-02,3.328312e-04,6.633590e-03,5.003987e-02,1.500882e-01,1.088408e-02,8.180386e-03,6.938498e-03,3.151159e-01,4.020005e-02
5.095942e-03,1.041180e-02,2.917691e-01,2.997559e-03,1.099368e-03,1.193127e-02,2.379938e-04,4.727477e-03,4.076341e-02,2.780169e-01,9.690823e-03,6.364289e-03,6.651153e-03,2.409841e-01,8.925883e-02
6.318294e-03,1.601219e-02,2.175182e-01,3.302472e-03,1.612847e-03,9.715454e-03,2.301161e-04,3.896808e-03,5.420931e-02,3.108124e-01,1.258879e-02,5.825866e-03,9.478947e-03,2.359681e-01,1.125102e-01
1.086932e-02,1.685404e-02,1.601510e-01,4.614988e-03,2.117192e-03,9.093568e-03,2.251017e-04,3.564143e-03,7.776691e-02,3.266011e-01,1.578219e-02,5.431915e-03,1.167593e-02,1.863323e-01,1.689203e-01
7.912095e-03,1.461949e-02,1.124855e-01,3.351354e-03,1.614580e-03,6.559479e-03,1.616152e-04,2.559920e-03,6.459243e-02,5.030246e-01,1.172746e-02,3.873268e-03,8.572343e-03,1.322953e-01,1.266505e-01
1.140511e-02,3.392003e-02,8.176535e-02,3.519847e-03,5.008355e-03,6.357511e-03,1.869155e-04,7.862780e-03,9.580190e-02,5.167737e-01,1.149630e-02,3.009728e-03,8.362656e-03,1.092583e-01,1.052714e-01
8.321833e-03,3.329124e-02,5.928235e-02,4.451229e-03,3.720335e-03,4.578414e-03,1.465600e-04,5.627737e-03,1.835239e-01,5.060200e-01,8.777004e-03,2.516985e-03,6.408627e-03,7.727233e-02,9.606139e-02
7.729856e-03,3.562836e-02,4.216802e-02,1.086483e-02,3.733137e-03,3.428024e-03,1.271882e-04,4.340008e-03,2.930680e-01,4.498143e-01,7.268328e-03,1.870586e-03,5.367248e-03,5.540268e-02,7.918946e-02
8.706984e-03,3.482258e-02,4.462987e-02,1.697740e-02,3.469073e-03,2.522377e-03,1.237487e-04,4.841020e-03,4.278507e-01,3.407867e-01,7.723077e-03,1.627769e-03,5.262718e-03,3.986245e-02,6.079349e-02
2.368232e-02,3.104359e-02,1.104224e-01,4.689637e-02,9.572805e-03,2.763474e-03,2.274996e-04,2.497724e-02,3.881649e-01,2.508628e-01,1.394567e-02,1.749890e-03,8.786120e-03,3.105834e-02,5.584643e-02
2.245575e-02,2.244857e-02,1.073780e-01,6.626587e-02,8.287382e-03,2.320725e-03,2.481598e-04,2.276169e-01,2.788425e-01,1.761376e-01,1.212182e-02,1.531590e-03,7.207667e-03,2.320652e-02,4.393093e-02
2.225562e-02,1.758050e-02,8.599594e-02,5.027601e-02,7.060882e-03,2.881116e-03,2.843169e-04,4.179852e-01,1.981298e-01,1.247227e-01,1.286423e-02,2.294728e-03,6.843796e-03,1.751437e-02,3.331071e-02
2.070852e-02,1.407195e-02,7.034823e-02,3.953125e-02,8.688628e-03,3.191961e-03,4.762672e-04,5.575898e-01,1.400258e-01,8.927231e-02,1.047093e-02,2.029166e-03,5.635070e-03,1.313287e-02,2.482726e-02
2.610407e-02,1.079791e-02,6.300574e-02,3.630495e-02,9.119606e-03,4.855168e-03,1.071921e-03,6.403627e-01,9.978075e-02,6.316317e-02,8.867440e-03,2.093826e-03,5.736977e-03,9.987105e-03,1.874857e-02
2.679253e-02,8.111379e-03,5.382662e-02,3.264165e-02,8.091127e-03,5.226671e-03,9.500743e-04,7.143782e-01,7.042217e-02,4.450798e-02,6.980905e-03,1.716364e-03,5.028167e-03,7.336853e-03,1.398926e-02
2.442447e-02,6.226284e-03,3.894481e-02,2.519515e-02,7.062351e-03,4.248040e-03,8.263070e-04,7.862415e-01,4.980275e-02,3.131607e-02,5.092137e-03,1.438927e-03,3.784863e-03,5.321465e-03,1.007487e-02
2.236973e-02,4.914586e-03,2.979819e-02,1.964366e-02,6.218727e-03,3.456819e-03,1.116467e-03,8.345885e-01,3.572951e-02,2.212149e-02,3.765835e-03,1.208486e-03,3.570823e-03,4.121597e-03,7.375603e-03
2.570749e-02,4.799978e-03,2.290746e-02,1.594066e-02,6.577549e-03,3.220665e-03,1.287789e-03,8.597527e-01,2.684356e-02,1.606120e-02,3.040061e-03,1.396990e-03,3.167100e-03,3.236353e-03,6.060483e-03
6.429885e-02,8.244373e-03,2.714860e-02,1.716126e-02,7.531205e-03,4.372744e-03,2.383652e-03,8.062592e-01,2.258419e-02,1.436178e-02,4.092787e-03,4.261321e-03,3.548021e-03,3.250412e-03,1.050159e-02
1.076013e-01,1.660365e-02,3.569251e-02,2.010619e-02,1.413337e-02,7.354067e-03,5.629351e-03,6.961375e-01,3.035255e-02,1.794523e-02,7.145757e-03,1.120163e-02,9.555520e-03,3.599013e-03,1.694236e-02
1.478079e-01,3.302173e-02,3.172245e-02,1.835321e-02,1.331979e-02,8.749281e-03,5.596977e-03,6.237913e-01,3.801328e-02,2.542938e-02,8.825957e-03,1.203500e-02,1.058140e-02,3.752091e-03,1.900021e-02
2.169726e-01,2.824046e-02,3.387036e-02,2.547396e-02,1.883524e-02,1.170583e-02,5.199558e-03,5.192463e-01,3.887238e-02,2.564149e-02,1.603731e-02,2.029409e-02,1.667778e-02,4.213784e-03,1.871896e-02
2.820382e-01,2.282872e-02,3.307221e-02,2.522106e-02,1.851353e-02,1.242108e-02,4.280885e-03,4.623772e-01,3.535638e-02,2.148443e-02,1.859791e-02,2.490506e-02,1.881471e-02,4.051303e-03,1.603731e-02
3.590847e-01,2.061006e-02,2.881469e-02,2.686514e-02,2.012215e-02,1.624770e-02,3.420060e-03,3.805470e-01,2.996428e-02,1.761481e-02,2.242068e-02,3.316829e-02,1.835759e-02,4.594871e-03,1.816801e-02
4.443856e-01,1.763578e-02,2.343401e-02,2.693145e-02,2.041757e-02,1.818294e-02,2.915041e-03,2.985300e-01,2.599157e-02,1.425121e-02,2.421384e-02,3.825750e-02,2.014312e-02,5.356419e-03,1.935397e-02
1.000000e+00,0.000000e+00,0.000000e+00,0.000000e+00,0.000000e+00,0.000000e+00,0.000000e+00,0.000000e+00,0.000000e+00,0.000000e+00,0.000000e+00,0.000000e+00,0.000000e+00,0.000000e+00,0.000000e+00
1.000000e+00,0.000000e+00,0.000000e+00,0.000000e+00,0.000000e+00,0.000000e+00,0.000000e+00,0.000000e+00,0.000000e+00,0.000000e+00,0.000000e+00,0.000000e+00,0.000000e+00,0.000000e+00,0.000000e+00
1.000000e+00,0.000000e+00,0.000000e+00,0.000000e+00,0.000000e+00,0.000000e+00,0.000000e+00,0.000000e+00,0.000000e+00,0.000000e+00,0.000000e+00,0.000000e+00,0.000000e+00,0.000000e+00,0.000000e+00
1.000000e+00,0.000000e+00,0.000000e+00,0.000000e+00,0.000000e+00,0.000000e+00,0.000000e+00,0.000000e+00,0.000000e+00,0.000000e+00,0.000000e+00,0.000000e+00,0.000000e+00,0.000000e+00,0.000000e+00
1.000000e+00,0.000000e+00,0.000000e+00,0.000000e+00,0.000000e+00,0.000000e+00,0.000000e+00,0.000000e+00,0.000000e+00,0.000000e+00,0.000000e+00,0.000000e+00,0.000000e+00,0.000000e+00,0.000000e+00
1.000000e+00,0.000000e+00,0.000000e+00,0.000000e+00,0.000000e+00,0.000000e+00,0.000000e+00,0.000000e+00,0.000000e+00,0.000000e+00,0.000000e+00,0.000000e+00,0.000000e+00,0.000000e+00,0.000000e+00
4.134065e-01,1.741220e-02,1.962887e-02,2.799770e-02,1.555819e-02,2.766431e-02,2.238123e-02,4.599435e-02,3.197335e-02,1.996251e-01,4.277191e-02,3.757273e-02,1.759140e-02,2.293291e-02,5.748924e-02
2.910486e-01,1.250252e-02,1.423437e-02,1.982893e-02,1.127419e-02,2.076485e-02,2.530498e-02,3.460391e-02,3.013915e-02,3.910996e-01,3.989190e-02,2.731185e-02,1.294223e-02,2.403506e-02,4.501789e-02
2.073633e-01,9.356886e-03,1.023697e-02,1.466306e-02,1.114356e-02,1.837856e-02,3.416933e-02,2.586563e-02,3.144035e-02,4.083777e-01,6.344931e-02,2.077077e-02,1.013364e-02,1.001164e-01,3.453451e-02
1.466525e-01,6.814132e-03,7.389158e-03,1.081759e-02,1.234152e-02,1.785331e-02,3.258637e-02,1.917678e-02,2.333377e-02,4.063262e-01,1.216713e-01,1.545669e-02,8.254140e-03,1.459856e-01,2.534086e-02
1.036607e-01,5.013986e-03,5.328185e-03,8.042179e-03,1.007897e-02,1.345411e-02,2.529972e-02,1.395726e-02,1.900019e-02,3.294118e-01,2.101010e-01,1.228329e-02,6.577067e-03,2.176495e-01,2.014211e-02
7.277542e-02,3.569978e-03,3.797840e-03,5.837740e-03,7.310979e-03,9.817149e-03,1.774582e-02,9.987340e-03,1.547396e-02,2.330706e-01,2.849551e-01,1.259062e-02,5.135763e-03,3.037238e-01,1.420798e-02
5.128743e-02,2.563343e-03,2.740945e-03,4.161157e-03,5.255037e-03,7.244560e-03,1.244241e-02,7.058388e-03,1.146389e-02,1.644948e-01,3.698457e-01,1.195707e-02,4.001549e-03,3.354547e-01,1.002907e-02
3.603838e-02,4.684318e-03,2.311943e-03,3.130304e-03,4.166989e-03,1.622055e-02,8.762415e-03,4.975879e-03,1.282403e-02,1.165384e-01,4.076248e-01,1.154063e-02,3.130933e-03,3.607747e-01,7.275761e-03
2.534346e-02,3.608879e-02,3.579831e-03,2.494388e-03,6.680571e-03,3.412335e-02,6.284351e-03,3.592764e-03,2.395593e-02,8.388176e-02,3.900240e-01,1.023510e-02,2.640103e-03,3.654833e-01,5.592313e-03
1.788796e-02,3.306159e-02,8.325222e-03,1.904151e-03,6.291147e-03,8.302177e-02,4.450216e-03,2.822313e-03,3.733411e-02,6.287776e-02,3.844934e-01,1.002864e-02,2.403995e-03,3.407886e-01,4.309203e-03
1.286134e-02,2.777702e-02,1.118682e-02,2.219614e-03,6.182343e-03,2.800422e-01,3.232227e-03,2.584579e-03,4.816633e-02,4.687307e-02,2.879508e-01,7.641219e-03,2.526645e-03,2.570784e-01,3.677444e-03
9.027132e-03,2.246605e-02,7.898333e-03,1.573831e-03,4.379268e-03,4.663568e-01,2.266599e-03,1.840115e-03,5.926051e-02,3.285635e-02,2.019069e-01,5.373002e-03,1.883332e-03,1.803228e-01,2.588844e-03
6.481631e-03,1.942251e-02,5.970681e-03,2.738435e-03,5.044922e-03,5.734870e-01,1.607926e-03,1.642842e-03,8.329177e-02,2.383763e-02,1.416303e-01,3.783730e-03,1.396857e-03,1.266052e-01,3.058458e-03
4.603966e-03,1.445525e-02,4.293833e-03,2.149518e-03,4.481762e-03,6.786160e-01,1.137548e-03,1.189331e-03,7.595211e-02,1.714462e-02,9.921698e-02,2.656793e-03,1.023915e-03,8.894467e-02,4.133572e-03
3.886515e-03,1.238949e-02,3.378548e-03,5.739119e-03,5.563091e-03,7.142599e-01,8.385651e-04,1.421779e-03,7.103445e-02,1.543108e-02,6.958001e-02,1.888615e-03,1.155475e-03,6.251872e-02,3.091456e-02
5.532101e-03,1.391086e-02,3.726214e-03,3.260708e-02,4.539717e-03,6.214670e-01,6.252857e-04,8.450496e-03,7.349161e-02,1.817014e-02,5.529181e-02,3.389266e-03,4.132159e-03,4.524067e-02,1.094256e-01
5.545103e-03,6.996693e-02,3.923918e-03,3.248371e-02,3.750161e-03,5.547640e-01,4.663404e-04,7.533623e-03,6.892147e-02,3.296800e-02,4.309356e-02,3.343151e-03,4.516305e-03,3.236835e-02,1.363554e-01
5.390335e-03,1.490920e-01,4.585506e-03,4.087155e-02,2.823482e-03,3.972912e-01,3.340084e-04,5.316027e-03,1.003410e-01,2.467191e-02,3.778430e-02,2.513803e-03,3.350853e-03,2.927324e-02,1.963607e-01
5.402242e-03,1.202299e-01,4.317953e-03,4.173413e-02,2.162923e-03,2.811475e-01,2.725415e-04,3.810723e-03,8.653037e-02,1.935290e-02,1.056893e-01,3.921453e-03,1.674813e-02,5.287703e-02,2.558028e-01
4.568153e-03,8.783274e-02,5.645862e-03,3.083400e-02,3.162154e-03,1.973926e-01,2.683003e-04,2.689210e-03,1.204868e-01,1.455344e-02,2.203217e-01,3.522915e-03,1.875435e-02,9.483063e-02,1.951372e-01
3.557495e-03,6.427954e-02,8.075072e-03,2.307660e-02,2.518820e-03,1.389966e-01,1.984938e-04,1.964482e-03,2.571110e-01,1.335131e-02,1.644757e-01,2.711096e-03,1.395528e-02,1.038412e-01,2.018873e-01
2.966371e-03,4.703413e-02,3.981845e-02,2.111015e-02,2.058016e-03,9.797140e-02,1.603127e-04,1.418583e-03,3.299691e-01,1.922240e-02,1.191018e-01,2.076092e-03,1.038510e-02,1.061541e-01,2.005539e-01
5.543672e-03,4.011419e-02,4.671314e-02,2.395003e-02,3.094509e-03,6.987741e-02,2.594051e-04,1.421929e-03,3.176067e-01,1.659537e-02,8.596206e-02,1.537686e-03,7.532374e-03,1.890140e-01,1.907775e-01
7.861236e-03,5.462686e-02,5.846722e-02,2.535032e-02,4.871191e-03,5.016640e-02,4.215969e-04,1.624125e-03,3.276918e-01,1.941439e-02,6.650941e-02,1.199462e-03,5.729057e-03,1.993258e-01,1.767412e-01
2.279314e-02,4.745501e-02,6.868231e-02,2.175934e-02,8.655604e-03,5.728081e-02,1.876290e-03,1.483605e-02,3.106431e-01,1.959353e-02,6.606710e-02,1.114465e-03,4.628949e-03,2.149634e-01,1.396510e-01
4.492395e-02,4.429548e-02,7.244370e-02,2.941540e-02,1.163357e-02,1.096644e-01,2.022940e-03,1.489183e-02,3.062850e-01,1.542787e-02,5.522449e-02,1.117998e-03,3.584383e-03,1.841965e-01,1.048725e-01
5.982515e-02,4.516916e-02,6.181074e-02,3.229623e-02,1.412302e-02,1.012455e-01,1.764869e-03,1.146231e-02,3.565151e-01,1.204969e-02,4.531363e-02,9.172076e-04,2.805009e-03,1.774537e-01,7.724863e-02
6.919687e-02,4.628769e-02,5.542656e-02,3.882906e-02,1.460138e-02,9.235211e-02,1.414697e-03,8.974890e-03,4.303350e-01,9.593703e-03,3.504949e-02,8.550797e-04,2.102669e-03,1.326191e-01,6.236161e-02
6.030123e-02,4.103913e-02,4.303443e-02,3.435034e-02,1.263778e-02,7.581841e-02,1.062132e-03,6.686268e-03,5.392866e-01,7.641807e-03,2.581868e-02,6.849974e-04,1.541702e-03,1.031095e-01,4.698705e-02
5.349450e-02,3.164947e-02,3.313731e-02,2.769949e-02,9.719728e-03,5.602230e-02,8.044374e-04,5.096133e-03,6.328844e-01,5.958638e-03,1.887086e-02,7.022506e-04,1.190027e-03,8.710691e-02,3.566356e-02
7.328022e-02,2.304658e-02,2.538773e-02,2.126832e-02,7.403034e-03,4.000095e-02,6.851525e-04,4.381539e-03,6.857408e-01,5.306297e-03,1.393613e-02,7.304400e-04,9.995401e-04,7.070595e-02,2.712739e-02
1.054250e-01,1.721735e-02,1.904401e-02,1.565612e-02,5.593545e-03,2.898708e-02,6.221204e-04,3.663607e-03,7.045482e-01,6.312367e-03,1.039912e-02,9.434908e-04,9.103029e-04,5.702251e-02,2.365521e-02
1.935163e-01,1.441561e-02,1.438027e-02,1.220925e-02,4.821441e-03,2.161830e-02,7.626108e-04,4.057314e-03,6.454700e-01,5.717847e-03,8.180389e-03,1.872394e-03,1.110450e-03,5.119710e-02,2.067079e-02
3.183630e-01,1.134640e-02,1.144333e-02,1.011469e-02,4.504964e-03,1.684238e-02,1.137195e-03,4.906206e-03,5.429348e-01,4.900651e-03,6.652035e-03,2.923957e-03,1.330275e-03,4.464995e-02,1.795017e-02
3.138301e-01,1.699875e-02,1.098004e-02,1.279362e-02,3.999455e-03,2.180536e-02,1.253950e-03,4.661068e-03,3.995853e-01,1.293304e-02,6.603390e-03,4.770817e-03,3.592075e-03,4.575486e-02,1.404382e-01
2.258882e-01,1.479376e-02,7.937036e-03,9.218491e-03,2.970737e-03,1.669425e-02,9.169549e-04,3.360263e-03,2.989487e-01,1.070824e-02,6.392692e-03,3.744788e-03,3.219634e-03,7.923888e-02,3.159673e-01
1.624969e-01,1.063063e-02,5.665161e-03,6.638623e-03,2.157469e-03,1.204261e-02,7.017241e-04,2.431594e-03,2.227373e-01,9.050483e-03,7.676413e-03,4.162314e-03,3.130040e-03,1.364246e-01,4.140540e-01
1.146785e-01,8.144140e-03,4.213899e-03,4.908095e-03,1.618252e-03,8.753708e-03,5.137040e-04,1.728951e-03,1.785363e-01,9.022577e-03,7.958219e-03,3.314547e-03,3.136845e-03,3.252669e-01,3.282054e-01
8.129672e-02,6.359533e-03,3.223252e-03,3.847633e-03,1.183972e-03,6.447430e-03,3.855532e-04,1.224776e-03,1.337874e-01,8.014498e-03,1.129896e-02,2.911950e-03,2.555063e-03,4.662598e-01,2.712034e-01
5.820191e-02,4.648891e-03,2.284311e-03,2.747713e-03,9.684907e-04,4.724679e-03,2.838543e-04,8.697170e-04,1.030665e-01,7.999823e-03,2.299070e-02,2.901238e-03,2.159618e-03,5.791483e-01,2.070042e-01
4.101306e-02,3.286719e-03,1.674719e-03,1.953399e-03,8.532375e-04,3.363504e-03,2.289368e-04,6.178979e-04,7.561342e-02,2.128590e-02,2.579466e-02,2.044759e-03,1.543047e-03,6.660711e-01,1.546556e-01
2.919733e-02,2.859627e-03,1.390305e-03,1.489038e-03,1.687719e-03,4.463114e-03,2.585303e-04,4.719732e-04,9.787431e-02,6.103510e-02,2.822172e-02,1.543450e-03,1.175892e-03,6.384062e-01,1.299258e-01
2.095558e-02,1.280530e-02,1.865563e-03,1.158894e-03,2.513352e-03,3.475815e-02,2.373691e-04,4.386490e-04,1.371286e-01,8.567183e-02,2.291881e-02,1.135584e-03,9.553431e-04,5.548387e-01,1.226183e-01
1.541660e-02,1.807272e-02,3.110372e-03,8.912524e-04,3.175807e-03,4.064679e-02,2.471482e-04,5.095369e-04,1.415913e-01,1.259411e-01,1.734763e-02,8.600416e-04,8.999631e-04,5.352925e-01,9.599733e-02
1.426736e-02,9.015398e-02,4.581328e-03,8.652742e-04,3.999581e-03,7.654142e-02,2.575198e-04,7.102021e-04,1.468304e-01,1.335091e-01,1.270524e-02,6.235260e-04,8.015651e-04,4.242253e-01,8.992828e-02
1.517669e-02,1.313821e-01,8.106681e-03,8.028705e-04,5.738048e-03,7.718837e-02,2.265916e-04,2.411371e-03,1.531484e-01,1.306638e-01,9.622863e-03,4.736866e-04,8.155999e-04,3.442636e-01,1.199794e-01
1.436995e-02,1.247118e-01,3.372179e-02,1.221201e-03,9.495290e-03,7.785733e-02,2.916971e-04,6.610671e-03,1.449625e-01,1.050053e-01,7.643473e-03,3.694383e-04,1.105775e-03,2.635586e-01,2.090752e-01
1.533428e-02,9.766699e-02,3.964085e-02,2.606453e-03,2.036504e-02,9.265812e-02,3.120294e-04,1.008576e-02,1.809471e-01,8.130255e-02,6.716636e-03,3.121987e-04,8.890404e-04,2.044355e-01,2.467273e-01
1.662748e-02,7.280681e-02,3.771383e-02,2.991257e-03,2.452559e-02,9.138715e-02,3.320642e-04,1.010054e-02,2.078657e-01,7.625163e-02,6.542361e-03,2.703410e-04,7.466815e-04,1.692463e-01,2.825922e-01
2.427020e-02,5.723081e-02,4.679912e-02,4.171465e-03,7.489331e-02,8.512614e-02,5.030317e-04,3.035960e-02,2.393500e-01,6.427456e-02,6.966879e-03,2.418422e-04,6.750152e-04,1.403396e-01,2.247985e-01
3.516762e-02,4.903430e-02,4.923794e-02,5.325090e-03,1.386036e-01,6.822340e-02,7.997630e-04,3.290832e-02,2.693602e-01,4.729011e-02,6.421481e-03,2.315855e-04,6.369675e-04,1.202597e-01,1.764999e-01
4.136109e-02,4.625967e-02,6.575758e-02,1.603134e-02,1.889544e-01,5.051815e-02,1.191513e-03,5.392837e-02,2.667166e-01,3.501175e-02,5.287039e-03,5.338999e-04,9.825602e-04,9.178528e-02,1.356808e-01
4.782536e-02,4.967108e-02,1.071026e-01,5.207748e-02,2.187824e-01,3.942912e-02,1.811414e-03,5.736920e-02,2.185497e-01,2.596039e-02,4.181994e-03,5.266445e-04,8.267112e-04,7.179618e-02,1.040898e-01
3.443121e-02,1.656028e-01,9.117205e-02,3.982154e-02,1.548265e-01,2.897335e-02,1.301637e-03,4.041626e-02,1.763292e-01,1.943166e-02,1.743334e-02,4.525330e-04,1.118770e-03,6.459873e-02,1.640905e-01
2.421487e-02,1.492776e-01,9.957238e-02,2.889453e-02,1.084921e-01,2.052347e-02,9.285054e-04,2.839573e-02,1.677860e-01,1.506640e-02,3.499396e-02,7.707740e-04,1.437380e-03,4.823306e-02,2.714133e-01
1.726628e-02,1.113272e-01,7.951422e-02,2.070562e-02,7.601646e-02,1.475351e-02,6.778836e-04,2.007578e-02,1.279463e-01,1.199910e-02,1.880241e-01,2.807475e-03,1.648242e-03,1.251934e-01,2.020445e-01
1.228680e-02,7.900859e-02,5.775983e-02,1.478404e-02,5.331244e-02,1.070968e-02,5.043202e-04,1.421952e-02,9.850986e-02,9.032639e-03,2.882703e-01,3.777809e-03,1.999751e-03,2.085351e-01,1.472893e-01
8.622468e-03,5.582182e-02,4.048867e-02,1.039391e-02,3.742371e-02,8.406713e-03,4.432042e-04,9.987399e-03,1.106148e-01,7.838794e-03,3.485460e-01,5.975773e-03,1.635696e-03,2.491247e-01,1.046764e-01
6.044157e-03,3.922943e-02,2.839032e-02,7.294697e-03,2.623687e-02,6.750544e-03,3.473508e-04,6.996660e-03,8.999673e-02,5.856529e-03,3.358960e-01,6.744894e-03,1.186395e-03,3.654189e-01,7.361058e-02
4.254697e-03,2.764600e-02,1.993949e-02,5.136978e-03,1.840437e-02,6.184821e-03,3.161074e-04,4.927732e-03,8.012578e-02,5.120338e-03,3.387368e-01,5.849929e-03,8.562079e-04,4.307185e-01,5.178223e-02
2.991883e-03,1.943680e-02,1.403829e-02,3.624414e-03,1.290501e-02,5.695264e-03,2.388276e-04,3.467480e-03,7.859228e-02,4.034715e-03,2.839686e-01,4.791230e-03,6.109739e-04,5.292900e-01,3.631426e-02
2.169511e-03,1.823941e-02,1.081991e-02,2.730544e-03,9.345533e-03,1.938509e-02,2.545096e-04,2.564717e-03,1.554939e-01,3.327579e-03,2.521134e-01,3.924121e-03,4.697534e-04,4.934306e-01,2.573146e-02
1.551010e-03,1.424797e-02,7.737361e-03,2.029397e-03,6.636427e-03,1.527539e-02,1.864669e-04,1.808611e-03,2.849000e-01,2.729851e-03,1.900010e-01,3.027148e-03,3.359170e-04,4.512923e-01,1.824113e-02
1.111849e-03,1.067204e-02,5.503234e-03,1.471798e-03,4.711842e-03,1.369658e-02,1.346583e-04,1.275074e-03,2.767065e-01,2.504206e-03,1.714490e-01,2.308029e-03,2.474472e-04,4.952559e-01,1.295183e-02
8.320147e-04,8.199710e-03,3.907092e-03,1.080266e-03,3.322898e-03,1.705951e-02,9.873330e-05,8.981005e-04,2.804687e-01,2.521441e-03,1.486188e-01,1.994608e-03,1.983986e-04,5.216659e-01,9.133762e-03
8.988177e-04,6.525286e-03,8.795502e-03,2.406935e-03,2.634088e-03,2.835309e-02,1.270410e-04,7.836086e-04,3.027775e-01,6.602651e-03,1.363184e-01,1.793274e-03,2.326673e-04,4.951068e-01,6.644213e-03
9.468661e-04,5.912817e-03,7.088652e-03,2.733304e-03,2.127912e-03,3.977641e-02,1.048242e-04,6.025959e-04,2.836262e-01,1.769717e-02,1.438420e-01,1.653484e-03,3.023394e-04,4.885648e-01,5.020507e-03
1.076991e-03,6.254506e-03,6.163837e-03,2.140875e-03,1.656317e-03,9.342472e-02,8.064276e-05,4.879009e-04,3.163653e-01,1.929765e-02,1.083796e-01,1.298869e-03,2.813703e-04,4.388151e-01,4.276222e-03
1.612655e-03,5.598262e-03,2.505494e-02,3.300753e-03,1.474509e-03,1.000542e-01,1.036641e-04,9.924338e-04,3.662299e-01,1.641313e-02,7.893589e-02,9.632173e-04,2.515487e-04,3.952702e-01,3.744741e-03
2.804257e-03,4.639059e-03,2.955737e-02,3.009793e-03,1.476008e-03,1.084186e-01,8.761285e-05,8.451983e-04,4.377569e-01,1.269523e-02,5.704141e-02,6.828819e-04,2.015833e-04,3.377043e-01,3.079795e-03
5.499931e-03,7.596532e-03,1.051076e-01,6.372548e-03,2.239112e-03,8.508108e-02,8.161787e-05,1.047704e-03,4.650704e-01,1.208208e-02,4.103122e-02,4.875202e-04,2.149408e-04,2.610475e-01,7.040195e-03
6.792292e-03,5.929905e-03,1.056124e-01,4.971587e-03,1.787755e-03,6.282627e-02,6.344829e-05,9.944472e-04,4.663649e-01,9.549033e-03,3.040325e-02,3.538830e-04,1.595403e-04,2.983291e-01,5.862116e-03
8.458167e-03,5.174631e-03,8.645073e-02,5.581815e-03,2.370721e-03,4.676720e-02,6.785383e-05,1.376715e-03,5.440195e-01,7.509324e-03,2.362986e-02,2.986323e-04,1.543676e-04,2.633898e-01,4.750659e-03
7.689627e-03,4.075922e-03,6.727897e-02,4.469458e-03,2.103911e-03,3.442066e-02,5.860281e-05,1.316145e-03,6.100413e-01,6.887125e-03,1.760612e-02,2.181085e-04,1.198470e-04,2.401288e-01,3.585416e-03
1.039577e-02,3.003966e-03,4.861724e-02,3.461351e-03,1.743147e-03,2.515452e-02,4.976664e-05,1.348406e-03,6.641421e-01,5.850367e-03,3.991788e-02,1.727191e-04,1.113732e-04,1.929050e-01,3.126392e-03
1.354206e-02,2.257637e-03,3.459814e-02,2.900078e-03,1.521074e-03,1.812199e-02,4.427605e-05,1.587814e-03,7.255010e-01,4.786449e-03,4.559366e-02,1.632428e-04,9.783710e-05,1.465041e-01,2.780624e-03
1.998649e-02,1.894157e-03,2.531136e-02,4.012394e-03,1.731547e-03,1.308537e-02,6.708124e-05,2.521767e-03,7.738174e-01,3.840330e-03,4.284210e-02,2.103726e-04,1.038421e-04,1.080061e-01,2.569616e-03
2.301267e-02,1.536253e-03,1.917944e-02,4.244076e-03,1.796966e-03,9.635586e-03,7.247743e-05,2.760129e-03,8.088305e-01,3.134640e-03,4.253400e-02,1.974086e-04,9.372857e-05,8.082451e-02,2.147594e-03
2.045118e-02,1.222239e-03,1.430499e-02,3.168473e-03,1.567731e-03,7.186625e-03,5.679442e-05,2.072698e-03,8.462175e-01,2.621240e-03,3.416668e-02,1.621952e-04,7.513644e-05,6.502800e-02,1.698536e-03
2.117452e-02,1.192937e-03,1.064245e-02,3.780912e-03,2.897064e-03,5.504320e-03,9.437118e-05,1.843960e-03,8.654500e-01,2.735142e-03,2.649857e-02,2.373052e-04,1.136971e-04,5.634972e-02,1.485096e-03
2.453061e-02,1.344998e-03,7.755775e-03,3.707504e-03,3.432726e-03,4.161973e-03,9.408534e-05,1.402650e-03,8.800392e-01,2.695414e-03,2.130284e-02,2.514479e-04,1.151014e-04,4.782106e-02,1.344732e-03
3.565611e-02,1.196474e-03,5.855887e-03,3.228186e-03,3.182409e-03,3.482334e-03,1.145593e-04,1.074245e-03,8.611660e-01,2.297659e-03,2.277270e-02,2.695316e-04,1.206999e-04,5.823512e-02,1.348140e-03
3.919964e-02,1.058850e-03,4.312090e-03,2.598845e-03,3.002618e-03,2.648020e-03,9.860714e-05,8.793248e-04,8.744411e-01,2.257000e-03,2.036781e-02,3.209530e-04,1.187398e-04,4.721146e-02,1.484887e-03
4.559950e-02,9.214180e-04,3.302794e-03,2.127621e-03,2.591256e-03,2.059442e-03,9.049175e-05,7.012567e-04,8.798344e-01,2.353741e-03,1.823384e-02,4.266862e-04,1.443824e-04,3.984205e-02,1.771040e-03
1.073827e-01,9.892358e-03,8.642670e-03,4.629409e-02,1.579344e-02,3.629060e-03,3.893281e-04,4.222568e-03,7.430186e-01,2.144703e-03,1.590353e-02,2.601483e-03,9.701530e-04,3.413668e-02,4.978441e-03
2.133304e-01,9.305568e-03,1.303114e-02,4.628846e-02,1.994601e-02,5.770332e-03,8.543245e-04,4.569101e-03,6.207531e-01,1.982237e-03,1.382908e-02,5.960034e-03,2.184575e-03,3.584776e-02,6.347746e-03
2.922660e-01,8.211068e-03,1.090026e-02,3.727242e-02,2.231739e-02,7.114797e-03,8.278885e-04,3.713449e-03,5.259027e-01,1.947048e-03,1.429004e-02,6.885936e-03,2.462738e-03,5.736163e-02,8.526545e-03
3.554016e-01,7.414175e-03,9.824222e-03,3.127859e-02,2.321950e-02,8.962765e-03,1.131071e-03,3.450156e-03,4.485194e-01,2.242989e-03,1.409896e-02,7.542721e-03,2.742112e-03,7.430740e-02,9.864287e-03
4.473398e-01,7.057591e-03,7.912930e-03,2.685462e-02,2.132099e-02,9.444297e-03,1.175132e-03,3.130269e-03,3.662698e-01,2.452722e-03,1.256433e-02,8.376263e-03,3.150426e-03,7.225893e-02,1.069176e-02
1.000000e+00,0.000000e+00,0.000000e+00,0.000000e+00,0.000000e+00,0.000000e+00,0.000000e+00,0.000000e+00,0.000000e+00,0.000000e+00,0.000000e+00,0.000000e+00,0.000000e+00,0.000000e+00,0.000000e+00
1.000000e+00,0.000000e+00,0.000000e+00,0.000000e+00,0.000000e+00,0.000000e+00,0.000000e+00,0.000000e+00,0.000000e+00,0.000000e+00,0.000000e+00,0.000000e+00,0.000000e+00,0.000000e+00,0.000000e+00
1.000000e+00,0.000000e+00,0.000000e+00,0.000000e+00,0.000000e+00,0.000000e+00,0.000000e+00,0.000000e+00,0.000000e+00,0.000000e+00,0.000000e+00,0.000000e+00,0.000000e+00,0.000000e+00,0.000000e+00
1.000000e+00,0.000000e+00,0.000000e+00,0.000000e+00,0.000000e+00,0.000000e+00,0.000000e+00,0.000000e+00,0.000000e+00,0.000000e+00,0.000000e+00,0.000000e+00,0.000000e+00,0.000000e+00,0.000000e+00
1.000000e+00,0.000000e+00,0.000000e+00,0.000000e+00,0.000000e+00,0.000000e+00,0.000000e+00,0.000000e+00,0.000000e+00,0.000000e+00,0.000000e+00,0.000000e+00,0.000000e+00,0.000000e+00,0.000000e+00
1.000000e+00,0.000000e+00,0.000000e+00,0.000000e+00,0.000000e+00,0.000000e+00,0.000000e+00,0.000000e+00,0.000000e+00,0.000000e+00,0.000000e+00,0.000000e+00,0.000000e+00,0.000000e+00,0.000000e+00
1.000000e+00,0.000000e+00,0.000000e+00,0.000000e+00,0.000000e+00,0.000000e+00,0.000000e+00,0.000000e+00,0.000000e+00,0.000000e+00,0.000000e+00,0.000000e+00,0.000000e+00,0.000000e+00,0.000000e+00
1.000000e+00,0.000000e+00,0.000000e+00,0.000000e+00,0.000000e+00,0.000000e+00,0.000000e+00,0.000000e+00,0.000000e+00,0.000000e+00,0.000000e+00,0.000000e+00,0.000000e+00,0.000000e+00,0.000000e+00
1.000000e+00,0.000000e+00,0.000000e+00,0.000000e+00,0.000000e+00,0.000000e+00,0.000000e+00,0.000000e+00,0.000000e+00,0.000000e+00,0.000000e+00,0.000000e+00,0.000000e+00,0.000000e+00,0.000000e+00
1.000000e+00,0.000000e+00,0.000000e+00,0.000000e+00,0.000000e+00,0.000000e+00,0.000000e+00,0.000000e+00,0.000000e+00,0.000000e+00,0.000000e+00,0.000000e+00,0.000000e+00,0.000000e+00,0.000000e+00
1.000000e+00,0.000000e+00,0.000000e+00,0.000000e+00,0.000000e+00,0.000000e+00,0.000000e+00,0.000000e+00,0.000000e+00,0.000000e+00,0.000000e+00,0.000000e+00,0.000000e+00,0.000000e+00,0.000000e+00
1.000000e+00,0.000000e+00,0.000000e+00,0.000000e+00,0.000000e+00,0.000000e+00,0.000000e+00,0.000000e+00,0.000000e+00,0.000000e+00,0.000000e+00,0.000000e+00,0.000000e+00,0.000000e+00,0.000000e+00
1.000000e+00,0.000000e+00,0.000000e+00,0.000000e+00,0.000000e+00,0.000000e+00,0.000000e+00,0.000000e+00,0.000000e+00,0.000000e+00,0.000000e+00,0.000000e+00,0.000000e+00,0.000000e+00,0.000000e+00
1.000000e+00,0.000000e+00,0.000000e+00,0.000000e+00,0.000000e+00,0.000000e+00,0.000000e+00,0.000000e+00,0.000000e+00,0.000000e+00,0.000000e+00,0.000000e+00,0.000000e+00,0.000000e+00,0.000000e+00
1.000000e+00,0.000000e+00,0.000000e+00,0.000000e+00,0.000000e+00,0.000000e+00,0.000000e+00,0.000000e+00,0.000000e+00,0.000000e+00,0.000000e+00,0.000000e+00,0.000000e+00,0.000000e+00,0.000000e+00
1.000000e+00,0.000000e+00,0.000000e+00,0.000000e+00,0.000000e+00,0.000000e+00,0.000000e+00,0.000000e+00,0.000000e+00,0.000000e+00,0.000000e+00,0.000000e+00,0.000000e+00,0.000000e+00,0.000000e+00
1.000000e+00,0.000000e+00,0.000000e+00,0.000000e+00,0.000000e+00,0.000000e+00,0.000000e+00,0.000000e+00,0.000000e+00,0.000000e+00,0.000000e+00,0.000000e+00,0.000000e+00,0.000000e+00,0.000000e+00
1.000000e+00,0.000000e+00,0.000000e+00,0.000000e+00,0.000000e+00,0.000000e+00,0.000000e+00,0.000000e+00,0.000000e+00,0.000000e+00,0.000000e+00,0.000000e+00,0.000000e+00,0.000000e+00,0.000000e+00
1.000000e+00,0.000000e+00,0.000000e+00,0.000000e+00,0.000000e+00,0.000000e+00,0.000000e+00,0.000000e+00,0.000000e+00,0.000000e+00,0.000000e+00,0.000000e+00,0.000000e+00,0.000000e+00,0.000000e+00
1.000000e+00,0.000000e+00,0.000000e+00,0.000000e+00,0.000000e+00,0.000000e+00,0.000000e+00,0.000000e+00,0.000000e+00,0.000000e+00,0.000000e+00,0.000000e+00,0.000000e+00,0.000000e+00,0.000000e+00
1.000000e+00,0.000000e+00,0.000000e+00,0.000000e+00,0.000000e+00,0.000000e+00,0.000000e+00,0.000000e+00,0.000000e+00,0.000000e+00,0.000000e+00,0.000000e+00,0.000000e+00,0.000000e+00,0.000000e+00
1.000000e+00,0.000000e+00,0.000000e+00,0.000000e+00,0.000000e+00,0.000000e+00,0.000000e+00,0.000000e+00,0.000000e+00,0.000000e+00,0.000000e+00,0.000000e+00,0.000000e+00,0.000000e+00,0.000000e+00
1.000000e+00,0.000000e+00,0.000000e+00,0.000000e+00,0.000000e+00,0.000000e+00,0.000000e+00,0.000000e+00,0.000000e+00,0.000000e+00,0.000000e+00,0.000000e+00,0.000000e+00,0.000000e+00,0.000000e+00
1.000000e+00,0.000000e+00,0.000000e+00,0.000000e+00,0.000000e+00,0.000000e+00,0.000000e+00,0.000000e+00,0.000000e+00,0.000000e+00,0.000000e+00,0.000000e+00,0.000000e+00,0.000000e+00,0.000000e+00
1.000000e+00,0.000000e+00,0.000000e+00,0.000000e+00,0.000000e+00,0.000000e+00,0.000000e+00,0.000000e+00,0.000000e+00,0.000000e+00,0.000000e+00,0.000000e+00,0.000000e+00,0.000000e+00,0.000000e+00
1.000000e+00,0.000000e+00,0.000000e+00,0.000000e+00,0.000000e+00,0.000000e+00,0.000000e+00,0.000000e+00,0.000000e+00,0.000000e+00,0.000000e+00,0.000000e+00,0.000000e+00,0.000000e+00,0.000000e+00
1.000000e+00,0.000000e+00,0.000000e+00,0.000000e+00,0.000000e+00,0.000000e+00,0.000000e+00,0.000000e+00,0.000000e+00,0.000000e+00,0.000000e+00,0.000000e+00,0.000000e+00,0.000000e+00,0.000000e+00
1.000000e+00,0.000000e+00,0.000000e+00,0.000000e+00,0.000000e+00,0.000000e+00,0.000000e+00,0.000000e+00,0.000000e+00,0.000000e+00,0.000000e+00,0.000000e+00,0.000000e+00,0.000000e+00,0.000000e+00
1.000000e+00,0.000000e+00,0.000000e+00,0.000000e+00,0.000000e+00,0.000000e+00,0.000000e+00,0.000000e+00,0.000000e+00,0.000000e+00,0.000000e+00,0.000000e+00,0.000000e+00,0.000000e+00,0.000000e+00
1.000000e+00,0.000000e+00,0.000000e+00,0.000000e+00,0.000000e+00,0.000000e+00,0.000000e+00,0.000000e+00,0.000000e+00,0.000000e+00,0.000000e+00,0.000000e+00,0.000000e+00,0.000000e+00,0.000000e+00
1.000000e+00,0.000000e+00,0.000000e+00,0.000000e+00,0.000000e+00,0.000000e+00,0.000000e+00,0.000000e+00,0.000000e+00,0.000000e+00,0.000000e+00,0.000000e+00,0.000000e+00,0.000000e+00,0.000000e+00
1.000000e+00,0.000000e+00,0.000000e+00,0.000000e+00,0.000000e+00,0.000000e+00,0.000000e+00,0.000000e+00,0.000000e+00,0.000000e+00,0.000000e+00,0.000000e+00,0.000000e+00,0.000000e+00,0.000000e+00
1.000000e+00,0.000000e+00,0.000000e+00,0.000000e+00,0.000000e+00,0.000000e+00,0.000000e+00,0.000000e+00,0.000000e+00,0.000000e+00,0.000000e+00,0.000000e+00,0.000000e+00,0.000000e+00,0.000000e+00
1.000000e+00,0.000000e+00,0.000000e+00,0.000000e+00,0.000000e+00,0.000000e+00,0.000000e+00,0.000000e+00,0.000000e+00,0.000000e+00,0.000000e+00,0.000000e+00,0.000000e+00,0.000000e+00,0.000000e+00
1.000000e+00,0.000000e+00,0.000000e+00,0.000000e+00,0.000000e+00,0.000000e+00,0.000000e+00,0.000000e+00,0.000000e+00,0.000000e+00,0.000000e+00,0.000000e+00,0.000000e+00,0.000000e+00,0.000000e+00
1.000000e+00,0.000000e+00,0.000000e+00,0.000000e+00,0.000000e+00,0.000000e+00,0.000000e+00,0.000000e+00,0.000000e+00,0.000000e+00,0.000000e+00,0.000000e+00,0.000000e+00,0.000000e+00,0.000000e+00
1.000000e+00,0.000000e+00,0.000000e+00,0.000000e+00,0.000000e+00,0.000000e+00,0.000000e+00,0.000000e+00,0.000000e+00,0.000000e+00,0.000000e+00,0.000000e+00,0.000000e+00,0.000000e+00,0.000000e+00
1.000000e+00,0.000000e+00,0.000000e+00,0.000000e+00,0.000000e+00,0.000000e+00,0.000000e+00,0.000000e+00,0.000000e+00,0.000000e+00,0.000000e+00,0.000000e+00,0.000000e+00,0.000000e+00,0.000000e+00
3.690793e-01,3.756887e-02,4.936283e-03,1.254430e-01,2.503984e-03,1.536668e-02,2.250362e-03,6.723940e-03,2.080307e-02,5.277466e-03,5.283745e-03,1.793715e-02,3.327303e-01,2.018109e-03,5.207787e-02
2.585839e-01,2.653483e-02,3.508497e-03,8.913136e-02,2.044724e-03,1.223631e-02,1.775331e-03,4.843501e-03,1.685892e-02,3.827071e-03,3.863961e-03,1.406032e-02,5.240921e-01,1.479110e-03,3.716009e-02
1.840362e-01,3.046104e-02,4.937042e-03,6.823540e-02,1.804441e-02,1.216484e-02,2.101526e-03,4.651423e-03,1.243673e-01,3.859060e-03,3.710353e-03,1.759836e-02,4.567977e-01,4.321134e-03,6.471428e-02
1.291371e-01,2.175061e-02,4.251963e-03,4.849992e-02,2.182419e-02,9.557450e-03,1.638935e-03,4.215779e-03,9.942852e-02,4.252157e-03,5.412836e-03,2.403534e-02,5.755274e-01,3.610606e-03,4.685722e-02
9.219660e-02,1.714976e-02,4.186064e-03,3.515022e-02,1.970840e-02,1.127508e-02,1.664396e-03,3.417271e-03,8.821663e-02,3.667209e-02,1.228762e-02,6.638301e-02,5.695136e-01,3.788418e-03,3.839093e-02
6.817462e-02,1.269170e-02,3.536536e-03,2.731820e-02,1.752152e-02,1.597063e-02,1.611431e-03,3.136542e-03,8.424471e-02,4.654605e-02,2.562743e-02,1.358474e-01,5.251493e-01,3.869406e-03,2.875457e-02
5.115564e-02,9.319524e-03,2.820459e-03,2.187178e-02,1.710927e-02,1.606981e-02,2.172741e-03,3.041165e-03,9.691720e-02,6.113771e-02,3.229497e-02,1.858002e-01,4.758897e-01,3.224079e-03,2.117587e-02
3.684158e-02,7.314722e-03,3.560736e-03,1.801906e-02,1.848809e-02,1.280010e-02,3.884466e-03,4.812286e-03,1.956733e-01,5.166427e-02,4.052350e-02,1.974955e-01,3.906240e-01,2.739473e-03,1.555886e-02
2.687005e-02,5.206545e-03,4.066921e-03,1.316412e-02,1.499074e-02,1.017747e-02,5.030170e-03,1.526096e-01,1.401507e-01,3.972559e-02,5.168111e-02,1.642534e-01,3.585530e-01,2.172912e-03,1.134781e-02
2.025027e-02,3.799613e-03,2.122425e-02,1.080252e-02,1.529369e-02,7.818839e-03,8.810065e-03,3.035411e-01,1.029371e-01,3.001164e-02,6.175468e-02,1.239017e-01,2.799487e-01,1.683964e-03,8.221981e-03
1.618051e-02,4.039298e-03,2.187327e-01,2.229219e-02,2.243233e-02,1.174159e-02,8.948334e-03,2.534659e-01,8.390220e-02,2.268076e-02,4.370648e-02,8.701692e-02,1.971599e-01,1.187681e-03,6.513328e-03
2.613033e-02,7.765210e-03,2.948213e-01,2.687882e-02,2.835501e-02,1.740747e-02,7.920387e-03,2.087166e-01,7.143137e-02,2.558742e-02,3.131068e-02,6.118210e-02,1.399027e-01,1.069389e-03,5.152129e-02
3.139881e-02,3.316034e-02,2.703018e-01,3.186427e-02,5.112906e-02,3.321134e-02,8.515222e-03,1.497308e-01,9.113320e-02,2.608789e-02,2.960682e-02,4.407366e-02,1.009187e-01,1.159719e-03,9.770831e-02
3.778781e-02,5.947162e-02,2.681480e-01,7.422376e-02,9.634720e-02,4.544559e-02,1.208378e-02,1.087535e-01,6.966265e-02,1.992437e-02,2.440391e-02,3.161154e-02,7.240944e-02,1.545984e-03,7.818080e-02
4.944395e-02,7.640199e-02,2.339252e-01,9.987694e-02,1.349541e-01,4.959906e-02,4.585389e-02,7.951281e-02,5.649568e-02,1.532557e-02,2.105920e-02,2.353713e-02,5.372200e-02,1.859335e-03,5.843317e-02
4.883606e-02,7.116187e-02,1.806476e-01,7.693963e-02,2.154736e-01,4.779023e-02,6.883259e-02,6.054331e-02,4.143514e-02,5.910129e-02,1.611958e-02,1.676145e-02,3.939586e-02,2.642805e-03,5.431902e-02
4.972856e-02,7.263498e-02,1.443845e-01,6.019118e-02,2.298875e-01,3.983311e-02,8.359332e-02,4.838521e-02,3.176824e-02,1.331913e-01,1.452469e-02,1.288027e-02,3.020096e-02,2.665962e-03,4.613017e-02
4.934675e-02,5.847289e-02,1.379017e-01,4.662449e-02,2.115191e-01,3.096813e-02,1.704706e-01,5.427039e-02,2.464586e-02,1.284558e-01,1.442780e-02,1.055656e-02,2.532140e-02,2.211184e-03,3.480747e-02
7.336524e-02,4.937650e-02,1.144602e-01,3.917498e-02,1.731458e-01,3.464765e-02,2.045702e-01,6.654279e-02,1.990181e-02,1.378953e-01,1.253998e-02,1.044172e-02,2.093442e-02,2.659465e-03,4.034408e-02
1.356328e-01,4.827442e-02,8.728793e-02,3.757412e-02,1.465085e-01,4.211926e-02,2.000003e-01,6.151615e-02,1.813014e-02,1.172550e-01,1.264864e-02,1.815704e-02,1.756836e-02,5.321009e-03,5.200629e-02
1.361759e-01,6.957874e-02,8.102205e-02,1.029869e-01,1.424406e-01,5.277477e-02,1.489316e-01,4.671639e-02,1.659633e-02,9.649426e-02,1.457884e-02,2.444845e-02,1.605741e-02,6.415949e-03,4.478192e-02
1.911253e-01,6.391601e-02,7.367995e-02,1.181706e-01,1.163327e-01,5.307253e-02,1.089390e-01,3.478426e-02,1.626482e-02,8.264521e-02,2.492932e-02,3.829834e-02,1.948959e-02,8.826766e-03,4.952574e-02
1.595351e-01,5.352733e-02,6.176569e-02,8.570430e-02,8.471731e-02,1.495888e-01,7.677107e-02,2.512053e-02,1.626618e-02,6.810908e-02,9.897718e-02,3.896353e-02,1.891419e-02,1.658138e-02,4.545832e-02
1.140323e-01,5.149280e-02,5.035162e-02,6.117579e-02,6.077849e-02,2.064313e-01,5.390853e-02,1.767995e-02,2.127311e-02,6.510808e-02,1.432166e-01,3.492451e-02,1.778314e-02,4.636892e-02,5.547485e-02
8.068625e-02,4.836996e-02,3.811331e-02,4.306804e-02,4.356544e-02,1.855191e-01,3.780722e-02,1.245786e-02,3.347337e-02,5.197101e-02,1.953240e-01,3.131096e-02,1.438265e-02,1.040228e-01,7.992799e-02
5.742041e-02,4.611601e-02,2.828024e-02,3.050698e-02,3.072611e-02,1.636713e-01,2.658118e-02,8.786405e-03,3.748710e-02,4.353691e-02,3.007885e-01,2.677143e-02,1.257831e-02,1.092800e-01,7.746921e-02
4.096465e-02,3.828290e-02,2.127028e-02,2.158264e-02,2.166044e-02,1.310277e-01,1.867946e-02,6.210417e-03,3.014832e-02,3.598392e-02,4.404407e-01,2.475970e-02,1.005634e-02,9.935098e-02,5.958158e-02
2.959188e-02,3.028983e-02,1.765870e-02,1.549986e-02,1.662834e-02,9.634454e-02,1.329126e-02,4.737475e-03,4.165713e-02,2.855644e-02,5.435987e-01,2.773219e-02,7.963167e-03,8.306223e-02,4.338820e-02
2.116777e-02,2.868669e-02,1.796808e-02,1.177121e-02,1.222447e-02,7.628461e-02,9.558011e-03,3.984267e-03,1.597452e-01,2.414191e-02,4.889492e-01,2.935264e-02,5.861085e-03,7.892839e-02,3.137641e-02
1.654838e-02,3.421624e-02,1.863353e-02,8.789873e-03,9.901257e-03,6.544551e-02,7.401918e-03,1.791371e-02,3.414930e-01,1.766224e-02,3.558557e-01,2.260088e-02,4.177899e-03,5.728107e-02,2.207877e-02
1.199627e-02,5.797134e-02,1.625009e-02,2.775687e-02,1.239512e-02,5.478982e-02,5.211495e-03,1.391921e-02,4.619634e-01,1.276344e-02,2.499678e-01,1.589360e-02,3.011672e-03,4.039758e-02,1.571232e-02
8.649100e-03,6.172947e-02,1.242101e-02,2.533023e-02,1.294675e-02,8.681130e-02,3.673220e-03,1.032503e-02,5.400774e-01,9.156259e-03,1.757186e-01,1.118317e-02,2.252902e-03,2.846952e-02,1.125599e-02
6.845535e-03,6.852473e-02,1.211388e-02,3.383554e-02,4.823348e-02,1.249088e-01,2.668185e-03,8.281379e-03,5.181366e-01,7.174224e-03,1.244515e-01,7.903544e-03,2.041929e-03,2.099330e-02,1.388730e-02
5.174908e-03,5.506923e-02,9.696348e-03,1.744715e-01,3.867169e-02,1.193896e-01,1.885790e-03,6.233176e-03,4.020281e-01,9.815877e-03,1.251956e-01,6.371738e-03,4.880430e-03,1.578726e-02,2.532890e-02
7.582689e-03,5.276252e-02,7.865044e-03,2.175733e-01,3.153721e-02,1.250720e-01,1.387193e-03,6.013860e-03,3.162010e-01,1.663019e-02,1.420082e-01,5.340230e-03,6.286663e-03,1.290969e-02,5.083025e-02
5.997622e-03,4.003491e-02,1.147816e-02,2.189946e-01,2.310573e-02,9.137671e-02,1.027261e-03,4.535192e-03,2.562436e-01,4.581357e-02,2.242071e-01,4.453906e-03,8.071307e-03,1.046349e-02,5.419676e-02
4.356662e-03,2.922571e-02,1.118339e-02,1.866499e-01,1.691439e-02,6.804645e-02,7.851298e-04,3.413366e-03,2.824687e-01,4.141852e-02,2.666323e-01,4.169600e-03,1.457312e-02,9.735013e-03,6.042761e-02
3.302479e-03,2.095601e-02,8.282637e-03,1.343572e-01,1.196259e-02,4.837447e-02,7.751121e-04,2.635065e-03,2.573577e-01,3.180485e-02,3.437781e-01,9.427250e-03,2.015837e-02,2.073898e-02,8.608931e-02
2.475410e-03,1.522274e-02,6.218049e-03,9.439967e-02,8.537444e-03,4.041293e-02,6.506037e-04,1.953815e-03,1.903879e-01,2.403352e-02,4.631364e-01,1.144261e-02,1.703989e-02,4.918885e-02,7.490011e-02
1.854511e-03,1.189701e-02,5.358855e-03,6.662159e-02,7.249143e-03,3.223077e-02,5.314136e-04,1.493142e-03,1.380639e-01,1.750555e-02,5.454389e-01,1.219975e-02,1.281546e-02,9.153467e-02,5.520529e-02
1.373067e-03,9.546014e-03,6.364821e-03,4.738921e-02,6.247018e-03,2.340301e-02,3.915418e-04,1.119933e-03,1.057509e-01,1.266307e-02,5.163348e-01,9.890891e-03,9.147338e-03,2.110406e-01,3.933783e-02
9.977760e-04,8.215326e-03,7.391274e-03,3.354923e-02,5.761978e-03,1.714868e-02,2.999227e-04,8.250557e-04,1.066385e-01,9.194928e-03,4.291242e-01,9.538855e-03,6.645062e-03,3.363805e-01,2.828865e-02
7.271421e-04,9.252883e-03,1.347798e-02,2.374129e-02,5.840963e-03,1.279074e-02,2.256760e-04,5.997243e-04,9.996532e-02,6.748531e-03,3.844143e-01,7.351796e-03,4.742608e-03,4.096656e-01,2.045537e-02
9.630191e-04,7.713454e-03,1.125230e-02,2.023807e-02,4.777032e-03,2.794413e-02,2.777789e-04,7.816385e-04,1.280230e-01,6.024882e-03,2.935825e-01,6.619173e-03,4.713837e-03,4.717118e-01,1.537732e-02
1.781164e-03,9.223498e-03,1.160155e-02,1.557522e-02,4.165815e-03,4.272461e-02,2.808248e-04,1.547184e-03,1.129154e-01,6.107347e-03,2.375270e-01,5.411386e-03,3.680907e-03,5.358003e-01,1.165769e-02
2.330191e-03,1.002801e-02,1.083435e-02,1.181354e-02,3.258377e-03,9.126208e-02,2.376985e-04,2.302726e-03,9.425454e-02,6.883295e-03,2.299122e-01,4.657954e-03,4.319636e-03,5.183029e-01,9.602487e-03
2.051455e-03,8.904103e-03,1.016806e-02,8.432803e-03,2.489263e-03,6.916784e-02,1.786229e-04,1.809857e-03,8.026587e-02,5.370505e-03,1.918876e-01,3.579048e-03,3.529928e-03,6.046211e-01,7.543902e-03
1.701322e-03,2.967298e-02,8.322343e-03,5.936599e-03,1.792218e-03,5.143016e-02,1.296772e-04,1.291546e-03,7.428661e-02,4.754691e-03,1.525230e-01,2.822624e-03,2.631502e-03,6.569147e-01,5.790044e-03
1.445665e-03,3.016520e-02,6.365805e-03,4.200540e-03,1.340879e-03,3.936538e-02,9.539653e-05,9.500117e-04,8.050421e-02,3.970648e-03,1.209270e-01,2.545757e-03,2.004631e-03,7.018156e-01,4.303223e-03
1.291848e-03,3.079377e-02,4.701716e-03,2.976489e-03,1.001384e-03,3.310740e-02,7.245645e-05,6.993086e-04,7.857440e-02,3.766158e-03,9.322906e-02,1.898457e-03,1.467345e-03,7.430487e-01,3.371530e-03
1.980856e-03,2.594513e-02,4.242601e-03,2.419623e-03,9.131398e-04,3.292578e-02,7.906685e-05,6.667566e-04,1.274304e-01,1.237340e-02,6.722900e-02,1.379756e-03,1.357019e-03,7.168144e-01,4.243081e-03
3.078895e-03,1.997038e-02,4.353336e-03,2.261539e-03,2.016657e-03,3.953773e-02,1.043563e-04,8.166034e-04,2.057938e-01,4.639739e-02,5.081252e-02,1.024583e-03,1.351128e-03,6.166325e-01,5.848516e-03
8.660192e-03,1.798698e-02,5.877100e-03,1.869293e-03,3.010264e-03,3.489786e-02,1.331682e-04,1.580663e-03,1.936279e-01,8.780775e-02,6.770819e-02,1.172471e-03,1.819208e-03,5.659405e-01,7.908470e-03
8.447521e-03,1.479730e-02,6.330195e-03,1.667084e-03,3.534066e-03,3.082792e-02,1.250758e-04,2.024967e-03,2.686511e-01,9.244518e-02,7.407974e-02,1.157216e-03,1.857804e-03,4.856602e-01,8.394599e-03
1.165899e-02,1.203888e-02,4.979577e-03,1.381371e-03,3.738944e-03,2.500348e-02,1.081541e-04,2.083547e-03,2.585230e-01,9.458218e-02,9.464772e-02,1.081909e-03,1.766389e-03,4.813501e-01,7.055803e-03
8.866735e-03,8.942416e-03,3.553825e-03,1.148111e-03,2.920292e-03,1.846013e-02,8.352534e-05,1.534039e-03,2.093158e-01,9.251191e-02,1.511883e-01,2.004774e-03,2.359106e-03,4.912448e-01,5.866170e-03
7.605172e-03,6.695350e-03,2.539192e-03,9.464336e-04,2.402429e-03,1.364241e-02,6.650205e-05,1.141581e-03,1.715025e-01,7.620702e-02,2.099093e-01,2.220967e-03,2.342983e-03,4.980375e-01,4.740578e-03
5.876444e-03,5.463178e-03,1.874225e-03,7.608756e-04,1.940389e-03,1.031068e-02,6.133574e-05,9.869242e-04,1.366833e-01,5.805716e-02,2.365847e-01,1.816032e-03,2.053690e-03,5.334871e-01,4.043958e-03
5.196918e-03,4.676294e-03,1.452861e-03,8.497125e-04,1.694098e-03,9.270238e-03,8.264880e-05,1.221458e-03,1.117294e-01,6.031876e-02,2.293531e-01,1.711558e-03,1.943429e-03,5.673470e-01,3.152544e-03
6.005951e-03,4.400907e-03,1.293246e-03,1.340851e-03,2.116116e-03,9.409927e-03,9.393747e-05,1.619165e-03,1.112771e-01,7.357186e-02,2.002367e-01,1.741337e-03,2.350184e-03,5.816414e-01,2.901306e-03
1.148064e-02,1.410235e-02,5.657121e-03,4.797215e-03,3.794190e-02,8.754460e-03,3.872666e-04,3.024061e-03,1.417466e-01,6.780262e-02,2.239389e-01,1.819989e-03,5.191552e-03,4.699632e-01,3.392210e-03
3.601466e-02,4.088603e-02,2.163665e-02,1.214591e-02,7.091045e-02,1.837965e-02,8.898108e-04,4.515396e-03,1.596155e-01,5.799349e-02,2.101581e-01,1.644278e-03,5.360477e-03,3.551416e-01,4.708020e-03
5.319313e-02,3.815480e-02,5.592664e-02,2.266363e-02,1.171225e-01,2.665008e-02,1.686663e-03,4.592264e-02,1.432202e-01,4.508136e-02,1.828610e-01,1.823224e-03,4.938174e-03,2.559057e-01,4.850259e-03
6.109947e-02,3.919350e-02,4.559427e-02,1.772663e-02,2.036393e-01,9.916148e-02,1.993591e-03,4.614585e-02,1.084397e-01,3.232877e-02,1.451027e-01,1.511603e-03,4.047243e-03,1.899614e-01,4.054558e-03
5.817325e-02,5.011704e-02,5.017108e-02,3.083640e-02,2.495174e-01,1.056052e-01,2.329538e-03,9.349105e-02,8.875285e-02,2.283655e-02,1.042908e-01,1.615903e-03,3.908690e-03,1.348710e-01,3.483340e-03
7.328215e-02,4.402035e-02,7.970235e-02,3.047634e-02,2.366889e-01,1.383015e-01,2.283679e-03,7.436109e-02,9.703368e-02,1.872821e-02,8.343235e-02,1.808006e-03,3.351867e-03,1.091686e-01,7.360911e-03
7.954974e-02,4.288732e-02,8.425508e-02,3.083977e-02,2.451239e-01,1.682693e-01,2.526911e-03,6.381248e-02,1.035321e-01,1.510780e-02,6.658526e-02,2.245554e-03,3.000966e-03,8.404203e-02,8.221804e-03
8.683442e-02,5.095251e-02,7.906123e-02,3.931880e-02,2.584580e-01,1.267451e-01,2.346778e-03,5.280995e-02,1.319140e-01,1.384901e-02,5.337299e-02,2.791628e-03,2.983057e-03,6.785385e-02,3.070873e-02
1.273678e-01,5.312487e-02,7.012829e-02,3.647723e-02,2.662855e-01,1.004628e-01,2.159941e-03,4.498674e-02,1.256409e-01,1.410223e-02,5.967926e-02,4.467703e-03,4.765549e-03,6.451865e-02,2.583251e-02
1.653282e-01,7.952002e-02,6.057569e-02,3.985172e-02,2.128450e-01,7.525590e-02,1.760289e-03,3.448221e-02,1.214758e-01,1.929427e-02,8.485162e-02,4.899685e-03,6.049796e-03,6.885573e-02,2.495412e-02
1.782285e-01,7.768251e-02,5.409917e-02,1.216673e-01,1.808768e-01,5.634833e-02,2.207338e-03,3.080545e-02,1.056269e-01,1.778316e-02,8.204317e-02,7.684709e-03,6.080162e-03,5.435501e-02,2.451148e-02
2.251713e-01,7.145788e-02,4.373189e-02,1.130159e-01,1.525315e-01,4.425654e-02,2.017341e-03,2.672901e-02,1.233926e-01,2.037758e-02,8.409631e-02,1.006357e-02,6.956497e-03,5.100895e-02,2.519306e-02
2.926441e-01,6.095581e-02,3.583955e-02,9.475820e-02,1.309236e-01,3.336874e-02,1.916811e-03,2.043530e-02,1.405773e-01,1.738185e-02,6.827246e-02,1.018887e-02,6.733715e-03,6.283768e-02,2.316590e-02
2.137223e-01,1.211478e-01,4.642055e-02,2.028012e-01,1.057003e-01,4.719087e-02,1.648440e-03,1.508132e-02,1.024729e-01,1.599476e-02,4.966332e-02,7.298778e-03,4.913979e-03,4.433596e-02,2.160740e-02
1.551042e-01,2.890332e-01,4.171802e-02,1.439245e-01,7.633614e-02,3.462262e-02,1.181804e-03,1.077079e-02,7.679607e-02,7.331318e-02,3.613750e-02,5.245328e-03,4.181821e-03,3.133406e-02,2.030076e-02
1.387025e-01,4.125485e-01,3.454624e-02,1.030909e-01,5.855654e-02,2.890325e-02,8.704957e-04,8.227607e-03,6.589817e-02,6.440574e-02,2.934247e-02,3.954323e-03,3.703722e-03,2.632229e-02,2.092720e-02
1.263573e-01,4.568959e-01,2.774117e-02,7.395796e-02,4.411834e-02,2.379989e-02,6.336619e-04,6.207116e-03,6.268424e-02,1.070630e-01,2.256908e-02,3.155646e-03,3.234771e-03,2.120859e-02,2.037334e-02
1.162146e-01,4.084763e-01,3.198969e-02,5.383714e-02,3.396358e-02,2.181984e-02,4.769756e-04,4.624091e-03,7.145771e-02,1.881965e-01,1.715784e-02,2.600579e-03,3.069189e-03,1.931401e-02,2.680183e-02
1.927858e-01,3.125946e-01,3.410092e-02,4.072455e-02,2.745891e-02,2.184225e-02,7.644846e-04,5.545638e-03,5.998530e-02,2.273979e-01,1.368935e-02,3.443305e-03,3.557431e-03,1.739280e-02,3.871686e-02
2.310057e-01,2.504242e-01,3.239992e-02,3.229889e-02,2.527465e-02,2.522228e-02,9.933049e-04,5.478847e-03,5.390685e-02,2.461288e-01,1.221146e-02,4.199593e-03,4.270947e-03,1.784682e-02,5.833771e-02
2.319477e-01,2.352672e-01,3.532305e-02,2.377096e-02,2.160065e-02,2.813755e-02,9.553080e-04,4.629980e-03,4.543841e-02,2.185989e-01,1.148111e-02,3.572138e-03,3.986858e-03,5.199716e-02,8.329292e-02
2.555589e-01,1.977744e-01,5.666085e-02,1.822831e-02,1.793849e-02,2.674738e-02,1.040136e-03,4.157123e-03,3.777609e-02,2.156698e-01,1.076842e-02,3.160982e-03,3.376237e-03,5.642319e-02,9.471956e-02
2.277930e-01,1.436463e-01,5.525360e-02,1.372733e-02,1.381390e-02,2.240682e-02,1.041916e-03,3.647380e-03,4.349798e-02,2.895190e-01,9.123729e-03,2.420402e-03,2.752661e-03,5.982695e-02,1.115290e-01
2.173249e-01,1.060517e-01,4.762885e-02,1.109730e-02,1.252864e-02,2.325723e-02,9.560922e-04,4.150596e-03,4.724260e-02,2.977038e-01,8.872261e-03,2.678770e-03,3.306676e-03,6.783576e-02,1.493648e-01
1.531805e-01,7.645964e-02,3.591247e-02,8.978779e-03,8.885311e-03,1.671811e-02,7.110004e-04,2.995102e-03,7.459132e-02,2.941028e-01,6.576741e-03,1.958039e-03,3.156360e-03,5.778280e-02,2.579910e-01
1.076888e-01,5.593244e-02,2.580174e-02,6.351465e-03,6.317568e-03,1.188838e-02,5.115674e-04,2.116628e-03,9.402330e-02,3.217679e-01,4.704696e-03,1.391015e-03,2.431930e-03,5.668167e-02,3.023910e-01
7.847711e-02,4.039855e-02,1.865430e-02,4.735956e-03,4.724961e-03,8.669237e-03,3.996990e-04,1.863353e-03,1.322030e-01,3.194107e-01,6.626593e-03,1.689289e-03,4.921621e-03,4.514284e-02,3.320829e-01
8.435985e-02,3.080263e-02,1.433728e-02,7.611826e-03,5.567429e-03,1.026299e-02,5.757177e-04,2.310215e-03,1.011511e-01,3.379793e-01,1.759480e-02,2.834228e-03,1.445699e-02,3.555159e-02,3.346041e-01
8.643150e-02,4.643778e-02,1.690643e-02,6.415708e-02,1.441617e-02,1.297860e-02,1.387064e-03,2.937003e-03,1.006649e-01,3.113905e-01,1.772881e-02,3.551246e-03,1.624750e-02,2.579864e-02,2.789668e-01
7.791369e-02,4.962408e-02,2.158574e-02,9.114788e-02,1.520695e-02,1.559472e-02,2.000085e-03,3.222443e-03,9.274789e-02,2.939487e-01,1.663790e-02,3.448291e-03,1.778028e-02,1.846045e-02,2.806809e-01
5.782983e-02,6.727272e-02,3.454426e-02,1.685268e-01,1.316760e-02,1.463059e-02,1.944607e-03,3.714255e-03,1.202640e-01,2.318192e-01,1.791434e-02,6.709051e-03,1.796753e-02,1.316041e-02,2.305348e-01
4.138036e-02,8.749693e-02,3.775389e-02,1.434781e-01,1.077002e-02,1.470927e-02,1.645669e-03,2.784973e-03,1.097998e-01,2.558082e-01,1.939639e-02,5.918035e-03,8.245872e-02,9.308668e-03,1.772910e-01
2.930700e-02,9.481888e-02,2.934726e-02,1.096031e-01,7.868876e-03,1.282964e-02,1.244345e-03,2.045705e-03,1.159007e-01,1.823187e-01,1.648488e-02,6.739161e-03,2.551821e-01,6.773540e-03,1.295360e-01
2.128597e-02,7.408432e-02,2.075977e-02,8.167412e-02,5.733316e-03,1.414020e-02,9.333446e-04,1.510760e-03,1.520341e-01,1.280713e-01,1.752314e-02,1.713961e-02,2.919103e-01,5.419411e-03,1.677803e-01
1.571318e-02,6.504810e-02,1.559587e-02,8.387788e-02,4.271318e-03,1.485522e-02,7.287475e-04,1.318671e-03,1.411310e-01,9.076332e-02,2.063641e-02,3.384168e-02,3.612765e-01,4.668750e-03,1.462733e-01
1.166714e-02,4.986864e-02,1.131519e-02,6.803763e-02,3.086618e-03,1.480231e-02,5.369735e-04,1.035405e-03,1.110542e-01,6.464885e-02,2.546565e-02,3.392074e-02,4.731666e-01,4.117362e-03,1.272768e-01
9.000508e-03,3.853767e-02,8.064076e-03,4.995802e-02,2.856111e-03,1.625185e-02,4.303022e-04,1.072979e-03,1.305743e-01,4.543777e-02,2.268215e-02,3.837429e-02,5.400232e-01,3.059058e-03,9.367767e-02
1.008297e-02,2.792350e-02,8.290282e-03,3.827578e-02,9.105782e-03,1.681189e-02,3.257484e-03,3.320901e-03,1.112965e-01,3.196850e-02,1.668251e-02,2.822569e-02,6.237403e-01,2.366802e-03,6.865106e-02
1.586708e-02,3.725873e-02,4.553793e-02,6.049602e-02,2.706575e-02,1.822501e-02,3.582097e-03,4.242351e-03,1.075522e-01,3.579934e-02,1.395268e-02,2.283911e-02,5.251794e-01,4.018840e-03,7.838339e-02
1.902878e-02,3.106445e-02,3.845412e-02,5.080615e-02,3.501826e-02,2.187960e-02,3.314250e-03,4.321770e-03,9.944706e-02,4.180687e-02,2.507579e-02,2.138921e-02,4.604231e-01,5.712362e-03,1.422581e-01
2.287470e-02,2.571318e-02,3.369545e-02,3.775004e-02,4.087010e-02,2.787004e-02,3.740963e-03,5.567175e-03,9.442566e-02,3.100855e-02,2.995392e-02,1.963357e-02,4.562958e-01,5.134929e-03,1.654658e-01
3.652371e-02,3.046823e-02,6.922625e-02,4.787435e-02,7.934812e-02,3.563213e-02,4.898238e-03,1.249382e-02,1.058878e-01,2.490610e-02,2.828522e-02,1.968274e-02,3.657899e-01,4.758569e-03,1.342248e-01
4.084844e-02,3.088798e-02,6.967829e-02,3.807050e-02,6.333437e-02,3.269140e-02,4.966493e-03,1.690416e-02,1.180203e-01,2.630541e-02,3.793826e-02,2.244996e-02,3.015254e-01,1.371268e-02,1.826664e-01
8.205155e-02,3.239204e-02,7.263564e-02,3.449867e-02,4.946872e-02,3.167720e-02,4.506736e-03,2.844722e-02,1.449747e-01,2.676239e-02,3.537730e-02,2.125757e-02,2.587380e-01,1.403971e-02,1.631726e-01
8.532682e-02,3.659939e-02,6.892116e-02,3.179926e-02,3.853557e-02,3.228260e-02,4.024412e-03,3.053963e-02,2.004379e-01,2.534607e-02,2.993792e-02,1.771811e-02,2.352348e-01,1.225807e-02,1.510383e-01
7.158102e-02,3.154673e-02,5.599230e-02,2.321568e-02,3.300500e-02,5.833031e-02,4.120013e-03,3.604222e-02,2.195966e-01,1.927667e-02,2.271752e-02,1.389428e-02,2.878197e-01,9.703570e-03,1.131584e-01
7.706717e-02,3.521124e-02,5.322880e-02,1.779236e-02,3.006517e-02,6.448534e-02,5.363635e-03,6.335385e-02,2.600168e-01,1.454915e-02,1.695713e-02,1.062164e-02,2.539306e-01,8.021122e-03,8.933590e-02
6.652206e-02,3.546431e-02,4.377921e-02,1.304361e-02,2.659165e-02,8.427347e-02,5.410118e-03,7.141072e-02,2.341584e-01,1.130497e-02,1.239877e-02,9.460153e-03,3.087770e-01,6.725128e-03,7.068045e-02
5.947464e-02,3.503392e-02,3.410089e-02,1.007602e-02,2.275172e-02,9.399311e-02,5.305752e-03,1.273389e-01,2.245792e-01,8.409245e-03,9.280574e-03,7.509750e-03,3.038760e-01,5.316134e-03,5.295418e-02
4.871678e-02,3.076153e-02,2.659467e-02,7.979937e-03,2.017465e-02,8.085704e-02,4.688173e-03,2.702877e-01,1.986272e-01,6.307194e-03,6.819168e-03,5.889696e-03,2.484142e-01,4.130352e-03,3.975172e-02
4.323420e-02,2.750241e-02,2.030456e-02,6.084568e-03,1.683287e-02,6.488517e-02,5.485079e-03,3.985064e-01,1.607834e-01,5.256023e-03,5.125753e-03,4.588570e-03,2.047744e-01,3.437616e-03,3.319903e-02
4.649434e-02,3.577221e-02,1.773978e-02,5.572550e-03,1.559148e-02,5.132665e-02,6.257666e-03,4.775043e-01,1.230968e-01,5.161688e-03,3.945127e-03,4.371388e-03,1.595438e-01,4.334181e-03,4.328814e-02
4.930186e-02,4.223270e-02,1.625690e-02,5.531677e-03,1.280255e-02,4.341225e-02,7.462732e-03,5.367640e-01,1.047989e-01,4.414598e-03,3.701557e-03,4.581233e-03,1.243349e-01,6.789531e-03,3.761470e-02
9.568179e-02,3.859548e-02,1.706634e-02,8.151055e-03,1.266727e-02,4.525798e-02,7.107815e-03,5.056906e-01,1.025721e-01,4.202482e-03,3.560879e-03,6.999538e-03,1.101569e-01,6.527316e-03,3.576258e-02
1.273088e-01,3.815387e-02,1.971945e-02,9.412786e-03,1.404038e-02,4.357349e-02,7.766115e-03,4.880280e-01,1.058588e-01,4.595785e-03,3.422099e-03,7.881754e-03,8.953304e-02,6.395704e-03,3.430994e-02
2.316907e-01,3.604487e-02,1.686019e-02,1.113403e-02,1.330619e-02,3.816970e-02,7.957035e-03,4.117828e-01,9.858943e-02,5.074091e-03,4.067895e-03,1.012566e-02,7.491295e-02,6.711713e-03,3.357271e-02
3.139845e-01,3.767275e-02,1.548854e-02,1.833955e-02,1.477567e-02,3.699991e-02,7.742424e-03,3.206015e-01,9.921215e-02,6.755730e-03,6.306690e-03,1.847295e-02,6.001324e-02,6.890355e-03,3.674407e-02
2.285285e-01,3.706504e-02,1.322450e-02,5.758295e-02,1.146015e-02,2.802606e-02,5.675780e-03,2.281268e-01,1.109553e-01,3.218036e-02,3.654297e-02,2.582629e-02,7.828397e-02,9.789987e-03,9.673129e-02
1.654100e-01,3.275508e-02,1.125334e-02,5.069752e-02,9.811489e-03,2.088080e-02,4.307634e-03,1.618203e-01,1.283759e-01,8.429621e-02,7.002279e-02,2.239325e-02,8.293543e-02,3.922365e-02,1.158166e-01
1.217605e-01,2.424440e-02,9.693702e-03,4.068941e-02,7.680392e-03,1.613623e-02,3.153021e-03,1.200431e-01,1.046195e-01,1.678307e-01,1.361348e-01,2.095415e-02,1.005764e-01,3.758197e-02,8.890174e-02
8.736771e-02,1.740542e-02,8.268670e-03,3.045763e-02,9.552399e-03,1.211630e-02,2.408931e-03,8.837046e-02,7.818110e-02,3.103396e-01,1.378390e-01,1.654216e-02,8.970454e-02,3.094102e-02,8.050504e-02
6.626104e-02,1.424739e-02,9.258362e-03,2.624531e-02,1.444302e-02,1.027246e-02,2.027739e-03,6.574509e-02,6.335872e-02,3.865901e-01,1.080804e-01,1.281753e-02,9.585170e-02,2.441430e-02,1.003868e-01
6.550387e-02,1.700520e-02,4.820041e-02,3.135706e-02,1.867913e-02,2.457676e-02,2.476844e-03,7.376006e-02,6.660116e-02,3.271917e-01,8.890943e-02,1.007938e-02,1.000724e-01,1.910062e-02,1.064859e-01
6.056623e-02,1.972838e-02,8.580337e-02,3.295854e-02,4.476704e-02,9.813821e-02,1.177742e-02,8.250451e-02,5.676901e-02,2.581587e-01,6.509396e-02,7.283763e-03,7.580125e-02,1.407287e-02,8.657667e-02
6.312525e-02,2.432320e-02,1.030572e-01,3.842427e-02,6.482716e-02,1.040453e-01,1.166276e-02,9.241097e-02,5.903351e-02,2.177400e-01,4.869192e-02,5.465087e-03,6.156406e-02,1.053436e-02,9.509487e-02
6.140272e-02,2.219472e-02,1.820657e-01,5.394665e-02,5.254195e-02,9.097514e-02,9.328900e-03,7.869076e-02,4.821761e-02,1.728920e-01,3.606118e-02,5.127195e-03,5.538879e-02,9.156665e-03,1.220100e-01
6.861804e-02,2.284374e-02,1.823802e-01,4.822338e-02,6.006592e-02,9.740508e-02,8.174274e-03,7.419515e-02,3.844353e-02,1.365902e-01,2.987234e-02,4.301966e-03,6.406102e-02,7.136052e-03,1.576892e-01
6.287120e-02,1.822608e-02,1.427515e-01,4.677395e-02,6.113429e-02,8.311175e-02,1.336472e-01,9.654431e-02,2.897329e-02,1.025084e-01,2.281497e-02,3.221423e-03,4.676704e-02,5.166065e-03,1.454885e-01
5.266866e-02,1.518565e-02,1.335991e-01,4.022786e-02,8.224367e-02,7.352821e-02,1.539606e-01,9.860528e-02,2.167878e-02,1.461699e-01,1.688868e-02,2.479687e-03,3.552338e-02,3.754348e-03,1.234862e-01
4.120348e-02,1.333156e-02,1.182702e-01,3.025461e-02,6.543475e-02,5.955428e-02,2.074828e-01,9.495479e-02,1.737744e-02,1.896130e-01,3.175796e-02,2.749234e-03,2.747023e-02,3.352141e-03,9.719349e-02
7.887092e-02,2.264786e-02,9.443526e-02,2.285979e-02,6.077880e-02,9.245314e-02,1.711534e-01,7.544385e-02,2.115457e-02,1.668712e-01,7.556579e-02,1.182990e-02,2.352974e-02,8.138195e-03,7.426763e-02
9.574264e-02,3.865658e-02,7.567088e-02,1.729114e-02,6.049688e-02,1.103244e-01,1.310015e-01,5.482524e-02,2.369003e-02,1.844206e-01,9.863884e-02,1.670063e-02,2.060073e-02,1.413434e-02,5.780555e-02
2.006261e-01,3.730749e-02,6.203470e-02,1.669158e-02,5.259896e-02,9.602544e-02,9.579161e-02,4.149388e-02,5.116528e-02,1.343505e-01,1.056336e-01,2.006400e-02,2.238762e-02,1.663729e-02,4.719189e-02
2.597810e-01,4.945024e-02,5.298039e-02,1.756602e-02,4.036457e-02,7.956667e-02,6.909713e-02,3.230674e-02,6.388411e-02,9.977297e-02,1.265268e-01,1.944714e-02,1.966905e-02,2.905756e-02,4.052960e-02
1.989170e-01,5.730545e-02,4.661122e-02,1.347342e-02,3.067925e-02,7.535528e-02,4.994794e-02,2.319073e-02,5.704027e-02,7.244601e-02,2.631563e-01,1.701174e-02,1.452757e-02,4.817308e-02,3.216466e-02
1.501712e-01,4.199244e-02,3.411769e-02,1.012896e-02,2.262995e-02,7.369344e-02,3.522981e-02,1.663941e-02,4.298249e-02,5.133734e-02,3.798580e-01,1.705455e-02,1.145826e-02,8.802038e-02,2.468607e-02
1.100963e-01,3.144851e-02,2.470203e-02,7.407349e-03,1.636221e-02,6.035969e-02,2.480817e-02,1.198871e-02,3.254501e-02,3.649490e-02,4.853861e-01,1.588143e-02,8.909676e-03,1.154324e-01,1.817754e-02
8.177432e-02,2.512810e-02,1.862270e-02,5.365903e-03,1.303284e-02,4.946825e-02,1.745070e-02,8.971564e-03,2.909803e-02,2.624058e-02,5.269456e-01,1.666248e-02,6.537596e-03,1.611775e-01,1.352389e-02
6.539576e-02,2.717992e-02,7.677828e-02,6.542573e-03,1.682483e-02,5.224565e-02,1.301350e-02,1.244167e-02,3.395859e-02,2.101366e-02,4.908848e-01,1.731164e-02,4.793556e-03,1.517502e-01,9.865362e-03
5.036659e-02,6.962986e-02,7.422628e-02,5.789688e-03,2.150270e-02,5.321223e-02,1.008453e-02,1.135620e-02,4.340632e-02,1.634293e-02,4.785509e-01,1.558743e-02,3.603439e-03,1.392467e-01,7.094228e-03
4.138240e-02,8.322030e-02,9.551787e-02,9.113832e-03,6.519106e-02,6.830079e-02,8.767512e-03,1.806010e-02,4.833896e-02,2.231926e-02,4.033084e-01,1.445203e-02,2.687489e-03,1.140803e-01,5.259671e-03
3.725144e-02,9.663005e-02,9.696086e-02,9.592558e-03,9.766597e-02,1.055045e-01,7.881153e-03,1.668633e-02,4.812598e-02,2.212147e-02,3.403305e-01,1.127651e-02,2.060391e-03,1.038178e-01,4.094573e-03
3.865352e-02,1.086998e-01,8.293273e-02,8.529401e-03,9.421875e-02,1.689066e-01,6.212720e-03,1.358155e-02,6.038563e-02,1.969359e-02,2.627507e-01,8.355037e-03,1.829866e-03,1.218033e-01,3.446916e-03
4.088193e-02,9.421720e-02,6.563066e-02,7.587139e-03,1.173502e-01,2.336196e-01,5.063167e-03,1.255422e-02,6.938246e-02,1.833297e-02,2.042047e-01,6.343293e-03,1.556051e-03,1.199142e-01,3.362320e-03
4.137311e-02,9.791112e-02,5.353697e-02,7.730638e-03,1.475358e-01,2.760652e-01,4.108091e-03,1.160181e-02,6.973786e-02,1.619110e-02,1.584555e-01,5.132960e-03,1.387472e-03,1.055095e-01,3.722802e-03
4.391775e-02,1.508481e-01,5.560949e-02,2.812865e-02,1.304581e-01,2.859616e-01,3.164390e-03,1.172924e-02,6.897542e-02,1.179231e-02,1.149258e-01,4.091410e-03,1.434541e-03,8.159263e-02,7.370474e-03
8.537034e-02,1.251340e-01,5.202314e-02,2.644312e-02,1.328509e-01,2.771211e-01,2.416081e-03,8.742690e-03,9.079024e-02,8.818393e-03,9.714674e-02,3.585216e-03,1.707224e-03,7.814404e-02,9.706708e-03
1.467425e-01,9.681480e-02,4.400472e-02,2.522805e-02,1.462898e-01,2.400527e-01,1.866899e-03,7.166913e-03,1.139514e-01,6.559271e-03,7.800372e-02,4.206476e-03,2.439163e-03,7.849115e-02,8.182543e-03
2.286733e-01,7.078058e-02,3.608456e-02,2.284761e-02,1.134170e-01,1.800798e-01,1.515927e-03,5.424045e-03,1.799451e-01,5.342181e-03,6.552849e-02,4.065914e-03,2.163883e-03,7.672767e-02,7.403905e-03
3.125946e-01,5.597839e-02,3.348140e-02,2.014705e-02,9.026529e-02,1.375853e-01,1.445791e-03,5.396602e-03,2.040351e-01,4.144682e-03,5.291721e-02,4.048630e-03,2.155413e-03,6.885625e-02,6.948326e-03
3.725861e-01,4.040258e-02,2.547268e-02,1.571660e-02,6.451130e-02,9.995188e-02,1.154112e-03,4.214345e-03,2.512105e-01,5.082416e-03,4.028078e-02,3.976351e-03,1.707410e-03,6.691457e-02,6.818452e-03
4.665931e-01,2.923794e-02,1.925453e-02,1.337174e-02,4.633133e-02,7.410659e-02,1.091742e-03,3.609707e-03,2.334687e-01,4.632438e-03,3.091889e-02,5.480541e-03,1.539678e-03,6.249164e-02,7.871436e-03
1.000000e+00,0.000000e+00,0.000000e+00,0.000000e+00,0.000000e+00,0.000000e+00,0.000000e+00,0.000000e+00,0.000000e+00,0.000000e+00,0.000000e+00,0.000000e+00,0.000000e+00,0.000000e+00,0.000000e+00
1.000000e+00,0.000000e+00,0.000000e+00,0.000000e+00,0.000000e+00,0.000000e+00,0.000000e+00,0.000000e+00,0.000000e+00,0.000000e+00,0.000000e+00,0.000000e+00,0.000000e+00,0.000000e+00,0.000000e+00
1.000000e+00,0.000000e+00,0.000000e+00,0.000000e+00,0.000000e+00,0.000000e+00,0.000000e+00,0.000000e+00,0.000000e+00,0.000000e+00,0.000000e+00,0.000000e+00,0.000000e+00,0.000000e+00,0.000000e+00
1.000000e+00,0.000000e+00,0.000000e+00,0.000000e+00,0.000000e+00,0.000000e+00,0.000000e+00,0.000000e+00,0.000000e+00,0.000000e+00,0.000000e+00,0.000000e+00,0.000000e+00,0.000000e+00,0.000000e+00
1.000000e+00,0.000000e+00,0.000000e+00,0.000000e+00,0.000000e+00,0.000000e+00,0.000000e+00,0.000000e+00,0.000000e+00,0.000000e+00,0.000000e+00,0.000000e+00,0.000000e+00,0.000000e+00,0.000000e+00
1.000000e+00,0.000000e+00,0.000000e+00,0.000000e+00,0.000000e+00,0.000000e+00,0.000000e+00,0.000000e+00,0.000000e+00,0.000000e+00,0.000000e+00,0.000000e+00,0.000000e+00,0.000000e+00,0.000000e+00
1.000000e+00,0.000000e+00,0.000000e+00,0.000000e+00,0.000000e+00,0.000000e+00,0.000000e+00,0.000000e+00,0.000000e+00,0.000000e+00,0.000000e+00,0.000000e+00,0.000000e+00,0.000000e+00,0.000000e+00
1.000000e+00,0.000000e+00,0.000000e+00,0.000000e+00,0.000000e+00,0.000000e+00,0.000000e+00,0.000000e+00,0.000000e+00,0.000000e+00,0.000000e+00,0.000000e+00,0.000000e+00,0.000000e+00,0.000000e+00
1.000000e+00,0.000000e+00,0.000000e+00,0.000000e+00,0.000000e+00,0.000000e+00,0.000000e+00,0.000000e+00,0.000000e+00,0.000000e+00,0.000000e+00,0.000000e+00,0.000000e+00,0.000000e+00,0.000000e+00
1.000000e+00,0.000000e+00,0.000000e+00,0.000000e+00,0.000000e+00,0.000000e+00,0.000000e+00,0.000000e+00,0.000000e+00,0.000000e+00,0.000000e+00,0.000000e+00,0.000000e+00,0.000000e+00,0.000000e+00
1.000000e+00,0.000000e+00,0.000000e+00,0.000000e+00,0.000000e+00,0.000000e+00,0.000000e+00,0.000000e+00,0.000000e+00,0.000000e+00,0.000000e+00,0.000000e+00,0.000000e+00,0.000000e+00,0.000000e+00
1.000000e+00,0.000000e+00,0.000000e+00,0.000000e+00,0.000000e+00,0.000000e+00,0.000000e+00,0.000000e+00,0.000000e+00,0.000000e+00,0.000000e+00,0.000000e+00,0.000000e+00,0.000000e+00,0.000000e+00
1.000000e+00,0.000000e+00,0.000000e+00,0.000000e+00,0.000000e+00,0.000000e+00,0.000000e+00,0.000000e+00,0.000000e+00,0.000000e+00,0.000000e+00,0.000000e+00,0.000000e+00,0.000000e+00,0.000000e+00
1.000000e+00,0.000000e+00,0.000000e+00,0.000000e+00,0.000000e+00,0.000000e+00,0.000000e+00,0.000000e+00,0.000000e+00,0.000000e+00,0.000000e+00,0.000000e+00,0.000000e+00,0.000000e+00,0.000000e+00
1.000000e+00,0.000000e+00,0.000000e+00,0.000000e+00,0.000000e+00,0.000000e+00,0.000000e+00,0.000000e+00,0.000000e+00,0.000000e+00,0.000000e+00,0.000000e+00,0.000000e+00,0.000000e+00,0.000000e+00
1.000000e+00,0.000000e+00,0.000000e+00,0.000000e+00,0.000000e+00,0.000000e+00,0.000000e+00,0.000000e+00,0.000000e+00,0.000000e+00,0.000000e+00,0.000000e+00,0.000000e+00,0.000000e+00,0.000000e+00
1.000000e+00,0.000000e+00,0.000000e+00,0.000000e+00,0.000000e+00,0.000000e+00,0.000000e+00,0.000000e+00,0.000000e+00,0.000000e+00,0.000000e+00,0.000000e+00,0.000000e+00,0.000000e+00,0.000000e+00
1.000000e+00,0.000000e+00,0.000000e+00,0.000000e+00,0.000000e+00,0.000000e+00,0.000000e+00,0.000000e+00,0.000000e+00,0.000000e+00,0.000000e+00,0.000000e+00,0.000000e+00,0.000000e+00,0.000000e+00
1.000000e+00,0.000000e+00,0.000000e+00,0.000000e+00,0.000000e+00,0.000000e+00,0.000000e+00,0.000000e+00,0.000000e+00,0.000000e+00,0.000000e+00,0.000000e+00,0.000000e+00,0.000000e+00,0.000000e+00
1.000000e+00,0.000000e+00,0.000000e+00,0.000000e+00,0.000000e+00,0.000000e+00,0.000000e+00,0.000000e+00,0.000000e+00,0.000000e+00,0.000000e+00,0.000000e+00,0.000000e+00,0.000000e+00,0.000000e+00
1.000000e+00,0.000000e+00,0.000000e+00,0.000000e+00,0.000000e+00,0.000000e+00,0.000000e+00,0.000000e+00,0.000000e+00,0.000000e+00,0.000000e+00,0.000000e+00,0.000000e+00,0.000000e+00,0.000000e+00
1.000000e+00,0.000000e+00,0.000000e+00,0.000000e+00,0.000000e+00,0.000000e+00,0.000000e+00,0.000000e+00,0.000000e+00,0.000000e+00,0.000000e+00,0.000000e+00,0.000000e+00,0.000000e+00,0.000000e+00
1.000000e+00,0.000000e+00,0.000000e+00,0.000000e+00,0.000000e+00,0.000000e+00,0.000000e+00,0.000000e+00,0.000000e+00,0.000000e+00,0.000000e+00,0.000000e+00,0.000000e+00,0.000000e+00,0.000000e+00
1.000000e+00,0.000000e+00,0.000000e+00,0.000000e+00,0.000000e+00,0.000000e+00,0.000000e+00,0.000000e+00,0.000000e+00,0.000000e+00,0.000000e+00,0.000000e+00,0.000000e+00,0.000000e+00,0.000000e+00
1.000000e+00,0.000000e+00,0.000000e+00,0.000000e+00,0.000000e+00,0.000000e+00,0.000000e+00,0.000000e+00,0.000000e+00,0.000000e+00,0.000000e+00,0.000000e+00,0.000000e+00,0.000000e+00,0.000000e+00
1.000000e+00,0.000000e+00,0.000000e+00,0.000000e+00,0.000000e+00,0.000000e+00,0.000000e+00,0.000000e+00,0.000000e+00,0.000000e+00,0.000000e+00,0.000000e+00,0.000000e+00,0.000000e+00,0.000000e+00
1.000000e+00,0.000000e+00,0.000000e+00,0.000000e+00,0.000000e+00,0.000000e+00,0.000000e+00,0.000000e+00,0.000000e+00,0.000000e+00,0.000000e+00,0.000000e+00,0.000000e+00,0.000000e+00,0.000000e+00
1.000000e+00,0.000000e+00,0.000000e+00,0.000000e+00,0.000000e+00,0.000000e+00,0.000000e+00,0.000000e+00,0.000000e+00,0.000000e+00,0.000000e+00,0.000000e+00,0.000000e+00,0.000000e+00,0.000000e+00
1.000000e+00,0.000000e+00,0.000000e+00,0.000000e+00,0.000000e+00,0.000000e+00,0.000000e+00,0.000000e+00,0.000000e+00,0.000000e+00,0.000000e+00,0.000000e+00,0.000000e+00,0.000000e+00,0.000000e+00
1.000000e+00,0.000000e+00,0.000000e+00,0.000000e+00,0.000000e+00,0.000000e+00,0.000000e+00,0.000000e+00,0.000000e+00,0.000000e+00,0.000000e+00,0.000000e+00,0.000000e+00,0.000000e+00,0.000000e+00
1.000000e+00,0.000000e+00,0.000000e+00,0.000000e+00,0.000000e+00,0.000000e+00,0.000000e+00,0.000000e+00,0.000000e+00,0.000000e+00,0.000000e+00,0.000000e+00,0.000000e+00,0.000000e+00,0.000000e+00
1.000000e+00,0.000000e+00,0.000000e+00,0.000000e+00,0.000000e+00,0.000000e+00,0.000000e+00,0.000000e+00,0.000000e+00,0.000000e+00,0.000000e+00,0.000000e+00,0.000000e+00,0.000000e+00,0.000000e+00
1.000000e+00,0.000000e+00,0.000000e+00,0.000000e+00,0.000000e+00,0.000000e+00,0.000000e+00,0.000000e+00,0.000000e+00,0.000000e+00,0.000000e+00,0.000000e+00,0.000000e+00,0.000000e+00,0.000000e+00
1.000000e+00,0.000000e+00,0.000000e+00,0.000000e+00,0.000000e+00,0.000000e+00,0.000000e+00,0.000000e+00,0.000000e+00,0.000000e+00,0.000000e+00,0.000000e+00,0.000000e+00,0.000000e+00,0.000000e+00
1.000000e+00,0.000000e+00,0.000000e+00,0.000000e+00,0.000000e+00,0.000000e+00,0.000000e+00,0.000000e+00,0.000000e+00,0.000000e+00,0.000000e+00,0.000000e+00,0.000000e+00,0.000000e+00,0.000000e+00
1.000000e+00,0.000000e+00,0.000000e+00,0.000000e+00,0.000000e+00,0.000000e+00,0.000000e+00,0.000000e+00,0.000000e+00,0.000000e+00,0.000000e+00,0.000000e+00,0.000000e+00,0.000000e+00,0.000000e+00
1.000000e+00,0.000000e+00,0.000000e+00,0.000000e+00,0.000000e+00,0.000000e+00,0.000000e+00,0.000000e+00,0.000000e+00,0.000000e+00,0.000000e+00,0.000000e+00,0.000000e+00,0.000000e+00,0.000000e+00
1.000000e+00,0.000000e+00,0.000000e+00,0.000000e+00,0.000000e+00,0.000000e+00,0.000000e+00,0.000000e+00,0.000000e+00,0.000000e+00,0.000000e+00,0.000000e+00,0.000000e+00,0.000000e+00,0.000000e+00
1.000000e+00,0.000000e+00,0.000000e+00,0.000000e+00,0.000000e+00,0.000000e+00,0.000000e+00,0.000000e+00,0.000000e+00,0.000000e+00,0.000000e+00,0.000000e+00,0.000000e+00,0.000000e+00,0.000000e+00
1.000000e+00,0.000000e+00,0.000000e+00,0.000000e+00,0.000000e+00,0.000000e+00,0.000000e+00,0.000000e+00,0.000000e+00,0.000000e+00,0.000000e+00,0.000000e+00,0.000000e+00,0.000000e+00,0.000000e+00
1.000000e+00,0.000000e+00,0.000000e+00,0.000000e+00,0.000000e+00,0.000000e+00,0.000000e+00,0.000000e+00,0.000000e+00,0.000000e+00,0.000000e+00,0.000000e+00,0.000000e+00,0.000000e+00,0.000000e+00
1.000000e+00,0.000000e+00,0.000000e+00,0.000000e+00,0.000000e+00,0.000000e+00,0.000000e+00,0.000000e+00,0.000000e+00,0.000000e+00,0.000000e+00,0.000000e+00,0.000000e+00,0.000000e+00,0.000000e+00
1.000000e+00,0.000000e+00,0.000000e+00,0.000000e+00,0.000000e+00,0.000000e+00,0.000000e+00,0.000000e+00,0.000000e+00,0.000000e+00,0.000000e+00,0.000000e+00,0.000000e+00,0.000000e+00,0.000000e+00
1.000000e+00,0.000000e+00,0.000000e+00,0.000000e+00,0.000000e+00,0.000000e+00,0.000000e+00,0.000000e+00,0.000000e+00,0.000000e+00,0.000000e+00,0.000000e+00,0.000000e+00,0.000000e+00,0.000000e+00
1.000000e+00,0.000000e+00,0.000000e+00,0.000000e+00,0.000000e+00,0.000000e+00,0.000000e+00,0.000000e+00,0.000000e+00,0.000000e+00,0.000000e+00,0.000000e+00,0.000000e+00,0.000000e+00,0.000000e+00
1.000000e+00,0.000000e+00,0.000000e+00,0.000000e+00,0.000000e+00,0.000000e+00,0.000000e+00,0.000000e+00,0.000000e+00,0.000000e+00,0.000000e+00,0.000000e+00,0.000000e+00,0.000000e+00,0.000000e+00
1.000000e+00,0.000000e+00,0.000000e+00,0.000000e+00,0.000000e+00,0.000000e+00,0.000000e+00,0.000000e+00,0.000000e+00,0.000000e+00,0.000000e+00,0.000000e+00,0.000000e+00,0.000000e+00,0.000000e+00
1.000000e+00,0.000000e+00,0.000000e+00,0.000000e+00,0.000000e+00,0.000000e+00,0.000000e+00,0.000000e+00,0.000000e+00,0.000000e+00,0.000000e+00,0.000000e+00,0.000000e+00,0.000000e+00,0.000000e+00
1.000000e+00,0.000000e+00,0.000000e+00,0.000000e+00,0.000000e+00,0.000000e+00,0.000000e+00,0.000000e+00,0.000000e+00,0.000000e+00,0.000000e+00,0.000000e+00,0.000000e+00,0.000000e+00,0.000000e+00
1.000000e+00,0.000000e+00,0.000000e+00,0.000000e+00,0.000000e+00,0.000000e+00,0.000000e+00,0.000000e+00,0.000000e+00,0.000000e+00,0.000000e+00,0.000000e+00,0.000000e+00,0.000000e+00,0.000000e+00
1.000000e+00,0.000000e+00,0.000000e+00,0.000000e+00,0.000000e+00,0.000000e+00,0.000000e+00,0.000000e+00,0.000000e+00,0.000000e+00,0.000000e+00,0.000000e+00,0.000000e+00,0.000000e+00,0.000000e+00
1.000000e+00,0.000000e+00,0.000000e+00,0.000000e+00,0.000000e+00,0.000000e+00,0.000000e+00,0.000000e+00,0.000000e+00,0.000000e+00,0.000000e+00,0.000000e+00,0.000000e+00,0.000000e+00,0.000000e+00
1.000000e+00,0.000000e+00,0.000000e+00,0.000000e+00,0.000000e+00,0.000000e+00,0.000000e+00,0.000000e+00,0.000000e+00,0.000000e+00,0.000000e+00,0.000000e+00,0.000000e+00,0.000000e+00,0.000000e+00
1.000000e+00,0.000000e+00,0.000000e+00,0.000000e+00,0.000000e+00,0.000000e+00,0.000000e+00,0.000000e+00,0.000000e+00,0.000000e+00,0.000000e+00,0.000000e+00,0.000000e+00,0.000000e+00,0.000000e+00
1.000000e+00,0.000000e+00,0.000000e+00,0.000000e+00,0.000000e+00,0.000000e+00,0.000000e+00,0.000000e+00,0.000000e+00,0.000000e+00,0.000000e+00,0.000000e+00,0.000000e+00,0.000000e+00,0.000000e+00
1.000000e+00,0.000000e+00,0.000000e+00,0.000000e+00,0.000000e+00,0.000000e+00,0.000000e+00,0.000000e+00,0.000000e+00,0.000000e+00,0.000000e+00,0.000000e+00,0.000000e+00,0.000000e+00,0.000000e+00
1.000000e+00,0.000000e+00,0.000000e+00,0.000000e+00,0.000000e+00,0.000000e+00,0.000000e+00,0.000000e+00,0.000000e+00,0.000000e+00,0.000000e+00,0.000000e+00,0.000000e+00,0.000000e+00,0.000000e+00
1.000000e+00,0.000000e+00,0.000000e+00,0.000000e+00,0.000000e+00,0.000000e+00,0.000000e+00,0.000000e+00,0.000000e+00,0.000000e+00,0.000000e+00,0.000000e+00,0.000000e+00,0.000000e+00,0.000000e+00
1.000000e+00,0.000000e+00,0.000000e+00,0.000000e+00,0.000000e+00,0.000000e+00,0.000000e+00,0.000000e+00,0.000000e+00,0.000000e+00,0.000000e+00,0.000000e+00,0.000000e+00,0.000000e+00,0.000000e+00
1.000000e+00,0.000000e+00,0.000000e+00,0.000000e+00,0.000000e+00,0.000000e+00,0.000000e+00,0.000000e+00,0.000000e+00,0.000000e+00,0.000000e+00,0.000000e+00,0.000000e+00,0.000000e+00,0.000000e+00
1.000000e+00,0.000000e+00,0.000000e+00,0.000000e+00,0.000000e+00,0.000000e+00,0.000000e+00,0.000000e+00,0.000000e+00,0.000000e+00,0.000000e+00,0.000000e+00,0.000000e+00,0.000000e+00,0.000000e+00
1.000000e+00,0.000000e+00,0.000000e+00,0.000000e+00,0.000000e+00,0.000000e+00,0.000000e+00,0.000000e+00,0.000000e+00,0.000000e+00,0.000000e+00,0.000000e+00,0.000000e+00,0.000000e+00,0.000000e+00
