1.000000e+00,0.000000e+00,0.000000e+00,0.000000e+00,0.000000e+00,0.000000e+00,0.000000e+00,0.000000e+00,0.000000e+00,0.000000e+00,0.000000e+00,0.000000e+00,0.000000e+00,0.000000e+00,0.000000e+00
1.000000e+00,0.000000e+00,0.000000e+00,0.000000e+00,0.000000e+00,0.000000e+00,0.000000e+00,0.000000e+00,0.000000e+00,0.000000e+00,0.000000e+00,0.000000e+00,0.000000e+00,0.000000e+00,0.000000e+00
1.000000e+00,0.000000e+00,0.000000e+00,0.000000e+00,0.000000e+00,0.000000e+00,0.000000e+00,0.000000e+00,0.000000e+00,0.000000e+00,0.000000e+00,0.000000e+00,0.000000e+00,0.000000e+00,0.000000e+00
1.000000e+00,0.000000e+00,0.000000e+00,0.000000e+00,0.000000e+00,0.000000e+00,0.000000e+00,0.000000e+00,0.000000e+00,0.000000e+00,0.000000e+00,0.000000e+00,0.000000e+00,0.000000e+00,0.000000e+00
1.000000e+00,0.000000e+00,0.000000e+00,0.000000e+00,0.000000e+00,0.000000e+00,0.000000e+00,0.000000e+00,0.000000e+00,0.000000e+00,0.000000e+00,0.000000e+00,0.000000e+00,0.000000e+00,0.000000e+00
1.000000e+00,0.000000e+00,0.000000e+00,0.000000e+00,0.000000e+00,0.000000e+00,0.000000e+00,0.000000e+00,0.000000e+00,0.000000e+00,0.000000e+00,0.000000e+00,0.000000e+00,0.000000e+00,0.000000e+00
1.000000e+00,0.000000e+00,0.000000e+00,0.000000e+00,0.000000e+00,0.000000e+00,0.000000e+00,0.000000e+00,0.000000e+00,0.000000e+00,0.000000e+00,0.000000e+00,0.000000e+00,0.000000e+00,0.000000e+00
1.000000e+00,0.000000e+00,0.000000e+00,0.000000e+00,0.000000e+00,0.000000e+00,0.000000e+00,0.000000e+00,0.000000e+00,0.000000e+00,0.000000e+00,0.000000e+00,0.000000e+00,0.000000e+00,0.000000e+00
1.000000e+00,0.000000e+00,0.000000e+00,0.000000e+00,0.000000e+00,0.000000e+00,0.000000e+00,0.000000e+00,0.000000e+00,0.000000e+00,0.000000e+00,0.000000e+00,0.000000e+00,0.000000e+00,0.000000e+00
1.000000e+00,0.000000e+00,0.000000e+00,0.000000e+00,0.000000e+00,0.000000e+00,0.000000e+00,0.000000e+00,0.000000e+00,0.000000e+00,0.000000e+00,0.000000e+00,0.000000e+00,0.000000e+00,0.000000e+00
1.000000e+00,0.000000e+00,0.000000e+00,0.000000e+00,0.000000e+00,0.000000e+00,0.000000e+00,0.000000e+00,0.000000e+00,0.000000e+00,0.000000e+00,0.000000e+00,0.000000e+00,0.000000e+00,0.000000e+00
1.000000e+00,0.000000e+00,0.000000e+00,0.000000e+00,0.000000e+00,0.000000e+00,0.000000e+00,0.000000e+00,0.000000e+00,0.000000e+00,0.000000e+00,0.000000e+00,0.000000e+00,0.000000e+00,0.000000e+00
1.000000e+00,0.000000e+00,0.000000e+00,0.000000e+00,0.000000e+00,0.000000e+00,0.000000e+00,0.000000e+00,0.000000e+00,0.000000e+00,0.000000e+00,0.000000e+00,0.000000e+00,0.000000e+00,0.000000e+00
1.000000e+00,0.000000e+00,0.000000e+00,0.000000e+00,0.000000e+00,0.000000e+00,0.000000e+00,0.000000e+00,0.000000e+00,0.000000e+00,0.000000e+00,0.000000e+00,0.000000e+00,0.000000e+00,0.000000e+00
1.000000e+00,0.000000e+00,0.000000e+00,0.000000e+00,0.000000e+00,0.000000e+00,0.000000e+00,0.000000e+00,0.000000e+00,0.000000e+00,0.000000e+00,0.000000e+00,0.000000e+00,0.000000e+00,0.000000e+00
1.000000e+00,0.000000e+00,0.000000e+00,0.000000e+00,0.000000e+00,0.000000e+00,0.000000e+00,0.000000e+00,0.000000e+00,0.000000e+00,0.000000e+00,0.000000e+00,0.000000e+00,0.000000e+00,0.000000e+00
1.000000e+00,0.000000e+00,0.000000e+00,0.000000e+00,0.000000e+00,0.000000e+00,0.000000e+00,0.000000e+00,0.000000e+00,0.000000e+00,0.000000e+00,0.000000e+00,0.000000e+00,0.000000e+00,0.000000e+00
1.000000e+00,0.000000e+00,0.000000e+00,0.000000e+00,0.000000e+00,0.000000e+00,0.000000e+00,0.000000e+00,0.000000e+00,0.000000e+00,0.000000e+00,0.000000e+00,0.000000e+00,0.000000e+00,0.000000e+00
1.000000e+00,0.000000e+00,0.000000e+00,0.000000e+00,0.000000e+00,0.000000e+00,0.000000e+00,0.000000e+00,0.000000e+00,0.000000e+00,0.000000e+00,0.000000e+00,0.000000e+00,0.000000e+00,0.000000e+00
1.000000e+00,0.000000e+00,0.000000e+00,0.000000e+00,0.000000e+00,0.000000e+00,0.000000e+00,0.000000e+00,0.000000e+00,0.000000e+00,0.000000e+00,0.000000e+00,0.000000e+00,0.000000e+00,0.000000e+00
1.000000e+00,0.000000e+00,0.000000e+00,0.000000e+00,0.000000e+00,0.000000e+00,0.000000e+00,0.000000e+00,0.000000e+00,0.000000e+00,0.000000e+00,0.000000e+00,0.000000e+00,0.000000e+00,0.000000e+00
1.000000e+00,0.000000e+00,0.000000e+00,0.000000e+00,0.000000e+00,0.000000e+00,0.000000e+00,0.000000e+00,0.000000e+00,0.000000e+00,0.000000e+00,0.000000e+00,0.000000e+00,0.000000e+00,0.000000e+00
1.000000e+00,0.000000e+00,0.000000e+00,0.000000e+00,0.000000e+00,0.000000e+00,0.000000e+00,0.000000e+00,0.000000e+00,0.000000e+00,0.000000e+00,0.000000e+00,0.000000e+00,0.000000e+00,0.000000e+00
1.000000e+00,0.000000e+00,0.000000e+00,0.000000e+00,0.000000e+00,0.000000e+00,0.000000e+00,0.000000e+00,0.000000e+00,0.000000e+00,0.000000e+00,0.000000e+00,0.000000e+00,0.000000e+00,0.000000e+00
1.000000e+00,0.000000e+00,0.000000e+00,0.000000e+00,0.000000e+00,0.000000e+00,0.000000e+00,0.000000e+00,0.000000e+00,0.000000e+00,0.000000e+00,0.000000e+00,0.000000e+00,0.000000e+00,0.000000e+00
1.000000e+00,0.000000e+00,0.000000e+00,0.000000e+00,0.000000e+00,0.000000e+00,0.000000e+00,0.000000e+00,0.000000e+00,0.000000e+00,0.000000e+00,0.000000e+00,0.000000e+00,0.000000e+00,0.000000e+00
1.000000e+00,0.000000e+00,0.000000e+00,0.000000e+00,0.000000e+00,0.000000e+00,0.000000e+00,0.000000e+00,0.000000e+00,0.000000e+00,0.000000e+00,0.000000e+00,0.000000e+00,0.000000e+00,0.000000e+00
1.000000e+00,0.000000e+00,0.000000e+00,0.000000e+00,0.000000e+00,0.000000e+00,0.000000e+00,0.000000e+00,0.000000e+00,0.000000e+00,0.000000e+00,0.000000e+00,0.000000e+00,0.000000e+00,0.000000e+00
1.000000e+00,0.000000e+00,0.000000e+00,0.000000e+00,0.000000e+00,0.000000e+00,0.000000e+00,0.000000e+00,0.000000e+00,0.000000e+00,0.000000e+00,0.000000e+00,0.000000e+00,0.000000e+00,0.000000e+00
1.000000e+00,0.000000e+00,0.000000e+00,0.000000e+00,0.000000e+00,0.000000e+00,0.000000e+00,0.000000e+00,0.000000e+00,0.000000e+00,0.000000e+00,0.000000e+00,0.000000e+00,0.000000e+00,0.000000e+00
1.000000e+00,0.000000e+00,0.000000e+00,0.000000e+00,0.000000e+00,0.000000e+00,0.000000e+00,0.000000e+00,0.000000e+00,0.000000e+00,0.000000e+00,0.000000e+00,0.000000e+00,0.000000e+00,0.000000e+00
1.000000e+00,0.000000e+00,0.000000e+00,0.000000e+00,0.000000e+00,0.000000e+00,0.000000e+00,0.000000e+00,0.000000e+00,0.000000e+00,0.000000e+00,0.000000e+00,0.000000e+00,0.000000e+00,0.000000e+00
1.000000e+00,0.000000e+00,0.000000e+00,0.000000e+00,0.000000e+00,0.000000e+00,0.000000e+00,0.000000e+00,0.000000e+00,0.000000e+00,0.000000e+00,0.000000e+00,0.000000e+00,0.000000e+00,0.000000e+00
1.000000e+00,0.000000e+00,0.000000e+00,0.000000e+00,0.000000e+00,0.000000e+00,0.000000e+00,0.000000e+00,0.000000e+00,0.000000e+00,0.000000e+00,0.000000e+00,0.000000e+00,0.000000e+00,0.000000e+00
1.000000e+00,0.000000e+00,0.000000e+00,0.000000e+00,0.000000e+00,0.000000e+00,0.000000e+00,0.000000e+00,0.000000e+00,0.000000e+00,0.000000e+00,0.000000e+00,0.000000e+00,0.000000e+00,0.000000e+00
1.000000e+00,0.000000e+00,0.000000e+00,0.000000e+00,0.000000e+00,0.000000e+00,0.000000e+00,0.000000e+00,0.000000e+00,0.000000e+00,0.000000e+00,0.000000e+00,0.000000e+00,0.000000e+00,0.000000e+00
1.000000e+00,0.000000e+00,0.000000e+00,0.000000e+00,0.000000e+00,0.000000e+00,0.000000e+00,0.000000e+00,0.000000e+00,0.000000e+00,0.000000e+00,0.000000e+00,0.000000e+00,0.000000e+00,0.000000e+00
4.423443e-01,3.890452e-02,5.111673e-02,2.079229e-01,1.192392e-02,2.122479e-02,4.251827e-03,3.160022e-02,3.920237e-02,3.066846e-03,5.389331e-02,2.910456e-02,1.002066e-02,1.193965e-02,4.348342e-02
4.406451e-01,3.961953e-02,5.363744e-02,2.127839e-01,1.242879e-02,2.097607e-02,4.068750e-03,2.674468e-02,3.969139e-02,3.067485e-03,5.102457e-02,3.031473e-02,1.037937e-02,1.170577e-02,4.291238e-02
4.465142e-01,3.698057e-02,4.434323e-02,2.075010e-01,1.245725e-02,1.957710e-02,3.683878e-03,2.196364e-02,3.755485e-02,3.346147e-03,5.800572e-02,3.894890e-02,1.201866e-02,1.294575e-02,4.415908e-02
3.724831e-01,4.246913e-02,5.807463e-02,2.496172e-01,1.226196e-02,1.911508e-02,3.919019e-03,2.531103e-02,3.612161e-02,3.211540e-03,6.318173e-02,4.669263e-02,1.278779e-02,1.376213e-02,4.099146e-02
4.314676e-01,4.021190e-02,4.642006e-02,2.107201e-01,1.140085e-02,1.865253e-02,4.073298e-03,2.172295e-02,3.284525e-02,2.924130e-03,6.661467e-02,4.496292e-02,1.416245e-02,1.413738e-02,3.968396e-02
4.094179e-01,4.584981e-02,5.289289e-02,2.335241e-01,1.144773e-02,1.763480e-02,4.483300e-03,2.403568e-02,3.088344e-02,2.436932e-03,6.316907e-02,4.280093e-02,1.347059e-02,1.233645e-02,3.561649e-02
4.734092e-01,4.011214e-02,4.095825e-02,1.914714e-01,1.131625e-02,1.848979e-02,4.675332e-03,2.006467e-02,3.165305e-02,2.208524e-03,6.484395e-02,4.009083e-02,1.524846e-02,1.217843e-02,3.327967e-02
4.992907e-01,3.552222e-02,3.985826e-02,1.703324e-01,1.169568e-02,2.058477e-02,5.341454e-03,2.191191e-02,2.877509e-02,2.084655e-03,6.577806e-02,4.378958e-02,1.508277e-02,1.074738e-02,2.920506e-02
1.000000e+00,0.000000e+00,0.000000e+00,0.000000e+00,0.000000e+00,0.000000e+00,0.000000e+00,0.000000e+00,0.000000e+00,0.000000e+00,0.000000e+00,0.000000e+00,0.000000e+00,0.000000e+00,0.000000e+00
1.000000e+00,0.000000e+00,0.000000e+00,0.000000e+00,0.000000e+00,0.000000e+00,0.000000e+00,0.000000e+00,0.000000e+00,0.000000e+00,0.000000e+00,0.000000e+00,0.000000e+00,0.000000e+00,0.000000e+00
1.000000e+00,0.000000e+00,0.000000e+00,0.000000e+00,0.000000e+00,0.000000e+00,0.000000e+00,0.000000e+00,0.000000e+00,0.000000e+00,0.000000e+00,0.000000e+00,0.000000e+00,0.000000e+00,0.000000e+00
1.000000e+00,0.000000e+00,0.000000e+00,0.000000e+00,0.000000e+00,0.000000e+00,0.000000e+00,0.000000e+00,0.000000e+00,0.000000e+00,0.000000e+00,0.000000e+00,0.000000e+00,0.000000e+00,0.000000e+00
1.000000e+00,0.000000e+00,0.000000e+00,0.000000e+00,0.000000e+00,0.000000e+00,0.000000e+00,0.000000e+00,0.000000e+00,0.000000e+00,0.000000e+00,0.000000e+00,0.000000e+00,0.000000e+00,0.000000e+00
1.000000e+00,0.000000e+00,0.000000e+00,0.000000e+00,0.000000e+00,0.000000e+00,0.000000e+00,0.000000e+00,0.000000e+00,0.000000e+00,0.000000e+00,0.000000e+00,0.000000e+00,0.000000e+00,0.000000e+00
1.000000e+00,0.000000e+00,0.000000e+00,0.000000e+00,0.000000e+00,0.000000e+00,0.000000e+00,0.000000e+00,0.000000e+00,0.000000e+00,0.000000e+00,0.000000e+00,0.000000e+00,0.000000e+00,0.000000e+00
1.000000e+00,0.000000e+00,0.000000e+00,0.000000e+00,0.000000e+00,0.000000e+00,0.000000e+00,0.000000e+00,0.000000e+00,0.000000e+00,0.000000e+00,0.000000e+00,0.000000e+00,0.000000e+00,0.000000e+00
1.000000e+00,0.000000e+00,0.000000e+00,0.000000e+00,0.000000e+00,0.000000e+00,0.000000e+00,0.000000e+00,0.000000e+00,0.000000e+00,0.000000e+00,0.000000e+00,0.000000e+00,0.000000e+00,0.000000e+00
1.000000e+00,0.000000e+00,0.000000e+00,0.000000e+00,0.000000e+00,0.000000e+00,0.000000e+00,0.000000e+00,0.000000e+00,0.000000e+00,0.000000e+00,0.000000e+00,0.000000e+00,0.000000e+00,0.000000e+00
1.000000e+00,0.000000e+00,0.000000e+00,0.000000e+00,0.000000e+00,0.000000e+00,0.000000e+00,0.000000e+00,0.000000e+00,0.000000e+00,0.000000e+00,0.000000e+00,0.000000e+00,0.000000e+00,0.000000e+00
1.000000e+00,0.000000e+00,0.000000e+00,0.000000e+00,0.000000e+00,0.000000e+00,0.000000e+00,0.000000e+00,0.000000e+00,0.000000e+00,0.000000e+00,0.000000e+00,0.000000e+00,0.000000e+00,0.000000e+00
1.000000e+00,0.000000e+00,0.000000e+00,0.000000e+00,0.000000e+00,0.000000e+00,0.000000e+00,0.000000e+00,0.000000e+00,0.000000e+00,0.000000e+00,0.000000e+00,0.000000e+00,0.000000e+00,0.000000e+00
1.000000e+00,0.000000e+00,0.000000e+00,0.000000e+00,0.000000e+00,0.000000e+00,0.000000e+00,0.000000e+00,0.000000e+00,0.000000e+00,0.000000e+00,0.000000e+00,0.000000e+00,0.000000e+00,0.000000e+00
1.000000e+00,0.000000e+00,0.000000e+00,0.000000e+00,0.000000e+00,0.000000e+00,0.000000e+00,0.000000e+00,0.000000e+00,0.000000e+00,0.000000e+00,0.000000e+00,0.000000e+00,0.000000e+00,0.000000e+00
1.000000e+00,0.000000e+00,0.000000e+00,0.000000e+00,0.000000e+00,0.000000e+00,0.000000e+00,0.000000e+00,0.000000e+00,0.000000e+00,0.000000e+00,0.000000e+00,0.000000e+00,0.000000e+00,0.000000e+00
4.553930e-01,4.082826e-02,1.013708e-01,1.853193e-01,1.113740e-02,1.643368e-02,5.076586e-03,2.837478e-02,1.934813e-02,2.140286e-03,4.207726e-02,3.936117e-02,1.522563e-02,1.017431e-02,2.773942e-02
1.000000e+00,0.000000e+00,0.000000e+00,0.000000e+00,0.000000e+00,0.000000e+00,0.000000e+00,0.000000e+00,0.000000e+00,0.000000e+00,0.000000e+00,0.000000e+00,0.000000e+00,0.000000e+00,0.000000e+00
1.000000e+00,0.000000e+00,0.000000e+00,0.000000e+00,0.000000e+00,0.000000e+00,0.000000e+00,0.000000e+00,0.000000e+00,0.000000e+00,0.000000e+00,0.000000e+00,0.000000e+00,0.000000e+00,0.000000e+00
1.000000e+00,0.000000e+00,0.000000e+00,0.000000e+00,0.000000e+00,0.000000e+00,0.000000e+00,0.000000e+00,0.000000e+00,0.000000e+00,0.000000e+00,0.000000e+00,0.000000e+00,0.000000e+00,0.000000e+00
4.827034e-01,4.762323e-02,1.171871e-01,1.694349e-01,1.129507e-02,1.432170e-02,4.135361e-03,1.960334e-02,1.272235e-02,2.243457e-03,2.834353e-02,2.912725e-02,1.593590e-02,8.544408e-03,3.677907e-02
1.000000e+00,0.000000e+00,0.000000e+00,0.000000e+00,0.000000e+00,0.000000e+00,0.000000e+00,0.000000e+00,0.000000e+00,0.000000e+00,0.000000e+00,0.000000e+00,0.000000e+00,0.000000e+00,0.000000e+00
1.000000e+00,0.000000e+00,0.000000e+00,0.000000e+00,0.000000e+00,0.000000e+00,0.000000e+00,0.000000e+00,0.000000e+00,0.000000e+00,0.000000e+00,0.000000e+00,0.000000e+00,0.000000e+00,0.000000e+00
1.000000e+00,0.000000e+00,0.000000e+00,0.000000e+00,0.000000e+00,0.000000e+00,0.000000e+00,0.000000e+00,0.000000e+00,0.000000e+00,0.000000e+00,0.000000e+00,0.000000e+00,0.000000e+00,0.000000e+00
1.000000e+00,0.000000e+00,0.000000e+00,0.000000e+00,0.000000e+00,0.000000e+00,0.000000e+00,0.000000e+00,0.000000e+00,0.000000e+00,0.000000e+00,0.000000e+00,0.000000e+00,0.000000e+00,0.000000e+00
1.000000e+00,0.000000e+00,0.000000e+00,0.000000e+00,0.000000e+00,0.000000e+00,0.000000e+00,0.000000e+00,0.000000e+00,0.000000e+00,0.000000e+00,0.000000e+00,0.000000e+00,0.000000e+00,0.000000e+00
1.000000e+00,0.000000e+00,0.000000e+00,0.000000e+00,0.000000e+00,0.000000e+00,0.000000e+00,0.000000e+00,0.000000e+00,0.000000e+00,0.000000e+00,0.000000e+00,0.000000e+00,0.000000e+00,0.000000e+00
1.000000e+00,0.000000e+00,0.000000e+00,0.000000e+00,0.000000e+00,0.000000e+00,0.000000e+00,0.000000e+00,0.000000e+00,0.000000e+00,0.000000e+00,0.000000e+00,0.000000e+00,0.000000e+00,0.000000e+00
1.000000e+00,0.000000e+00,0.000000e+00,0.000000e+00,0.000000e+00,0.000000e+00,0.000000e+00,0.000000e+00,0.000000e+00,0.000000e+00,0.000000e+00,0.000000e+00,0.000000e+00,0.000000e+00,0.000000e+00
1.000000e+00,0.000000e+00,0.000000e+00,0.000000e+00,0.000000e+00,0.000000e+00,0.000000e+00,0.000000e+00,0.000000e+00,0.000000e+00,0.000000e+00,0.000000e+00,0.000000e+00,0.000000e+00,0.000000e+00
1.000000e+00,0.000000e+00,0.000000e+00,0.000000e+00,0.000000e+00,0.000000e+00,0.000000e+00,0.000000e+00,0.000000e+00,0.000000e+00,0.000000e+00,0.000000e+00,0.000000e+00,0.000000e+00,0.000000e+00
1.000000e+00,0.000000e+00,0.000000e+00,0.000000e+00,0.000000e+00,0.000000e+00,0.000000e+00,0.000000e+00,0.000000e+00,0.000000e+00,0.000000e+00,0.000000e+00,0.000000e+00,0.000000e+00,0.000000e+00
1.000000e+00,0.000000e+00,0.000000e+00,0.000000e+00,0.000000e+00,0.000000e+00,0.000000e+00,0.000000e+00,0.000000e+00,0.000000e+00,0.000000e+00,0.000000e+00,0.000000e+00,0.000000e+00,0.000000e+00
1.000000e+00,0.000000e+00,0.000000e+00,0.000000e+00,0.000000e+00,0.000000e+00,0.000000e+00,0.000000e+00,0.000000e+00,0.000000e+00,0.000000e+00,0.000000e+00,0.000000e+00,0.000000e+00,0.000000e+00
1.000000e+00,0.000000e+00,0.000000e+00,0.000000e+00,0.000000e+00,0.000000e+00,0.000000e+00,0.000000e+00,0.000000e+00,0.000000e+00,0.000000e+00,0.000000e+00,0.000000e+00,0.000000e+00,0.000000e+00
1.000000e+00,0.000000e+00,0.000000e+00,0.000000e+00,0.000000e+00,0.000000e+00,0.000000e+00,0.000000e+00,0.000000e+00,0.000000e+00,0.000000e+00,0.000000e+00,0.000000e+00,0.000000e+00,0.000000e+00
4.334487e-01,8.158986e-03,7.944905e-03,1.134313e-02,2.276027e-03,2.372366e-01,2.460991e-03,2.378167e-03,3.018353e-03,1.708337e-03,1.263720e-01,1.375746e-01,4.693820e-03,4.062355e-03,1.732290e-02
4.915369e-01,1.120247e-02,8.354876e-03,1.220578e-02,2.942464e-03,1.820584e-01,2.614963e-03,2.772648e-03,3.810399e-03,1.933593e-03,1.251810e-01,1.262728e-01,3.778374e-03,5.108948e-03,2.022651e-02
4.966028e-01,1.453413e-02,8.791622e-03,1.538141e-02,5.075534e-03,1.360335e-01,3.059699e-03,2.966910e-03,6.206242e-03,1.888072e-03,1.498869e-01,1.301809e-01,3.560115e-03,5.228345e-03,2.060380e-02
4.177081e-01,1.498238e-02,7.792582e-03,1.236822e-02,5.275677e-03,1.008217e-01,3.560838e-03,4.002266e-03,8.442549e-03,3.186091e-03,1.582429e-01,2.332103e-01,2.653911e-03,6.559038e-03,2.119335e-02
4.103918e-01,1.720122e-02,7.074573e-03,1.151910e-02,6.458559e-03,7.887460e-02,4.459841e-03,7.950499e-03,2.055435e-02,3.574135e-03,1.635744e-01,2.388142e-01,2.526470e-03,8.143889e-03,1.888231e-02
3.806497e-01,2.208282e-02,5.593457e-03,9.364246e-03,6.248972e-03,5.818362e-02,3.727912e-03,8.134057e-03,3.439944e-02,4.402830e-03,1.536759e-01,2.837203e-01,2.480910e-03,1.005709e-02,1.727865e-02
4.267703e-01,2.334729e-02,1.116733e-02,1.033702e-02,1.203064e-02,5.644660e-02,6.608405e-03,2.134228e-02,3.598011e-02,9.337794e-03,1.198578e-01,2.368134e-01,3.413830e-03,9.704564e-03,1.684262e-02
4.638959e-01,2.604844e-02,1.530322e-02,1.167718e-02,1.250318e-02,5.361347e-02,6.414005e-03,3.141006e-02,3.663454e-02,9.660932e-03,9.302090e-02,2.087798e-01,5.359301e-03,9.623216e-03,1.605579e-02
4.892703e-01,3.368640e-02,1.671477e-02,1.914040e-02,1.559685e-02,5.791565e-02,6.668694e-03,3.001301e-02,3.437578e-02,7.961353e-03,7.233139e-02,1.838338e-01,6.374337e-03,9.339971e-03,1.677722e-02
4.019807e-01,5.260275e-02,1.831793e-02,6.503136e-02,1.796996e-02,6.019694e-02,5.569962e-03,2.290951e-02,5.670011e-02,7.090735e-03,6.688274e-02,1.735439e-01,1.270799e-02,7.994493e-03,3.050087e-02
3.214000e-01,5.235029e-02,1.672472e-02,1.016287e-01,2.216813e-02,4.816794e-02,4.814461e-03,1.910612e-02,1.097178e-01,8.859745e-03,5.670036e-02,1.497124e-01,2.384068e-02,6.767789e-03,5.804081e-02
2.671695e-01,4.484661e-02,1.237160e-02,9.158242e-02,2.119052e-02,3.589702e-02,3.622107e-03,1.409682e-02,1.873771e-01,1.098960e-02,4.787397e-02,1.193264e-01,2.726420e-02,6.766903e-03,1.096252e-01
2.111696e-01,3.717841e-02,9.353548e-03,9.638499e-02,1.832083e-02,2.661533e-02,2.762945e-03,1.144648e-02,3.092317e-01,1.107559e-02,3.818219e-02,8.910450e-02,2.312326e-02,5.335156e-03,1.107155e-01
2.030982e-01,3.663467e-02,7.987055e-03,9.868502e-02,2.549327e-02,2.152026e-02,2.665007e-03,9.531313e-03,3.511840e-01,1.515069e-02,3.636672e-02,6.759346e-02,2.030563e-02,4.102242e-03,9.968248e-02
1.581223e-01,3.693264e-02,7.123752e-03,1.420223e-01,2.016654e-02,1.657935e-02,1.998308e-03,7.724477e-03,4.111218e-01,1.357818e-02,3.751118e-02,4.923036e-02,2.015331e-02,3.049827e-03,7.468565e-02
1.443663e-01,3.575857e-02,6.150024e-03,1.093590e-01,2.706198e-02,1.354889e-02,2.094309e-03,6.705973e-03,4.680155e-01,1.130287e-02,5.196268e-02,3.772736e-02,2.477057e-02,2.937121e-03,5.823878e-02
1.190999e-01,2.718697e-02,8.976941e-03,9.140585e-02,4.565632e-02,1.096316e-02,2.357475e-03,5.428815e-02,4.514773e-01,8.757532e-03,7.001095e-02,2.853413e-02,2.883840e-02,2.558946e-03,4.988792e-02
1.413338e-01,2.669788e-02,3.219116e-02,1.312940e-01,8.711383e-02,1.901067e-02,2.905241e-03,4.648192e-02,3.680258e-01,7.440359e-03,5.331845e-02,2.084285e-02,2.198030e-02,2.061399e-03,3.930232e-02
1.260999e-01,2.944595e-02,3.821574e-02,1.141941e-01,1.809020e-01,2.436960e-02,4.314465e-03,4.267444e-02,3.341812e-01,5.920649e-03,3.806059e-02,1.474441e-02,1.590651e-02,1.511750e-03,2.945854e-02
1.198218e-01,3.315377e-02,4.336347e-02,1.397527e-01,1.831165e-01,1.937045e-02,3.711137e-03,4.178736e-02,3.340813e-01,5.841617e-03,2.840897e-02,1.073034e-02,1.196768e-02,1.200301e-03,2.369267e-02
9.734698e-02,2.718453e-02,5.427906e-02,2.188229e-01,1.739488e-01,1.444593e-02,3.226211e-03,7.707931e-02,2.720720e-01,4.583036e-03,2.137833e-02,8.008450e-03,9.020494e-03,9.183363e-04,1.768560e-02
7.770598e-02,2.381641e-02,1.430806e-01,2.357297e-01,1.419251e-01,1.255179e-02,2.651092e-03,1.145561e-01,2.011667e-01,3.661867e-03,1.715364e-02,5.779638e-03,6.520081e-03,7.987972e-04,1.290246e-02
5.662134e-02,1.778962e-02,1.535548e-01,3.711671e-01,1.008408e-01,9.552596e-03,1.881959e-03,8.663654e-02,1.542212e-01,4.437176e-03,2.322542e-02,4.497953e-03,5.414688e-03,6.588844e-04,9.499961e-03
3.998394e-02,1.325990e-02,1.140114e-01,4.431972e-01,7.194518e-02,7.019744e-03,1.384114e-03,6.259143e-02,1.132736e-01,3.514571e-03,9.938504e-02,1.344097e-02,7.926967e-03,2.208121e-03,6.857799e-03
2.864348e-02,9.638655e-03,8.066838e-02,4.039149e-01,5.217401e-02,5.146171e-03,1.013696e-03,4.513720e-02,8.268911e-02,3.405731e-03,1.936050e-01,6.246786e-02,1.166065e-02,1.488227e-02,4.952931e-03
2.294530e-02,7.161322e-03,5.736456e-02,3.516402e-01,4.011327e-02,4.283272e-03,8.701357e-04,3.301517e-02,6.382453e-02,3.029275e-03,3.201720e-01,5.919011e-02,1.172743e-02,2.093231e-02,3.731109e-03
1.685376e-02,5.128257e-03,4.066977e-02,2.509979e-01,2.980347e-02,3.305985e-03,6.602541e-04,2.406054e-02,4.567901e-02,2.607046e-03,4.826107e-01,5.327914e-02,8.838044e-03,3.276026e-02,2.745859e-03
1.292197e-02,3.736977e-03,2.908933e-02,1.778958e-01,2.316909e-02,2.940598e-03,4.912738e-04,1.781052e-02,3.278599e-02,2.045530e-03,5.988300e-01,4.821383e-02,6.754832e-03,4.129646e-02,2.017752e-03
1.161732e-02,2.834447e-03,2.181984e-02,1.265213e-01,2.172201e-02,4.306581e-03,3.722479e-04,1.369625e-02,2.330922e-02,1.840977e-03,6.656729e-01,4.552636e-02,6.496159e-03,5.279097e-02,1.473443e-03
9.932241e-03,2.211666e-03,1.555856e-02,8.950226e-02,4.008377e-02,6.282669e-03,2.785964e-04,9.734822e-03,1.655351e-02,1.526243e-03,6.932006e-01,4.651083e-02,5.439986e-03,6.209765e-02,1.086569e-03
8.111742e-03,1.888686e-03,1.104668e-02,6.511865e-02,5.102900e-02,1.136516e-02,2.248364e-04,7.343131e-03,1.187303e-02,1.273178e-03,6.923857e-01,4.876141e-02,4.819442e-03,8.392416e-02,8.352158e-04
6.690145e-03,1.609750e-03,7.817219e-03,4.616880e-02,7.192110e-02,1.300124e-02,1.953157e-04,5.368848e-03,8.502889e-03,9.596786e-04,6.708065e-01,3.992904e-02,3.813959e-03,1.225543e-01,6.612978e-04
6.038642e-03,1.958995e-03,5.614081e-03,3.261946e-02,1.234700e-01,1.703892e-02,1.619303e-04,3.921401e-03,6.494792e-03,7.719800e-04,5.987226e-01,3.606027e-02,3.089818e-03,1.633670e-01,6.700931e-04
5.067104e-03,1.927267e-03,4.026355e-03,2.295743e-02,1.247585e-01,1.291271e-02,1.224919e-04,2.759432e-03,6.488489e-03,8.007440e-04,5.743325e-01,3.279256e-02,2.323081e-03,2.060477e-01,2.683645e-03
4.277271e-03,1.763659e-03,5.418564e-03,1.624757e-02,1.207538e-01,1.067967e-02,1.122125e-04,1.971742e-03,7.030172e-03,7.788834e-04,6.375025e-01,2.532931e-02,1.986603e-03,1.638732e-01,2.274779e-03
4.009442e-03,2.994198e-03,5.191426e-03,1.157740e-02,1.431969e-01,8.854104e-03,1.986014e-04,1.560217e-03,1.450976e-02,1.299874e-03,6.379443e-01,2.353941e-02,2.042725e-03,1.410315e-01,2.050074e-03
6.530066e-03,3.762543e-03,1.355191e-02,9.684864e-03,1.380047e-01,8.880114e-03,3.096222e-04,2.044450e-03,3.593278e-02,2.215739e-03,6.171627e-01,2.474502e-02,2.324052e-03,1.323160e-01,2.535422e-03
5.606848e-03,3.371970e-03,1.074397e-02,7.383652e-03,1.101223e-01,9.742506e-03,2.778285e-04,1.536311e-03,4.826605e-02,2.090003e-03,5.975646e-01,2.148689e-02,1.907657e-03,1.759788e-01,3.920599e-03
4.166785e-03,3.197267e-03,7.880131e-03,5.286014e-03,7.809947e-02,7.965442e-03,2.073221e-04,1.099050e-03,6.483958e-02,1.870768e-03,4.895633e-01,1.959274e-02,1.537794e-03,3.113869e-01,3.307441e-03
3.189689e-03,2.493123e-03,5.675936e-03,3.778884e-03,5.489670e-02,6.188345e-03,1.509204e-04,7.809269e-04,5.820552e-02,1.555349e-03,4.458456e-01,1.911364e-02,1.286911e-03,3.943768e-01,2.461651e-03
3.087746e-03,2.781427e-03,4.327980e-03,2.949690e-03,3.938523e-02,6.266866e-03,1.225382e-04,5.769096e-04,5.472106e-02,1.654923e-03,4.233369e-01,1.861501e-02,1.231716e-03,4.387876e-01,2.154452e-03
3.912097e-03,6.028906e-03,3.974852e-03,2.805026e-03,3.303494e-02,5.753644e-03,1.979132e-04,5.414690e-04,5.068771e-02,2.990334e-03,4.813229e-01,1.952594e-02,1.093003e-03,3.856305e-01,2.500838e-03
3.928184e-03,4.583217e-03,3.108992e-03,2.803281e-03,2.800349e-02,4.521996e-03,3.328587e-04,5.821499e-04,6.769918e-02,4.600070e-03,4.939805e-01,1.549680e-02,9.601770e-04,3.672737e-01,2.125408e-03
4.664083e-03,5.410045e-03,3.656160e-03,4.140855e-03,2.314155e-02,6.625629e-03,1.095524e-03,7.143341e-03,1.129250e-01,1.094003e-02,4.279289e-01,1.278303e-02,1.745575e-03,3.740959e-01,3.704313e-03
5.663115e-03,4.503579e-03,2.775742e-03,7.645411e-03,1.932538e-02,7.742633e-03,1.725627e-03,6.955852e-03,1.131599e-01,1.579125e-02,4.324119e-01,1.171407e-02,3.187049e-03,3.615221e-01,5.876411e-03
6.357745e-03,7.563722e-03,4.783900e-03,1.081830e-02,1.707880e-02,1.221886e-02,2.716203e-03,6.435584e-03,1.136246e-01,2.962492e-02,3.795123e-01,1.067357e-02,4.030280e-03,3.737728e-01,2.078841e-02
5.172407e-03,5.996554e-03,6.265353e-03,9.826040e-03,1.986708e-02,1.088475e-02,3.031118e-03,1.784014e-02,1.030925e-01,6.145769e-02,3.563153e-01,1.421848e-02,8.750301e-03,3.531065e-01,2.417577e-02
4.472482e-03,5.528458e-03,6.830269e-03,1.182021e-02,2.536314e-02,9.056416e-03,2.779266e-03,3.328900e-02,1.198796e-01,6.812693e-02,3.049566e-01,2.436504e-02,2.118727e-02,3.158431e-01,4.650228e-02
3.815309e-03,4.715402e-03,7.921366e-03,9.552127e-03,2.204466e-02,7.934029e-03,2.243368e-03,1.711249e-01,9.735870e-02,5.432723e-02,2.560143e-01,4.802943e-02,4.154838e-02,2.310671e-01,4.230379e-02
2.990104e-03,3.931532e-03,7.608972e-03,8.856520e-03,1.751876e-02,5.975115e-03,1.675185e-03,3.524067e-01,8.165741e-02,4.064785e-02,1.893341e-01,4.254288e-02,4.607405e-02,1.652566e-01,3.352422e-02
2.778516e-03,6.944451e-03,2.213211e-02,1.299337e-02,1.415819e-02,5.053326e-03,1.450935e-03,4.132561e-01,1.290538e-01,3.192472e-02,1.382019e-01,3.478623e-02,4.140279e-02,1.161565e-01,2.970717e-02
3.407783e-03,5.726035e-03,3.437700e-02,1.570386e-02,1.607225e-02,4.287411e-03,1.549328e-03,5.221356e-01,1.179355e-01,2.281217e-02,9.870806e-02,2.491822e-02,2.950491e-02,8.135677e-02,2.150513e-02
5.144776e-03,7.971145e-03,4.330273e-02,1.707007e-02,2.359664e-02,4.307878e-03,2.588029e-03,5.175054e-01,1.762750e-01,1.680009e-02,7.276894e-02,1.770426e-02,2.105230e-02,5.702422e-02,1.688861e-02
5.813572e-03,7.327077e-03,4.889775e-02,2.145079e-02,3.183631e-02,3.893163e-03,2.971479e-03,5.632637e-01,1.671379e-01,1.290179e-02,5.371005e-02,1.268932e-02,1.512819e-02,4.003254e-02,1.294648e-02
8.775376e-03,1.259330e-02,8.958492e-02,3.449873e-02,3.890608e-02,3.331739e-03,3.556103e-03,5.120580e-01,1.891103e-01,1.042878e-02,3.866921e-02,9.244363e-03,1.114994e-02,2.828427e-02,9.808902e-03
1.929471e-02,2.103540e-02,9.016280e-02,4.017171e-02,6.172531e-02,3.999430e-03,4.276681e-03,4.346575e-01,2.375026e-01,1.145017e-02,2.816864e-02,6.690690e-03,8.818942e-03,2.031235e-02,1.173318e-02
2.384491e-02,2.154305e-02,9.600209e-02,9.460920e-02,9.216307e-02,6.617744e-03,5.361110e-03,4.013931e-01,1.933849e-01,9.276031e-03,2.047858e-02,4.958638e-03,6.534999e-03,1.435754e-02,9.475001e-03
3.421166e-02,2.110394e-02,7.895409e-02,1.364941e-01,1.126581e-01,7.993655e-03,4.746133e-03,3.764464e-01,1.748739e-01,8.458919e-03,1.640917e-02,3.836439e-03,5.058427e-03,1.025908e-02,8.495986e-03
2.820108e-02,1.539650e-02,5.759244e-02,9.907191e-02,9.045959e-02,6.081210e-03,3.552405e-03,5.268414e-01,1.349640e-01,6.011175e-03,1.220721e-02,2.747734e-03,3.684057e-03,7.196958e-03,5.992321e-03
2.326809e-02,1.159672e-02,4.250431e-02,7.108779e-02,6.545527e-02,4.645952e-03,2.615066e-03,6.564884e-01,9.535788e-02,4.258258e-03,8.731286e-03,1.969519e-03,2.625482e-03,5.064828e-03,4.331185e-03
2.248585e-02,8.762932e-03,3.193969e-02,5.138327e-02,4.819954e-02,4.032882e-03,2.045380e-03,7.433823e-01,6.760319e-02,3.060390e-03,6.600100e-03,1.530539e-03,2.044171e-03,3.593586e-03,3.336126e-03
2.432977e-02,6.680581e-03,2.334576e-02,3.674679e-02,3.510844e-02,3.514009e-03,1.530669e-03,8.051108e-01,4.844026e-02,2.245412e-03,4.966291e-03,1.252958e-03,1.530229e-03,2.580844e-03,2.617115e-03
2.451612e-02,5.581091e-03,1.792083e-02,2.768535e-02,2.576607e-02,3.325159e-03,1.137687e-03,8.442383e-01,3.616236e-02,1.694363e-03,4.816449e-03,1.215629e-03,1.486048e-03,1.872851e-03,2.581635e-03
3.720701e-02,6.643166e-03,1.738825e-02,2.620211e-02,1.891785e-02,1.582684e-02,1.115938e-03,6.742607e-01,3.005098e-02,4.468321e-03,2.492207e-02,1.162901e-02,1.238801e-01,2.025419e-03,5.462165e-03
7.022570e-02,6.459027e-03,1.279836e-02,2.175252e-02,1.366021e-02,1.661392e-02,1.037628e-03,4.891483e-01,2.723767e-02,4.306389e-03,3.234041e-02,3.681377e-02,2.566909e-01,4.565870e-03,6.349199e-03
7.532746e-02,5.379094e-03,1.023069e-02,1.953105e-02,9.815391e-03,1.597430e-02,9.183872e-04,3.515032e-01,2.217085e-02,4.450303e-03,4.582363e-02,4.358765e-02,3.674588e-01,1.381037e-02,1.401881e-02
5.974472e-02,3.960947e-03,7.414222e-03,1.480891e-02,7.272470e-03,1.242063e-02,8.070173e-04,2.480106e-01,2.012859e-02,3.999630e-03,4.685283e-02,4.258090e-02,5.101320e-01,1.079929e-02,1.106724e-02
9.676799e-02,3.461916e-03,5.592467e-03,1.169605e-02,5.530027e-03,1.145332e-02,7.469411e-04,1.754575e-01,2.648743e-02,3.605463e-03,3.986610e-02,6.959248e-02,5.273052e-01,1.283567e-02,9.601373e-03
1.616393e-01,5.880136e-03,4.236664e-03,8.826036e-03,4.466508e-03,1.271071e-02,7.789805e-04,1.236114e-01,3.428475e-02,7.415933e-03,3.160846e-02,1.536426e-01,4.310602e-01,1.181981e-02,8.018390e-03
2.140503e-01,6.257892e-03,3.461898e-03,7.141347e-03,8.960567e-03,1.298857e-02,1.271804e-03,8.888943e-02,4.825773e-02,1.578655e-02,4.072429e-02,2.143984e-01,3.202640e-01,1.110809e-02,6.439117e-03
2.548044e-01,7.737190e-03,3.470782e-03,5.615256e-03,9.492483e-03,1.193928e-02,1.359340e-03,6.309027e-02,4.015210e-02,1.953619e-02,6.687135e-02,2.614543e-01,2.368934e-01,1.224057e-02,5.343029e-03
2.858104e-01,1.470462e-02,3.641464e-03,4.302513e-03,1.051052e-02,1.221558e-02,1.447274e-03,4.498528e-02,3.211067e-02,2.955949e-02,6.903766e-02,3.035146e-01,1.705802e-01,1.305382e-02,4.525953e-03
3.244459e-01,1.516804e-02,3.300220e-03,3.472787e-03,9.442417e-03,1.252669e-02,1.290971e-03,3.204957e-02,2.531245e-02,4.070298e-02,6.494297e-02,3.278188e-01,1.223972e-01,1.266295e-02,4.465926e-03
3.710386e-01,1.317853e-02,3.884834e-03,4.428758e-03,8.991295e-03,1.124872e-02,1.344685e-03,2.307475e-02,2.224379e-02,3.238364e-02,5.753989e-02,3.466049e-01,8.610252e-02,1.313938e-02,4.795659e-03
3.885429e-01,1.301029e-02,4.517233e-03,5.700883e-03,9.364972e-03,1.208154e-02,1.505465e-03,1.695621e-02,2.029241e-02,2.526100e-02,6.796734e-02,3.552138e-01,6.090293e-02,1.227717e-02,6.405919e-03
3.907355e-01,1.096703e-02,4.084996e-03,5.159296e-03,9.370219e-03,1.022550e-02,1.333817e-03,1.250337e-02,1.712298e-02,2.026740e-02,9.415597e-02,3.641552e-01,4.299365e-02,1.114525e-02,5.779912e-03
4.254260e-01,9.269181e-03,3.834017e-03,5.337631e-03,8.333625e-03,1.030719e-02,1.201094e-03,1.004849e-02,1.336811e-02,1.580188e-02,9.947877e-02,3.514740e-01,3.053988e-02,1.046900e-02,5.111191e-03
4.667269e-01,9.277089e-03,3.401532e-03,6.613989e-03,8.292288e-03,1.099498e-02,1.167639e-03,7.982958e-03,1.085073e-02,1.481496e-02,8.446115e-02,3.358892e-01,2.214767e-02,9.150211e-03,8.228747e-03
4.116322e-01,9.556684e-03,3.528592e-03,9.104886e-03,9.032640e-03,1.142505e-02,1.800377e-03,7.856322e-03,1.204253e-02,1.884658e-02,8.061229e-02,3.862193e-01,1.697770e-02,8.757721e-03,1.260716e-02
3.378491e-01,9.032208e-03,2.052664e-02,9.178597e-03,1.701471e-02,1.546468e-02,6.032580e-03,3.064865e-02,1.300355e-02,2.858886e-02,8.332184e-02,3.971511e-01,1.257706e-02,7.958561e-03,1.165186e-02
2.745719e-01,8.078800e-03,1.775881e-02,8.870162e-03,2.996661e-02,1.611700e-02,5.710637e-03,2.858417e-02,1.343263e-02,2.787051e-02,7.778686e-02,4.637293e-01,1.008008e-02,6.800715e-03,1.064190e-02
2.687707e-01,8.399056e-03,1.471450e-02,8.678162e-03,2.795664e-02,1.747446e-02,5.578413e-03,2.216275e-02,1.565406e-02,4.770467e-02,7.569806e-02,4.562188e-01,8.340976e-03,7.117684e-03,1.553107e-02
2.372416e-01,8.985975e-03,1.656742e-02,1.153242e-02,2.964511e-02,2.638325e-02,6.817774e-03,2.533464e-02,1.743836e-02,8.511983e-02,7.166426e-02,4.267389e-01,7.132798e-03,7.556901e-03,2.184087e-02
2.497850e-01,4.043359e-02,1.315495e-02,1.933709e-02,2.877975e-02,2.521946e-02,6.340782e-03,2.283692e-02,4.673025e-02,8.817700e-02,6.437234e-02,3.464749e-01,6.898331e-03,9.623416e-03,3.183617e-02
2.161713e-01,7.139608e-02,1.510751e-02,3.754976e-02,2.818564e-02,2.873735e-02,6.949546e-03,4.319828e-02,1.011845e-01,9.020140e-02,5.227768e-02,2.637192e-01,6.766825e-03,9.385278e-03,2.916963e-02
2.556676e-01,7.174791e-02,1.431212e-02,4.259577e-02,6.118552e-02,4.602589e-02,6.944003e-03,3.790037e-02,9.875085e-02,7.446989e-02,4.391183e-02,2.003288e-01,7.701157e-03,8.724402e-03,2.973385e-02
3.353480e-01,6.286678e-02,2.224443e-02,4.865755e-02,6.654348e-02,5.363021e-02,8.698263e-03,3.262889e-02,8.529224e-02,5.777164e-02,3.521238e-02,1.496815e-01,7.287149e-03,8.629783e-03,2.550771e-02
3.815298e-01,4.996721e-02,8.128767e-02,4.985728e-02,6.265073e-02,5.664914e-02,7.931047e-03,2.719057e-02,6.528817e-02,4.510257e-02,2.710409e-02,1.108457e-01,6.547146e-03,7.292206e-03,2.075672e-02
3.342901e-01,4.449691e-02,1.151643e-01,1.142270e-01,5.053772e-02,6.012748e-02,6.784950e-03,2.961462e-02,5.488992e-02,4.157024e-02,2.475661e-02,7.927512e-02,1.740935e-02,5.769826e-03,2.108575e-02
2.964988e-01,3.591621e-02,1.703845e-01,8.572862e-02,4.461474e-02,5.200353e-02,4.623773e-02,8.360250e-02,4.112051e-02,3.389969e-02,1.828289e-02,5.580266e-02,1.508509e-02,4.866350e-03,1.595606e-02
3.705863e-01,2.999477e-02,1.440284e-01,6.566890e-02,3.862856e-02,5.100381e-02,4.083029e-02,8.786885e-02,3.300601e-02,4.688086e-02,1.516427e-02,4.224454e-02,1.338035e-02,4.940690e-03,1.577336e-02
3.052037e-01,3.042899e-02,1.200185e-01,5.198778e-02,3.787677e-02,4.642025e-02,3.412977e-02,8.143508e-02,5.202314e-02,8.898874e-02,5.935900e-02,3.655284e-02,2.279087e-02,6.646869e-03,2.613766e-02
2.230831e-01,2.569220e-02,8.841660e-02,3.878282e-02,3.196999e-02,3.906179e-02,2.574061e-02,5.926414e-02,1.587456e-01,1.106327e-01,7.940422e-02,2.821596e-02,2.328965e-02,1.272447e-02,5.497614e-02
1.567886e-01,2.498769e-02,6.311385e-02,2.832584e-02,2.344404e-02,2.962447e-02,1.845803e-02,4.165169e-02,2.627831e-01,9.831031e-02,1.181228e-01,2.102428e-02,2.638118e-02,1.351354e-02,7.347070e-02
1.101597e-01,2.097923e-02,4.441329e-02,2.087748e-02,1.686618e-02,2.357468e-02,1.296384e-02,2.923550e-02,3.540004e-01,8.467643e-02,9.377325e-02,1.765702e-02,2.890049e-02,1.545630e-02,1.264662e-01
7.742874e-02,2.158334e-02,3.125210e-02,1.616156e-02,1.236257e-02,1.786563e-02,9.117722e-03,2.057428e-02,4.928952e-01,6.421246e-02,7.480828e-02,1.376605e-02,2.594651e-02,1.665105e-02,1.053745e-01
5.460252e-02,1.772407e-02,2.251330e-02,1.510935e-02,9.041694e-03,1.311643e-02,6.625010e-03,1.484467e-02,5.394163e-01,4.912072e-02,8.063407e-02,1.836482e-02,2.578715e-02,4.039859e-02,9.270138e-02
3.900941e-02,1.366675e-02,1.665498e-02,1.363446e-02,6.728964e-03,1.015208e-02,4.875856e-03,1.068607e-02,5.076023e-01,3.771412e-02,1.203848e-01,1.658699e-02,2.130675e-02,1.059257e-01,7.507080e-02
2.859633e-02,1.110407e-02,1.317018e-02,1.291727e-02,6.482409e-03,7.889736e-03,3.709486e-03,8.025517e-03,4.097850e-01,2.791497e-02,1.966639e-01,1.589229e-02,1.866770e-02,1.738282e-01,6.535294e-02
2.390272e-02,9.758499e-03,9.549473e-03,9.957276e-03,5.494151e-03,6.467819e-03,2.732154e-03,6.146268e-03,2.921650e-01,2.095934e-02,3.139099e-01,1.508783e-02,1.529482e-02,2.200803e-01,4.849447e-02
2.874286e-02,8.325395e-03,7.195487e-03,8.129821e-03,9.475509e-03,5.371243e-03,2.338797e-03,6.023473e-03,2.083233e-01,1.662481e-02,4.366643e-01,1.501986e-02,1.284161e-02,1.984628e-01,3.646078e-02
3.717643e-02,9.702699e-03,9.371668e-03,7.469724e-03,1.229428e-01,1.245912e-02,3.829002e-03,8.799534e-03,1.513491e-01,1.353469e-02,3.981982e-01,1.611524e-02,9.698040e-03,1.732706e-01,2.608316e-02
3.924162e-02,1.927302e-02,1.086912e-02,6.736616e-03,1.348556e-01,2.907230e-02,4.201951e-03,9.044704e-03,1.140349e-01,1.270117e-02,3.725762e-01,2.114237e-02,8.681035e-03,1.984705e-01,1.909895e-02
4.011122e-02,5.414096e-02,2.310779e-02,1.127629e-02,1.515031e-01,4.071399e-02,5.272270e-03,1.031746e-02,1.133856e-01,1.362585e-02,3.150227e-01,2.275727e-02,1.170472e-02,1.719587e-01,1.510217e-02
8.238146e-02,5.334125e-02,2.907908e-02,1.277801e-02,1.176621e-01,3.712819e-02,4.560931e-03,8.635077e-03,9.421917e-02,1.312934e-02,2.849003e-01,2.785392e-02,1.631211e-02,2.039532e-01,1.406587e-02
1.260168e-01,4.543020e-02,3.497639e-02,2.202856e-02,1.064448e-01,3.687657e-02,4.712638e-03,9.156920e-03,8.583792e-02,1.204213e-02,2.780612e-01,2.866669e-02,1.857431e-02,1.766959e-01,1.447895e-02
2.126239e-01,3.911527e-02,3.545805e-02,3.402679e-02,8.967587e-02,4.720678e-02,4.485151e-03,9.764113e-03,7.073103e-02,1.106006e-02,2.394718e-01,3.042249e-02,1.948749e-02,1.408879e-01,1.558326e-02
2.313043e-01,3.454159e-02,5.764592e-02,6.307176e-02,8.724510e-02,5.439156e-02,5.886504e-03,1.599306e-02,5.793897e-02,1.071807e-02,2.049556e-01,3.703364e-02,1.850181e-02,1.043596e-01,1.641248e-02
1.861949e-01,3.043447e-02,1.193339e-01,6.630598e-02,8.169511e-02,5.174039e-02,5.602324e-03,1.782407e-02,6.704860e-02,3.914097e-02,1.660850e-01,4.635031e-02,2.053576e-02,7.952023e-02,2.218798e-02
2.219255e-01,3.155519e-02,1.120954e-01,6.705609e-02,6.676786e-02,4.836439e-02,8.512389e-03,2.282162e-02,6.908661e-02,6.151734e-02,1.372177e-01,4.438093e-02,2.177711e-02,6.326035e-02,2.366154e-02
2.266333e-01,2.903870e-02,9.665410e-02,6.461967e-02,5.268012e-02,4.431748e-02,8.018504e-03,1.842945e-02,7.870711e-02,7.992440e-02,1.399664e-01,5.625466e-02,2.850638e-02,5.153533e-02,2.471441e-02
2.825707e-01,2.846818e-02,7.343838e-02,7.301149e-02,4.385602e-02,4.362001e-02,6.789404e-03,1.711286e-02,8.274642e-02,6.741825e-02,1.200965e-01,6.117900e-02,2.970517e-02,4.222357e-02,2.776410e-02
3.035659e-01,2.691053e-02,6.003095e-02,7.386693e-02,3.471507e-02,4.366051e-02,5.772599e-03,1.382504e-02,7.354867e-02,5.844314e-02,1.398166e-01,7.079463e-02,3.100394e-02,3.577131e-02,2.827432e-02
3.806213e-01,2.474850e-02,4.538552e-02,6.183545e-02,3.054641e-02,4.160388e-02,5.096968e-03,1.163193e-02,6.341619e-02,5.347953e-02,1.239821e-01,7.353832e-02,2.920931e-02,2.845275e-02,2.645198e-02
4.038627e-01,2.577430e-02,3.390261e-02,5.350596e-02,2.674923e-02,4.104694e-02,4.498392e-03,1.011530e-02,5.371836e-02,4.620663e-02,1.444768e-01,6.862623e-02,2.435744e-02,2.661948e-02,3.653963e-02
3.406715e-01,2.804282e-02,2.736636e-02,6.474015e-02,2.468857e-02,3.531859e-02,4.179930e-03,9.848995e-03,6.585300e-02,4.157349e-02,1.708744e-01,9.854129e-02,2.432110e-02,2.383686e-02,4.014298e-02
2.833292e-01,4.328231e-02,2.376278e-02,5.546038e-02,2.356412e-02,3.554622e-02,4.241071e-03,1.138319e-02,7.411835e-02,4.604273e-02,2.299999e-01,8.587901e-02,2.015394e-02,2.248701e-02,4.074977e-02
2.433822e-01,6.710921e-02,1.860891e-02,4.742337e-02,2.447300e-02,3.469736e-02,4.002944e-03,1.119734e-02,9.696616e-02,4.404234e-02,2.607462e-01,7.224936e-02,1.663531e-02,1.881990e-02,3.964635e-02
1.896657e-01,1.524944e-01,1.376578e-02,3.819038e-02,2.126031e-02,2.723411e-02,3.026113e-03,9.033382e-03,1.698551e-01,4.715896e-02,2.101325e-01,5.335204e-02,1.264858e-02,1.407095e-02,3.811170e-02
1.602000e-01,1.240257e-01,1.310647e-02,4.054799e-02,2.213470e-02,9.132707e-02,7.313059e-03,5.024944e-02,1.570661e-01,5.297496e-02,1.695049e-01,5.410363e-02,1.328780e-02,1.094548e-02,3.321264e-02
1.353099e-01,8.870802e-02,9.539200e-03,1.449024e-01,3.683417e-02,1.260887e-01,6.619328e-03,3.653503e-02,1.310395e-01,3.866747e-02,1.246944e-01,5.835128e-02,2.886382e-02,8.016816e-03,2.582995e-02
1.033929e-01,6.272710e-02,6.768096e-03,1.194224e-01,4.689777e-02,1.062050e-01,4.788951e-03,2.584862e-02,1.060535e-01,2.752334e-02,1.034576e-01,1.446206e-01,1.173178e-01,5.850499e-03,1.912585e-02
7.837993e-02,4.409333e-02,4.846058e-03,9.690868e-02,3.658053e-02,8.209282e-02,3.481011e-03,1.845305e-02,7.752249e-02,1.977457e-02,1.098479e-01,1.541879e-01,2.551447e-01,4.300024e-03,1.438699e-02
7.686747e-02,3.124603e-02,3.754800e-03,8.258395e-02,4.315549e-02,6.206081e-02,2.830167e-03,1.568424e-02,6.786371e-02,1.503565e-02,1.115046e-01,1.200146e-01,3.527181e-01,3.330426e-03,1.134993e-02
1.046323e-01,2.214963e-02,4.464861e-03,6.054140e-02,9.742869e-02,6.339295e-02,4.765044e-03,3.246902e-02,5.661159e-02,1.200705e-02,1.065361e-01,9.420370e-02,3.296401e-01,2.549024e-03,8.608543e-03
1.460146e-01,1.601212e-02,5.075098e-03,4.488624e-02,1.100772e-01,6.726926e-02,1.169285e-02,6.416798e-02,4.820125e-02,9.833378e-03,9.040789e-02,7.122550e-02,3.062391e-01,2.003614e-03,6.893902e-03
1.255682e-01,1.534798e-02,5.744042e-03,3.969694e-02,1.022033e-01,8.839828e-02,1.749192e-02,5.419403e-02,7.405889e-02,7.654657e-03,6.774727e-02,5.327292e-02,3.394328e-01,1.543779e-03,7.644942e-03
9.638509e-02,2.880508e-02,8.890502e-03,5.192330e-02,8.786067e-02,9.422576e-02,1.579901e-02,4.442775e-02,1.299668e-01,8.356647e-03,5.337159e-02,4.042434e-02,3.288871e-01,1.247153e-03,9.429192e-03
8.774357e-02,3.862097e-02,7.328448e-03,4.152693e-02,6.545074e-02,7.857376e-02,1.204217e-02,3.225422e-02,1.892568e-01,6.871123e-03,4.410123e-02,3.305383e-02,3.510349e-01,1.200560e-03,1.094077e-02
7.528228e-02,8.014779e-02,1.752005e-02,7.171234e-02,5.097174e-02,5.981965e-02,9.831834e-03,2.406149e-02,2.557511e-01,6.912329e-03,3.516449e-02,2.480115e-02,2.738058e-01,1.215737e-03,1.300227e-02
6.834991e-02,7.847409e-02,6.880270e-02,2.052895e-01,3.744109e-02,4.359182e-02,7.217107e-03,1.767238e-02,2.091228e-01,6.762688e-03,2.787035e-02,1.830540e-02,1.939960e-01,1.642986e-03,1.546106e-02
2.099917e-01,6.088196e-02,6.319686e-02,1.534231e-01,3.440934e-02,3.787015e-02,5.986133e-03,1.792378e-02,1.768435e-01,6.212180e-03,2.992443e-02,2.152436e-02,1.476426e-01,3.395879e-03,3.077403e-02
3.294560e-01,4.835581e-02,4.932651e-02,1.182297e-01,3.396828e-02,4.410419e-02,5.756933e-03,1.565782e-02,1.427646e-01,5.227678e-03,2.881074e-02,2.024044e-02,1.166650e-01,3.731542e-03,3.770475e-02
3.569264e-01,5.148192e-02,5.015737e-02,1.066048e-01,2.820354e-02,4.935586e-02,5.840122e-03,1.390057e-02,1.069364e-01,7.221153e-03,2.522589e-02,2.665646e-02,1.018244e-01,5.272363e-03,6.439266e-02
2.880332e-01,6.716041e-02,8.844369e-02,1.267807e-01,2.178832e-02,3.854489e-02,4.525648e-03,1.122890e-02,8.561859e-02,1.417509e-02,2.126452e-02,2.346240e-02,7.738709e-02,4.748906e-03,1.268376e-01
3.094729e-01,5.884662e-02,7.808137e-02,1.062388e-01,1.834639e-02,2.998093e-02,3.790813e-03,9.502918e-03,6.940741e-02,2.483467e-02,1.760163e-02,1.952046e-02,6.161011e-02,5.073404e-03,1.876915e-01
4.239322e-01,5.604494e-02,5.867264e-02,8.257224e-02,1.775008e-02,2.612541e-02,3.563639e-03,8.787616e-03,5.411556e-02,2.046908e-02,1.481643e-02,1.889580e-02,4.931233e-02,4.603322e-03,1.603388e-01
3.649703e-01,6.572365e-02,9.198064e-02,7.914378e-02,1.517540e-02,2.169957e-02,2.984251e-03,7.467395e-03,4.138459e-02,2.595642e-02,1.229562e-02,1.651404e-02,4.009959e-02,4.153329e-03,2.104515e-01
2.731916e-01,5.151027e-02,2.027838e-01,9.942630e-02,1.104473e-02,1.604459e-02,2.184171e-03,5.831496e-03,3.423868e-02,3.186645e-02,1.089664e-02,1.352121e-02,3.146071e-02,3.523648e-03,2.124758e-01
3.419150e-01,4.362465e-02,1.902368e-01,8.620356e-02,9.719305e-03,1.370689e-02,1.814468e-03,5.779836e-03,3.410069e-02,2.787455e-02,1.147281e-02,1.105159e-02,2.423197e-02,5.127546e-03,1.931404e-01
3.341305e-01,3.739677e-02,2.523762e-01,7.936716e-02,7.926287e-03,1.169642e-02,1.471033e-03,6.037374e-03,2.697659e-02,2.159130e-02,9.752503e-03,9.561804e-03,1.938706e-02,4.809539e-03,1.775195e-01
4.494625e-01,3.130266e-02,2.120945e-01,6.596802e-02,7.756519e-03,1.156331e-02,1.578316e-03,8.442830e-03,2.085622e-02,1.627577e-02,8.627852e-03,1.135128e-02,1.653142e-02,4.720232e-03,1.334686e-01
1.000000e+00,0.000000e+00,0.000000e+00,0.000000e+00,0.000000e+00,0.000000e+00,0.000000e+00,0.000000e+00,0.000000e+00,0.000000e+00,0.000000e+00,0.000000e+00,0.000000e+00,0.000000e+00,0.000000e+00
1.000000e+00,0.000000e+00,0.000000e+00,0.000000e+00,0.000000e+00,0.000000e+00,0.000000e+00,0.000000e+00,0.000000e+00,0.000000e+00,0.000000e+00,0.000000e+00,0.000000e+00,0.000000e+00,0.000000e+00
4.950634e-01,2.515804e-02,2.202005e-01,1.144380e-01,8.348452e-03,1.129885e-02,1.949195e-03,1.465692e-02,1.298140e-02,8.621117e-03,6.164034e-03,1.209619e-02,9.508384e-03,3.848760e-03,5.566676e-02
1.000000e+00,0.000000e+00,0.000000e+00,0.000000e+00,0.000000e+00,0.000000e+00,0.000000e+00,0.000000e+00,0.000000e+00,0.000000e+00,0.000000e+00,0.000000e+00,0.000000e+00,0.000000e+00,0.000000e+00
1.000000e+00,0.000000e+00,0.000000e+00,0.000000e+00,0.000000e+00,0.000000e+00,0.000000e+00,0.000000e+00,0.000000e+00,0.000000e+00,0.000000e+00,0.000000e+00,0.000000e+00,0.000000e+00,0.000000e+00
1.000000e+00,0.000000e+00,0.000000e+00,0.000000e+00,0.000000e+00,0.000000e+00,0.000000e+00,0.000000e+00,0.000000e+00,0.000000e+00,0.000000e+00,0.000000e+00,0.000000e+00,0.000000e+00,0.000000e+00
1.000000e+00,0.000000e+00,0.000000e+00,0.000000e+00,0.000000e+00,0.000000e+00,0.000000e+00,0.000000e+00,0.000000e+00,0.000000e+00,0.000000e+00,0.000000e+00,0.000000e+00,0.000000e+00,0.000000e+00
1.000000e+00,0.000000e+00,0.000000e+00,0.000000e+00,0.000000e+00,0.000000e+00,0.000000e+00,0.000000e+00,0.000000e+00,0.000000e+00,0.000000e+00,0.000000e+00,0.000000e+00,0.000000e+00,0.000000e+00
1.000000e+00,0.000000e+00,0.000000e+00,0.000000e+00,0.000000e+00,0.000000e+00,0.000000e+00,0.000000e+00,0.000000e+00,0.000000e+00,0.000000e+00,0.000000e+00,0.000000e+00,0.000000e+00,0.000000e+00
1.000000e+00,0.000000e+00,0.000000e+00,0.000000e+00,0.000000e+00,0.000000e+00,0.000000e+00,0.000000e+00,0.000000e+00,0.000000e+00,0.000000e+00,0.000000e+00,0.000000e+00,0.000000e+00,0.000000e+00
1.000000e+00,0.000000e+00,0.000000e+00,0.000000e+00,0.000000e+00,0.000000e+00,0.000000e+00,0.000000e+00,0.000000e+00,0.000000e+00,0.000000e+00,0.000000e+00,0.000000e+00,0.000000e+00,0.000000e+00
1.000000e+00,0.000000e+00,0.000000e+00,0.000000e+00,0.000000e+00,0.000000e+00,0.000000e+00,0.000000e+00,0.000000e+00,0.000000e+00,0.000000e+00,0.000000e+00,0.000000e+00,0.000000e+00,0.000000e+00
1.000000e+00,0.000000e+00,0.000000e+00,0.000000e+00,0.000000e+00,0.000000e+00,0.000000e+00,0.000000e+00,0.000000e+00,0.000000e+00,0.000000e+00,0.000000e+00,0.000000e+00,0.000000e+00,0.000000e+00
1.000000e+00,0.000000e+00,0.000000e+00,0.000000e+00,0.000000e+00,0.000000e+00,0.000000e+00,0.000000e+00,0.000000e+00,0.000000e+00,0.000000e+00,0.000000e+00,0.000000e+00,0.000000e+00,0.000000e+00
1.000000e+00,0.000000e+00,0.000000e+00,0.000000e+00,0.000000e+00,0.000000e+00,0.000000e+00,0.000000e+00,0.000000e+00,0.000000e+00,0.000000e+00,0.000000e+00,0.000000e+00,0.000000e+00,0.000000e+00
1.000000e+00,0.000000e+00,0.000000e+00,0.000000e+00,0.000000e+00,0.000000e+00,0.000000e+00,0.000000e+00,0.000000e+00,0.000000e+00,0.000000e+00,0.000000e+00,0.000000e+00,0.000000e+00,0.000000e+00
1.000000e+00,0.000000e+00,0.000000e+00,0.000000e+00,0.000000e+00,0.000000e+00,0.000000e+00,0.000000e+00,0.000000e+00,0.000000e+00,0.000000e+00,0.000000e+00,0.000000e+00,0.000000e+00,0.000000e+00
1.000000e+00,0.000000e+00,0.000000e+00,0.000000e+00,0.000000e+00,0.000000e+00,0.000000e+00,0.000000e+00,0.000000e+00,0.000000e+00,0.000000e+00,0.000000e+00,0.000000e+00,0.000000e+00,0.000000e+00
1.000000e+00,0.000000e+00,0.000000e+00,0.000000e+00,0.000000e+00,0.000000e+00,0.000000e+00,0.000000e+00,0.000000e+00,0.000000e+00,0.000000e+00,0.000000e+00,0.000000e+00,0.000000e+00,0.000000e+00
1.000000e+00,0.000000e+00,0.000000e+00,0.000000e+00,0.000000e+00,0.000000e+00,0.000000e+00,0.000000e+00,0.000000e+00,0.000000e+00,0.000000e+00,0.000000e+00,0.000000e+00,0.000000e+00,0.000000e+00
1.000000e+00,0.000000e+00,0.000000e+00,0.000000e+00,0.000000e+00,0.000000e+00,0.000000e+00,0.000000e+00,0.000000e+00,0.000000e+00,0.000000e+00,0.000000e+00,0.000000e+00,0.000000e+00,0.000000e+00
1.000000e+00,0.000000e+00,0.000000e+00,0.000000e+00,0.000000e+00,0.000000e+00,0.000000e+00,0.000000e+00,0.000000e+00,0.000000e+00,0.000000e+00,0.000000e+00,0.000000e+00,0.000000e+00,0.000000e+00
1.000000e+00,0.000000e+00,0.000000e+00,0.000000e+00,0.000000e+00,0.000000e+00,0.000000e+00,0.000000e+00,0.000000e+00,0.000000e+00,0.000000e+00,0.000000e+00,0.000000e+00,0.000000e+00,0.000000e+00
1.000000e+00,0.000000e+00,0.000000e+00,0.000000e+00,0.000000e+00,0.000000e+00,0.000000e+00,0.000000e+00,0.000000e+00,0.000000e+00,0.000000e+00,0.000000e+00,0.000000e+00,0.000000e+00,0.000000e+00
1.000000e+00,0.000000e+00,0.000000e+00,0.000000e+00,0.000000e+00,0.000000e+00,0.000000e+00,0.000000e+00,0.000000e+00,0.000000e+00,0.000000e+00,0.000000e+00,0.000000e+00,0.000000e+00,0.000000e+00
1.000000e+00,0.000000e+00,0.000000e+00,0.000000e+00,0.000000e+00,0.000000e+00,0.000000e+00,0.000000e+00,0.000000e+00,0.000000e+00,0.000000e+00,0.000000e+00,0.000000e+00,0.000000e+00,0.000000e+00
1.000000e+00,0.000000e+00,0.000000e+00,0.000000e+00,0.000000e+00,0.000000e+00,0.000000e+00,0.000000e+00,0.000000e+00,0.000000e+00,0.000000e+00,0.000000e+00,0.000000e+00,0.000000e+00,0.000000e+00
1.000000e+00,0.000000e+00,0.000000e+00,0.000000e+00,0.000000e+00,0.000000e+00,0.000000e+00,0.000000e+00,0.000000e+00,0.000000e+00,0.000000e+00,0.000000e+00,0.000000e+00,0.000000e+00,0.000000e+00
1.000000e+00,0.000000e+00,0.000000e+00,0.000000e+00,0.000000e+00,0.000000e+00,0.000000e+00,0.000000e+00,0.000000e+00,0.000000e+00,0.000000e+00,0.000000e+00,0.000000e+00,0.000000e+00,0.000000e+00
4.880801e-01,1.912576e-02,1.729189e-02,1.650442e-01,1.068019e-02,2.947051e-02,1.996686e-03,8.506079e-03,6.513844e-02,7.863268e-03,1.084080e-01,1.438387e-02,3.978196e-02,9.818852e-03,1.441016e-02
4.026726e-01,1.704173e-02,1.552931e-02,2.475244e-01,1.109812e-02,2.411790e-02,1.710557e-03,1.015133e-02,8.655818e-02,7.545468e-03,9.885551e-02,1.380476e-02,3.676589e-02,1.130612e-02,1.531815e-02
3.206285e-01,1.685592e-02,1.624168e-02,2.173263e-01,1.062369e-02,1.817336e-02,1.278484e-03,9.127814e-03,1.112496e-01,6.296248e-03,2.040110e-01,1.204920e-02,3.229106e-02,1.177673e-02,1.207044e-02
2.455242e-01,1.419657e-02,1.597808e-02,2.846689e-01,9.068757e-03,1.345618e-02,9.666181e-04,7.138762e-03,2.054459e-01,5.135637e-03,1.468740e-01,8.912628e-03,2.366997e-02,9.317436e-03,9.646393e-03
2.511173e-01,1.318371e-02,1.413014e-02,2.618342e-01,1.011455e-02,1.072600e-02,8.689823e-04,5.996486e-03,2.480600e-01,5.705497e-03,1.241902e-01,7.492023e-03,2.008905e-02,1.025989e-02,1.623191e-02
3.037391e-01,1.196621e-02,1.414965e-02,2.029112e-01,8.906319e-03,1.131813e-02,9.252998e-04,5.243669e-03,2.596418e-01,6.457673e-03,1.105832e-01,6.854845e-03,1.782117e-02,1.578436e-02,2.369726e-02
3.680652e-01,9.992539e-03,1.112612e-02,1.496997e-01,7.294918e-03,1.381075e-02,9.717044e-04,4.208305e-03,2.731917e-01,5.467297e-03,8.692956e-02,6.730924e-03,1.592057e-02,2.106438e-02,2.552635e-02
3.690812e-01,9.660034e-03,9.894636e-03,1.176596e-01,7.116500e-03,1.323874e-02,9.063437e-04,3.637843e-03,3.038478e-01,7.226142e-03,7.141298e-02,7.151242e-03,1.317734e-02,2.489978e-02,4.108976e-02
2.911391e-01,1.057746e-02,1.066184e-02,9.884347e-02,6.055347e-03,1.103921e-02,9.908398e-04,3.931996e-03,4.305089e-01,6.129136e-03,5.217585e-02,5.906320e-03,1.103561e-02,2.119931e-02,3.980560e-02
2.516825e-01,2.317818e-02,1.438700e-02,8.046576e-02,9.194059e-03,1.056156e-02,1.168960e-03,1.019934e-02,4.346040e-01,5.530578e-03,4.066350e-02,5.145832e-03,1.076770e-02,5.272933e-02,4.972163e-02
2.138208e-01,3.016202e-02,2.038761e-02,6.469661e-02,1.403778e-02,1.079398e-02,1.120120e-03,2.085425e-02,3.784795e-01,5.446611e-03,3.455402e-02,4.669699e-03,9.603767e-03,1.193517e-01,7.202154e-02
1.643342e-01,3.271329e-02,3.210185e-02,4.877148e-02,1.589898e-02,9.155178e-03,9.589461e-04,4.129663e-02,3.349398e-01,4.872273e-03,2.815432e-02,3.576555e-03,8.388994e-03,1.705955e-01,1.042420e-01
1.226891e-01,3.690934e-02,7.564085e-02,3.710157e-02,2.231134e-02,7.748998e-03,8.896320e-04,5.200399e-02,3.054277e-01,7.000922e-03,2.139157e-02,2.685802e-03,6.858128e-03,1.542853e-01,1.470558e-01
9.771826e-02,5.062786e-02,6.762133e-02,2.781306e-02,2.291257e-02,8.832018e-03,1.028816e-03,5.783418e-02,2.444764e-01,5.817834e-03,1.663211e-02,2.059505e-03,5.520523e-03,2.030500e-01,1.880555e-01
8.575106e-02,9.063223e-02,7.634402e-02,2.355740e-02,3.025478e-02,8.405665e-03,1.015289e-03,1.098401e-01,2.010026e-01,5.491086e-03,1.532118e-02,2.149092e-03,4.980310e-03,1.861639e-01,1.590914e-01
7.832688e-02,9.183179e-02,1.134194e-01,3.024795e-02,3.385483e-02,8.676749e-03,8.938974e-04,1.410913e-01,1.887039e-01,9.952816e-03,1.536269e-02,3.000428e-03,4.330004e-03,1.353567e-01,1.449506e-01
8.201389e-02,9.357180e-02,9.777350e-02,2.505185e-02,5.087391e-02,8.205112e-03,1.004773e-03,1.838615e-01,1.753137e-01,8.182961e-03,1.335370e-02,3.316290e-03,3.960752e-03,1.066272e-01,1.468892e-01
1.209547e-01,1.090116e-01,7.445069e-02,1.995263e-02,5.472917e-02,8.191432e-03,1.155909e-03,1.639001e-01,1.725665e-01,7.013410e-03,1.223890e-02,3.702271e-03,3.760734e-03,9.027105e-02,1.581010e-01
1.615347e-01,1.520400e-01,5.571292e-02,1.699012e-02,5.600738e-02,7.110350e-03,1.151137e-03,1.343780e-01,1.586715e-01,7.596269e-03,1.150557e-02,4.276097e-03,3.936479e-03,8.928578e-02,1.398037e-01
1.897178e-01,1.996998e-01,4.183874e-02,1.513488e-02,5.007195e-02,9.118292e-03,1.230910e-03,1.088768e-01,1.591834e-01,6.350527e-03,1.068370e-02,4.285648e-03,4.108275e-03,8.402795e-02,1.156714e-01
2.603097e-01,1.823728e-01,3.417085e-02,1.482490e-02,4.774670e-02,1.203912e-02,1.668667e-03,1.012608e-01,1.506777e-01,5.357267e-03,1.017048e-02,5.761707e-03,5.191521e-03,7.217237e-02,9.627554e-02
3.150697e-01,1.594253e-01,3.394432e-02,1.470387e-02,4.635864e-02,1.133748e-02,1.919870e-03,8.897670e-02,1.404326e-01,5.635756e-03,9.528445e-03,7.174286e-03,6.040310e-03,6.108680e-02,9.836590e-02
3.669248e-01,1.199411e-01,3.583241e-02,1.459250e-02,3.795490e-02,9.801427e-03,1.917970e-03,8.650312e-02,1.405079e-01,6.974522e-03,1.241754e-02,7.843520e-03,7.044975e-03,4.788301e-02,1.038603e-01
3.948292e-01,9.828472e-02,6.466863e-02,5.250194e-02,3.217708e-02,9.787310e-03,2.799310e-03,6.753690e-02,1.109106e-01,6.693983e-03,1.897308e-02,1.353146e-02,9.901356e-03,3.696596e-02,8.043854e-02
4.290866e-01,7.326915e-02,1.193335e-01,5.100939e-02,2.490862e-02,1.033045e-02,2.794000e-03,5.709621e-02,8.270269e-02,6.831966e-03,1.989309e-02,1.809870e-02,9.965509e-03,3.097106e-02,6.370919e-02
4.651867e-01,5.832694e-02,1.164038e-01,3.919239e-02,1.828229e-02,1.175286e-02,2.212404e-03,4.247535e-02,8.395227e-02,1.176544e-02,2.737767e-02,1.684924e-02,1.181183e-02,3.013146e-02,6.427934e-02
4.755667e-01,4.799109e-02,9.716307e-02,4.147498e-02,1.400595e-02,1.091484e-02,1.800464e-03,3.256608e-02,1.197772e-01,1.058668e-02,3.126521e-02,1.533128e-02,1.514443e-02,2.499274e-02,6.141929e-02
1.000000e+00,0.000000e+00,0.000000e+00,0.000000e+00,0.000000e+00,0.000000e+00,0.000000e+00,0.000000e+00,0.000000e+00,0.000000e+00,0.000000e+00,0.000000e+00,0.000000e+00,0.000000e+00,0.000000e+00
1.000000e+00,0.000000e+00,0.000000e+00,0.000000e+00,0.000000e+00,0.000000e+00,0.000000e+00,0.000000e+00,0.000000e+00,0.000000e+00,0.000000e+00,0.000000e+00,0.000000e+00,0.000000e+00,0.000000e+00
1.000000e+00,0.000000e+00,0.000000e+00,0.000000e+00,0.000000e+00,0.000000e+00,0.000000e+00,0.000000e+00,0.000000e+00,0.000000e+00,0.000000e+00,0.000000e+00,0.000000e+00,0.000000e+00,0.000000e+00
1.000000e+00,0.000000e+00,0.000000e+00,0.000000e+00,0.000000e+00,0.000000e+00,0.000000e+00,0.000000e+00,0.000000e+00,0.000000e+00,0.000000e+00,0.000000e+00,0.000000e+00,0.000000e+00,0.000000e+00
1.000000e+00,0.000000e+00,0.000000e+00,0.000000e+00,0.000000e+00,0.000000e+00,0.000000e+00,0.000000e+00,0.000000e+00,0.000000e+00,0.000000e+00,0.000000e+00,0.000000e+00,0.000000e+00,0.000000e+00
1.000000e+00,0.000000e+00,0.000000e+00,0.000000e+00,0.000000e+00,0.000000e+00,0.000000e+00,0.000000e+00,0.000000e+00,0.000000e+00,0.000000e+00,0.000000e+00,0.000000e+00,0.000000e+00,0.000000e+00
1.000000e+00,0.000000e+00,0.000000e+00,0.000000e+00,0.000000e+00,0.000000e+00,0.000000e+00,0.000000e+00,0.000000e+00,0.000000e+00,0.000000e+00,0.000000e+00,0.000000e+00,0.000000e+00,0.000000e+00
1.000000e+00,0.000000e+00,0.000000e+00,0.000000e+00,0.000000e+00,0.000000e+00,0.000000e+00,0.000000e+00,0.000000e+00,0.000000e+00,0.000000e+00,0.000000e+00,0.000000e+00,0.000000e+00,0.000000e+00
1.000000e+00,0.000000e+00,0.000000e+00,0.000000e+00,0.000000e+00,0.000000e+00,0.000000e+00,0.000000e+00,0.000000e+00,0.000000e+00,0.000000e+00,0.000000e+00,0.000000e+00,0.000000e+00,0.000000e+00
1.000000e+00,0.000000e+00,0.000000e+00,0.000000e+00,0.000000e+00,0.000000e+00,0.000000e+00,0.000000e+00,0.000000e+00,0.000000e+00,0.000000e+00,0.000000e+00,0.000000e+00,0.000000e+00,0.000000e+00
1.000000e+00,0.000000e+00,0.000000e+00,0.000000e+00,0.000000e+00,0.000000e+00,0.000000e+00,0.000000e+00,0.000000e+00,0.000000e+00,0.000000e+00,0.000000e+00,0.000000e+00,0.000000e+00,0.000000e+00
1.000000e+00,0.000000e+00,0.000000e+00,0.000000e+00,0.000000e+00,0.000000e+00,0.000000e+00,0.000000e+00,0.000000e+00,0.000000e+00,0.000000e+00,0.000000e+00,0.000000e+00,0.000000e+00,0.000000e+00
1.000000e+00,0.000000e+00,0.000000e+00,0.000000e+00,0.000000e+00,0.000000e+00,0.000000e+00,0.000000e+00,0.000000e+00,0.000000e+00,0.000000e+00,0.000000e+00,0.000000e+00,0.000000e+00,0.000000e+00
4.656740e-01,2.761118e-02,1.943979e-02,1.782056e-01,1.016730e-02,1.192372e-02,2.918044e-03,7.729028e-03,1.599091e-01,7.968295e-03,2.081158e-02,1.281104e-02,1.910684e-02,3.862603e-03,5.186182e-02
4.343507e-01,3.071008e-02,1.805360e-02,1.570225e-01,9.867895e-03,1.264620e-02,2.630443e-03,7.680574e-03,1.915984e-01,6.598423e-03,1.979929e-02,1.113473e-02,1.699829e-02,3.953684e-03,7.695514e-02
4.663699e-01,3.169342e-02,1.542482e-02,1.303848e-01,1.837180e-02,2.059636e-02,4.885547e-03,1.115416e-02,1.646658e-01,5.622456e-03,2.060090e-02,1.141445e-02,1.640192e-02,4.637644e-03,7.777611e-02
4.456236e-01,4.226572e-02,1.621206e-02,1.226854e-01,2.629272e-02,4.415466e-02,6.022032e-03,2.059622e-02,1.535407e-01,4.390286e-03,2.004403e-02,1.096088e-02,1.579147e-02,5.398159e-03,6.602214e-02
3.843103e-01,5.068950e-02,2.190648e-02,1.036988e-01,4.863231e-02,7.568925e-02,8.139771e-03,2.851598e-02,1.657663e-01,4.156658e-03,1.791622e-02,9.147025e-03,1.409727e-02,6.219519e-03,6.111469e-02
3.243039e-01,6.874630e-02,3.816693e-02,8.958383e-02,5.056403e-02,1.157802e-01,7.584486e-03,2.572032e-02,1.587442e-01,7.761882e-03,1.434671e-02,7.302096e-03,1.162507e-02,8.333051e-03,7.143705e-02
3.327054e-01,7.248318e-02,4.205096e-02,7.483014e-02,5.051427e-02,1.074037e-01,7.079151e-03,2.631035e-02,1.422771e-01,1.058864e-02,1.298216e-02,6.618136e-03,1.051590e-02,1.520083e-02,8.843999e-02
4.206587e-01,7.187018e-02,3.708359e-02,5.703328e-02,4.184118e-02,8.432766e-02,5.631734e-03,2.665602e-02,1.180795e-01,1.153248e-02,1.357521e-02,7.871458e-03,9.781217e-03,1.770914e-02,7.634866e-02
1.000000e+00,0.000000e+00,0.000000e+00,0.000000e+00,0.000000e+00,0.000000e+00,0.000000e+00,0.000000e+00,0.000000e+00,0.000000e+00,0.000000e+00,0.000000e+00,0.000000e+00,0.000000e+00,0.000000e+00
1.000000e+00,0.000000e+00,0.000000e+00,0.000000e+00,0.000000e+00,0.000000e+00,0.000000e+00,0.000000e+00,0.000000e+00,0.000000e+00,0.000000e+00,0.000000e+00,0.000000e+00,0.000000e+00,0.000000e+00
1.000000e+00,0.000000e+00,0.000000e+00,0.000000e+00,0.000000e+00,0.000000e+00,0.000000e+00,0.000000e+00,0.000000e+00,0.000000e+00,0.000000e+00,0.000000e+00,0.000000e+00,0.000000e+00,0.000000e+00
1.000000e+00,0.000000e+00,0.000000e+00,0.000000e+00,0.000000e+00,0.000000e+00,0.000000e+00,0.000000e+00,0.000000e+00,0.000000e+00,0.000000e+00,0.000000e+00,0.000000e+00,0.000000e+00,0.000000e+00
1.000000e+00,0.000000e+00,0.000000e+00,0.000000e+00,0.000000e+00,0.000000e+00,0.000000e+00,0.000000e+00,0.000000e+00,0.000000e+00,0.000000e+00,0.000000e+00,0.000000e+00,0.000000e+00,0.000000e+00
1.000000e+00,0.000000e+00,0.000000e+00,0.000000e+00,0.000000e+00,0.000000e+00,0.000000e+00,0.000000e+00,0.000000e+00,0.000000e+00,0.000000e+00,0.000000e+00,0.000000e+00,0.000000e+00,0.000000e+00
1.000000e+00,0.000000e+00,0.000000e+00,0.000000e+00,0.000000e+00,0.000000e+00,0.000000e+00,0.000000e+00,0.000000e+00,0.000000e+00,0.000000e+00,0.000000e+00,0.000000e+00,0.000000e+00,0.000000e+00
1.000000e+00,0.000000e+00,0.000000e+00,0.000000e+00,0.000000e+00,0.000000e+00,0.000000e+00,0.000000e+00,0.000000e+00,0.000000e+00,0.000000e+00,0.000000e+00,0.000000e+00,0.000000e+00,0.000000e+00
1.000000e+00,0.000000e+00,0.000000e+00,0.000000e+00,0.000000e+00,0.000000e+00,0.000000e+00,0.000000e+00,0.000000e+00,0.000000e+00,0.000000e+00,0.000000e+00,0.000000e+00,0.000000e+00,0.000000e+00
1.000000e+00,0.000000e+00,0.000000e+00,0.000000e+00,0.000000e+00,0.000000e+00,0.000000e+00,0.000000e+00,0.000000e+00,0.000000e+00,0.000000e+00,0.000000e+00,0.000000e+00,0.000000e+00,0.000000e+00
1.000000e+00,0.000000e+00,0.000000e+00,0.000000e+00,0.000000e+00,0.000000e+00,0.000000e+00,0.000000e+00,0.000000e+00,0.000000e+00,0.000000e+00,0.000000e+00,0.000000e+00,0.000000e+00,0.000000e+00
1.000000e+00,0.000000e+00,0.000000e+00,0.000000e+00,0.000000e+00,0.000000e+00,0.000000e+00,0.000000e+00,0.000000e+00,0.000000e+00,0.000000e+00,0.000000e+00,0.000000e+00,0.000000e+00,0.000000e+00
1.000000e+00,0.000000e+00,0.000000e+00,0.000000e+00,0.000000e+00,0.000000e+00,0.000000e+00,0.000000e+00,0.000000e+00,0.000000e+00,0.000000e+00,0.000000e+00,0.000000e+00,0.000000e+00,0.000000e+00
1.000000e+00,0.000000e+00,0.000000e+00,0.000000e+00,0.000000e+00,0.000000e+00,0.000000e+00,0.000000e+00,0.000000e+00,0.000000e+00,0.000000e+00,0.000000e+00,0.000000e+00,0.000000e+00,0.000000e+00
1.000000e+00,0.000000e+00,0.000000e+00,0.000000e+00,0.000000e+00,0.000000e+00,0.000000e+00,0.000000e+00,0.000000e+00,0.000000e+00,0.000000e+00,0.000000e+00,0.000000e+00,0.000000e+00,0.000000e+00
1.000000e+00,0.000000e+00,0.000000e+00,0.000000e+00,0.000000e+00,0.000000e+00,0.000000e+00,0.000000e+00,0.000000e+00,0.000000e+00,0.000000e+00,0.000000e+00,0.000000e+00,0.000000e+00,0.000000e+00
1.000000e+00,0.000000e+00,0.000000e+00,0.000000e+00,0.000000e+00,0.000000e+00,0.000000e+00,0.000000e+00,0.000000e+00,0.000000e+00,0.000000e+00,0.000000e+00,0.000000e+00,0.000000e+00,0.000000e+00
4.300273e-01,7.434693e-03,1.128332e-02,1.329284e-02,3.875335e-03,1.641432e-02,1.554594e-03,3.238717e-03,3.212891e-02,6.421001e-03,1.096823e-01,1.002932e-02,1.498846e-02,3.035261e-01,3.610273e-02
3.917791e-01,1.165223e-02,9.772793e-03,1.184829e-02,4.113059e-03,2.159010e-02,1.575335e-03,3.190406e-03,3.816424e-02,7.537381e-03,1.152134e-01,9.553193e-03,1.337052e-02,3.280922e-01,3.254779e-02
3.151628e-01,1.306218e-02,8.948340e-03,1.048279e-02,3.436166e-03,2.189334e-02,1.442736e-03,2.851835e-03,5.604506e-02,8.706624e-03,1.017283e-01,7.899721e-03,1.013321e-02,4.097800e-01,2.842693e-02
2.300040e-01,1.435529e-02,7.528390e-03,7.898732e-03,2.927228e-03,1.947901e-02,1.162450e-03,2.162543e-03,1.068210e-01,1.036954e-02,9.180832e-02,7.122502e-03,7.436293e-03,4.676418e-01,2.328292e-02
1.688590e-01,1.199491e-02,5.416109e-03,6.195953e-03,2.332935e-03,1.638271e-02,8.998249e-04,1.589636e-03,1.372349e-01,1.645724e-02,9.910874e-02,7.176989e-03,5.763403e-03,5.022734e-01,1.831429e-02
1.254817e-01,2.533871e-02,4.970221e-03,4.737499e-03,3.023549e-03,1.886757e-02,7.612307e-04,1.214855e-03,1.641791e-01,2.383373e-02,1.045442e-01,6.608169e-03,4.468614e-03,4.974061e-01,1.456481e-02
9.057780e-02,2.557383e-02,4.071317e-03,3.560710e-03,2.820140e-03,1.576350e-02,5.647175e-04,8.983905e-04,2.143262e-01,2.983913e-02,9.618216e-02,5.942132e-03,3.266929e-03,4.953741e-01,1.123892e-02
7.510102e-02,3.491406e-02,4.598676e-03,3.709706e-03,6.403459e-03,1.758743e-02,5.882425e-04,9.482946e-04,2.830088e-01,3.653853e-02,8.003420e-02,4.855252e-03,2.469154e-03,4.377127e-01,1.153053e-02
6.212921e-02,3.493827e-02,1.803593e-02,5.485065e-03,8.912321e-03,1.594978e-02,6.234022e-04,1.885034e-03,2.723308e-01,3.943797e-02,9.336413e-02,5.687756e-03,2.818604e-03,4.268394e-01,1.156234e-02
5.022603e-02,3.594404e-02,5.543406e-02,7.878509e-03,1.192784e-02,1.384178e-02,6.120036e-04,2.272782e-03,2.467068e-01,4.980947e-02,9.199470e-02,5.493027e-03,2.924979e-03,4.082066e-01,1.672742e-02
4.487327e-02,4.851010e-02,1.203836e-01,4.010706e-02,2.975100e-02,1.262804e-02,7.688395e-04,2.794593e-03,2.365564e-01,4.616939e-02,7.048772e-02,4.806151e-03,2.699347e-03,3.045103e-01,3.495428e-02
6.217529e-02,6.583153e-02,1.327470e-01,3.512043e-02,5.505751e-02,1.533903e-02,8.866297e-04,6.096930e-03,2.389034e-01,3.951310e-02,5.574989e-02,4.288340e-03,2.525216e-03,2.525096e-01,3.325613e-02
7.449279e-02,6.676169e-02,1.760875e-01,4.012285e-02,6.607143e-02,1.379936e-02,8.955651e-04,1.559043e-02,1.941289e-01,4.337206e-02,4.568103e-02,3.752308e-03,2.347773e-03,2.158350e-01,4.106142e-02
1.066843e-01,7.176058e-02,1.658697e-01,4.783168e-02,7.580405e-02,1.315721e-02,1.430074e-03,4.182991e-02,1.748935e-01,4.459692e-02,3.826462e-02,3.666679e-03,2.585953e-03,1.722448e-01,3.938002e-02
1.441914e-01,7.768963e-02,1.589322e-01,4.629451e-02,9.048405e-02,1.305078e-02,2.002164e-03,6.210281e-02,1.629345e-01,4.113627e-02,2.924613e-02,3.344903e-03,2.507512e-03,1.333909e-01,3.269221e-02
2.071071e-01,7.037285e-02,1.525009e-01,4.815764e-02,7.739817e-02,2.515968e-02,1.887621e-03,5.209690e-02,1.616664e-01,3.300554e-02,2.489150e-02,4.032501e-03,2.766969e-03,1.079624e-01,3.099397e-02
2.428032e-01,6.192344e-02,1.325597e-01,4.171944e-02,6.972143e-02,2.447091e-02,1.673608e-03,4.913064e-02,1.916767e-01,2.836458e-02,2.420826e-02,5.362910e-03,2.971374e-03,9.337714e-02,3.003665e-02
2.511789e-01,5.809470e-02,1.615020e-01,3.705832e-02,6.621265e-02,2.454226e-02,1.495273e-03,3.919985e-02,1.891013e-01,2.152894e-02,2.183378e-02,5.707444e-03,3.388919e-03,9.267922e-02,2.647647e-02
2.180699e-01,5.738779e-02,2.729396e-01,3.816365e-02,7.325123e-02,2.122173e-02,1.385549e-03,3.546744e-02,1.457232e-01,1.548436e-02,1.713686e-02,4.898009e-03,3.116785e-03,7.452353e-02,2.123037e-02
2.229220e-01,6.233449e-02,2.685059e-01,3.026892e-02,6.893916e-02,1.998363e-02,1.158562e-03,2.665608e-02,1.485936e-01,1.165061e-02,1.752685e-02,4.480741e-03,2.920253e-03,9.682743e-02,1.723180e-02
2.616403e-01,6.462104e-02,2.077214e-01,2.561342e-02,5.295770e-02,1.893377e-02,1.211019e-03,1.950529e-02,1.404492e-01,9.225684e-03,2.060929e-02,5.456414e-03,3.324503e-03,1.530069e-01,1.572409e-02
2.708288e-01,6.053845e-02,1.536540e-01,1.991158e-02,3.976001e-02,1.620160e-02,1.231704e-03,1.422170e-02,1.779682e-01,8.210515e-03,2.085850e-02,5.118002e-03,2.908262e-03,1.912133e-01,1.737537e-02
3.500886e-01,5.045442e-02,1.355464e-01,2.741390e-02,3.172483e-02,1.578996e-02,1.929019e-03,1.275237e-02,1.738304e-01,7.918646e-03,1.753561e-02,7.066230e-03,3.654088e-03,1.480020e-01,1.629357e-02
4.592843e-01,3.701141e-02,1.053855e-01,3.126985e-02,2.664226e-02,1.411177e-02,2.287179e-03,1.270405e-02,1.539987e-01,6.451828e-03,1.463992e-02,8.320634e-03,3.934783e-03,1.098270e-01,1.413080e-02
1.000000e+00,0.000000e+00,0.000000e+00,0.000000e+00,0.000000e+00,0.000000e+00,0.000000e+00,0.000000e+00,0.000000e+00,0.000000e+00,0.000000e+00,0.000000e+00,0.000000e+00,0.000000e+00,0.000000e+00
1.000000e+00,0.000000e+00,0.000000e+00,0.000000e+00,0.000000e+00,0.000000e+00,0.000000e+00,0.000000e+00,0.000000e+00,0.000000e+00,0.000000e+00,0.000000e+00,0.000000e+00,0.000000e+00,0.000000e+00
1.000000e+00,0.000000e+00,0.000000e+00,0.000000e+00,0.000000e+00,0.000000e+00,0.000000e+00,0.000000e+00,0.000000e+00,0.000000e+00,0.000000e+00,0.000000e+00,0.000000e+00,0.000000e+00,0.000000e+00
1.000000e+00,0.000000e+00,0.000000e+00,0.000000e+00,0.000000e+00,0.000000e+00,0.000000e+00,0.000000e+00,0.000000e+00,0.000000e+00,0.000000e+00,0.000000e+00,0.000000e+00,0.000000e+00,0.000000e+00
1.000000e+00,0.000000e+00,0.000000e+00,0.000000e+00,0.000000e+00,0.000000e+00,0.000000e+00,0.000000e+00,0.000000e+00,0.000000e+00,0.000000e+00,0.000000e+00,0.000000e+00,0.000000e+00,0.000000e+00
1.000000e+00,0.000000e+00,0.000000e+00,0.000000e+00,0.000000e+00,0.000000e+00,0.000000e+00,0.000000e+00,0.000000e+00,0.000000e+00,0.000000e+00,0.000000e+00,0.000000e+00,0.000000e+00,0.000000e+00
1.000000e+00,0.000000e+00,0.000000e+00,0.000000e+00,0.000000e+00,0.000000e+00,0.000000e+00,0.000000e+00,0.000000e+00,0.000000e+00,0.000000e+00,0.000000e+00,0.000000e+00,0.000000e+00,0.000000e+00
1.000000e+00,0.000000e+00,0.000000e+00,0.000000e+00,0.000000e+00,0.000000e+00,0.000000e+00,0.000000e+00,0.000000e+00,0.000000e+00,0.000000e+00,0.000000e+00,0.000000e+00,0.000000e+00,0.000000e+00
1.000000e+00,0.000000e+00,0.000000e+00,0.000000e+00,0.000000e+00,0.000000e+00,0.000000e+00,0.000000e+00,0.000000e+00,0.000000e+00,0.000000e+00,0.000000e+00,0.000000e+00,0.000000e+00,0.000000e+00
1.000000e+00,0.000000e+00,0.000000e+00,0.000000e+00,0.000000e+00,0.000000e+00,0.000000e+00,0.000000e+00,0.000000e+00,0.000000e+00,0.000000e+00,0.000000e+00,0.000000e+00,0.000000e+00,0.000000e+00
1.000000e+00,0.000000e+00,0.000000e+00,0.000000e+00,0.000000e+00,0.000000e+00,0.000000e+00,0.000000e+00,0.000000e+00,0.000000e+00,0.000000e+00,0.000000e+00,0.000000e+00,0.000000e+00,0.000000e+00
1.000000e+00,0.000000e+00,0.000000e+00,0.000000e+00,0.000000e+00,0.000000e+00,0.000000e+00,0.000000e+00,0.000000e+00,0.000000e+00,0.000000e+00,0.000000e+00,0.000000e+00,0.000000e+00,0.000000e+00
1.000000e+00,0.000000e+00,0.000000e+00,0.000000e+00,0.000000e+00,0.000000e+00,0.000000e+00,0.000000e+00,0.000000e+00,0.000000e+00,0.000000e+00,0.000000e+00,0.000000e+00,0.000000e+00,0.000000e+00
1.000000e+00,0.000000e+00,0.000000e+00,0.000000e+00,0.000000e+00,0.000000e+00,0.000000e+00,0.000000e+00,0.000000e+00,0.000000e+00,0.000000e+00,0.000000e+00,0.000000e+00,0.000000e+00,0.000000e+00
1.000000e+00,0.000000e+00,0.000000e+00,0.000000e+00,0.000000e+00,0.000000e+00,0.000000e+00,0.000000e+00,0.000000e+00,0.000000e+00,0.000000e+00,0.000000e+00,0.000000e+00,0.000000e+00,0.000000e+00
1.000000e+00,0.000000e+00,0.000000e+00,0.000000e+00,0.000000e+00,0.000000e+00,0.000000e+00,0.000000e+00,0.000000e+00,0.000000e+00,0.000000e+00,0.000000e+00,0.000000e+00,0.000000e+00,0.000000e+00
1.000000e+00,0.000000e+00,0.000000e+00,0.000000e+00,0.000000e+00,0.000000e+00,0.000000e+00,0.000000e+00,0.000000e+00,0.000000e+00,0.000000e+00,0.000000e+00,0.000000e+00,0.000000e+00,0.000000e+00
1.000000e+00,0.000000e+00,0.000000e+00,0.000000e+00,0.000000e+00,0.000000e+00,0.000000e+00,0.000000e+00,0.000000e+00,0.000000e+00,0.000000e+00,0.000000e+00,0.000000e+00,0.000000e+00,0.000000e+00
1.000000e+00,0.000000e+00,0.000000e+00,0.000000e+00,0.000000e+00,0.000000e+00,0.000000e+00,0.000000e+00,0.000000e+00,0.000000e+00,0.000000e+00,0.000000e+00,0.000000e+00,0.000000e+00,0.000000e+00
1.000000e+00,0.000000e+00,0.000000e+00,0.000000e+00,0.000000e+00,0.000000e+00,0.000000e+00,0.000000e+00,0.000000e+00,0.000000e+00,0.000000e+00,0.000000e+00,0.000000e+00,0.000000e+00,0.000000e+00
1.000000e+00,0.000000e+00,0.000000e+00,0.000000e+00,0.000000e+00,0.000000e+00,0.000000e+00,0.000000e+00,0.000000e+00,0.000000e+00,0.000000e+00,0.000000e+00,0.000000e+00,0.000000e+00,0.000000e+00
1.000000e+00,0.000000e+00,0.000000e+00,0.000000e+00,0.000000e+00,0.000000e+00,0.000000e+00,0.000000e+00,0.000000e+00,0.000000e+00,0.000000e+00,0.000000e+00,0.000000e+00,0.000000e+00,0.000000e+00
1.000000e+00,0.000000e+00,0.000000e+00,0.000000e+00,0.000000e+00,0.000000e+00,0.000000e+00,0.000000e+00,0.000000e+00,0.000000e+00,0.000000e+00,0.000000e+00,0.000000e+00,0.000000e+00,0.000000e+00
1.000000e+00,0.000000e+00,0.000000e+00,0.000000e+00,0.000000e+00,0.000000e+00,0.000000e+00,0.000000e+00,0.000000e+00,0.000000e+00,0.000000e+00,0.000000e+00,0.000000e+00,0.000000e+00,0.000000e+00
1.000000e+00,0.000000e+00,0.000000e+00,0.000000e+00,0.000000e+00,0.000000e+00,0.000000e+00,0.000000e+00,0.000000e+00,0.000000e+00,0.000000e+00,0.000000e+00,0.000000e+00,0.000000e+00,0.000000e+00
1.000000e+00,0.000000e+00,0.000000e+00,0.000000e+00,0.000000e+00,0.000000e+00,0.000000e+00,0.000000e+00,0.000000e+00,0.000000e+00,0.000000e+00,0.000000e+00,0.000000e+00,0.000000e+00,0.000000e+00
1.000000e+00,0.000000e+00,0.000000e+00,0.000000e+00,0.000000e+00,0.000000e+00,0.000000e+00,0.000000e+00,0.000000e+00,0.000000e+00,0.000000e+00,0.000000e+00,0.000000e+00,0.000000e+00,0.000000e+00
1.000000e+00,0.000000e+00,0.000000e+00,0.000000e+00,0.000000e+00,0.000000e+00,0.000000e+00,0.000000e+00,0.000000e+00,0.000000e+00,0.000000e+00,0.000000e+00,0.000000e+00,0.000000e+00,0.000000e+00
1.000000e+00,0.000000e+00,0.000000e+00,0.000000e+00,0.000000e+00,0.000000e+00,0.000000e+00,0.000000e+00,0.000000e+00,0.000000e+00,0.000000e+00,0.000000e+00,0.000000e+00,0.000000e+00,0.000000e+00
1.000000e+00,0.000000e+00,0.000000e+00,0.000000e+00,0.000000e+00,0.000000e+00,0.000000e+00,0.000000e+00,0.000000e+00,0.000000e+00,0.000000e+00,0.000000e+00,0.000000e+00,0.000000e+00,0.000000e+00
1.000000e+00,0.000000e+00,0.000000e+00,0.000000e+00,0.000000e+00,0.000000e+00,0.000000e+00,0.000000e+00,0.000000e+00,0.000000e+00,0.000000e+00,0.000000e+00,0.000000e+00,0.000000e+00,0.000000e+00
1.000000e+00,0.000000e+00,0.000000e+00,0.000000e+00,0.000000e+00,0.000000e+00,0.000000e+00,0.000000e+00,0.000000e+00,0.000000e+00,0.000000e+00,0.000000e+00,0.000000e+00,0.000000e+00,0.000000e+00
1.000000e+00,0.000000e+00,0.000000e+00,0.000000e+00,0.000000e+00,0.000000e+00,0.000000e+00,0.000000e+00,0.000000e+00,0.000000e+00,0.000000e+00,0.000000e+00,0.000000e+00,0.000000e+00,0.000000e+00
1.000000e+00,0.000000e+00,0.000000e+00,0.000000e+00,0.000000e+00,0.000000e+00,0.000000e+00,0.000000e+00,0.000000e+00,0.000000e+00,0.000000e+00,0.000000e+00,0.000000e+00,0.000000e+00,0.000000e+00
1.000000e+00,0.000000e+00,0.000000e+00,0.000000e+00,0.000000e+00,0.000000e+00,0.000000e+00,0.000000e+00,0.000000e+00,0.000000e+00,0.000000e+00,0.000000e+00,0.000000e+00,0.000000e+00,0.000000e+00
1.000000e+00,0.000000e+00,0.000000e+00,0.000000e+00,0.000000e+00,0.000000e+00,0.000000e+00,0.000000e+00,0.000000e+00,0.000000e+00,0.000000e+00,0.000000e+00,0.000000e+00,0.000000e+00,0.000000e+00
1.000000e+00,0.000000e+00,0.000000e+00,0.000000e+00,0.000000e+00,0.000000e+00,0.000000e+00,0.000000e+00,0.000000e+00,0.000000e+00,0.000000e+00,0.000000e+00,0.000000e+00,0.000000e+00,0.000000e+00
1.000000e+00,0.000000e+00,0.000000e+00,0.000000e+00,0.000000e+00,0.000000e+00,0.000000e+00,0.000000e+00,0.000000e+00,0.000000e+00,0.000000e+00,0.000000e+00,0.000000e+00,0.000000e+00,0.000000e+00
1.000000e+00,0.000000e+00,0.000000e+00,0.000000e+00,0.000000e+00,0.000000e+00,0.000000e+00,0.000000e+00,0.000000e+00,0.000000e+00,0.000000e+00,0.000000e+00,0.000000e+00,0.000000e+00,0.000000e+00
1.000000e+00,0.000000e+00,0.000000e+00,0.000000e+00,0.000000e+00,0.000000e+00,0.000000e+00,0.000000e+00,0.000000e+00,0.000000e+00,0.000000e+00,0.000000e+00,0.000000e+00,0.000000e+00,0.000000e+00
1.000000e+00,0.000000e+00,0.000000e+00,0.000000e+00,0.000000e+00,0.000000e+00,0.000000e+00,0.000000e+00,0.000000e+00,0.000000e+00,0.000000e+00,0.000000e+00,0.000000e+00,0.000000e+00,0.000000e+00
1.000000e+00,0.000000e+00,0.000000e+00,0.000000e+00,0.000000e+00,0.000000e+00,0.000000e+00,0.000000e+00,0.000000e+00,0.000000e+00,0.000000e+00,0.000000e+00,0.000000e+00,0.000000e+00,0.000000e+00
1.000000e+00,0.000000e+00,0.000000e+00,0.000000e+00,0.000000e+00,0.000000e+00,0.000000e+00,0.000000e+00,0.000000e+00,0.000000e+00,0.000000e+00,0.000000e+00,0.000000e+00,0.000000e+00,0.000000e+00
1.000000e+00,0.000000e+00,0.000000e+00,0.000000e+00,0.000000e+00,0.000000e+00,0.000000e+00,0.000000e+00,0.000000e+00,0.000000e+00,0.000000e+00,0.000000e+00,0.000000e+00,0.000000e+00,0.000000e+00
1.000000e+00,0.000000e+00,0.000000e+00,0.000000e+00,0.000000e+00,0.000000e+00,0.000000e+00,0.000000e+00,0.000000e+00,0.000000e+00,0.000000e+00,0.000000e+00,0.000000e+00,0.000000e+00,0.000000e+00
1.000000e+00,0.000000e+00,0.000000e+00,0.000000e+00,0.000000e+00,0.000000e+00,0.000000e+00,0.000000e+00,0.000000e+00,0.000000e+00,0.000000e+00,0.000000e+00,0.000000e+00,0.000000e+00,0.000000e+00
1.000000e+00,0.000000e+00,0.000000e+00,0.000000e+00,0.000000e+00,0.000000e+00,0.000000e+00,0.000000e+00,0.000000e+00,0.000000e+00,0.000000e+00,0.000000e+00,0.000000e+00,0.000000e+00,0.000000e+00
1.000000e+00,0.000000e+00,0.000000e+00,0.000000e+00,0.000000e+00,0.000000e+00,0.000000e+00,0.000000e+00,0.000000e+00,0.000000e+00,0.000000e+00,0.000000e+00,0.000000e+00,0.000000e+00,0.000000e+00
1.000000e+00,0.000000e+00,0.000000e+00,0.000000e+00,0.000000e+00,0.000000e+00,0.000000e+00,0.000000e+00,0.000000e+00,0.000000e+00,0.000000e+00,0.000000e+00,0.000000e+00,0.000000e+00,0.000000e+00
1.000000e+00,0.000000e+00,0.000000e+00,0.000000e+00,0.000000e+00,0.000000e+00,0.000000e+00,0.000000e+00,0.000000e+00,0.000000e+00,0.000000e+00,0.000000e+00,0.000000e+00,0.000000e+00,0.000000e+00
1.000000e+00,0.000000e+00,0.000000e+00,0.000000e+00,0.000000e+00,0.000000e+00,0.000000e+00,0.000000e+00,0.000000e+00,0.000000e+00,0.000000e+00,0.000000e+00,0.000000e+00,0.000000e+00,0.000000e+00
1.000000e+00,0.000000e+00,0.000000e+00,0.000000e+00,0.000000e+00,0.000000e+00,0.000000e+00,0.000000e+00,0.000000e+00,0.000000e+00,0.000000e+00,0.000000e+00,0.000000e+00,0.000000e+00,0.000000e+00
1.000000e+00,0.000000e+00,0.000000e+00,0.000000e+00,0.000000e+00,0.000000e+00,0.000000e+00,0.000000e+00,0.000000e+00,0.000000e+00,0.000000e+00,0.000000e+00,0.000000e+00,0.000000e+00,0.000000e+00
1.000000e+00,0.000000e+00,0.000000e+00,0.000000e+00,0.000000e+00,0.000000e+00,0.000000e+00,0.000000e+00,0.000000e+00,0.000000e+00,0.000000e+00,0.000000e+00,0.000000e+00,0.000000e+00,0.000000e+00
1.000000e+00,0.000000e+00,0.000000e+00,0.000000e+00,0.000000e+00,0.000000e+00,0.000000e+00,0.000000e+00,0.000000e+00,0.000000e+00,0.000000e+00,0.000000e+00,0.000000e+00,0.000000e+00,0.000000e+00
1.000000e+00,0.000000e+00,0.000000e+00,0.000000e+00,0.000000e+00,0.000000e+00,0.000000e+00,0.000000e+00,0.000000e+00,0.000000e+00,0.000000e+00,0.000000e+00,0.000000e+00,0.000000e+00,0.000000e+00
1.000000e+00,0.000000e+00,0.000000e+00,0.000000e+00,0.000000e+00,0.000000e+00,0.000000e+00,0.000000e+00,0.000000e+00,0.000000e+00,0.000000e+00,0.000000e+00,0.000000e+00,0.000000e+00,0.000000e+00
1.000000e+00,0.000000e+00,0.000000e+00,0.000000e+00,0.000000e+00,0.000000e+00,0.000000e+00,0.000000e+00,0.000000e+00,0.000000e+00,0.000000e+00,0.000000e+00,0.000000e+00,0.000000e+00,0.000000e+00
1.000000e+00,0.000000e+00,0.000000e+00,0.000000e+00,0.000000e+00,0.000000e+00,0.000000e+00,0.000000e+00,0.000000e+00,0.000000e+00,0.000000e+00,0.000000e+00,0.000000e+00,0.000000e+00,0.000000e+00
1.000000e+00,0.000000e+00,0.000000e+00,0.000000e+00,0.000000e+00,0.000000e+00,0.000000e+00,0.000000e+00,0.000000e+00,0.000000e+00,0.000000e+00,0.000000e+00,0.000000e+00,0.000000e+00,0.000000e+00
1.000000e+00,0.000000e+00,0.000000e+00,0.000000e+00,0.000000e+00,0.000000e+00,0.000000e+00,0.000000e+00,0.000000e+00,0.000000e+00,0.000000e+00,0.000000e+00,0.000000e+00,0.000000e+00,0.000000e+00
1.000000e+00,0.000000e+00,0.000000e+00,0.000000e+00,0.000000e+00,0.000000e+00,0.000000e+00,0.000000e+00,0.000000e+00,0.000000e+00,0.000000e+00,0.000000e+00,0.000000e+00,0.000000e+00,0.000000e+00
1.000000e+00,0.000000e+00,0.000000e+00,0.000000e+00,0.000000e+00,0.000000e+00,0.000000e+00,0.000000e+00,0.000000e+00,0.000000e+00,0.000000e+00,0.000000e+00,0.000000e+00,0.000000e+00,0.000000e+00
