1.000000e+00,0.000000e+00,0.000000e+00,0.000000e+00,0.000000e+00,0.000000e+00,0.000000e+00,0.000000e+00,0.000000e+00,0.000000e+00,0.000000e+00,0.000000e+00,0.000000e+00,0.000000e+00,0.000000e+00
1.000000e+00,0.000000e+00,0.000000e+00,0.000000e+00,0.000000e+00,0.000000e+00,0.000000e+00,0.000000e+00,0.000000e+00,0.000000e+00,0.000000e+00,0.000000e+00,0.000000e+00,0.000000e+00,0.000000e+00
1.000000e+00,0.000000e+00,0.000000e+00,0.000000e+00,0.000000e+00,0.000000e+00,0.000000e+00,0.000000e+00,0.000000e+00,0.000000e+00,0.000000e+00,0.000000e+00,0.000000e+00,0.000000e+00,0.000000e+00
1.000000e+00,0.000000e+00,0.000000e+00,0.000000e+00,0.000000e+00,0.000000e+00,0.000000e+00,0.000000e+00,0.000000e+00,0.000000e+00,0.000000e+00,0.000000e+00,0.000000e+00,0.000000e+00,0.000000e+00
1.000000e+00,0.000000e+00,0.000000e+00,0.000000e+00,0.000000e+00,0.000000e+00,0.000000e+00,0.000000e+00,0.000000e+00,0.000000e+00,0.000000e+00,0.000000e+00,0.000000e+00,0.000000e+00,0.000000e+00
1.000000e+00,0.000000e+00,0.000000e+00,0.000000e+00,0.000000e+00,0.000000e+00,0.000000e+00,0.000000e+00,0.000000e+00,0.000000e+00,0.000000e+00,0.000000e+00,0.000000e+00,0.000000e+00,0.000000e+00
1.000000e+00,0.000000e+00,0.000000e+00,0.000000e+00,0.000000e+00,0.000000e+00,0.000000e+00,0.000000e+00,0.000000e+00,0.000000e+00,0.000000e+00,0.000000e+00,0.000000e+00,0.000000e+00,0.000000e+00
1.000000e+00,0.000000e+00,0.000000e+00,0.000000e+00,0.000000e+00,0.000000e+00,0.000000e+00,0.000000e+00,0.000000e+00,0.000000e+00,0.000000e+00,0.000000e+00,0.000000e+00,0.000000e+00,0.000000e+00
1.000000e+00,0.000000e+00,0.000000e+00,0.000000e+00,0.000000e+00,0.000000e+00,0.000000e+00,0.000000e+00,0.000000e+00,0.000000e+00,0.000000e+00,0.000000e+00,0.000000e+00,0.000000e+00,0.000000e+00
1.000000e+00,0.000000e+00,0.000000e+00,0.000000e+00,0.000000e+00,0.000000e+00,0.000000e+00,0.000000e+00,0.000000e+00,0.000000e+00,0.000000e+00,0.000000e+00,0.000000e+00,0.000000e+00,0.000000e+00
1.000000e+00,0.000000e+00,0.000000e+00,0.000000e+00,0.000000e+00,0.000000e+00,0.000000e+00,0.000000e+00,0.000000e+00,0.000000e+00,0.000000e+00,0.000000e+00,0.000000e+00,0.000000e+00,0.000000e+00
1.000000e+00,0.000000e+00,0.000000e+00,0.000000e+00,0.000000e+00,0.000000e+00,0.000000e+00,0.000000e+00,0.000000e+00,0.000000e+00,0.000000e+00,0.000000e+00,0.000000e+00,0.000000e+00,0.000000e+00
1.000000e+00,0.000000e+00,0.000000e+00,0.000000e+00,0.000000e+00,0.000000e+00,0.000000e+00,0.000000e+00,0.000000e+00,0.000000e+00,0.000000e+00,0.000000e+00,0.000000e+00,0.000000e+00,0.000000e+00
1.000000e+00,0.000000e+00,0.000000e+00,0.000000e+00,0.000000e+00,0.000000e+00,0.000000e+00,0.000000e+00,0.000000e+00,0.000000e+00,0.000000e+00,0.000000e+00,0.000000e+00,0.000000e+00,0.000000e+00
1.000000e+00,0.000000e+00,0.000000e+00,0.000000e+00,0.000000e+00,0.000000e+00,0.000000e+00,0.000000e+00,0.000000e+00,0.000000e+00,0.000000e+00,0.000000e+00,0.000000e+00,0.000000e+00,0.000000e+00
1.000000e+00,0.000000e+00,0.000000e+00,0.000000e+00,0.000000e+00,0.000000e+00,0.000000e+00,0.000000e+00,0.000000e+00,0.000000e+00,0.000000e+00,0.000000e+00,0.000000e+00,0.000000e+00,0.000000e+00
1.000000e+00,0.000000e+00,0.000000e+00,0.000000e+00,0.000000e+00,0.000000e+00,0.000000e+00,0.000000e+00,0.000000e+00,0.000000e+00,0.000000e+00,0.000000e+00,0.000000e+00,0.000000e+00,0.000000e+00
1.000000e+00,0.000000e+00,0.000000e+00,0.000000e+00,0.000000e+00,0.000000e+00,0.000000e+00,0.000000e+00,0.000000e+00,0.000000e+00,0.000000e+00,0.000000e+00,0.000000e+00,0.000000e+00,0.000000e+00
1.000000e+00,0.000000e+00,0.000000e+00,0.000000e+00,0.000000e+00,0.000000e+00,0.000000e+00,0.000000e+00,0.000000e+00,0.000000e+00,0.000000e+00,0.000000e+00,0.000000e+00,0.000000e+00,0.000000e+00
1.000000e+00,0.000000e+00,0.000000e+00,0.000000e+00,0.000000e+00,0.000000e+00,0.000000e+00,0.000000e+00,0.000000e+00,0.000000e+00,0.000000e+00,0.000000e+00,0.000000e+00,0.000000e+00,0.000000e+00
1.000000e+00,0.000000e+00,0.000000e+00,0.000000e+00,0.000000e+00,0.000000e+00,0.000000e+00,0.000000e+00,0.000000e+00,0.000000e+00,0.000000e+00,0.000000e+00,0.000000e+00,0.000000e+00,0.000000e+00
1.000000e+00,0.000000e+00,0.000000e+00,0.000000e+00,0.000000e+00,0.000000e+00,0.000000e+00,0.000000e+00,0.000000e+00,0.000000e+00,0.000000e+00,0.000000e+00,0.000000e+00,0.000000e+00,0.000000e+00
1.000000e+00,0.000000e+00,0.000000e+00,0.000000e+00,0.000000e+00,0.000000e+00,0.000000e+00,0.000000e+00,0.000000e+00,0.000000e+00,0.000000e+00,0.000000e+00,0.000000e+00,0.000000e+00,0.000000e+00
1.000000e+00,0.000000e+00,0.000000e+00,0.000000e+00,0.000000e+00,0.000000e+00,0.000000e+00,0.000000e+00,0.000000e+00,0.000000e+00,0.000000e+00,0.000000e+00,0.000000e+00,0.000000e+00,0.000000e+00
1.000000e+00,0.000000e+00,0.000000e+00,0.000000e+00,0.000000e+00,0.000000e+00,0.000000e+00,0.000000e+00,0.000000e+00,0.000000e+00,0.000000e+00,0.000000e+00,0.000000e+00,0.000000e+00,0.000000e+00
1.000000e+00,0.000000e+00,0.000000e+00,0.000000e+00,0.000000e+00,0.000000e+00,0.000000e+00,0.000000e+00,0.000000e+00,0.000000e+00,0.000000e+00,0.000000e+00,0.000000e+00,0.000000e+00,0.000000e+00
1.000000e+00,0.000000e+00,0.000000e+00,0.000000e+00,0.000000e+00,0.000000e+00,0.000000e+00,0.000000e+00,0.000000e+00,0.000000e+00,0.000000e+00,0.000000e+00,0.000000e+00,0.000000e+00,0.000000e+00
1.000000e+00,0.000000e+00,0.000000e+00,0.000000e+00,0.000000e+00,0.000000e+00,0.000000e+00,0.000000e+00,0.000000e+00,0.000000e+00,0.000000e+00,0.000000e+00,0.000000e+00,0.000000e+00,0.000000e+00
1.000000e+00,0.000000e+00,0.000000e+00,0.000000e+00,0.000000e+00,0.000000e+00,0.000000e+00,0.000000e+00,0.000000e+00,0.000000e+00,0.000000e+00,0.000000e+00,0.000000e+00,0.000000e+00,0.000000e+00
1.000000e+00,0.000000e+00,0.000000e+00,0.000000e+00,0.000000e+00,0.000000e+00,0.000000e+00,0.000000e+00,0.000000e+00,0.000000e+00,0.000000e+00,0.000000e+00,0.000000e+00,0.000000e+00,0.000000e+00
1.000000e+00,0.000000e+00,0.000000e+00,0.000000e+00,0.000000e+00,0.000000e+00,0.000000e+00,0.000000e+00,0.000000e+00,0.000000e+00,0.000000e+00,0.000000e+00,0.000000e+00,0.000000e+00,0.000000e+00
1.000000e+00,0.000000e+00,0.000000e+00,0.000000e+00,0.000000e+00,0.000000e+00,0.000000e+00,0.000000e+00,0.000000e+00,0.000000e+00,0.000000e+00,0.000000e+00,0.000000e+00,0.000000e+00,0.000000e+00
1.000000e+00,0.000000e+00,0.000000e+00,0.000000e+00,0.000000e+00,0.000000e+00,0.000000e+00,0.000000e+00,0.000000e+00,0.000000e+00,0.000000e+00,0.000000e+00,0.000000e+00,0.000000e+00,0.000000e+00
1.000000e+00,0.000000e+00,0.000000e+00,0.000000e+00,0.000000e+00,0.000000e+00,0.000000e+00,0.000000e+00,0.000000e+00,0.000000e+00,0.000000e+00,0.000000e+00,0.000000e+00,0.000000e+00,0.000000e+00
1.000000e+00,0.000000e+00,0.000000e+00,0.000000e+00,0.000000e+00,0.000000e+00,0.000000e+00,0.000000e+00,0.000000e+00,0.000000e+00,0.000000e+00,0.000000e+00,0.000000e+00,0.000000e+00,0.000000e+00
1.000000e+00,0.000000e+00,0.000000e+00,0.000000e+00,0.000000e+00,0.000000e+00,0.000000e+00,0.000000e+00,0.000000e+00,0.000000e+00,0.000000e+00,0.000000e+00,0.000000e+00,0.000000e+00,0.000000e+00
1.000000e+00,0.000000e+00,0.000000e+00,0.000000e+00,0.000000e+00,0.000000e+00,0.000000e+00,0.000000e+00,0.000000e+00,0.000000e+00,0.000000e+00,0.000000e+00,0.000000e+00,0.000000e+00,0.000000e+00
1.000000e+00,0.000000e+00,0.000000e+00,0.000000e+00,0.000000e+00,0.000000e+00,0.000000e+00,0.000000e+00,0.000000e+00,0.000000e+00,0.000000e+00,0.000000e+00,0.000000e+00,0.000000e+00,0.000000e+00
1.000000e+00,0.000000e+00,0.000000e+00,0.000000e+00,0.000000e+00,0.000000e+00,0.000000e+00,0.000000e+00,0.000000e+00,0.000000e+00,0.000000e+00,0.000000e+00,0.000000e+00,0.000000e+00,0.000000e+00
1.000000e+00,0.000000e+00,0.000000e+00,0.000000e+00,0.000000e+00,0.000000e+00,0.000000e+00,0.000000e+00,0.000000e+00,0.000000e+00,0.000000e+00,0.000000e+00,0.000000e+00,0.000000e+00,0.000000e+00
1.000000e+00,0.000000e+00,0.000000e+00,0.000000e+00,0.000000e+00,0.000000e+00,0.000000e+00,0.000000e+00,0.000000e+00,0.000000e+00,0.000000e+00,0.000000e+00,0.000000e+00,0.000000e+00,0.000000e+00
1.000000e+00,0.000000e+00,0.000000e+00,0.000000e+00,0.000000e+00,0.000000e+00,0.000000e+00,0.000000e+00,0.000000e+00,0.000000e+00,0.000000e+00,0.000000e+00,0.000000e+00,0.000000e+00,0.000000e+00
1.000000e+00,0.000000e+00,0.000000e+00,0.000000e+00,0.000000e+00,0.000000e+00,0.000000e+00,0.000000e+00,0.000000e+00,0.000000e+00,0.000000e+00,0.000000e+00,0.000000e+00,0.000000e+00,0.000000e+00
1.000000e+00,0.000000e+00,0.000000e+00,0.000000e+00,0.000000e+00,0.000000e+00,0.000000e+00,0.000000e+00,0.000000e+00,0.000000e+00,0.000000e+00,0.000000e+00,0.000000e+00,0.000000e+00,0.000000e+00
1.000000e+00,0.000000e+00,0.000000e+00,0.000000e+00,0.000000e+00,0.000000e+00,0.000000e+00,0.000000e+00,0.000000e+00,0.000000e+00,0.000000e+00,0.000000e+00,0.000000e+00,0.000000e+00,0.000000e+00
1.000000e+00,0.000000e+00,0.000000e+00,0.000000e+00,0.000000e+00,0.000000e+00,0.000000e+00,0.000000e+00,0.000000e+00,0.000000e+00,0.000000e+00,0.000000e+00,0.000000e+00,0.000000e+00,0.000000e+00
1.000000e+00,0.000000e+00,0.000000e+00,0.000000e+00,0.000000e+00,0.000000e+00,0.000000e+00,0.000000e+00,0.000000e+00,0.000000e+00,0.000000e+00,0.000000e+00,0.000000e+00,0.000000e+00,0.000000e+00
1.000000e+00,0.000000e+00,0.000000e+00,0.000000e+00,0.000000e+00,0.000000e+00,0.000000e+00,0.000000e+00,0.000000e+00,0.000000e+00,0.000000e+00,0.000000e+00,0.000000e+00,0.000000e+00,0.000000e+00
1.000000e+00,0.000000e+00,0.000000e+00,0.000000e+00,0.000000e+00,0.000000e+00,0.000000e+00,0.000000e+00,0.000000e+00,0.000000e+00,0.000000e+00,0.000000e+00,0.000000e+00,0.000000e+00,0.000000e+00
1.000000e+00,0.000000e+00,0.000000e+00,0.000000e+00,0.000000e+00,0.000000e+00,0.000000e+00,0.000000e+00,0.000000e+00,0.000000e+00,0.000000e+00,0.000000e+00,0.000000e+00,0.000000e+00,0.000000e+00
1.000000e+00,0.000000e+00,0.000000e+00,0.000000e+00,0.000000e+00,0.000000e+00,0.000000e+00,0.000000e+00,0.000000e+00,0.000000e+00,0.000000e+00,0.000000e+00,0.000000e+00,0.000000e+00,0.000000e+00
1.000000e+00,0.000000e+00,0.000000e+00,0.000000e+00,0.000000e+00,0.000000e+00,0.000000e+00,0.000000e+00,0.000000e+00,0.000000e+00,0.000000e+00,0.000000e+00,0.000000e+00,0.000000e+00,0.000000e+00
1.000000e+00,0.000000e+00,0.000000e+00,0.000000e+00,0.000000e+00,0.000000e+00,0.000000e+00,0.000000e+00,0.000000e+00,0.000000e+00,0.000000e+00,0.000000e+00,0.000000e+00,0.000000e+00,0.000000e+00
1.000000e+00,0.000000e+00,0.000000e+00,0.000000e+00,0.000000e+00,0.000000e+00,0.000000e+00,0.000000e+00,0.000000e+00,0.000000e+00,0.000000e+00,0.000000e+00,0.000000e+00,0.000000e+00,0.000000e+00
1.000000e+00,0.000000e+00,0.000000e+00,0.000000e+00,0.000000e+00,0.000000e+00,0.000000e+00,0.000000e+00,0.000000e+00,0.000000e+00,0.000000e+00,0.000000e+00,0.000000e+00,0.000000e+00,0.000000e+00
1.000000e+00,0.000000e+00,0.000000e+00,0.000000e+00,0.000000e+00,0.000000e+00,0.000000e+00,0.000000e+00,0.000000e+00,0.000000e+00,0.000000e+00,0.000000e+00,0.000000e+00,0.000000e+00,0.000000e+00
4.298963e-01,2.636109e-02,2.641979e-01,1.373316e-01,8.760625e-03,1.086845e-02,2.533269e-03,1.551503e-02,8.825446e-03,2.626819e-03,1.568653e-02,2.416740e-02,1.429506e-02,4.869351e-03,3.406506e-02
3.588701e-01,2.116776e-02,3.709326e-01,1.355019e-01,8.107431e-03,8.677830e-03,1.947933e-03,1.405293e-02,7.089470e-03,2.038334e-03,1.263850e-02,1.846057e-02,1.134809e-02,3.682910e-03,2.548371e-02
1.000000e+00,0.000000e+00,0.000000e+00,0.000000e+00,0.000000e+00,0.000000e+00,0.000000e+00,0.000000e+00,0.000000e+00,0.000000e+00,0.000000e+00,0.000000e+00,0.000000e+00,0.000000e+00,0.000000e+00
1.000000e+00,0.000000e+00,0.000000e+00,0.000000e+00,0.000000e+00,0.000000e+00,0.000000e+00,0.000000e+00,0.000000e+00,0.000000e+00,0.000000e+00,0.000000e+00,0.000000e+00,0.000000e+00,0.000000e+00
1.000000e+00,0.000000e+00,0.000000e+00,0.000000e+00,0.000000e+00,0.000000e+00,0.000000e+00,0.000000e+00,0.000000e+00,0.000000e+00,0.000000e+00,0.000000e+00,0.000000e+00,0.000000e+00,0.000000e+00
1.000000e+00,0.000000e+00,0.000000e+00,0.000000e+00,0.000000e+00,0.000000e+00,0.000000e+00,0.000000e+00,0.000000e+00,0.000000e+00,0.000000e+00,0.000000e+00,0.000000e+00,0.000000e+00,0.000000e+00
1.000000e+00,0.000000e+00,0.000000e+00,0.000000e+00,0.000000e+00,0.000000e+00,0.000000e+00,0.000000e+00,0.000000e+00,0.000000e+00,0.000000e+00,0.000000e+00,0.000000e+00,0.000000e+00,0.000000e+00
1.000000e+00,0.000000e+00,0.000000e+00,0.000000e+00,0.000000e+00,0.000000e+00,0.000000e+00,0.000000e+00,0.000000e+00,0.000000e+00,0.000000e+00,0.000000e+00,0.000000e+00,0.000000e+00,0.000000e+00
1.000000e+00,0.000000e+00,0.000000e+00,0.000000e+00,0.000000e+00,0.000000e+00,0.000000e+00,0.000000e+00,0.000000e+00,0.000000e+00,0.000000e+00,0.000000e+00,0.000000e+00,0.000000e+00,0.000000e+00
1.000000e+00,0.000000e+00,0.000000e+00,0.000000e+00,0.000000e+00,0.000000e+00,0.000000e+00,0.000000e+00,0.000000e+00,0.000000e+00,0.000000e+00,0.000000e+00,0.000000e+00,0.000000e+00,0.000000e+00
1.000000e+00,0.000000e+00,0.000000e+00,0.000000e+00,0.000000e+00,0.000000e+00,0.000000e+00,0.000000e+00,0.000000e+00,0.000000e+00,0.000000e+00,0.000000e+00,0.000000e+00,0.000000e+00,0.000000e+00
1.000000e+00,0.000000e+00,0.000000e+00,0.000000e+00,0.000000e+00,0.000000e+00,0.000000e+00,0.000000e+00,0.000000e+00,0.000000e+00,0.000000e+00,0.000000e+00,0.000000e+00,0.000000e+00,0.000000e+00
1.000000e+00,0.000000e+00,0.000000e+00,0.000000e+00,0.000000e+00,0.000000e+00,0.000000e+00,0.000000e+00,0.000000e+00,0.000000e+00,0.000000e+00,0.000000e+00,0.000000e+00,0.000000e+00,0.000000e+00
1.000000e+00,0.000000e+00,0.000000e+00,0.000000e+00,0.000000e+00,0.000000e+00,0.000000e+00,0.000000e+00,0.000000e+00,0.000000e+00,0.000000e+00,0.000000e+00,0.000000e+00,0.000000e+00,0.000000e+00
1.000000e+00,0.000000e+00,0.000000e+00,0.000000e+00,0.000000e+00,0.000000e+00,0.000000e+00,0.000000e+00,0.000000e+00,0.000000e+00,0.000000e+00,0.000000e+00,0.000000e+00,0.000000e+00,0.000000e+00
1.000000e+00,0.000000e+00,0.000000e+00,0.000000e+00,0.000000e+00,0.000000e+00,0.000000e+00,0.000000e+00,0.000000e+00,0.000000e+00,0.000000e+00,0.000000e+00,0.000000e+00,0.000000e+00,0.000000e+00
1.000000e+00,0.000000e+00,0.000000e+00,0.000000e+00,0.000000e+00,0.000000e+00,0.000000e+00,0.000000e+00,0.000000e+00,0.000000e+00,0.000000e+00,0.000000e+00,0.000000e+00,0.000000e+00,0.000000e+00
1.000000e+00,0.000000e+00,0.000000e+00,0.000000e+00,0.000000e+00,0.000000e+00,0.000000e+00,0.000000e+00,0.000000e+00,0.000000e+00,0.000000e+00,0.000000e+00,0.000000e+00,0.000000e+00,0.000000e+00
4.825217e-01,1.244137e-02,1.808807e-01,8.555435e-02,7.951218e-03,1.378580e-02,3.896033e-03,1.697776e-02,3.850577e-02,6.120537e-03,7.760935e-03,1.783867e-02,2.297114e-02,4.978434e-03,9.781558e-02
4.002270e-01,1.133596e-02,2.510880e-01,1.268152e-01,7.456248e-03,1.122022e-02,3.342211e-03,1.473841e-02,4.102207e-02,4.979176e-03,8.218303e-03,1.434294e-02,1.946973e-02,4.030596e-03,8.171405e-02
3.075456e-01,9.039140e-03,2.078293e-01,9.444543e-02,5.439082e-03,8.699109e-03,2.415693e-03,1.052875e-02,7.786045e-02,5.013446e-03,7.375296e-03,1.040273e-02,1.568037e-02,1.478749e-02,2.229382e-01
2.235393e-01,8.071912e-03,1.507011e-01,6.687463e-02,3.993239e-03,6.255593e-03,1.750515e-03,7.439936e-03,1.547749e-01,5.344131e-03,6.067831e-03,7.971043e-03,1.186229e-02,5.084889e-02,2.945046e-01
1.713550e-01,7.527032e-03,1.142862e-01,8.298911e-02,3.807450e-03,4.726416e-03,1.599177e-03,5.442463e-03,2.760229e-01,5.020048e-03,6.227995e-03,6.180047e-03,9.612087e-03,5.141277e-02,2.537913e-01
1.418849e-01,8.311778e-03,1.089691e-01,1.037534e-01,3.549645e-03,3.800983e-03,1.212135e-03,3.969228e-03,2.216122e-01,8.283794e-03,6.488523e-03,4.845393e-03,7.576216e-03,1.361362e-01,2.396064e-01
1.020619e-01,5.953110e-03,8.341177e-02,7.313869e-02,2.531747e-03,2.771885e-03,8.770406e-04,2.804469e-03,1.610458e-01,8.890484e-03,4.756449e-03,3.643595e-03,5.438162e-03,3.462491e-01,1.964258e-01
7.556652e-02,4.773920e-03,5.912080e-02,5.153828e-02,1.877834e-03,2.059540e-03,6.582675e-04,1.986300e-03,1.910872e-01,1.250640e-02,4.380705e-03,3.312270e-03,4.691912e-03,3.388053e-01,2.476348e-01
5.452630e-02,3.806582e-03,4.249055e-02,3.631325e-02,1.525324e-03,1.587582e-03,4.918698e-04,1.395281e-03,1.889364e-01,1.140585e-02,3.345736e-03,2.416396e-03,3.652948e-03,4.092787e-01,2.388273e-01
4.169323e-02,3.174710e-03,3.136333e-02,2.611690e-02,1.575410e-03,1.467188e-03,4.571865e-04,1.003290e-03,1.781688e-01,1.656887e-02,3.212563e-03,2.040483e-03,3.220777e-03,4.630581e-01,2.268791e-01
5.996069e-02,2.930178e-03,3.376192e-02,2.031062e-02,3.155730e-03,1.931701e-03,7.318800e-04,9.292881e-04,1.388428e-01,3.996247e-02,3.734960e-03,2.107457e-03,2.548483e-03,4.835829e-01,2.055089e-01
4.379236e-02,2.392222e-03,2.912284e-02,1.427568e-02,2.292003e-03,1.504765e-03,5.380466e-04,6.722759e-04,1.228226e-01,8.284921e-02,9.031149e-03,2.401687e-03,2.071196e-03,5.053822e-01,1.808517e-01
3.099981e-02,1.747481e-03,2.733249e-02,1.001729e-02,1.664836e-03,1.163700e-03,4.150460e-04,4.836473e-04,9.310891e-02,2.488751e-01,1.084731e-02,1.998461e-03,1.650861e-03,4.359456e-01,1.337495e-01
2.350752e-02,1.252540e-03,1.930618e-02,7.065930e-03,1.215255e-03,9.019193e-04,3.004651e-04,3.647570e-04,6.779715e-02,3.763487e-01,9.332319e-03,2.035539e-03,1.349646e-03,3.939728e-01,9.524925e-02
1.765639e-02,9.048606e-04,1.359270e-02,4.987127e-03,9.440898e-04,6.754218e-04,2.688938e-04,3.080033e-04,4.785525e-02,5.187235e-01,7.273556e-03,1.707915e-03,1.054751e-03,3.161123e-01,6.793527e-02
1.819490e-02,1.329790e-03,9.985832e-03,3.721942e-03,3.060394e-03,1.019974e-03,3.228061e-04,4.018573e-04,3.530215e-02,6.093987e-01,1.249022e-02,2.417783e-03,3.502694e-03,2.483207e-01,5.053021e-02
1.745158e-02,2.844837e-03,8.126917e-03,4.502279e-03,1.006531e-02,2.934735e-03,8.466446e-04,1.788216e-03,3.311747e-02,6.569425e-01,2.525993e-02,3.988116e-03,9.018555e-03,1.828730e-01,4.023990e-02
1.842898e-02,4.301241e-03,8.844576e-03,7.419158e-03,1.721173e-02,1.565825e-02,3.073980e-03,5.824364e-03,3.328443e-02,6.537918e-01,4.069938e-02,8.241644e-03,1.912208e-02,1.333669e-01,3.073138e-02
1.766893e-02,4.993022e-03,7.922403e-03,3.150386e-02,1.596553e-02,1.563745e-02,2.466876e-03,6.641001e-03,3.669636e-02,5.999645e-01,6.656174e-02,2.381548e-02,4.886990e-02,9.681571e-02,2.447713e-02
1.714305e-02,1.606185e-02,9.090017e-03,4.370304e-02,1.904709e-02,1.195411e-02,1.805358e-03,9.314383e-03,7.962498e-02,5.221967e-01,9.465452e-02,2.964857e-02,5.820386e-02,6.890006e-02,1.865236e-02
1.627516e-02,1.733636e-02,1.368105e-02,4.619873e-02,3.377610e-02,1.071535e-02,1.666367e-03,4.609806e-02,8.649591e-02,4.743281e-01,9.551338e-02,3.026730e-02,6.199915e-02,5.101630e-02,1.463263e-02
1.698823e-02,2.296690e-02,1.530995e-02,8.221520e-02,4.719578e-02,1.018735e-02,1.598731e-03,6.363222e-02,1.281035e-01,3.906132e-01,8.364958e-02,2.902822e-02,5.844888e-02,3.861515e-02,1.144707e-02
1.940802e-02,2.194447e-02,1.523625e-02,7.261141e-02,6.836292e-02,7.960683e-03,1.368407e-03,1.029238e-01,1.715716e-01,3.144121e-01,8.031861e-02,2.851488e-02,5.662005e-02,2.991796e-02,8.828714e-03
2.096682e-02,1.976756e-02,1.529845e-02,6.338856e-02,7.977162e-02,6.624741e-03,1.289164e-03,1.679820e-01,2.428048e-01,2.222673e-01,6.549339e-02,2.361608e-02,4.270185e-02,2.158724e-02,6.440373e-03
2.276034e-02,1.724174e-02,1.150711e-02,5.827473e-02,8.267713e-02,6.804108e-03,1.169996e-03,1.241485e-01,3.884129e-01,1.612081e-01,5.529220e-02,1.848715e-02,3.160965e-02,1.552600e-02,4.880343e-03
2.057502e-02,1.359286e-02,9.411426e-03,6.570414e-02,1.033456e-01,5.666793e-03,1.386060e-03,1.176296e-01,4.579339e-01,1.130160e-01,4.088094e-02,1.341407e-02,2.299089e-02,1.095015e-02,3.502539e-03
3.154128e-02,1.175791e-02,7.232506e-03,9.759723e-02,1.123390e-01,4.598890e-03,1.259144e-03,1.314044e-01,4.557135e-01,7.924289e-02,3.059517e-02,9.982781e-03,1.646119e-02,7.722069e-03,2.551972e-03
3.813542e-02,9.670779e-03,6.424629e-03,1.512948e-01,1.113811e-01,4.571161e-03,1.130292e-03,1.587119e-01,4.130159e-01,5.575063e-02,2.269152e-02,7.773940e-03,1.195868e-02,5.458547e-03,2.030636e-03
5.932824e-02,8.613845e-03,9.737499e-03,1.776842e-01,1.162729e-01,4.091051e-03,1.139253e-03,1.548471e-01,3.885766e-01,3.941714e-02,1.938688e-02,6.012263e-03,9.004344e-03,3.996554e-03,1.892015e-03
7.852896e-02,1.431870e-02,9.755845e-03,1.688741e-01,1.557177e-01,4.859455e-03,3.112857e-03,1.200994e-01,3.829083e-01,2.824481e-02,1.644920e-02,5.087521e-03,7.056718e-03,2.905398e-03,2.081006e-03
7.737734e-02,1.951367e-02,9.788045e-03,1.517137e-01,2.259366e-01,5.664158e-03,6.470429e-03,1.303403e-01,3.234244e-01,1.991295e-02,1.597511e-02,4.299365e-03,5.500450e-03,2.194797e-03,1.888769e-03
1.012209e-01,2.365546e-02,8.706335e-03,1.297383e-01,2.661982e-01,5.214466e-03,8.582170e-03,1.241105e-01,2.935185e-01,1.434152e-02,1.324977e-02,3.780171e-03,4.378344e-03,1.594577e-03,1.710946e-03
1.391041e-01,2.026391e-02,6.860591e-03,1.009669e-01,2.569864e-01,4.902449e-03,1.010461e-02,1.299349e-01,2.990808e-01,1.057563e-02,1.154514e-02,3.432802e-03,3.580702e-03,1.179300e-03,1.481757e-03
2.488532e-01,1.728155e-02,6.053966e-03,7.609949e-02,2.285857e-01,5.375950e-03,8.588762e-03,1.069958e-01,2.720627e-01,9.127404e-03,1.112120e-02,4.003852e-03,3.363109e-03,1.006441e-03,1.480875e-03
3.325422e-01,1.496923e-02,5.366204e-03,5.603559e-02,2.140467e-01,6.179240e-03,7.400106e-03,8.762605e-02,2.492121e-01,6.914766e-03,9.117465e-03,4.489970e-03,3.241401e-03,8.659317e-04,1.993207e-03
4.017172e-01,2.296352e-02,6.358776e-03,5.261423e-02,1.741519e-01,1.741279e-02,9.305561e-03,6.966994e-02,1.842973e-01,9.080928e-03,8.653498e-03,1.200699e-02,2.198696e-02,1.185119e-03,8.595279e-03
4.655269e-01,2.264683e-02,5.730620e-03,4.107702e-02,1.249818e-01,2.294375e-02,1.574175e-02,5.163217e-02,1.351086e-01,1.108883e-02,8.976951e-03,1.294171e-02,6.214653e-02,2.256097e-03,1.720044e-02
4.976753e-01,2.009281e-02,4.780306e-03,3.246545e-02,8.848706e-02,2.138796e-02,1.754826e-02,3.802426e-02,1.011627e-01,1.259453e-02,1.048603e-02,1.592734e-02,1.054894e-01,7.407279e-03,2.647132e-02
4.975835e-01,2.053666e-02,4.033573e-03,3.081211e-02,6.323469e-02,2.999827e-02,1.632856e-02,2.714755e-02,7.335296e-02,2.855555e-02,1.324333e-02,2.814103e-02,1.131796e-01,7.989992e-03,4.586260e-02
4.380816e-01,1.949031e-02,3.752612e-03,2.768416e-02,4.627899e-02,4.042631e-02,1.411397e-02,1.924555e-02,5.609790e-02,7.753131e-02,1.919824e-02,4.007997e-02,1.391145e-01,9.329164e-03,4.957546e-02
3.592562e-01,1.787180e-02,5.417821e-03,2.861276e-02,3.575647e-02,3.636344e-02,1.511056e-02,1.371648e-02,4.772219e-02,1.461402e-01,2.029279e-02,4.264167e-02,1.477731e-01,1.726630e-02,6.605811e-02
3.127323e-01,1.366456e-02,5.272668e-03,2.418553e-02,2.769519e-02,3.026678e-02,1.245658e-02,9.888678e-03,4.146767e-02,2.163041e-01,2.333967e-02,4.115837e-02,1.572120e-01,1.700620e-02,6.734964e-02
2.553136e-01,1.025045e-02,5.247231e-03,1.973705e-02,2.114307e-02,2.338814e-02,9.333848e-03,7.158013e-03,3.468705e-02,3.008416e-01,2.526776e-02,3.983580e-02,1.525458e-01,1.888325e-02,7.636721e-02
1.855698e-01,7.665006e-03,5.731012e-03,1.484143e-02,1.630037e-02,1.681726e-02,6.948409e-03,5.726777e-03,2.724877e-02,3.661130e-01,2.214073e-02,3.067610e-02,1.262138e-01,1.566974e-02,1.523377e-01
1.384930e-01,5.538356e-03,4.882926e-03,1.101290e-02,1.524473e-02,1.210748e-02,5.375482e-03,7.077176e-03,2.039858e-02,3.973987e-01,1.831149e-02,2.382621e-02,1.085604e-01,1.321977e-02,2.185528e-01
1.123327e-01,4.258117e-03,5.582479e-03,1.043090e-02,1.653324e-02,1.177747e-02,4.098563e-03,1.496245e-02,1.581349e-02,3.462496e-01,2.851189e-02,2.403061e-02,1.238478e-01,1.060734e-02,2.709634e-01
8.625399e-02,3.375640e-03,4.394082e-03,7.708010e-03,1.360472e-02,1.033825e-02,2.979435e-03,1.957754e-02,1.239043e-02,3.465013e-01,1.231312e-01,2.900979e-02,1.243548e-01,1.432057e-02,2.020602e-01
6.653316e-02,2.693378e-03,3.494221e-03,6.880580e-03,1.063462e-02,9.321030e-03,2.311207e-03,2.267458e-02,9.708033e-03,2.913429e-01,2.262195e-01,4.826106e-02,1.403273e-01,1.446472e-02,1.451338e-01
5.254464e-02,2.092051e-03,2.761304e-03,7.259496e-03,8.521287e-03,9.156534e-03,1.815712e-03,2.214491e-02,8.900890e-03,2.259876e-01,2.531089e-01,1.410625e-01,1.452918e-01,1.303795e-02,1.063143e-01
3.801340e-02,1.694190e-03,2.072926e-03,6.240500e-03,6.605129e-03,7.675864e-03,1.376145e-03,1.796955e-02,8.412614e-03,1.645422e-01,2.430707e-01,2.442044e-01,1.719692e-01,9.874330e-03,7.627891e-02
2.797157e-02,1.635156e-03,1.612844e-03,5.156213e-03,5.196373e-03,6.284059e-03,1.071072e-03,1.283834e-02,9.898172e-03,1.185427e-01,2.285292e-01,3.642016e-01,1.545468e-01,7.252887e-03,5.526299e-02
2.172978e-02,1.834900e-03,3.131485e-03,7.372650e-03,5.827408e-03,5.142449e-03,1.169329e-03,1.871955e-02,2.727791e-02,8.764338e-02,2.055094e-01,4.368199e-01,1.328425e-01,5.868863e-03,3.911044e-02
1.771519e-02,4.137834e-03,6.472107e-03,1.044378e-02,9.013562e-03,4.835604e-03,1.262544e-03,5.077642e-02,8.422633e-02,6.795885e-02,1.871418e-01,3.839886e-01,1.391043e-01,5.000125e-03,2.792290e-02
2.089274e-02,3.631087e-03,1.311581e-02,2.060403e-02,3.420798e-02,4.011441e-03,1.981153e-03,1.027058e-01,1.399818e-01,4.988184e-02,1.688413e-01,2.907597e-01,1.252373e-01,4.199897e-03,1.994805e-02
4.172556e-02,3.158913e-03,1.560505e-02,3.556484e-02,1.579933e-01,4.862675e-03,5.640574e-03,8.038232e-02,1.443800e-01,3.626889e-02,1.501657e-01,2.114959e-01,9.505447e-02,3.473775e-03,1.422812e-02
5.236669e-02,2.935692e-03,1.661382e-02,7.045654e-02,2.935055e-01,5.230526e-03,9.885879e-03,5.814014e-02,1.071203e-01,2.581565e-02,1.273615e-01,1.493931e-01,6.855434e-02,2.570523e-03,1.004988e-02
6.212299e-02,3.744226e-03,1.390185e-02,7.948989e-02,4.124264e-01,5.378030e-03,1.629086e-02,4.317715e-02,7.753147e-02,1.871200e-02,1.010525e-01,1.059902e-01,5.106629e-02,1.928409e-03,7.187717e-03
8.179308e-02,4.055094e-03,1.104504e-02,7.632706e-02,4.817614e-01,5.430796e-03,1.500777e-02,3.610200e-02,6.788612e-02,1.437424e-02,8.234736e-02,7.838479e-02,3.860459e-02,1.583230e-03,5.297484e-03
1.031419e-01,7.392395e-03,8.317028e-03,9.113504e-02,4.499234e-01,5.406771e-03,1.293942e-02,3.066530e-02,7.239840e-02,1.168406e-02,7.632990e-02,8.738802e-02,3.496983e-02,2.677987e-03,5.630584e-03
1.102017e-01,1.285352e-02,6.572497e-03,1.190527e-01,4.256574e-01,4.991535e-03,1.108270e-02,2.712421e-02,8.608831e-02,1.145983e-02,6.781922e-02,7.841508e-02,2.986705e-02,2.512769e-03,6.301531e-03
1.100444e-01,1.335097e-02,5.625535e-03,1.580345e-01,4.122901e-01,4.925832e-03,8.988933e-03,2.719832e-02,9.705586e-02,9.564314e-03,5.738970e-02,6.267524e-02,2.479287e-02,2.178571e-03,5.884856e-03
1.297788e-01,1.093812e-02,4.558193e-03,1.968368e-01,3.653243e-01,6.175101e-03,7.929758e-03,3.352955e-02,9.118944e-02,9.787572e-03,5.572803e-02,5.790981e-02,2.336972e-02,2.277666e-03,4.667235e-03
1.227153e-01,9.512773e-03,3.521252e-03,2.067442e-01,2.650463e-01,5.926616e-03,5.793035e-03,2.924530e-02,1.757059e-01,8.258049e-03,8.247305e-02,5.588012e-02,2.109409e-02,3.907245e-03,4.176762e-03
8.741201e-02,1.132452e-02,3.088594e-03,2.117436e-01,1.868187e-01,4.379832e-03,4.107913e-03,2.084551e-02,1.934396e-01,6.617386e-03,2.012410e-01,4.035836e-02,1.872476e-02,5.261699e-03,4.636591e-03
6.402636e-02,8.366041e-03,2.645005e-03,1.933630e-01,1.337334e-01,3.209922e-03,2.955119e-03,1.507431e-02,1.978548e-01,5.076651e-03,2.837431e-01,3.381836e-02,4.625374e-02,4.456607e-03,5.423801e-03
5.085775e-02,6.299405e-03,2.388890e-03,1.910677e-01,9.907345e-02,3.034453e-03,2.728524e-03,1.246641e-02,1.725081e-01,5.543366e-03,2.646413e-01,1.054759e-01,6.096802e-02,1.820079e-02,4.746048e-03
3.645916e-02,4.541707e-03,2.155046e-03,1.361713e-01,7.588125e-02,3.117994e-03,2.098111e-03,1.197245e-02,1.352608e-01,4.611810e-03,2.202952e-01,1.596783e-01,1.830745e-01,1.897979e-02,5.702602e-03
2.639201e-02,3.692675e-03,2.649700e-03,9.796329e-02,7.076527e-02,6.652224e-03,1.871649e-03,1.077244e-02,1.053811e-01,3.891657e-03,2.127586e-01,1.459981e-01,2.579878e-01,4.592563e-02,7.297963e-03
2.022797e-02,3.647382e-03,2.281265e-03,7.237792e-02,5.249240e-02,5.346697e-03,1.498490e-03,8.660620e-03,1.398615e-01,3.455441e-03,1.633887e-01,1.469041e-01,2.674777e-01,1.007811e-01,1.159878e-02
1.454589e-02,3.401608e-03,2.460043e-03,5.423980e-02,4.432995e-02,4.087582e-03,1.125703e-03,6.482471e-03,1.541662e-01,3.535264e-03,1.507692e-01,1.283002e-01,2.142233e-01,2.054546e-01,1.287823e-02
1.040403e-02,2.637489e-03,2.301020e-03,4.523793e-02,3.823733e-02,3.683660e-03,8.319592e-04,4.856770e-03,1.245597e-01,4.481757e-03,1.505835e-01,1.078633e-01,1.602321e-01,3.251432e-01,1.894641e-02
7.628539e-03,1.945554e-03,2.618817e-03,4.213976e-02,3.004566e-02,3.181871e-03,6.209401e-04,3.849973e-03,8.947834e-02,6.880188e-03,2.324941e-01,9.149053e-02,1.170345e-01,3.435555e-01,2.703576e-02
5.559552e-03,1.448451e-03,2.552172e-03,3.417302e-02,2.352108e-02,2.621300e-03,4.715476e-04,3.069236e-03,6.472506e-02,7.861223e-03,3.243923e-01,7.968684e-02,8.570175e-02,3.383258e-01,2.589074e-02
4.325959e-03,1.048590e-03,1.963012e-03,2.454112e-02,1.734863e-02,2.272470e-03,3.536814e-04,2.329391e-03,4.595201e-02,6.599636e-03,4.718207e-01,7.057107e-02,6.257368e-02,2.641839e-01,2.411610e-02
3.523098e-03,8.112928e-04,1.606742e-03,1.774777e-02,1.358005e-02,2.600431e-03,2.750623e-04,1.727801e-03,3.276429e-02,5.718222e-03,5.771155e-01,6.050537e-02,4.656516e-02,2.141902e-01,2.126899e-02
2.991753e-03,1.706659e-03,2.031356e-03,1.269000e-02,1.473133e-02,2.014057e-03,2.204442e-04,1.249567e-03,2.345749e-02,4.989641e-03,6.724640e-01,4.680168e-02,3.365039e-02,1.648012e-01,1.620042e-02
5.469687e-03,1.391505e-03,2.674926e-03,9.189516e-03,1.179181e-02,2.190827e-03,1.991399e-04,1.128395e-03,1.699863e-02,8.185300e-03,7.084126e-01,4.087709e-02,2.596833e-02,1.437988e-01,2.172347e-02
4.629697e-03,1.109566e-03,2.782083e-03,6.691740e-03,1.046291e-02,1.620769e-03,1.631858e-04,9.098807e-04,1.246655e-02,6.064557e-03,7.778585e-01,3.245607e-02,1.904023e-02,1.058153e-01,1.792906e-02
5.349958e-03,1.086960e-03,3.696545e-03,5.062761e-03,2.227753e-02,2.209814e-03,6.475960e-04,1.277685e-03,1.463729e-02,5.789834e-03,7.814062e-01,2.728233e-02,1.430797e-02,1.010275e-01,1.394013e-02
7.475323e-03,1.581619e-03,6.445338e-03,4.064452e-03,4.774477e-02,3.138752e-03,1.455858e-03,2.879159e-03,3.008918e-02,5.771950e-03,7.278273e-01,2.915270e-02,1.185566e-02,1.099258e-01,1.059215e-02
8.246712e-03,2.571746e-03,1.857596e-02,3.556226e-03,7.329854e-02,4.252908e-03,2.066711e-03,4.759482e-02,7.093915e-02,5.530052e-03,6.083523e-01,3.765197e-02,1.371313e-02,9.604716e-02,7.602706e-03
6.483915e-03,2.020868e-03,1.857363e-02,3.104593e-03,5.587720e-02,4.015281e-03,1.544269e-03,2.649302e-01,6.384678e-02,4.376331e-03,4.470883e-01,3.245062e-02,1.206733e-02,7.825921e-02,5.361489e-03
5.685319e-03,1.573369e-03,6.016062e-02,2.909813e-03,4.183428e-02,3.015417e-03,1.109314e-03,4.013735e-01,5.351216e-02,3.265089e-03,3.308381e-01,2.513367e-02,9.960005e-03,5.586404e-02,3.765402e-03
7.860323e-03,1.660721e-03,1.390691e-01,4.346994e-03,3.403879e-02,3.772820e-03,9.049852e-04,4.437538e-01,4.628007e-02,2.722254e-03,2.451916e-01,1.877827e-02,7.796362e-03,4.112494e-02,2.698940e-03
9.828175e-03,8.655784e-03,1.700198e-01,5.564979e-03,3.720507e-02,5.494329e-03,9.965997e-04,4.307815e-01,9.464293e-02,2.425853e-03,1.814368e-01,1.438853e-02,6.209146e-03,3.021669e-02,2.133781e-03
1.412982e-02,8.801379e-03,1.667645e-01,7.101234e-03,6.266726e-02,7.907615e-03,1.423150e-03,4.380414e-01,1.005050e-01,4.323096e-03,1.467367e-01,1.074396e-02,4.827675e-03,2.432635e-02,1.700989e-03
1.842025e-02,1.928268e-02,1.563793e-01,9.852548e-03,9.935793e-02,9.864066e-03,1.258347e-03,3.967170e-01,1.345070e-01,8.325488e-03,1.101299e-01,8.099808e-03,3.967445e-03,2.194320e-02,1.895138e-03
2.389586e-02,2.624712e-02,1.442140e-01,1.353769e-02,1.264115e-01,1.176343e-02,1.044319e-03,3.967225e-01,1.305192e-01,1.041289e-02,8.020566e-02,6.133157e-03,3.113442e-03,2.405775e-02,1.721551e-03
3.396790e-02,2.485843e-02,1.118434e-01,1.909763e-02,1.438417e-01,1.053104e-02,8.995211e-04,4.204780e-01,1.167869e-01,1.793518e-02,6.284954e-02,4.553596e-03,2.446508e-03,2.847438e-02,1.436259e-03
5.380616e-02,2.302006e-02,9.323254e-02,2.825709e-02,2.048982e-01,9.512750e-03,8.421644e-04,3.572492e-01,1.071387e-01,2.322341e-02,5.349117e-02,3.555934e-03,2.104025e-03,3.831521e-02,1.353449e-03
7.475689e-02,1.975631e-02,7.537510e-02,3.157445e-02,2.908630e-01,7.675793e-03,7.670615e-04,2.628351e-01,1.162736e-01,2.884858e-02,4.379345e-02,2.934371e-03,2.169830e-03,4.122721e-02,1.149271e-03
8.875172e-02,1.820260e-02,6.158605e-02,4.028570e-02,2.880139e-01,6.395062e-03,1.232889e-03,2.709638e-01,1.292863e-01,2.347255e-02,3.394214e-02,3.904050e-03,2.569909e-03,3.032807e-02,1.065275e-03
1.231869e-01,2.646848e-02,4.871275e-02,3.859824e-02,2.732469e-01,6.705204e-03,1.331181e-03,2.030624e-01,1.928739e-01,2.286061e-02,2.920359e-02,4.257258e-03,2.424696e-03,2.579861e-02,1.269256e-03
1.803012e-01,2.809414e-02,3.522046e-02,3.146688e-02,2.187561e-01,6.429737e-03,1.615240e-03,1.557542e-01,2.657766e-01,2.101947e-02,2.439980e-02,5.501225e-03,2.434015e-03,2.142407e-02,1.806906e-03
2.485353e-01,2.836093e-02,2.592602e-02,2.560012e-02,1.796826e-01,7.313305e-03,1.733275e-03,1.172104e-01,2.958742e-01,1.789736e-02,2.099103e-02,7.497542e-03,2.458482e-03,1.777653e-02,3.142911e-03
3.866461e-01,2.361270e-02,1.992188e-02,2.660929e-02,1.285020e-01,8.432636e-03,2.417534e-03,9.246236e-02,2.306118e-01,1.454887e-02,2.097032e-02,1.587925e-02,4.236621e-03,1.442438e-02,1.072415e-02
4.541196e-01,1.875827e-02,1.558601e-02,6.471809e-02,9.124039e-02,9.932280e-03,2.190639e-03,7.240635e-02,1.673867e-01,1.176326e-02,3.811972e-02,1.912173e-02,1.292570e-02,1.092936e-02,1.080199e-02
1.000000e+00,0.000000e+00,0.000000e+00,0.000000e+00,0.000000e+00,0.000000e+00,0.000000e+00,0.000000e+00,0.000000e+00,0.000000e+00,0.000000e+00,0.000000e+00,0.000000e+00,0.000000e+00,0.000000e+00
4.979118e-01,1.210152e-02,1.027945e-02,8.073223e-02,4.801839e-02,1.547570e-02,2.152082e-03,4.115199e-02,8.696864e-02,8.148782e-03,7.075616e-02,8.729170e-02,2.055506e-02,8.782038e-03,9.674458e-03
4.558975e-01,1.188659e-02,8.627093e-03,8.687539e-02,3.757459e-02,1.906020e-02,2.139055e-03,3.103534e-02,6.443144e-02,6.447648e-03,6.964406e-02,1.647758e-01,2.304894e-02,8.146365e-03,1.041004e-02
4.361223e-01,9.649844e-03,6.559535e-03,6.797437e-02,3.703343e-02,1.998390e-02,2.974671e-03,2.419534e-02,5.197272e-02,6.483590e-03,7.057148e-02,2.259458e-01,2.275249e-02,8.597477e-03,9.183142e-03
3.465801e-01,7.272348e-03,5.182041e-03,5.010514e-02,3.618893e-02,3.108923e-02,3.147499e-03,1.765336e-02,4.078381e-02,5.685251e-03,7.139514e-02,3.505948e-01,2.068308e-02,6.371730e-03,7.267728e-03
2.551486e-01,5.471605e-03,4.016024e-03,3.640078e-02,3.753691e-02,3.217101e-02,2.401832e-03,1.251568e-02,3.130727e-02,4.794361e-03,6.278275e-02,4.894771e-01,1.556081e-02,4.653525e-03,5.761906e-03
1.851494e-01,4.066874e-03,2.883381e-03,2.623344e-02,8.599970e-02,2.478680e-02,1.877416e-03,8.938663e-03,2.682550e-02,4.898369e-03,5.389142e-02,5.553470e-01,1.146313e-02,3.370481e-03,4.268538e-03
1.368878e-01,3.244391e-03,2.084672e-03,1.894115e-02,9.927982e-02,1.937074e-02,1.419831e-03,6.376711e-03,2.341283e-02,6.167117e-03,4.831520e-02,6.202559e-01,8.530731e-03,2.498922e-03,3.214220e-03
1.004123e-01,3.601297e-03,1.607150e-03,1.415654e-02,1.451427e-01,1.406302e-02,1.062541e-03,4.544582e-03,3.873789e-02,1.175256e-02,4.583478e-02,6.076053e-01,7.056609e-03,1.895266e-03,2.527409e-03
7.117086e-02,2.892742e-03,1.219796e-03,1.017002e-02,1.373705e-01,1.003573e-02,8.342877e-04,3.296342e-03,4.803131e-02,1.097253e-02,3.941202e-02,6.557946e-01,5.603154e-03,1.399810e-03,1.796309e-03
5.002435e-02,2.117720e-03,9.943917e-04,7.228446e-03,1.546259e-01,7.975527e-03,9.997792e-04,2.416555e-03,4.215457e-02,8.398542e-03,3.366286e-02,6.822009e-01,4.886420e-03,1.029850e-03,1.284216e-03
3.529089e-02,1.556293e-03,9.118915e-04,5.091916e-03,1.513454e-01,6.273997e-03,1.583656e-03,2.094949e-03,3.373172e-02,6.340742e-03,2.719976e-02,7.208053e-01,5.901410e-03,9.508299e-04,9.213394e-04
2.497705e-02,1.135382e-03,7.822978e-04,3.575389e-03,1.891728e-01,5.616087e-03,7.178808e-03,2.014756e-03,3.850802e-02,4.700994e-03,2.311333e-02,6.915181e-01,6.136813e-03,8.182683e-04,7.519298e-04
1.778576e-02,8.199561e-04,7.215550e-04,2.537613e-03,2.909530e-01,4.606040e-03,1.551742e-02,7.150174e-03,5.284527e-02,3.449365e-03,2.109796e-02,5.752017e-01,6.118887e-03,6.334957e-04,5.617883e-04
1.302070e-02,6.185106e-04,1.136526e-03,1.954565e-03,3.745417e-01,3.573106e-03,1.317751e-02,6.783806e-02,7.739968e-02,2.454416e-03,1.649753e-02,4.181436e-01,8.761798e-03,4.768210e-04,4.055362e-04
9.865413e-03,5.805695e-04,1.037813e-03,1.385505e-03,4.097579e-01,2.893878e-03,2.220141e-02,4.988759e-02,1.809667e-01,1.741528e-03,1.393511e-02,2.978354e-01,7.222106e-03,3.736088e-04,3.154705e-04
9.334913e-03,4.480524e-04,1.644704e-03,1.216837e-03,4.939651e-01,4.375723e-03,2.455093e-02,6.027232e-02,1.744489e-01,1.263632e-03,1.093790e-02,2.102396e-01,6.793445e-03,2.757185e-04,2.322211e-04
1.612947e-02,4.182320e-04,1.743975e-03,1.981073e-03,5.761030e-01,4.060889e-03,2.639750e-02,4.951473e-02,1.574754e-01,9.381770e-04,1.096053e-02,1.482358e-01,5.639704e-03,2.062177e-04,1.952587e-04
3.100152e-02,6.594311e-04,2.290974e-03,1.427785e-02,5.943694e-01,6.063462e-03,2.648007e-02,5.934941e-02,1.446765e-01,7.912263e-04,8.661318e-03,1.059059e-01,4.925794e-03,1.863694e-04,3.607194e-04
4.867237e-02,1.482408e-03,3.099096e-03,3.546134e-02,5.793176e-01,5.160586e-03,2.325550e-02,7.192248e-02,1.432883e-01,7.114309e-04,6.829105e-03,7.570276e-02,4.388585e-03,1.942445e-04,5.141416e-04
8.194830e-02,2.215022e-03,3.336855e-03,3.094429e-02,5.534285e-01,4.200610e-03,2.727025e-02,5.479673e-02,1.764676e-01,5.615854e-04,6.097898e-03,5.434803e-02,3.612091e-03,3.279982e-04,4.441696e-04
1.035772e-01,4.288415e-03,2.888099e-03,5.756458e-02,5.511777e-01,4.181601e-03,2.462026e-02,5.976450e-02,1.372233e-01,6.191464e-04,5.622895e-03,4.335142e-02,4.032692e-03,5.323621e-04,5.557254e-04
1.436115e-01,4.714571e-03,3.774907e-03,8.789785e-02,5.111556e-01,4.229430e-03,1.884191e-02,6.924638e-02,1.047992e-01,7.228130e-04,5.479182e-03,3.966385e-02,4.493868e-03,6.482882e-04,7.205876e-04
1.983192e-01,6.079042e-03,1.240816e-02,8.070469e-02,5.070373e-01,5.081395e-03,1.391278e-02,5.036964e-02,7.962316e-02,8.641221e-04,7.750770e-03,3.071670e-02,5.092831e-03,7.996206e-04,1.240548e-03
2.280968e-01,8.462882e-03,1.128112e-02,8.801109e-02,4.938633e-01,1.550820e-02,1.092651e-02,3.690557e-02,6.204766e-02,9.950445e-04,8.710098e-03,2.630626e-02,5.313381e-03,1.216960e-03,2.355183e-03
2.231492e-01,1.219471e-02,1.040085e-02,1.004317e-01,4.378593e-01,5.723923e-02,1.336041e-02,4.563659e-02,4.776359e-02,1.679033e-03,1.103947e-02,2.569607e-02,5.711779e-03,3.690413e-03,4.147717e-03
2.044410e-01,1.983841e-02,1.150455e-02,1.469519e-01,3.652582e-01,6.647867e-02,1.157821e-02,3.756451e-02,4.998082e-02,2.888409e-02,1.550704e-02,2.232897e-02,8.559156e-03,3.630722e-03,7.493732e-03
1.440501e-01,1.614900e-02,9.597559e-03,1.528037e-01,2.577545e-01,5.838389e-02,8.337427e-03,2.651381e-02,7.622681e-02,1.667742e-01,4.704538e-02,1.609708e-02,8.705803e-03,2.751575e-03,8.809220e-03
1.060508e-01,1.289443e-02,8.695029e-03,1.212514e-01,1.814867e-01,4.330214e-02,6.024742e-03,2.072023e-02,1.008884e-01,3.219825e-01,4.090340e-02,1.178884e-02,9.241042e-03,2.355586e-03,1.241474e-02
8.001971e-02,1.020277e-02,9.245760e-03,1.067793e-01,1.277094e-01,3.151624e-02,4.408745e-03,1.677352e-02,1.376881e-01,3.727791e-01,4.112526e-02,9.226850e-03,2.228012e-02,6.605566e-03,2.363970e-02
6.028823e-02,8.028832e-03,7.723827e-03,8.086812e-02,9.272180e-02,3.152043e-02,4.020312e-03,1.280035e-02,1.648231e-01,4.029889e-01,4.722129e-02,8.311141e-03,2.956329e-02,1.787295e-02,3.124745e-02
6.088589e-02,6.563749e-03,8.317867e-03,6.375772e-02,6.784181e-02,2.544530e-02,3.756190e-03,1.107259e-02,2.414429e-01,3.547648e-01,5.070867e-02,8.987579e-03,3.297321e-02,3.206650e-02,3.141525e-02
4.874062e-02,5.250080e-03,6.329987e-03,4.673396e-02,4.835020e-02,1.979728e-02,3.495632e-03,8.191654e-03,2.808610e-01,2.879969e-01,5.717412e-02,1.328890e-02,3.069651e-02,1.116017e-01,3.149151e-02
6.793049e-02,5.935912e-03,5.478259e-03,3.491903e-02,3.456584e-02,2.215084e-02,3.489939e-03,6.023547e-03,3.102840e-01,2.131350e-01,6.657891e-02,1.526807e-02,2.459514e-02,1.550964e-01,3.454861e-02
5.428458e-02,4.705638e-03,4.280455e-03,2.462133e-02,2.467724e-02,2.089180e-02,2.806162e-03,4.386370e-03,2.244784e-01,1.518714e-01,8.660188e-02,1.186822e-02,1.784571e-02,3.403189e-01,2.636187e-02
5.038334e-02,3.772986e-03,5.554517e-03,1.855423e-02,1.908676e-02,1.852834e-02,2.906811e-03,4.153812e-03,1.671592e-01,1.106282e-01,1.466880e-01,1.398711e-02,1.410051e-02,4.032060e-01,2.129024e-02
4.657846e-02,4.265065e-03,6.008922e-03,1.347072e-02,1.455069e-02,1.637674e-02,2.631685e-03,3.371524e-03,1.214943e-01,7.991956e-02,1.799382e-01,1.292342e-02,1.114241e-02,4.714215e-01,1.590679e-02
4.332910e-02,4.215108e-03,6.843808e-03,1.101158e-02,1.190027e-02,1.557296e-02,2.294546e-03,3.014981e-03,9.096579e-02,5.821486e-02,1.899411e-01,1.203847e-02,8.896211e-03,5.297688e-01,1.199236e-02
5.108919e-02,5.222404e-03,7.962653e-03,9.425733e-03,1.040803e-02,1.598455e-02,1.957916e-03,2.494882e-03,6.888590e-02,4.226382e-02,2.221746e-01,1.440373e-02,8.722683e-03,5.290685e-01,9.935388e-03
5.056923e-02,9.147798e-03,8.639036e-03,8.911293e-03,9.783064e-03,2.652976e-02,1.968271e-03,2.304128e-03,9.182680e-02,3.528103e-02,2.278234e-01,1.490081e-02,8.072429e-03,4.961724e-01,8.070536e-03
4.762143e-02,1.328470e-02,8.690603e-03,8.359695e-03,8.764442e-03,2.382748e-02,1.810531e-03,1.997521e-03,1.049035e-01,3.108687e-02,2.401880e-01,1.642404e-02,7.759865e-03,4.769436e-01,8.337770e-03
3.989267e-02,1.198436e-02,8.067199e-03,7.110775e-03,7.966924e-03,1.863990e-02,1.592534e-03,1.822627e-03,1.013918e-01,2.778544e-02,3.502848e-01,1.611434e-02,6.691432e-03,3.933197e-01,7.335598e-03
3.271419e-02,9.192487e-03,9.924998e-03,6.005454e-03,7.187207e-03,1.961532e-02,2.268079e-03,3.313661e-03,8.529647e-02,2.464118e-02,4.419443e-01,1.474558e-02,6.227730e-03,3.302982e-01,6.625131e-03
3.165119e-02,9.442864e-03,1.008806e-02,5.752411e-03,1.102263e-02,1.686058e-02,3.897059e-03,4.109487e-03,1.219194e-01,2.636540e-02,4.570206e-01,1.383323e-02,5.437079e-03,2.740461e-01,8.553829e-03
2.314305e-02,1.026733e-02,7.997983e-03,4.653550e-03,1.003286e-02,1.465460e-02,4.641017e-03,3.222836e-03,9.558102e-02,3.020472e-02,5.615414e-01,1.171352e-02,4.559987e-03,2.007210e-01,1.706522e-02
1.905840e-02,3.890127e-02,9.040701e-03,6.148138e-03,1.471468e-02,1.495090e-02,4.628799e-03,3.146183e-03,1.007402e-01,3.460688e-02,5.229481e-01,9.369939e-03,3.789876e-03,1.539757e-01,6.398024e-02
1.405324e-02,3.634652e-02,8.949053e-03,4.911928e-03,1.146011e-02,1.085600e-02,3.282944e-03,2.582439e-03,9.534674e-02,3.529047e-02,3.959347e-01,6.696777e-03,2.753349e-03,1.101846e-01,2.613510e-01
1.130293e-02,1.503302e-01,1.213721e-02,4.030314e-03,9.676074e-03,8.309372e-03,2.362481e-03,2.280398e-03,7.469172e-02,3.274505e-02,2.840872e-01,4.770685e-03,2.076238e-03,7.794451e-02,3.232557e-01
1.555398e-02,1.776614e-01,2.213732e-02,3.408003e-03,8.721592e-03,6.480876e-03,1.685182e-03,1.060501e-02,6.049713e-02,3.088183e-02,2.088207e-01,3.385586e-03,1.558263e-03,5.501730e-02,3.935858e-01
1.707706e-02,1.521669e-01,1.382803e-01,7.942658e-03,8.710969e-03,5.745645e-03,1.240771e-03,2.093039e-02,5.369161e-02,2.627396e-02,1.498945e-01,2.704493e-03,1.291176e-03,3.881635e-02,3.752333e-01
2.214985e-02,1.863649e-01,2.352176e-01,7.720578e-03,9.703942e-03,6.608027e-03,9.696197e-04,2.576676e-02,4.392974e-02,1.985815e-02,1.106475e-01,2.246839e-03,1.168275e-03,2.828962e-02,2.993586e-01
2.260382e-02,1.541985e-01,3.247840e-01,9.417246e-03,1.227030e-02,5.269626e-03,7.872519e-04,1.119872e-01,3.334528e-02,1.402838e-02,7.792386e-02,1.656118e-03,8.857741e-04,2.040342e-02,2.104392e-01
2.660584e-02,1.335678e-01,4.047348e-01,1.003669e-02,2.258004e-02,5.272553e-03,6.792701e-04,1.395374e-01,2.560076e-02,9.933357e-03,5.505831e-02,1.321971e-03,7.683559e-04,1.552775e-02,1.487750e-01
3.799803e-02,2.230596e-01,3.345164e-01,9.603135e-03,3.025184e-02,4.427520e-03,6.290440e-04,1.586446e-01,2.802487e-02,7.377838e-03,4.032921e-02,1.265703e-03,7.579521e-04,1.683113e-02,1.062831e-01
5.217125e-02,2.066014e-01,2.629843e-01,8.274280e-03,4.177516e-02,4.040136e-03,9.059127e-04,2.171205e-01,4.653253e-02,5.642353e-03,3.222394e-02,1.302635e-03,9.340422e-04,4.352015e-02,7.597148e-02
7.083465e-02,1.814148e-01,1.996071e-01,7.714123e-03,4.525515e-02,3.788939e-03,1.446563e-03,2.849986e-01,5.847483e-02,4.617382e-03,2.575714e-02,1.349168e-03,1.046701e-03,5.922575e-02,5.446912e-02
1.090873e-01,1.542752e-01,1.636164e-01,1.053274e-02,4.813715e-02,8.231720e-03,6.571527e-03,2.912183e-01,5.365382e-02,3.902422e-03,1.949245e-02,1.749541e-03,1.741134e-03,8.648960e-02,4.130065e-02
1.752380e-01,1.455029e-01,1.354501e-01,1.043002e-02,4.348860e-02,9.530429e-03,8.727619e-03,2.389232e-01,4.533906e-02,3.397974e-03,1.664018e-02,2.420122e-03,2.626900e-03,1.289211e-01,3.336376e-02
2.779419e-01,1.219426e-01,1.042477e-01,9.066845e-03,3.578089e-02,9.625951e-03,1.068056e-02,2.208868e-01,4.441407e-02,4.833787e-03,1.291667e-02,3.772553e-03,3.033664e-03,1.112218e-01,2.963424e-02
3.582879e-01,9.325786e-02,8.072656e-02,8.841513e-03,3.190094e-02,1.238261e-02,1.175612e-02,2.382780e-01,3.625410e-02,4.457235e-03,1.005896e-02,4.639768e-03,3.596803e-03,8.051859e-02,2.504301e-02
4.419422e-01,7.111225e-02,6.579764e-02,8.242117e-03,2.797924e-02,1.432394e-02,1.158837e-02,2.236675e-01,3.075761e-02,4.303721e-03,8.350089e-03,5.828419e-03,3.898936e-03,5.897546e-02,2.323252e-02
4.524125e-01,5.149794e-02,5.233743e-02,7.867531e-03,2.344498e-02,2.155378e-02,1.416805e-02,2.702188e-01,2.462937e-02,3.464618e-03,6.362792e-03,6.943021e-03,4.248042e-03,4.173519e-02,1.911603e-02
3.969935e-01,3.737979e-02,4.108041e-02,7.551551e-03,1.884422e-02,3.197521e-02,2.047122e-02,3.224234e-01,1.857172e-02,3.327993e-03,8.098911e-03,1.924437e-02,2.602716e-02,3.046592e-02,1.754466e-02
4.304726e-01,2.687012e-02,3.004464e-02,5.899542e-03,1.445213e-02,3.665072e-02,1.847567e-02,2.708682e-01,1.389606e-02,5.259578e-03,1.151372e-02,1.916303e-02,7.281215e-02,2.233977e-02,2.128216e-02
3.820227e-01,1.960955e-02,2.248242e-02,4.984257e-03,1.495994e-02,3.284768e-02,2.640009e-02,2.080242e-01,1.130754e-02,5.298892e-03,1.218984e-02,2.475877e-02,1.422583e-01,2.451231e-02,6.834356e-02
3.263211e-01,1.495772e-02,3.635878e-02,4.442477e-03,3.256885e-02,2.882387e-02,2.021590e-02,1.540818e-01,9.075818e-03,5.203061e-03,1.654619e-02,2.281901e-02,2.180420e-01,1.939270e-02,9.115072e-02
2.802547e-01,1.451742e-02,2.913890e-02,1.161548e-02,6.803971e-02,3.222487e-02,1.815611e-02,1.106879e-01,3.206162e-02,1.918757e-02,1.766557e-02,3.479390e-02,2.335420e-01,1.661617e-02,8.149810e-02
2.285832e-01,1.168773e-02,2.399372e-02,1.052304e-02,8.334196e-02,2.792231e-02,1.545323e-02,7.896940e-02,6.684157e-02,4.088503e-02,1.860832e-02,3.939055e-02,2.578222e-01,1.740682e-02,7.857081e-02
2.204126e-01,1.097674e-02,2.080708e-02,7.826866e-03,6.325208e-02,2.144446e-02,1.189633e-02,5.597893e-02,5.397297e-02,3.740874e-02,1.622514e-02,3.318437e-02,3.321631e-01,1.993160e-02,9.451894e-02
2.230228e-01,8.939218e-03,1.519241e-02,6.941841e-03,4.720205e-02,1.597609e-02,9.525735e-03,3.970767e-02,7.014135e-02,4.431597e-02,1.449254e-02,2.715314e-02,3.128781e-01,3.937202e-02,1.251390e-01
1.991260e-01,7.466308e-03,1.108414e-02,5.833690e-03,3.458397e-02,1.263697e-02,7.356156e-03,2.803168e-02,1.190027e-01,5.555689e-02,2.066226e-02,2.062177e-02,2.646024e-01,4.896176e-02,1.644733e-01
2.241079e-01,6.207822e-03,8.208700e-03,5.029886e-03,2.562827e-02,1.385129e-02,5.415665e-03,1.977613e-02,1.500008e-01,4.375321e-02,2.178653e-02,1.518091e-02,1.993183e-01,4.888852e-02,2.128461e-01
1.654216e-01,2.158407e-02,9.204565e-03,4.060424e-03,1.904354e-02,2.892021e-02,4.028085e-03,1.415445e-02,1.615774e-01,3.949458e-02,2.375250e-02,1.196160e-02,1.474750e-01,6.174725e-02,2.875747e-01
1.437228e-01,2.522359e-02,1.586100e-02,3.879525e-03,1.501133e-02,5.393834e-02,3.055631e-03,1.015840e-02,1.505551e-01,4.943758e-02,2.730032e-02,1.095461e-02,1.069847e-01,7.155230e-02,3.123648e-01
1.091489e-01,2.033074e-02,1.325052e-02,3.183967e-03,1.129137e-02,4.098152e-02,2.180517e-03,7.156312e-03,2.040232e-01,4.671637e-02,2.431572e-02,8.367356e-03,7.722092e-02,6.335060e-02,3.684820e-01
7.900771e-02,1.725132e-02,1.077943e-02,2.605384e-03,8.345312e-03,3.091687e-02,1.565802e-03,5.096957e-03,3.459668e-01,4.458515e-02,2.231203e-02,6.287251e-03,5.557014e-02,5.564416e-02,3.140658e-01
5.630239e-02,1.737455e-02,1.164668e-02,2.271943e-03,6.339141e-03,2.273994e-02,1.109088e-03,3.621872e-03,4.760061e-01,4.424443e-02,1.822065e-02,4.560661e-03,3.966609e-02,4.605765e-02,2.498388e-01
4.878066e-02,2.014487e-02,1.761742e-02,2.529529e-03,9.032600e-03,2.114570e-02,8.369783e-04,2.774350e-03,4.378274e-01,3.674106e-02,3.024859e-02,3.931781e-03,2.901876e-02,9.866780e-02,2.407025e-01
5.082378e-02,2.408625e-02,3.701699e-02,1.031110e-02,1.258473e-02,2.251275e-02,6.874745e-04,2.381117e-03,4.236569e-01,3.183973e-02,3.273417e-02,4.519705e-03,2.342136e-02,1.090927e-01,2.143313e-01
8.302572e-02,2.170722e-02,3.764254e-02,9.174086e-03,1.183819e-02,3.870245e-02,5.686224e-04,2.171787e-03,3.720718e-01,2.532011e-02,3.235214e-02,4.963767e-03,1.797949e-02,1.660106e-01,1.764714e-01
6.757377e-02,1.844427e-02,3.490680e-02,1.102779e-02,1.084310e-02,3.498252e-02,4.414209e-04,2.172552e-03,4.229562e-01,2.071439e-02,2.735307e-02,3.727238e-03,1.357671e-02,1.609253e-01,1.703549e-01
6.082953e-02,1.378539e-02,3.284252e-02,9.302561e-03,9.455576e-03,2.620820e-02,3.302783e-04,1.849255e-03,4.842322e-01,3.195849e-02,2.577692e-02,3.263088e-03,1.128634e-02,1.467173e-01,1.421625e-01
6.597143e-02,1.072794e-02,2.773202e-02,7.337501e-03,1.092364e-02,2.159624e-02,2.706836e-04,2.755906e-03,5.609785e-01,2.902389e-02,3.034077e-02,4.138730e-03,1.059571e-02,1.126696e-01,1.049375e-01
7.471922e-02,1.219172e-02,2.054966e-02,5.555060e-03,1.155463e-02,1.570719e-02,2.351056e-04,2.864058e-03,5.827578e-01,2.726380e-02,4.593030e-02,5.301938e-03,1.243181e-02,1.006139e-01,8.232380e-02
6.154235e-02,1.028162e-02,1.968202e-02,5.272339e-03,1.342783e-02,1.431475e-02,9.482671e-04,1.655304e-02,5.892940e-01,3.685017e-02,5.444911e-02,9.850647e-03,1.812188e-02,8.288193e-02,6.653006e-02
4.548901e-02,8.030205e-03,1.648844e-01,8.604444e-03,1.318425e-02,1.053000e-02,1.165323e-03,3.567103e-02,5.095522e-01,3.170464e-02,4.233391e-02,7.275945e-03,1.359041e-02,5.996045e-02,4.802379e-02
3.701494e-02,8.180599e-03,1.811149e-01,1.350499e-02,1.361514e-02,7.916032e-03,1.007406e-03,3.416208e-02,5.455543e-01,3.233612e-02,3.107443e-02,5.247498e-03,9.777965e-03,4.324622e-02,3.624745e-02
4.156634e-02,8.452510e-03,1.608701e-01,1.496936e-02,2.086876e-02,8.790987e-03,9.258187e-04,2.858558e-02,5.861731e-01,3.253813e-02,2.302742e-02,3.817213e-03,7.298977e-03,3.187992e-02,3.023577e-02
4.110759e-02,7.798370e-03,2.522479e-01,1.948569e-02,6.163507e-02,1.265226e-02,1.491437e-03,4.761203e-02,4.614896e-01,2.429786e-02,1.643091e-02,2.711281e-03,5.416680e-03,2.332026e-02,2.230310e-02
5.928187e-02,1.122478e-02,3.309785e-01,1.620390e-02,1.102174e-01,2.109671e-02,1.492376e-03,3.606097e-02,3.351979e-01,2.013767e-02,1.175653e-02,2.040737e-03,4.090913e-03,1.797375e-02,2.224607e-02
6.854317e-02,1.641540e-02,2.672141e-01,7.284254e-02,1.618970e-01,1.965686e-02,2.856745e-03,5.229269e-02,2.674376e-01,1.802627e-02,9.804707e-03,2.240279e-03,3.859409e-03,1.364260e-02,2.327056e-02
6.760763e-02,3.773758e-02,2.110832e-01,1.085510e-01,1.942758e-01,2.100711e-02,2.557739e-03,6.416377e-02,2.210391e-01,1.685902e-02,7.668671e-03,2.790029e-03,3.205875e-03,1.076023e-02,3.069331e-02
7.420041e-02,6.971651e-02,1.637675e-01,8.990312e-02,1.786627e-01,2.701025e-02,2.500209e-03,5.884585e-02,2.450150e-01,1.824017e-02,7.128743e-03,3.946547e-03,3.657127e-03,9.715546e-03,4.769030e-02
6.224892e-02,9.061784e-02,1.247285e-01,1.900698e-01,1.290534e-01,1.969418e-02,1.803051e-03,4.221876e-02,2.323656e-01,1.520574e-02,1.583504e-02,6.159658e-03,5.402564e-03,7.067065e-03,5.752985e-02
4.627735e-02,6.765889e-02,9.002680e-02,1.643523e-01,9.525999e-02,1.592205e-02,1.388823e-03,2.993815e-02,2.139171e-01,1.130705e-02,1.827939e-01,4.973608e-03,1.973882e-02,1.083350e-02,4.561177e-02
4.110808e-02,4.803584e-02,6.417061e-02,1.231958e-01,6.887486e-02,1.253140e-02,1.141124e-03,2.294465e-02,1.602764e-01,8.243934e-03,3.407219e-01,5.554657e-03,4.314082e-02,1.793756e-02,4.212242e-02
3.124264e-02,3.467112e-02,4.585531e-02,9.507704e-02,4.993555e-02,1.052198e-02,1.045398e-03,1.711476e-02,1.451280e-01,6.285692e-03,3.167507e-01,1.151551e-02,4.226048e-02,1.502931e-01,4.230269e-02
2.217041e-02,2.471223e-02,3.273328e-02,6.768788e-02,3.713026e-02,8.183455e-03,8.157064e-04,1.225724e-02,1.097888e-01,4.814444e-03,2.793270e-01,1.089677e-02,3.938957e-02,3.130308e-01,3.706218e-02
1.592685e-02,1.740837e-02,2.316226e-02,4.751720e-02,2.619804e-02,5.889788e-03,5.914452e-04,8.616935e-03,7.778250e-02,3.673123e-03,2.860706e-01,9.047979e-03,2.810528e-02,4.230988e-01,2.691077e-02
1.136711e-02,1.274078e-02,2.013397e-02,3.344944e-02,1.950921e-02,4.432519e-03,4.363856e-04,6.108970e-03,5.577552e-02,4.373466e-03,3.805121e-01,7.639980e-03,2.079824e-02,3.733672e-01,4.935503e-02
8.126025e-03,9.347266e-03,1.578644e-02,2.350789e-02,1.400582e-02,3.297478e-03,3.213541e-04,4.355305e-03,3.990289e-02,6.036906e-03,4.317173e-01,5.866896e-03,1.487174e-02,3.676869e-01,5.516975e-02
5.737071e-03,7.146785e-03,1.284819e-02,1.649629e-02,1.010439e-02,2.481658e-03,2.341884e-04,3.078472e-03,2.894115e-02,4.923142e-03,4.525093e-01,4.297316e-03,1.054370e-02,4.000300e-01,4.062842e-02
4.048100e-03,5.312381e-03,9.789738e-03,1.161630e-02,7.305923e-03,1.814875e-03,1.699019e-04,2.196944e-03,2.143119e-02,5.172415e-03,5.148932e-01,3.341922e-03,7.599239e-03,3.761795e-01,2.912830e-02
2.976145e-03,4.427862e-03,1.169413e-02,8.535093e-03,5.563602e-03,1.941623e-03,1.468768e-04,1.818376e-03,1.757700e-02,5.611690e-03,5.517548e-01,2.813829e-03,5.755640e-03,3.551527e-01,2.423061e-02
2.557494e-03,4.427781e-03,1.117458e-02,7.049092e-03,5.031565e-03,3.740220e-03,1.597137e-04,1.627265e-03,1.719696e-02,5.714698e-03,5.549458e-01,3.754651e-03,5.117448e-03,3.588025e-01,1.870026e-02
2.095486e-03,4.560843e-03,1.146257e-02,5.201379e-03,5.232629e-03,3.899574e-03,1.705661e-04,1.305425e-03,1.886763e-02,5.126018e-03,5.520288e-01,4.452131e-03,4.109547e-03,3.672536e-01,1.423387e-02
2.617286e-03,1.052191e-02,2.232659e-02,4.457589e-03,6.217417e-03,5.022132e-03,3.041188e-04,1.329755e-03,3.728117e-02,5.096545e-03,4.579082e-01,4.210331e-03,3.645301e-03,4.278892e-01,1.117242e-02
2.601379e-03,1.271104e-02,2.500332e-02,3.816349e-03,6.968265e-03,7.258687e-03,3.847576e-04,1.424041e-03,5.941257e-02,5.779826e-03,3.671206e-01,3.871036e-03,3.617101e-03,4.908870e-01,9.144026e-03
2.524632e-03,1.558770e-02,2.446677e-02,2.903612e-03,7.035401e-03,7.686549e-03,4.170450e-04,1.182747e-03,6.177235e-02,6.004442e-03,3.337851e-01,4.418455e-03,3.690400e-03,5.216867e-01,6.838082e-03
4.295066e-03,1.472670e-02,2.532030e-02,4.742862e-03,7.821972e-03,8.796845e-03,6.512795e-04,2.812969e-03,7.268968e-02,8.055129e-03,2.991514e-01,4.718337e-03,3.464520e-03,5.373816e-01,5.371212e-03
8.877736e-03,1.469523e-02,2.275259e-02,6.123102e-03,9.327382e-03,9.148600e-03,7.274128e-04,3.850344e-03,7.441579e-02,1.059640e-02,2.447918e-01,4.625073e-03,2.936241e-03,5.829589e-01,4.173386e-03
1.437383e-02,2.421432e-02,1.883093e-02,5.834724e-03,1.622961e-02,9.102026e-03,1.526602e-03,4.657396e-03,8.737424e-02,1.451173e-02,2.046272e-01,5.091237e-03,3.510683e-03,5.861949e-01,3.920455e-03
2.488615e-02,9.658090e-02,2.843668e-02,6.896958e-03,3.143796e-02,1.563272e-02,2.185034e-03,7.060246e-03,1.077048e-01,2.463352e-02,1.679807e-01,4.817630e-03,3.785915e-03,4.732240e-01,4.736697e-03
3.717033e-02,9.346997e-02,2.183655e-02,5.927154e-03,4.467726e-02,1.300193e-02,2.159263e-03,5.847289e-03,1.755645e-01,3.189711e-02,1.972249e-01,8.029678e-03,4.860046e-03,3.524118e-01,5.922155e-03
2.939766e-02,6.866247e-02,1.542348e-02,4.319061e-03,5.473661e-02,1.053545e-02,2.189947e-03,4.913508e-03,3.730493e-01,2.905065e-02,1.435482e-01,6.856844e-03,4.173721e-03,2.485691e-01,4.573888e-03
2.253025e-02,4.989806e-02,1.093287e-02,3.277725e-03,5.907292e-02,8.039201e-03,2.183194e-03,5.966778e-03,5.229458e-01,2.492893e-02,1.024283e-01,5.713655e-03,3.656595e-03,1.748247e-01,3.600972e-03
1.824096e-02,3.637765e-02,7.704072e-03,2.409271e-03,4.351642e-02,6.238141e-03,1.614341e-03,4.242524e-03,6.555134e-01,1.869998e-02,7.219166e-02,4.582659e-03,2.966787e-03,1.224972e-01,3.204932e-03
2.056134e-02,3.068255e-02,5.464458e-03,2.016355e-03,3.926699e-02,6.044914e-03,1.356161e-03,3.111784e-03,7.308143e-01,1.415138e-02,5.107875e-02,3.642532e-03,2.429686e-03,8.604880e-02,3.329985e-03
5.479378e-02,3.139888e-02,4.140508e-03,2.826804e-03,8.089003e-02,6.809205e-03,2.030569e-03,2.597076e-03,6.925448e-01,1.152320e-02,3.691761e-02,3.701027e-03,2.949226e-03,6.063103e-02,6.246220e-03
8.466542e-02,2.736349e-02,3.393506e-03,6.737560e-03,8.499416e-02,9.054157e-03,2.216705e-03,6.389645e-03,6.817104e-01,9.336022e-03,2.739052e-02,3.815898e-03,3.008692e-03,4.316331e-02,6.760481e-03
1.295589e-01,2.541087e-02,2.703261e-03,8.462887e-03,8.354264e-02,1.005675e-02,2.315417e-03,6.311731e-03,6.520903e-01,8.081505e-03,2.110080e-02,7.607941e-03,4.139775e-03,3.073719e-02,7.880005e-03
1.092191e-01,2.123745e-02,2.182102e-03,8.357318e-03,1.540777e-01,7.991781e-03,3.635065e-03,1.089880e-02,6.223677e-01,6.530742e-03,1.611924e-02,5.955671e-03,3.399147e-03,2.176367e-02,6.264562e-03
1.222464e-01,2.389959e-02,1.897765e-03,2.133531e-02,1.635905e-01,8.098768e-03,3.547015e-03,1.275379e-02,5.866222e-01,8.184276e-03,1.259091e-02,6.476890e-03,3.903336e-03,1.569601e-02,9.157196e-03
1.175644e-01,4.291333e-02,7.562268e-03,9.925691e-02,1.284841e-01,7.583052e-03,2.749087e-03,1.255085e-02,4.885451e-01,2.489356e-02,1.018806e-02,6.136236e-03,3.462188e-03,1.121738e-02,3.689351e-02
1.124142e-01,4.199633e-02,9.028155e-03,1.448985e-01,9.826470e-02,6.380581e-03,2.194558e-03,1.428648e-02,4.755099e-01,2.420618e-02,9.086688e-03,5.700055e-03,4.585886e-03,8.184834e-03,4.326300e-02
1.138147e-01,3.994640e-02,9.981342e-03,1.585003e-01,8.375806e-02,5.862284e-03,2.030401e-03,1.614364e-02,4.624875e-01,2.610554e-02,9.823431e-03,5.698185e-03,5.505431e-03,6.049888e-03,5.429292e-02
8.138345e-02,4.825299e-02,3.218682e-02,2.046061e-01,5.977140e-02,4.690524e-03,1.685580e-03,1.144885e-02,4.485720e-01,2.291081e-02,8.395937e-03,4.465616e-03,8.261101e-03,4.414308e-03,5.895447e-02
5.882622e-02,4.061507e-02,2.685892e-02,3.222154e-01,4.270567e-02,5.200686e-03,1.308208e-03,8.206885e-03,3.343551e-01,1.628059e-02,6.966420e-03,3.381957e-03,8.725023e-02,3.101173e-03,4.272746e-02
4.551374e-02,2.877407e-02,1.954737e-02,2.342191e-01,3.027908e-02,4.454445e-03,1.003250e-03,5.993064e-03,2.382137e-01,1.153597e-02,6.102823e-03,3.545046e-03,3.363855e-01,2.246319e-03,3.218647e-02
3.252608e-02,2.018453e-02,1.372491e-02,1.651759e-01,2.161670e-02,3.448965e-03,7.453862e-04,4.445424e-03,1.685632e-01,8.152978e-03,5.279921e-03,3.218987e-03,5.277113e-01,1.762930e-03,2.344274e-02
2.366756e-02,1.421158e-02,9.744332e-03,1.163564e-01,1.563539e-02,3.125218e-03,6.083933e-04,3.511852e-03,1.199030e-01,5.843183e-03,5.150864e-03,3.583869e-03,6.552503e-01,1.558962e-03,2.184914e-02
1.770015e-02,1.022929e-02,7.145097e-03,8.171358e-02,1.220283e-02,3.469295e-03,5.835937e-04,2.632217e-03,8.440609e-02,4.259762e-03,4.782427e-03,5.851048e-03,7.462247e-01,1.280852e-03,1.751911e-02
1.383950e-02,7.434678e-03,5.313004e-03,5.731761e-02,9.651704e-03,3.820890e-03,5.892628e-04,1.971333e-03,5.971559e-02,3.189532e-03,5.175482e-03,1.316642e-02,7.990445e-01,1.032722e-03,1.873779e-02
1.265080e-02,6.938024e-03,6.788395e-03,4.043682e-02,1.154175e-02,3.750270e-03,5.742888e-04,1.698096e-03,4.251602e-02,2.855449e-03,5.900675e-03,1.353328e-02,8.261323e-01,1.747707e-03,2.293615e-02
4.490206e-02,5.965260e-03,1.521950e-02,2.888408e-02,1.593170e-02,4.877561e-03,7.762742e-04,3.191640e-03,3.188238e-02,3.833143e-03,6.683495e-03,1.654906e-02,7.728524e-01,2.406267e-03,4.604524e-02
6.319676e-02,5.591443e-03,2.285634e-02,2.127309e-02,2.109938e-02,7.726020e-03,1.020738e-03,4.748035e-03,2.582213e-02,5.645747e-03,9.692593e-03,2.690000e-02,6.959393e-01,2.887958e-03,8.560057e-02
9.410747e-02,5.777710e-03,3.195264e-02,1.581605e-02,4.371094e-02,8.549838e-03,1.360045e-03,4.832101e-03,2.639399e-02,8.234953e-03,9.102542e-03,2.503867e-02,6.299618e-01,2.542311e-03,9.261891e-02
8.939043e-02,1.236469e-02,6.523328e-02,1.171474e-02,3.741471e-02,7.278014e-03,1.423800e-03,5.158309e-03,2.942344e-02,1.335623e-02,8.273751e-03,2.207579e-02,5.356202e-01,2.852709e-03,1.584199e-01
8.443948e-02,9.639028e-03,1.809127e-01,1.204987e-02,3.118764e-02,6.107807e-03,1.319599e-03,4.390848e-02,3.166468e-02,1.322863e-02,1.073114e-02,1.814837e-02,4.210135e-01,2.390404e-03,1.332586e-01
7.046793e-02,9.527009e-03,3.172307e-01,1.650272e-02,2.420996e-02,7.026419e-03,1.410016e-03,5.554550e-02,4.086091e-02,1.095317e-02,9.268391e-03,1.371396e-02,3.003638e-01,1.936025e-03,1.209835e-01
6.830901e-02,1.395194e-02,3.759125e-01,1.643821e-02,1.931297e-02,9.093041e-03,1.639204e-03,5.623894e-02,5.215592e-02,1.403726e-02,8.097810e-03,1.158049e-02,2.123431e-01,1.556771e-03,1.393328e-01
8.337982e-02,2.315981e-02,3.154644e-01,1.350933e-02,1.460612e-02,1.045167e-02,1.559540e-03,4.178824e-02,9.354481e-02,3.899889e-02,1.247520e-02,1.022052e-02,1.507689e-01,6.077731e-03,1.839950e-01
1.035978e-01,3.033781e-02,2.328759e-01,1.113182e-02,1.199003e-02,1.029550e-02,1.314960e-03,3.137697e-02,9.663123e-02,3.038202e-02,1.838684e-02,8.708791e-03,1.078952e-01,1.692684e-02,2.881483e-01
1.004968e-01,3.271440e-02,1.684685e-01,1.067817e-02,1.039786e-02,9.892294e-03,1.163274e-03,2.283793e-02,1.758511e-01,2.574519e-02,3.874921e-02,8.985078e-03,7.916213e-02,4.734822e-02,2.675098e-01
7.513848e-02,2.625833e-02,1.208053e-01,7.958676e-03,7.836838e-03,8.720803e-03,8.728338e-04,1.753733e-02,2.418741e-01,1.982098e-02,5.064655e-02,6.728163e-03,5.648038e-02,1.257798e-01,2.335415e-01
5.602982e-02,2.049000e-02,8.605133e-02,7.417797e-03,5.756235e-03,6.866205e-03,6.568381e-04,1.289514e-02,3.646685e-01,1.928143e-02,3.874029e-02,4.901009e-03,4.036452e-02,1.192959e-01,2.165849e-01
5.769149e-02,2.661282e-02,6.266353e-02,6.227753e-03,4.999592e-03,7.477138e-03,5.855030e-04,1.035289e-02,4.000411e-01,1.611754e-02,4.010729e-02,3.970393e-03,2.935033e-02,1.194128e-01,2.143898e-01
5.184954e-02,4.484844e-02,4.479429e-02,4.850918e-03,4.378252e-03,7.056023e-03,4.737980e-04,7.670214e-03,4.541283e-01,1.305278e-02,3.698072e-02,3.264633e-03,2.192721e-02,1.107957e-01,1.939293e-01
4.501722e-02,1.306981e-01,3.218831e-02,3.580362e-03,3.778289e-03,6.876486e-03,3.765717e-04,5.450034e-03,3.992327e-01,1.020000e-02,3.104921e-02,2.648233e-03,1.582642e-02,1.321253e-01,1.809528e-01
3.378551e-02,2.152293e-01,2.275705e-02,2.671176e-03,3.897865e-03,8.410091e-03,2.821897e-04,4.304086e-03,4.156179e-01,8.082629e-03,2.315293e-02,2.079898e-03,1.130680e-02,1.169681e-01,1.314543e-01
2.651792e-02,2.845280e-01,1.638966e-02,2.141707e-03,4.714713e-03,7.534232e-03,2.105175e-04,3.813196e-03,4.119968e-01,8.414072e-03,1.757024e-02,1.601788e-03,8.020768e-03,1.100989e-01,9.644747e-02
1.910991e-02,2.588637e-01,1.155870e-02,4.841167e-03,3.891184e-03,5.505105e-03,1.500109e-04,2.784448e-03,5.027684e-01,1.571615e-02,1.288673e-02,1.246969e-03,5.861686e-03,7.763482e-02,7.718103e-02
1.553859e-02,2.787952e-01,8.697616e-03,7.039347e-03,5.382415e-03,4.605966e-03,1.125217e-04,3.430074e-03,5.035663e-01,2.672765e-02,1.443503e-02,1.443027e-03,5.767478e-03,6.057455e-02,6.388416e-02
1.119214e-02,2.755924e-01,7.182395e-03,1.366821e-02,5.063415e-03,3.795228e-03,8.518070e-05,2.819381e-03,5.381758e-01,2.626435e-02,1.204925e-02,1.360288e-03,4.862040e-03,4.574728e-02,5.214249e-02
1.050190e-02,2.647586e-01,9.209448e-03,3.186715e-02,6.838446e-03,4.717834e-03,7.328743e-05,1.429451e-02,5.330563e-01,2.348766e-02,1.175481e-02,1.255081e-03,4.183698e-03,4.254523e-02,4.145607e-02
1.191880e-02,2.161233e-01,7.390490e-03,4.914318e-02,8.770013e-03,5.880992e-03,6.998691e-05,1.419328e-02,5.428674e-01,3.017883e-02,9.411472e-03,1.032124e-03,3.979384e-03,3.575039e-02,6.329033e-02
1.064057e-02,1.732466e-01,6.331643e-03,5.528235e-02,7.849938e-03,5.288502e-03,5.636350e-05,1.931369e-02,5.485955e-01,3.061677e-02,8.030672e-03,8.859783e-04,3.143468e-03,2.752567e-02,1.031923e-01
1.042391e-02,1.472368e-01,5.266064e-03,5.443879e-02,1.078861e-02,7.407988e-03,6.359068e-05,2.817684e-02,4.964414e-01,4.032201e-02,6.713604e-03,8.141996e-04,2.892449e-03,2.269346e-02,1.663203e-01
1.112205e-02,1.126629e-01,7.265101e-03,4.858275e-02,8.598128e-03,1.067936e-02,5.594847e-05,4.427294e-02,4.538673e-01,4.511436e-02,5.604567e-03,6.468038e-04,2.176762e-03,1.765804e-02,2.316930e-01
1.783229e-02,8.389571e-02,2.268355e-02,5.020332e-02,7.851112e-03,1.725304e-02,7.826182e-05,4.721630e-02,4.379395e-01,4.242261e-02,5.085669e-03,5.813111e-04,1.767430e-03,1.401449e-02,2.511755e-01
2.855113e-02,6.671933e-02,2.022370e-02,4.889101e-02,9.159849e-03,2.283287e-02,1.024585e-04,4.532053e-02,3.988904e-01,3.587945e-02,4.955370e-03,5.100134e-04,1.733792e-03,1.036268e-02,3.058675e-01
3.810919e-02,5.273334e-02,4.621295e-02,6.674372e-02,1.476888e-02,2.546487e-02,2.751454e-04,4.604784e-02,4.180343e-01,2.759447e-02,4.858080e-03,4.946392e-04,1.468242e-03,8.096424e-03,2.490980e-01
5.448568e-02,4.735191e-02,3.794613e-02,6.031108e-02,1.523401e-02,3.391600e-02,3.141189e-04,3.988352e-02,4.282071e-01,2.194150e-02,5.754057e-03,5.687228e-04,1.451894e-03,1.088910e-02,2.417452e-01
1.100608e-01,4.726437e-02,3.963706e-02,4.929413e-02,2.641370e-02,5.745642e-02,1.079297e-03,4.637497e-02,3.201284e-01,1.614391e-02,8.283053e-03,1.466121e-03,2.415335e-03,2.530505e-02,2.486774e-01
1.220462e-01,4.900793e-02,4.652455e-02,5.141904e-02,2.381282e-02,5.173720e-02,1.759169e-03,3.646594e-02,2.428772e-01,1.403150e-02,1.496744e-02,1.307069e-02,1.776144e-02,4.323154e-02,2.712873e-01
1.370330e-01,5.107873e-02,3.521338e-02,4.639281e-02,2.115601e-02,4.065977e-02,1.574125e-03,2.673798e-02,2.015975e-01,1.180556e-02,1.772954e-02,2.337573e-02,3.741127e-02,5.453015e-02,2.937044e-01
2.277465e-01,6.146242e-02,2.703675e-02,3.577635e-02,1.859063e-02,3.455317e-02,1.767419e-03,2.034924e-02,1.512603e-01,9.095942e-03,1.809330e-02,4.516818e-02,6.101111e-02,5.776212e-02,2.303265e-01
3.156610e-01,6.190411e-02,2.414545e-02,2.901468e-02,1.723071e-02,2.860334e-02,1.977763e-03,1.642900e-02,1.171030e-01,7.318873e-03,1.517794e-02,4.494170e-02,6.987967e-02,6.100445e-02,1.896083e-01
4.257841e-01,6.244851e-02,2.216475e-02,2.283429e-02,1.451983e-02,2.555729e-02,2.031897e-03,1.351109e-02,8.613132e-02,5.851528e-03,1.244869e-02,3.690890e-02,5.754309e-02,5.019056e-02,1.620742e-01
4.730801e-01,5.166691e-02,6.594859e-02,4.021934e-02,1.244482e-02,2.072713e-02,2.117295e-03,1.204276e-02,6.439353e-02,5.332845e-03,1.242337e-02,3.969600e-02,4.491505e-02,3.742770e-02,1.175645e-01
1.000000e+00,0.000000e+00,0.000000e+00,0.000000e+00,0.000000e+00,0.000000e+00,0.000000e+00,0.000000e+00,0.000000e+00,0.000000e+00,0.000000e+00,0.000000e+00,0.000000e+00,0.000000e+00,0.000000e+00
1.000000e+00,0.000000e+00,0.000000e+00,0.000000e+00,0.000000e+00,0.000000e+00,0.000000e+00,0.000000e+00,0.000000e+00,0.000000e+00,0.000000e+00,0.000000e+00,0.000000e+00,0.000000e+00,0.000000e+00
1.000000e+00,0.000000e+00,0.000000e+00,0.000000e+00,0.000000e+00,0.000000e+00,0.000000e+00,0.000000e+00,0.000000e+00,0.000000e+00,0.000000e+00,0.000000e+00,0.000000e+00,0.000000e+00,0.000000e+00
1.000000e+00,0.000000e+00,0.000000e+00,0.000000e+00,0.000000e+00,0.000000e+00,0.000000e+00,0.000000e+00,0.000000e+00,0.000000e+00,0.000000e+00,0.000000e+00,0.000000e+00,0.000000e+00,0.000000e+00
1.000000e+00,0.000000e+00,0.000000e+00,0.000000e+00,0.000000e+00,0.000000e+00,0.000000e+00,0.000000e+00,0.000000e+00,0.000000e+00,0.000000e+00,0.000000e+00,0.000000e+00,0.000000e+00,0.000000e+00
1.000000e+00,0.000000e+00,0.000000e+00,0.000000e+00,0.000000e+00,0.000000e+00,0.000000e+00,0.000000e+00,0.000000e+00,0.000000e+00,0.000000e+00,0.000000e+00,0.000000e+00,0.000000e+00,0.000000e+00
1.000000e+00,0.000000e+00,0.000000e+00,0.000000e+00,0.000000e+00,0.000000e+00,0.000000e+00,0.000000e+00,0.000000e+00,0.000000e+00,0.000000e+00,0.000000e+00,0.000000e+00,0.000000e+00,0.000000e+00
1.000000e+00,0.000000e+00,0.000000e+00,0.000000e+00,0.000000e+00,0.000000e+00,0.000000e+00,0.000000e+00,0.000000e+00,0.000000e+00,0.000000e+00,0.000000e+00,0.000000e+00,0.000000e+00,0.000000e+00
1.000000e+00,0.000000e+00,0.000000e+00,0.000000e+00,0.000000e+00,0.000000e+00,0.000000e+00,0.000000e+00,0.000000e+00,0.000000e+00,0.000000e+00,0.000000e+00,0.000000e+00,0.000000e+00,0.000000e+00
1.000000e+00,0.000000e+00,0.000000e+00,0.000000e+00,0.000000e+00,0.000000e+00,0.000000e+00,0.000000e+00,0.000000e+00,0.000000e+00,0.000000e+00,0.000000e+00,0.000000e+00,0.000000e+00,0.000000e+00
1.000000e+00,0.000000e+00,0.000000e+00,0.000000e+00,0.000000e+00,0.000000e+00,0.000000e+00,0.000000e+00,0.000000e+00,0.000000e+00,0.000000e+00,0.000000e+00,0.000000e+00,0.000000e+00,0.000000e+00
1.000000e+00,0.000000e+00,0.000000e+00,0.000000e+00,0.000000e+00,0.000000e+00,0.000000e+00,0.000000e+00,0.000000e+00,0.000000e+00,0.000000e+00,0.000000e+00,0.000000e+00,0.000000e+00,0.000000e+00
1.000000e+00,0.000000e+00,0.000000e+00,0.000000e+00,0.000000e+00,0.000000e+00,0.000000e+00,0.000000e+00,0.000000e+00,0.000000e+00,0.000000e+00,0.000000e+00,0.000000e+00,0.000000e+00,0.000000e+00
4.801669e-01,5.409325e-03,1.034759e-02,9.385273e-03,1.095299e-02,9.186038e-03,4.248992e-03,3.957446e-03,5.710908e-02,7.384413e-03,1.516258e-02,2.056722e-02,1.152673e-01,6.204991e-03,2.446498e-01
3.477017e-01,6.431976e-03,1.078209e-02,7.118357e-03,6.865159e-02,7.635892e-03,2.069412e-02,4.525510e-03,9.740086e-02,5.520786e-03,1.204630e-02,1.567467e-02,9.547916e-02,5.177965e-03,2.951589e-01
2.526130e-01,6.082656e-03,2.140663e-02,5.385797e-03,1.412793e-01,6.592003e-03,8.744650e-02,1.413926e-02,9.863053e-02,4.033888e-03,1.187935e-02,1.209592e-02,9.347562e-02,4.490394e-03,2.404491e-01
1.798207e-01,5.581117e-03,1.774106e-02,3.884949e-03,2.895984e-01,5.555603e-03,9.628361e-02,1.040634e-02,1.046075e-01,2.893970e-03,8.627692e-03,8.727488e-03,6.766787e-02,3.241266e-03,1.953624e-01
1.322443e-01,1.289126e-02,1.475372e-02,3.261477e-03,3.410311e-01,5.588301e-03,7.923009e-02,8.188887e-03,1.830840e-01,2.642005e-03,7.371137e-03,6.805586e-03,5.036845e-02,2.398291e-03,1.501413e-01
1.009701e-01,4.616791e-02,1.785742e-02,2.279848e-02,3.823309e-01,7.436171e-03,6.241648e-02,1.488469e-02,1.737665e-01,2.649348e-03,8.121380e-03,6.162164e-03,3.867123e-02,1.813154e-03,1.139541e-01
9.562815e-02,3.885926e-02,4.004317e-02,3.580443e-02,3.634833e-01,8.681137e-03,4.910088e-02,1.837572e-02,1.938672e-01,3.224019e-03,1.715750e-02,7.974392e-03,4.130659e-02,1.457197e-03,8.503708e-02
8.883650e-02,3.624098e-02,4.576728e-02,3.497173e-02,3.571188e-01,1.325075e-02,4.368954e-02,1.665096e-02,2.220627e-01,3.933697e-03,2.233386e-02,8.672930e-03,3.797027e-02,1.198662e-03,6.730134e-02
1.094222e-01,4.754078e-02,3.893775e-02,3.909145e-02,2.906720e-01,1.486623e-02,3.714438e-02,1.902033e-02,2.817681e-01,5.630102e-03,2.048194e-02,9.485066e-03,2.922901e-02,1.049982e-03,5.566061e-02
1.442859e-01,5.649171e-02,3.631749e-02,5.086125e-02,2.597476e-01,1.617323e-02,3.005375e-02,1.988152e-02,2.793226e-01,7.279828e-03,1.771403e-02,9.809729e-03,2.306494e-02,1.073990e-03,4.792235e-02
1.166126e-01,6.000036e-02,4.939149e-02,1.104022e-01,1.887407e-01,1.403981e-02,2.235537e-02,1.562668e-02,3.185926e-01,1.030180e-02,1.474759e-02,8.444536e-03,2.323622e-02,9.710934e-04,4.653703e-02
1.500766e-01,5.167525e-02,4.034654e-02,9.311146e-02,1.455023e-01,2.359012e-02,1.782939e-02,1.222823e-02,2.446570e-01,8.146929e-03,1.271694e-02,8.183715e-03,1.539211e-01,1.052219e-03,3.696231e-02
1.305671e-01,4.035899e-02,2.955600e-02,8.449666e-02,1.109307e-01,2.886144e-02,1.570045e-02,9.358402e-03,1.848827e-01,5.969078e-03,9.702668e-03,6.443731e-03,3.141949e-01,7.795648e-04,2.819767e-02
1.359657e-01,3.137219e-02,2.304956e-02,7.956223e-02,8.044898e-02,2.730192e-02,1.212861e-02,8.265734e-03,2.039124e-01,4.628733e-03,8.152772e-03,6.000502e-03,3.534263e-01,7.091770e-04,2.507522e-02
1.231938e-01,2.408186e-02,1.802314e-02,6.977197e-02,5.710199e-02,2.523195e-02,8.942427e-03,6.272019e-03,1.895635e-01,3.861762e-03,6.660833e-03,6.216888e-03,4.370121e-01,5.930791e-04,2.347270e-02
9.332208e-02,1.941459e-02,1.429123e-02,5.140880e-02,4.039309e-02,2.052651e-02,6.513413e-03,4.714859e-03,1.485966e-01,2.981812e-03,8.041099e-03,1.079293e-02,5.538238e-01,5.413057e-04,2.463789e-02
7.756630e-02,1.850937e-02,1.022193e-02,3.681702e-02,2.931721e-02,1.635004e-02,4.767152e-03,3.674603e-03,1.267686e-01,2.141403e-03,6.478526e-03,8.700422e-03,6.389422e-01,4.494613e-04,1.929571e-02
6.088927e-02,2.275405e-02,3.390467e-02,4.631315e-02,2.660230e-02,1.450972e-02,4.111600e-03,1.091563e-02,1.238386e-01,2.240469e-03,6.682260e-03,7.307074e-03,6.202500e-01,4.876395e-04,1.919364e-02
8.095539e-02,4.147070e-02,3.114959e-02,3.696814e-02,2.177818e-02,1.359287e-02,3.247842e-03,9.691781e-03,1.465978e-01,2.938372e-03,5.350998e-03,7.455032e-03,5.639177e-01,1.793789e-03,3.309191e-02
8.395582e-02,6.030490e-02,2.486768e-02,2.921935e-02,2.014998e-02,1.253875e-02,2.492878e-03,8.790287e-03,1.463200e-01,2.653803e-03,4.175174e-03,9.556907e-03,5.432112e-01,2.423220e-03,4.934002e-02
1.057261e-01,4.929423e-02,1.180874e-01,4.171109e-02,3.056620e-02,1.101217e-02,2.256879e-03,2.531387e-02,1.274900e-01,3.024818e-03,4.402710e-03,7.418185e-03,4.134948e-01,2.954588e-03,5.724697e-02
2.163838e-01,4.034028e-02,1.002357e-01,3.470199e-02,3.751097e-02,1.053566e-02,3.016020e-03,2.407956e-02,1.003116e-01,2.596320e-03,4.540552e-03,7.064802e-03,3.660429e-01,3.379341e-03,4.926046e-02
2.727312e-01,3.579362e-02,1.247495e-01,4.887930e-02,3.786924e-02,1.066102e-02,3.331352e-03,2.314723e-02,9.973925e-02,4.858720e-03,5.011661e-03,9.898984e-03,2.774311e-01,2.933482e-03,4.296434e-02
2.099292e-01,3.041385e-02,2.945439e-01,5.824285e-02,3.056330e-02,8.391924e-03,2.589806e-03,1.816074e-02,9.154762e-02,4.296272e-03,4.186284e-03,7.723012e-03,1.998682e-01,2.325842e-03,3.721719e-02
1.619806e-01,2.348538e-02,4.547659e-01,4.921741e-02,2.425012e-02,7.533261e-03,1.976253e-03,1.395009e-02,7.117152e-02,3.951618e-03,3.892641e-03,5.665862e-03,1.423711e-01,2.191125e-03,3.359716e-02
2.261633e-01,2.897496e-02,3.930773e-01,4.177800e-02,2.095332e-02,8.649440e-03,1.822551e-03,1.657533e-02,5.695064e-02,6.971843e-03,8.691560e-03,6.145074e-03,1.239351e-01,6.505400e-03,5.280612e-02
2.734961e-01,3.069440e-02,3.202803e-01,3.824070e-02,2.849613e-02,1.347411e-02,1.889782e-03,3.794626e-02,4.716648e-02,6.710900e-03,1.021791e-02,6.576896e-03,1.268101e-01,7.086621e-03,5.091336e-02
3.080237e-01,3.987533e-02,2.451896e-01,4.138194e-02,3.154474e-02,1.614007e-02,1.892347e-03,4.160481e-02,4.050606e-02,8.631399e-03,1.338930e-02,1.309754e-02,1.139384e-01,1.157345e-02,7.321136e-02
2.861618e-01,4.564512e-02,1.828496e-01,4.141757e-02,3.625536e-02,2.728560e-02,1.676790e-03,4.437568e-02,5.427724e-02,8.719428e-03,1.266033e-02,1.119467e-02,1.619228e-01,1.468394e-02,7.087408e-02
3.103733e-01,4.290278e-02,1.377990e-01,5.153841e-02,3.587617e-02,3.232148e-02,1.796740e-03,5.841083e-02,4.723236e-02,1.009228e-02,1.354999e-02,1.277283e-02,1.610047e-01,1.474450e-02,6.958460e-02
3.909082e-01,3.668709e-02,1.072978e-01,5.520761e-02,3.333339e-02,3.377452e-02,1.960763e-03,4.895782e-02,3.902630e-02,8.939922e-03,1.287123e-02,1.362610e-02,1.458284e-01,1.313729e-02,5.844358e-02
4.614004e-01,3.288706e-02,7.939902e-02,4.951086e-02,2.746930e-02,4.025868e-02,1.768359e-03,3.880306e-02,3.133091e-02,7.420586e-03,1.092557e-02,1.431855e-02,1.437918e-01,1.041565e-02,5.030033e-02
3.590965e-01,6.384883e-02,6.269146e-02,2.129619e-01,2.270201e-02,3.094752e-02,1.444470e-03,2.826004e-02,2.810021e-02,5.835470e-03,8.698466e-03,1.402842e-02,1.026578e-01,7.588244e-03,5.113876e-02
4.087939e-01,5.667656e-02,8.355492e-02,2.111535e-01,1.797807e-02,2.447207e-02,1.221637e-03,2.070127e-02,2.154390e-02,4.960938e-03,7.682724e-03,1.613559e-02,7.439480e-02,5.801097e-03,4.492905e-02
4.460151e-01,5.446943e-02,7.582809e-02,1.803533e-01,1.434053e-02,2.021367e-02,1.076028e-03,1.522491e-02,2.047265e-02,6.991218e-03,8.399216e-03,1.403689e-02,5.537520e-02,5.077956e-03,8.212580e-02
4.921395e-01,5.539235e-02,8.495280e-02,1.640045e-01,1.084278e-02,1.806002e-02,1.136195e-03,1.197819e-02,1.981379e-02,6.717077e-03,7.577674e-03,1.267475e-02,4.108542e-02,4.015379e-03,6.960960e-02
4.275143e-01,7.045980e-02,1.040274e-01,1.946376e-01,8.796423e-03,1.577088e-02,1.134068e-03,9.295047e-03,2.366375e-02,9.920911e-03,6.260630e-03,1.063294e-02,3.037155e-02,3.166887e-03,8.434784e-02
4.133185e-01,7.164832e-02,1.264069e-01,1.824463e-01,7.540202e-03,1.323016e-02,1.245146e-03,6.950544e-03,2.823478e-02,1.157006e-02,5.663923e-03,8.432195e-03,2.342522e-02,2.607842e-03,9.727991e-02
4.799533e-01,5.549537e-02,9.859398e-02,1.398424e-01,6.554433e-03,1.836222e-02,1.287722e-03,5.590249e-03,4.239044e-02,9.655689e-03,5.146355e-03,7.660135e-03,3.521911e-02,2.598186e-03,9.165046e-02
4.841959e-01,4.276220e-02,7.350944e-02,1.090799e-01,5.727095e-03,4.398576e-02,5.206117e-03,5.380869e-03,3.706935e-02,7.211333e-03,4.364457e-03,7.591544e-03,1.016255e-01,2.194829e-03,7.009576e-02
3.644070e-01,4.023089e-02,8.183775e-02,1.533727e-01,4.418242e-03,3.651756e-02,3.835963e-03,3.948773e-03,1.229695e-01,1.310585e-02,4.092414e-03,6.308438e-03,8.156417e-02,2.074853e-03,8.131585e-02
3.284662e-01,3.746823e-02,8.265312e-02,1.253646e-01,4.202623e-03,3.719242e-02,4.358363e-03,3.542358e-03,1.343230e-01,1.125524e-02,7.523523e-03,8.406653e-03,1.359248e-01,5.773339e-03,7.354559e-02
3.282327e-01,3.644894e-02,7.308738e-02,9.891179e-02,4.510614e-03,3.454936e-02,4.188730e-03,2.938616e-03,1.084565e-01,1.007781e-02,8.245680e-03,1.149223e-02,1.973866e-01,7.579667e-03,7.389344e-02
3.509847e-01,3.295283e-02,5.645737e-02,7.477374e-02,4.623391e-03,3.401473e-02,3.593252e-03,2.566624e-03,8.298936e-02,7.681912e-03,7.712551e-03,1.129769e-02,2.698925e-01,5.717267e-03,5.474208e-02
4.045852e-01,2.714600e-02,4.097470e-02,5.669225e-02,5.915459e-03,3.554419e-02,3.565590e-03,2.251945e-03,6.173955e-02,5.621586e-03,8.286841e-03,1.256620e-02,2.873200e-01,5.974121e-03,4.181636e-02
4.250318e-01,2.191066e-02,2.952581e-02,4.126428e-02,5.152578e-03,3.395829e-02,2.960006e-03,2.224147e-03,4.712364e-02,4.571277e-03,1.154160e-02,1.859188e-02,3.005671e-01,2.150437e-02,3.407263e-02
3.372943e-01,2.027250e-02,2.113226e-02,3.000946e-02,7.224269e-03,2.968407e-02,2.553967e-03,2.044316e-03,4.673830e-02,3.780689e-03,1.207940e-02,1.871782e-02,4.056302e-01,2.677762e-02,3.606085e-02
2.704031e-01,2.041364e-02,1.604369e-02,2.223869e-02,1.054557e-02,2.620509e-02,2.478776e-03,1.984370e-03,4.643729e-02,4.395833e-03,1.355282e-02,2.093603e-02,4.691768e-01,3.689961e-02,3.828872e-02
2.309834e-01,1.994799e-02,1.176891e-02,1.649938e-02,1.244094e-02,2.797277e-02,2.513828e-03,1.825487e-03,4.313783e-02,3.738151e-03,1.117209e-02,2.008661e-02,5.367239e-01,2.761430e-02,3.357446e-02
1.915585e-01,2.332060e-02,1.132588e-02,1.353038e-02,1.435418e-02,3.495166e-02,2.523035e-03,2.972281e-03,4.671448e-02,4.598282e-03,1.371791e-02,2.905366e-02,5.539399e-01,2.506582e-02,3.237341e-02
1.861507e-01,2.116590e-02,9.283751e-03,1.142834e-02,1.118776e-02,3.125294e-02,2.073446e-03,2.302364e-03,4.138353e-02,1.089904e-02,2.622169e-02,1.581203e-01,4.170056e-01,3.384412e-02,3.768054e-02
2.507980e-01,2.242003e-02,7.315809e-03,1.027023e-02,1.004417e-02,2.583097e-02,1.856703e-03,2.074514e-03,4.961960e-02,1.120234e-02,2.738356e-02,1.845799e-01,3.193626e-01,3.659330e-02,4.064829e-02
2.916927e-01,2.177663e-02,6.317882e-03,1.367794e-02,8.881300e-03,2.137856e-02,1.561337e-03,1.979023e-03,5.694113e-02,1.294863e-02,2.861733e-02,2.182724e-01,2.458729e-01,3.058207e-02,3.950023e-02
2.861827e-01,2.109689e-02,7.472087e-03,2.067898e-02,7.667379e-03,1.876701e-02,1.448765e-03,2.262566e-03,7.051508e-02,1.383602e-02,3.278608e-02,2.698968e-01,1.911280e-01,2.339208e-02,3.286961e-02
3.409355e-01,2.500151e-02,9.056326e-03,2.402068e-02,6.986835e-03,1.783280e-02,1.616403e-03,2.911887e-03,9.936603e-02,1.331014e-02,3.065906e-02,2.355839e-01,1.489441e-01,1.777316e-02,2.600176e-02
3.814619e-01,3.858614e-02,8.815239e-03,2.120908e-02,7.283332e-03,1.523888e-02,1.595767e-03,3.584893e-03,1.177216e-01,1.629741e-02,2.624255e-02,2.071085e-01,1.175214e-01,1.416983e-02,2.316361e-02
3.541218e-01,4.894701e-02,1.232292e-02,3.055204e-02,1.101834e-02,1.887102e-02,1.766192e-03,7.429916e-03,1.554721e-01,4.127089e-02,2.121869e-02,1.761695e-01,8.667772e-02,1.125304e-02,2.290886e-02
3.414221e-01,4.632444e-02,1.462733e-02,2.824384e-02,9.920012e-03,3.364318e-02,2.218283e-03,9.523315e-03,1.435559e-01,5.238770e-02,1.930261e-02,2.052243e-01,6.456517e-02,9.149594e-03,1.989228e-02
3.242944e-01,4.091423e-02,1.316239e-02,2.479979e-02,1.255506e-02,2.708187e-02,2.379680e-03,1.316966e-02,2.014486e-01,5.705709e-02,2.195933e-02,1.858957e-01,5.179488e-02,7.198825e-03,1.628852e-02
2.876898e-01,4.276998e-02,1.312016e-02,1.931383e-02,1.812173e-02,2.114241e-02,2.304177e-03,1.373677e-02,2.882187e-01,5.916585e-02,2.205569e-02,1.512928e-01,4.255229e-02,5.914065e-03,1.260165e-02
2.508145e-01,4.233135e-02,1.140802e-02,1.616885e-02,3.699644e-02,1.907892e-02,3.339075e-03,1.454648e-02,3.326358e-01,9.375550e-02,1.862673e-02,1.126107e-01,3.268246e-02,4.659409e-03,1.034571e-02
2.155195e-01,3.819141e-02,9.460308e-03,1.556918e-02,4.448137e-02,1.795409e-02,3.824959e-03,1.627456e-02,3.076508e-01,1.931424e-01,1.695459e-02,8.329864e-02,2.536669e-02,3.659504e-03,8.652039e-03
2.349276e-01,3.460805e-02,8.183100e-03,3.012017e-02,3.933138e-02,1.771347e-02,3.836893e-03,1.681942e-02,2.578603e-01,2.257119e-01,1.754745e-02,8.086567e-02,2.063815e-02,3.302436e-03,8.533864e-03
2.549633e-01,3.288369e-02,6.457227e-03,3.222696e-02,4.108587e-02,1.432451e-02,3.503732e-03,1.476091e-02,2.264947e-01,2.571076e-01,1.907967e-02,6.717105e-02,1.597923e-02,3.092725e-03,1.086874e-02
2.657674e-01,3.288049e-02,5.337233e-03,2.808391e-02,3.645809e-02,1.211416e-02,3.044231e-03,1.163482e-02,1.887717e-01,3.170279e-01,1.815477e-02,5.349305e-02,1.224965e-02,2.931173e-03,1.205146e-02
3.017914e-01,3.102824e-02,4.132452e-03,2.220558e-02,3.209371e-02,1.147563e-02,2.949593e-03,1.037927e-02,1.761831e-01,3.137087e-01,2.400780e-02,4.224784e-02,9.847750e-03,3.732310e-03,1.421678e-02
3.694871e-01,2.460469e-02,3.502202e-03,2.029786e-02,3.169074e-02,1.205439e-02,3.828392e-03,1.261834e-02,1.377906e-01,2.962115e-01,2.536758e-02,3.630308e-02,8.162540e-03,4.168259e-03,1.391275e-02
4.335338e-01,2.106600e-02,3.984162e-03,2.102386e-02,3.013970e-02,1.142768e-02,5.320418e-03,1.512531e-02,1.037835e-01,2.754738e-01,2.213756e-02,3.155900e-02,7.113974e-03,4.520979e-03,1.379025e-02
4.939582e-01,2.161733e-02,3.559644e-03,1.784982e-02,2.692629e-02,1.048678e-02,4.864004e-03,1.268076e-02,8.602887e-02,2.463583e-01,2.147172e-02,2.929357e-02,6.393776e-03,5.230379e-03,1.328059e-02
1.000000e+00,0.000000e+00,0.000000e+00,0.000000e+00,0.000000e+00,0.000000e+00,0.000000e+00,0.000000e+00,0.000000e+00,0.000000e+00,0.000000e+00,0.000000e+00,0.000000e+00,0.000000e+00,0.000000e+00
1.000000e+00,0.000000e+00,0.000000e+00,0.000000e+00,0.000000e+00,0.000000e+00,0.000000e+00,0.000000e+00,0.000000e+00,0.000000e+00,0.000000e+00,0.000000e+00,0.000000e+00,0.000000e+00,0.000000e+00
1.000000e+00,0.000000e+00,0.000000e+00,0.000000e+00,0.000000e+00,0.000000e+00,0.000000e+00,0.000000e+00,0.000000e+00,0.000000e+00,0.000000e+00,0.000000e+00,0.000000e+00,0.000000e+00,0.000000e+00
1.000000e+00,0.000000e+00,0.000000e+00,0.000000e+00,0.000000e+00,0.000000e+00,0.000000e+00,0.000000e+00,0.000000e+00,0.000000e+00,0.000000e+00,0.000000e+00,0.000000e+00,0.000000e+00,0.000000e+00
1.000000e+00,0.000000e+00,0.000000e+00,0.000000e+00,0.000000e+00,0.000000e+00,0.000000e+00,0.000000e+00,0.000000e+00,0.000000e+00,0.000000e+00,0.000000e+00,0.000000e+00,0.000000e+00,0.000000e+00
1.000000e+00,0.000000e+00,0.000000e+00,0.000000e+00,0.000000e+00,0.000000e+00,0.000000e+00,0.000000e+00,0.000000e+00,0.000000e+00,0.000000e+00,0.000000e+00,0.000000e+00,0.000000e+00,0.000000e+00
1.000000e+00,0.000000e+00,0.000000e+00,0.000000e+00,0.000000e+00,0.000000e+00,0.000000e+00,0.000000e+00,0.000000e+00,0.000000e+00,0.000000e+00,0.000000e+00,0.000000e+00,0.000000e+00,0.000000e+00
1.000000e+00,0.000000e+00,0.000000e+00,0.000000e+00,0.000000e+00,0.000000e+00,0.000000e+00,0.000000e+00,0.000000e+00,0.000000e+00,0.000000e+00,0.000000e+00,0.000000e+00,0.000000e+00,0.000000e+00
1.000000e+00,0.000000e+00,0.000000e+00,0.000000e+00,0.000000e+00,0.000000e+00,0.000000e+00,0.000000e+00,0.000000e+00,0.000000e+00,0.000000e+00,0.000000e+00,0.000000e+00,0.000000e+00,0.000000e+00
1.000000e+00,0.000000e+00,0.000000e+00,0.000000e+00,0.000000e+00,0.000000e+00,0.000000e+00,0.000000e+00,0.000000e+00,0.000000e+00,0.000000e+00,0.000000e+00,0.000000e+00,0.000000e+00,0.000000e+00
1.000000e+00,0.000000e+00,0.000000e+00,0.000000e+00,0.000000e+00,0.000000e+00,0.000000e+00,0.000000e+00,0.000000e+00,0.000000e+00,0.000000e+00,0.000000e+00,0.000000e+00,0.000000e+00,0.000000e+00
1.000000e+00,0.000000e+00,0.000000e+00,0.000000e+00,0.000000e+00,0.000000e+00,0.000000e+00,0.000000e+00,0.000000e+00,0.000000e+00,0.000000e+00,0.000000e+00,0.000000e+00,0.000000e+00,0.000000e+00
1.000000e+00,0.000000e+00,0.000000e+00,0.000000e+00,0.000000e+00,0.000000e+00,0.000000e+00,0.000000e+00,0.000000e+00,0.000000e+00,0.000000e+00,0.000000e+00,0.000000e+00,0.000000e+00,0.000000e+00
1.000000e+00,0.000000e+00,0.000000e+00,0.000000e+00,0.000000e+00,0.000000e+00,0.000000e+00,0.000000e+00,0.000000e+00,0.000000e+00,0.000000e+00,0.000000e+00,0.000000e+00,0.000000e+00,0.000000e+00
1.000000e+00,0.000000e+00,0.000000e+00,0.000000e+00,0.000000e+00,0.000000e+00,0.000000e+00,0.000000e+00,0.000000e+00,0.000000e+00,0.000000e+00,0.000000e+00,0.000000e+00,0.000000e+00,0.000000e+00
1.000000e+00,0.000000e+00,0.000000e+00,0.000000e+00,0.000000e+00,0.000000e+00,0.000000e+00,0.000000e+00,0.000000e+00,0.000000e+00,0.000000e+00,0.000000e+00,0.000000e+00,0.000000e+00,0.000000e+00
1.000000e+00,0.000000e+00,0.000000e+00,0.000000e+00,0.000000e+00,0.000000e+00,0.000000e+00,0.000000e+00,0.000000e+00,0.000000e+00,0.000000e+00,0.000000e+00,0.000000e+00,0.000000e+00,0.000000e+00
1.000000e+00,0.000000e+00,0.000000e+00,0.000000e+00,0.000000e+00,0.000000e+00,0.000000e+00,0.000000e+00,0.000000e+00,0.000000e+00,0.000000e+00,0.000000e+00,0.000000e+00,0.000000e+00,0.000000e+00
1.000000e+00,0.000000e+00,0.000000e+00,0.000000e+00,0.000000e+00,0.000000e+00,0.000000e+00,0.000000e+00,0.000000e+00,0.000000e+00,0.000000e+00,0.000000e+00,0.000000e+00,0.000000e+00,0.000000e+00
1.000000e+00,0.000000e+00,0.000000e+00,0.000000e+00,0.000000e+00,0.000000e+00,0.000000e+00,0.000000e+00,0.000000e+00,0.000000e+00,0.000000e+00,0.000000e+00,0.000000e+00,0.000000e+00,0.000000e+00
1.000000e+00,0.000000e+00,0.000000e+00,0.000000e+00,0.000000e+00,0.000000e+00,0.000000e+00,0.000000e+00,0.000000e+00,0.000000e+00,0.000000e+00,0.000000e+00,0.000000e+00,0.000000e+00,0.000000e+00
1.000000e+00,0.000000e+00,0.000000e+00,0.000000e+00,0.000000e+00,0.000000e+00,0.000000e+00,0.000000e+00,0.000000e+00,0.000000e+00,0.000000e+00,0.000000e+00,0.000000e+00,0.000000e+00,0.000000e+00
1.000000e+00,0.000000e+00,0.000000e+00,0.000000e+00,0.000000e+00,0.000000e+00,0.000000e+00,0.000000e+00,0.000000e+00,0.000000e+00,0.000000e+00,0.000000e+00,0.000000e+00,0.000000e+00,0.000000e+00
1.000000e+00,0.000000e+00,0.000000e+00,0.000000e+00,0.000000e+00,0.000000e+00,0.000000e+00,0.000000e+00,0.000000e+00,0.000000e+00,0.000000e+00,0.000000e+00,0.000000e+00,0.000000e+00,0.000000e+00
1.000000e+00,0.000000e+00,0.000000e+00,0.000000e+00,0.000000e+00,0.000000e+00,0.000000e+00,0.000000e+00,0.000000e+00,0.000000e+00,0.000000e+00,0.000000e+00,0.000000e+00,0.000000e+00,0.000000e+00
1.000000e+00,0.000000e+00,0.000000e+00,0.000000e+00,0.000000e+00,0.000000e+00,0.000000e+00,0.000000e+00,0.000000e+00,0.000000e+00,0.000000e+00,0.000000e+00,0.000000e+00,0.000000e+00,0.000000e+00
1.000000e+00,0.000000e+00,0.000000e+00,0.000000e+00,0.000000e+00,0.000000e+00,0.000000e+00,0.000000e+00,0.000000e+00,0.000000e+00,0.000000e+00,0.000000e+00,0.000000e+00,0.000000e+00,0.000000e+00
1.000000e+00,0.000000e+00,0.000000e+00,0.000000e+00,0.000000e+00,0.000000e+00,0.000000e+00,0.000000e+00,0.000000e+00,0.000000e+00,0.000000e+00,0.000000e+00,0.000000e+00,0.000000e+00,0.000000e+00
1.000000e+00,0.000000e+00,0.000000e+00,0.000000e+00,0.000000e+00,0.000000e+00,0.000000e+00,0.000000e+00,0.000000e+00,0.000000e+00,0.000000e+00,0.000000e+00,0.000000e+00,0.000000e+00,0.000000e+00
1.000000e+00,0.000000e+00,0.000000e+00,0.000000e+00,0.000000e+00,0.000000e+00,0.000000e+00,0.000000e+00,0.000000e+00,0.000000e+00,0.000000e+00,0.000000e+00,0.000000e+00,0.000000e+00,0.000000e+00
1.000000e+00,0.000000e+00,0.000000e+00,0.000000e+00,0.000000e+00,0.000000e+00,0.000000e+00,0.000000e+00,0.000000e+00,0.000000e+00,0.000000e+00,0.000000e+00,0.000000e+00,0.000000e+00,0.000000e+00
1.000000e+00,0.000000e+00,0.000000e+00,0.000000e+00,0.000000e+00,0.000000e+00,0.000000e+00,0.000000e+00,0.000000e+00,0.000000e+00,0.000000e+00,0.000000e+00,0.000000e+00,0.000000e+00,0.000000e+00
1.000000e+00,0.000000e+00,0.000000e+00,0.000000e+00,0.000000e+00,0.000000e+00,0.000000e+00,0.000000e+00,0.000000e+00,0.000000e+00,0.000000e+00,0.000000e+00,0.000000e+00,0.000000e+00,0.000000e+00
1.000000e+00,0.000000e+00,0.000000e+00,0.000000e+00,0.000000e+00,0.000000e+00,0.000000e+00,0.000000e+00,0.000000e+00,0.000000e+00,0.000000e+00,0.000000e+00,0.000000e+00,0.000000e+00,0.000000e+00
1.000000e+00,0.000000e+00,0.000000e+00,0.000000e+00,0.000000e+00,0.000000e+00,0.000000e+00,0.000000e+00,0.000000e+00,0.000000e+00,0.000000e+00,0.000000e+00,0.000000e+00,0.000000e+00,0.000000e+00
1.000000e+00,0.000000e+00,0.000000e+00,0.000000e+00,0.000000e+00,0.000000e+00,0.000000e+00,0.000000e+00,0.000000e+00,0.000000e+00,0.000000e+00,0.000000e+00,0.000000e+00,0.000000e+00,0.000000e+00
1.000000e+00,0.000000e+00,0.000000e+00,0.000000e+00,0.000000e+00,0.000000e+00,0.000000e+00,0.000000e+00,0.000000e+00,0.000000e+00,0.000000e+00,0.000000e+00,0.000000e+00,0.000000e+00,0.000000e+00
1.000000e+00,0.000000e+00,0.000000e+00,0.000000e+00,0.000000e+00,0.000000e+00,0.000000e+00,0.000000e+00,0.000000e+00,0.000000e+00,0.000000e+00,0.000000e+00,0.000000e+00,0.000000e+00,0.000000e+00
1.000000e+00,0.000000e+00,0.000000e+00,0.000000e+00,0.000000e+00,0.000000e+00,0.000000e+00,0.000000e+00,0.000000e+00,0.000000e+00,0.000000e+00,0.000000e+00,0.000000e+00,0.000000e+00,0.000000e+00
1.000000e+00,0.000000e+00,0.000000e+00,0.000000e+00,0.000000e+00,0.000000e+00,0.000000e+00,0.000000e+00,0.000000e+00,0.000000e+00,0.000000e+00,0.000000e+00,0.000000e+00,0.000000e+00,0.000000e+00
1.000000e+00,0.000000e+00,0.000000e+00,0.000000e+00,0.000000e+00,0.000000e+00,0.000000e+00,0.000000e+00,0.000000e+00,0.000000e+00,0.000000e+00,0.000000e+00,0.000000e+00,0.000000e+00,0.000000e+00
1.000000e+00,0.000000e+00,0.000000e+00,0.000000e+00,0.000000e+00,0.000000e+00,0.000000e+00,0.000000e+00,0.000000e+00,0.000000e+00,0.000000e+00,0.000000e+00,0.000000e+00,0.000000e+00,0.000000e+00
1.000000e+00,0.000000e+00,0.000000e+00,0.000000e+00,0.000000e+00,0.000000e+00,0.000000e+00,0.000000e+00,0.000000e+00,0.000000e+00,0.000000e+00,0.000000e+00,0.000000e+00,0.000000e+00,0.000000e+00
1.000000e+00,0.000000e+00,0.000000e+00,0.000000e+00,0.000000e+00,0.000000e+00,0.000000e+00,0.000000e+00,0.000000e+00,0.000000e+00,0.000000e+00,0.000000e+00,0.000000e+00,0.000000e+00,0.000000e+00
1.000000e+00,0.000000e+00,0.000000e+00,0.000000e+00,0.000000e+00,0.000000e+00,0.000000e+00,0.000000e+00,0.000000e+00,0.000000e+00,0.000000e+00,0.000000e+00,0.000000e+00,0.000000e+00,0.000000e+00
1.000000e+00,0.000000e+00,0.000000e+00,0.000000e+00,0.000000e+00,0.000000e+00,0.000000e+00,0.000000e+00,0.000000e+00,0.000000e+00,0.000000e+00,0.000000e+00,0.000000e+00,0.000000e+00,0.000000e+00
1.000000e+00,0.000000e+00,0.000000e+00,0.000000e+00,0.000000e+00,0.000000e+00,0.000000e+00,0.000000e+00,0.000000e+00,0.000000e+00,0.000000e+00,0.000000e+00,0.000000e+00,0.000000e+00,0.000000e+00
1.000000e+00,0.000000e+00,0.000000e+00,0.000000e+00,0.000000e+00,0.000000e+00,0.000000e+00,0.000000e+00,0.000000e+00,0.000000e+00,0.000000e+00,0.000000e+00,0.000000e+00,0.000000e+00,0.000000e+00
1.000000e+00,0.000000e+00,0.000000e+00,0.000000e+00,0.000000e+00,0.000000e+00,0.000000e+00,0.000000e+00,0.000000e+00,0.000000e+00,0.000000e+00,0.000000e+00,0.000000e+00,0.000000e+00,0.000000e+00
1.000000e+00,0.000000e+00,0.000000e+00,0.000000e+00,0.000000e+00,0.000000e+00,0.000000e+00,0.000000e+00,0.000000e+00,0.000000e+00,0.000000e+00,0.000000e+00,0.000000e+00,0.000000e+00,0.000000e+00
1.000000e+00,0.000000e+00,0.000000e+00,0.000000e+00,0.000000e+00,0.000000e+00,0.000000e+00,0.000000e+00,0.000000e+00,0.000000e+00,0.000000e+00,0.000000e+00,0.000000e+00,0.000000e+00,0.000000e+00
1.000000e+00,0.000000e+00,0.000000e+00,0.000000e+00,0.000000e+00,0.000000e+00,0.000000e+00,0.000000e+00,0.000000e+00,0.000000e+00,0.000000e+00,0.000000e+00,0.000000e+00,0.000000e+00,0.000000e+00
1.000000e+00,0.000000e+00,0.000000e+00,0.000000e+00,0.000000e+00,0.000000e+00,0.000000e+00,0.000000e+00,0.000000e+00,0.000000e+00,0.000000e+00,0.000000e+00,0.000000e+00,0.000000e+00,0.000000e+00
1.000000e+00,0.000000e+00,0.000000e+00,0.000000e+00,0.000000e+00,0.000000e+00,0.000000e+00,0.000000e+00,0.000000e+00,0.000000e+00,0.000000e+00,0.000000e+00,0.000000e+00,0.000000e+00,0.000000e+00
1.000000e+00,0.000000e+00,0.000000e+00,0.000000e+00,0.000000e+00,0.000000e+00,0.000000e+00,0.000000e+00,0.000000e+00,0.000000e+00,0.000000e+00,0.000000e+00,0.000000e+00,0.000000e+00,0.000000e+00
1.000000e+00,0.000000e+00,0.000000e+00,0.000000e+00,0.000000e+00,0.000000e+00,0.000000e+00,0.000000e+00,0.000000e+00,0.000000e+00,0.000000e+00,0.000000e+00,0.000000e+00,0.000000e+00,0.000000e+00
1.000000e+00,0.000000e+00,0.000000e+00,0.000000e+00,0.000000e+00,0.000000e+00,0.000000e+00,0.000000e+00,0.000000e+00,0.000000e+00,0.000000e+00,0.000000e+00,0.000000e+00,0.000000e+00,0.000000e+00
1.000000e+00,0.000000e+00,0.000000e+00,0.000000e+00,0.000000e+00,0.000000e+00,0.000000e+00,0.000000e+00,0.000000e+00,0.000000e+00,0.000000e+00,0.000000e+00,0.000000e+00,0.000000e+00,0.000000e+00
1.000000e+00,0.000000e+00,0.000000e+00,0.000000e+00,0.000000e+00,0.000000e+00,0.000000e+00,0.000000e+00,0.000000e+00,0.000000e+00,0.000000e+00,0.000000e+00,0.000000e+00,0.000000e+00,0.000000e+00
1.000000e+00,0.000000e+00,0.000000e+00,0.000000e+00,0.000000e+00,0.000000e+00,0.000000e+00,0.000000e+00,0.000000e+00,0.000000e+00,0.000000e+00,0.000000e+00,0.000000e+00,0.000000e+00,0.000000e+00
1.000000e+00,0.000000e+00,0.000000e+00,0.000000e+00,0.000000e+00,0.000000e+00,0.000000e+00,0.000000e+00,0.000000e+00,0.000000e+00,0.000000e+00,0.000000e+00,0.000000e+00,0.000000e+00,0.000000e+00
1.000000e+00,0.000000e+00,0.000000e+00,0.000000e+00,0.000000e+00,0.000000e+00,0.000000e+00,0.000000e+00,0.000000e+00,0.000000e+00,0.000000e+00,0.000000e+00,0.000000e+00,0.000000e+00,0.000000e+00
1.000000e+00,0.000000e+00,0.000000e+00,0.000000e+00,0.000000e+00,0.000000e+00,0.000000e+00,0.000000e+00,0.000000e+00,0.000000e+00,0.000000e+00,0.000000e+00,0.000000e+00,0.000000e+00,0.000000e+00
1.000000e+00,0.000000e+00,0.000000e+00,0.000000e+00,0.000000e+00,0.000000e+00,0.000000e+00,0.000000e+00,0.000000e+00,0.000000e+00,0.000000e+00,0.000000e+00,0.000000e+00,0.000000e+00,0.000000e+00
1.000000e+00,0.000000e+00,0.000000e+00,0.000000e+00,0.000000e+00,0.000000e+00,0.000000e+00,0.000000e+00,0.000000e+00,0.000000e+00,0.000000e+00,0.000000e+00,0.000000e+00,0.000000e+00,0.000000e+00
1.000000e+00,0.000000e+00,0.000000e+00,0.000000e+00,0.000000e+00,0.000000e+00,0.000000e+00,0.000000e+00,0.000000e+00,0.000000e+00,0.000000e+00,0.000000e+00,0.000000e+00,0.000000e+00,0.000000e+00
1.000000e+00,0.000000e+00,0.000000e+00,0.000000e+00,0.000000e+00,0.000000e+00,0.000000e+00,0.000000e+00,0.000000e+00,0.000000e+00,0.000000e+00,0.000000e+00,0.000000e+00,0.000000e+00,0.000000e+00
1.000000e+00,0.000000e+00,0.000000e+00,0.000000e+00,0.000000e+00,0.000000e+00,0.000000e+00,0.000000e+00,0.000000e+00,0.000000e+00,0.000000e+00,0.000000e+00,0.000000e+00,0.000000e+00,0.000000e+00
1.000000e+00,0.000000e+00,0.000000e+00,0.000000e+00,0.000000e+00,0.000000e+00,0.000000e+00,0.000000e+00,0.000000e+00,0.000000e+00,0.000000e+00,0.000000e+00,0.000000e+00,0.000000e+00,0.000000e+00
1.000000e+00,0.000000e+00,0.000000e+00,0.000000e+00,0.000000e+00,0.000000e+00,0.000000e+00,0.000000e+00,0.000000e+00,0.000000e+00,0.000000e+00,0.000000e+00,0.000000e+00,0.000000e+00,0.000000e+00
1.000000e+00,0.000000e+00,0.000000e+00,0.000000e+00,0.000000e+00,0.000000e+00,0.000000e+00,0.000000e+00,0.000000e+00,0.000000e+00,0.000000e+00,0.000000e+00,0.000000e+00,0.000000e+00,0.000000e+00
1.000000e+00,0.000000e+00,0.000000e+00,0.000000e+00,0.000000e+00,0.000000e+00,0.000000e+00,0.000000e+00,0.000000e+00,0.000000e+00,0.000000e+00,0.000000e+00,0.000000e+00,0.000000e+00,0.000000e+00
1.000000e+00,0.000000e+00,0.000000e+00,0.000000e+00,0.000000e+00,0.000000e+00,0.000000e+00,0.000000e+00,0.000000e+00,0.000000e+00,0.000000e+00,0.000000e+00,0.000000e+00,0.000000e+00,0.000000e+00
1.000000e+00,0.000000e+00,0.000000e+00,0.000000e+00,0.000000e+00,0.000000e+00,0.000000e+00,0.000000e+00,0.000000e+00,0.000000e+00,0.000000e+00,0.000000e+00,0.000000e+00,0.000000e+00,0.000000e+00
1.000000e+00,0.000000e+00,0.000000e+00,0.000000e+00,0.000000e+00,0.000000e+00,0.000000e+00,0.000000e+00,0.000000e+00,0.000000e+00,0.000000e+00,0.000000e+00,0.000000e+00,0.000000e+00,0.000000e+00
1.000000e+00,0.000000e+00,0.000000e+00,0.000000e+00,0.000000e+00,0.000000e+00,0.000000e+00,0.000000e+00,0.000000e+00,0.000000e+00,0.000000e+00,0.000000e+00,0.000000e+00,0.000000e+00,0.000000e+00
