1.000000e+00,0.000000e+00,0.000000e+00,0.000000e+00,0.000000e+00,0.000000e+00,0.000000e+00,0.000000e+00,0.000000e+00,0.000000e+00,0.000000e+00,0.000000e+00,0.000000e+00,0.000000e+00,0.000000e+00
1.000000e+00,0.000000e+00,0.000000e+00,0.000000e+00,0.000000e+00,0.000000e+00,0.000000e+00,0.000000e+00,0.000000e+00,0.000000e+00,0.000000e+00,0.000000e+00,0.000000e+00,0.000000e+00,0.000000e+00
1.000000e+00,0.000000e+00,0.000000e+00,0.000000e+00,0.000000e+00,0.000000e+00,0.000000e+00,0.000000e+00,0.000000e+00,0.000000e+00,0.000000e+00,0.000000e+00,0.000000e+00,0.000000e+00,0.000000e+00
1.000000e+00,0.000000e+00,0.000000e+00,0.000000e+00,0.000000e+00,0.000000e+00,0.000000e+00,0.000000e+00,0.000000e+00,0.000000e+00,0.000000e+00,0.000000e+00,0.000000e+00,0.000000e+00,0.000000e+00
1.000000e+00,0.000000e+00,0.000000e+00,0.000000e+00,0.000000e+00,0.000000e+00,0.000000e+00,0.000000e+00,0.000000e+00,0.000000e+00,0.000000e+00,0.000000e+00,0.000000e+00,0.000000e+00,0.000000e+00
1.000000e+00,0.000000e+00,0.000000e+00,0.000000e+00,0.000000e+00,0.000000e+00,0.000000e+00,0.000000e+00,0.000000e+00,0.000000e+00,0.000000e+00,0.000000e+00,0.000000e+00,0.000000e+00,0.000000e+00
1.000000e+00,0.000000e+00,0.000000e+00,0.000000e+00,0.000000e+00,0.000000e+00,0.000000e+00,0.000000e+00,0.000000e+00,0.000000e+00,0.000000e+00,0.000000e+00,0.000000e+00,0.000000e+00,0.000000e+00
1.000000e+00,0.000000e+00,0.000000e+00,0.000000e+00,0.000000e+00,0.000000e+00,0.000000e+00,0.000000e+00,0.000000e+00,0.000000e+00,0.000000e+00,0.000000e+00,0.000000e+00,0.000000e+00,0.000000e+00
1.000000e+00,0.000000e+00,0.000000e+00,0.000000e+00,0.000000e+00,0.000000e+00,0.000000e+00,0.000000e+00,0.000000e+00,0.000000e+00,0.000000e+00,0.000000e+00,0.000000e+00,0.000000e+00,0.000000e+00
1.000000e+00,0.000000e+00,0.000000e+00,0.000000e+00,0.000000e+00,0.000000e+00,0.000000e+00,0.000000e+00,0.000000e+00,0.000000e+00,0.000000e+00,0.000000e+00,0.000000e+00,0.000000e+00,0.000000e+00
1.000000e+00,0.000000e+00,0.000000e+00,0.000000e+00,0.000000e+00,0.000000e+00,0.000000e+00,0.000000e+00,0.000000e+00,0.000000e+00,0.000000e+00,0.000000e+00,0.000000e+00,0.000000e+00,0.000000e+00
1.000000e+00,0.000000e+00,0.000000e+00,0.000000e+00,0.000000e+00,0.000000e+00,0.000000e+00,0.000000e+00,0.000000e+00,0.000000e+00,0.000000e+00,0.000000e+00,0.000000e+00,0.000000e+00,0.000000e+00
1.000000e+00,0.000000e+00,0.000000e+00,0.000000e+00,0.000000e+00,0.000000e+00,0.000000e+00,0.000000e+00,0.000000e+00,0.000000e+00,0.000000e+00,0.000000e+00,0.000000e+00,0.000000e+00,0.000000e+00
1.000000e+00,0.000000e+00,0.000000e+00,0.000000e+00,0.000000e+00,0.000000e+00,0.000000e+00,0.000000e+00,0.000000e+00,0.000000e+00,0.000000e+00,0.000000e+00,0.000000e+00,0.000000e+00,0.000000e+00
1.000000e+00,0.000000e+00,0.000000e+00,0.000000e+00,0.000000e+00,0.000000e+00,0.000000e+00,0.000000e+00,0.000000e+00,0.000000e+00,0.000000e+00,0.000000e+00,0.000000e+00,0.000000e+00,0.000000e+00
1.000000e+00,0.000000e+00,0.000000e+00,0.000000e+00,0.000000e+00,0.000000e+00,0.000000e+00,0.000000e+00,0.000000e+00,0.000000e+00,0.000000e+00,0.000000e+00,0.000000e+00,0.000000e+00,0.000000e+00
1.000000e+00,0.000000e+00,0.000000e+00,0.000000e+00,0.000000e+00,0.000000e+00,0.000000e+00,0.000000e+00,0.000000e+00,0.000000e+00,0.000000e+00,0.000000e+00,0.000000e+00,0.000000e+00,0.000000e+00
1.000000e+00,0.000000e+00,0.000000e+00,0.000000e+00,0.000000e+00,0.000000e+00,0.000000e+00,0.000000e+00,0.000000e+00,0.000000e+00,0.000000e+00,0.000000e+00,0.000000e+00,0.000000e+00,0.000000e+00
1.000000e+00,0.000000e+00,0.000000e+00,0.000000e+00,0.000000e+00,0.000000e+00,0.000000e+00,0.000000e+00,0.000000e+00,0.000000e+00,0.000000e+00,0.000000e+00,0.000000e+00,0.000000e+00,0.000000e+00
1.000000e+00,0.000000e+00,0.000000e+00,0.000000e+00,0.000000e+00,0.000000e+00,0.000000e+00,0.000000e+00,0.000000e+00,0.000000e+00,0.000000e+00,0.000000e+00,0.000000e+00,0.000000e+00,0.000000e+00
1.000000e+00,0.000000e+00,0.000000e+00,0.000000e+00,0.000000e+00,0.000000e+00,0.000000e+00,0.000000e+00,0.000000e+00,0.000000e+00,0.000000e+00,0.000000e+00,0.000000e+00,0.000000e+00,0.000000e+00
1.000000e+00,0.000000e+00,0.000000e+00,0.000000e+00,0.000000e+00,0.000000e+00,0.000000e+00,0.000000e+00,0.000000e+00,0.000000e+00,0.000000e+00,0.000000e+00,0.000000e+00,0.000000e+00,0.000000e+00
1.000000e+00,0.000000e+00,0.000000e+00,0.000000e+00,0.000000e+00,0.000000e+00,0.000000e+00,0.000000e+00,0.000000e+00,0.000000e+00,0.000000e+00,0.000000e+00,0.000000e+00,0.000000e+00,0.000000e+00
1.000000e+00,0.000000e+00,0.000000e+00,0.000000e+00,0.000000e+00,0.000000e+00,0.000000e+00,0.000000e+00,0.000000e+00,0.000000e+00,0.000000e+00,0.000000e+00,0.000000e+00,0.000000e+00,0.000000e+00
1.000000e+00,0.000000e+00,0.000000e+00,0.000000e+00,0.000000e+00,0.000000e+00,0.000000e+00,0.000000e+00,0.000000e+00,0.000000e+00,0.000000e+00,0.000000e+00,0.000000e+00,0.000000e+00,0.000000e+00
1.000000e+00,0.000000e+00,0.000000e+00,0.000000e+00,0.000000e+00,0.000000e+00,0.000000e+00,0.000000e+00,0.000000e+00,0.000000e+00,0.000000e+00,0.000000e+00,0.000000e+00,0.000000e+00,0.000000e+00
1.000000e+00,0.000000e+00,0.000000e+00,0.000000e+00,0.000000e+00,0.000000e+00,0.000000e+00,0.000000e+00,0.000000e+00,0.000000e+00,0.000000e+00,0.000000e+00,0.000000e+00,0.000000e+00,0.000000e+00
1.000000e+00,0.000000e+00,0.000000e+00,0.000000e+00,0.000000e+00,0.000000e+00,0.000000e+00,0.000000e+00,0.000000e+00,0.000000e+00,0.000000e+00,0.000000e+00,0.000000e+00,0.000000e+00,0.000000e+00
1.000000e+00,0.000000e+00,0.000000e+00,0.000000e+00,0.000000e+00,0.000000e+00,0.000000e+00,0.000000e+00,0.000000e+00,0.000000e+00,0.000000e+00,0.000000e+00,0.000000e+00,0.000000e+00,0.000000e+00
1.000000e+00,0.000000e+00,0.000000e+00,0.000000e+00,0.000000e+00,0.000000e+00,0.000000e+00,0.000000e+00,0.000000e+00,0.000000e+00,0.000000e+00,0.000000e+00,0.000000e+00,0.000000e+00,0.000000e+00
1.000000e+00,0.000000e+00,0.000000e+00,0.000000e+00,0.000000e+00,0.000000e+00,0.000000e+00,0.000000e+00,0.000000e+00,0.000000e+00,0.000000e+00,0.000000e+00,0.000000e+00,0.000000e+00,0.000000e+00
1.000000e+00,0.000000e+00,0.000000e+00,0.000000e+00,0.000000e+00,0.000000e+00,0.000000e+00,0.000000e+00,0.000000e+00,0.000000e+00,0.000000e+00,0.000000e+00,0.000000e+00,0.000000e+00,0.000000e+00
1.000000e+00,0.000000e+00,0.000000e+00,0.000000e+00,0.000000e+00,0.000000e+00,0.000000e+00,0.000000e+00,0.000000e+00,0.000000e+00,0.000000e+00,0.000000e+00,0.000000e+00,0.000000e+00,0.000000e+00
1.000000e+00,0.000000e+00,0.000000e+00,0.000000e+00,0.000000e+00,0.000000e+00,0.000000e+00,0.000000e+00,0.000000e+00,0.000000e+00,0.000000e+00,0.000000e+00,0.000000e+00,0.000000e+00,0.000000e+00
1.000000e+00,0.000000e+00,0.000000e+00,0.000000e+00,0.000000e+00,0.000000e+00,0.000000e+00,0.000000e+00,0.000000e+00,0.000000e+00,0.000000e+00,0.000000e+00,0.000000e+00,0.000000e+00,0.000000e+00
1.000000e+00,0.000000e+00,0.000000e+00,0.000000e+00,0.000000e+00,0.000000e+00,0.000000e+00,0.000000e+00,0.000000e+00,0.000000e+00,0.000000e+00,0.000000e+00,0.000000e+00,0.000000e+00,0.000000e+00
1.000000e+00,0.000000e+00,0.000000e+00,0.000000e+00,0.000000e+00,0.000000e+00,0.000000e+00,0.000000e+00,0.000000e+00,0.000000e+00,0.000000e+00,0.000000e+00,0.000000e+00,0.000000e+00,0.000000e+00
1.000000e+00,0.000000e+00,0.000000e+00,0.000000e+00,0.000000e+00,0.000000e+00,0.000000e+00,0.000000e+00,0.000000e+00,0.000000e+00,0.000000e+00,0.000000e+00,0.000000e+00,0.000000e+00,0.000000e+00
1.000000e+00,0.000000e+00,0.000000e+00,0.000000e+00,0.000000e+00,0.000000e+00,0.000000e+00,0.000000e+00,0.000000e+00,0.000000e+00,0.000000e+00,0.000000e+00,0.000000e+00,0.000000e+00,0.000000e+00
1.000000e+00,0.000000e+00,0.000000e+00,0.000000e+00,0.000000e+00,0.000000e+00,0.000000e+00,0.000000e+00,0.000000e+00,0.000000e+00,0.000000e+00,0.000000e+00,0.000000e+00,0.000000e+00,0.000000e+00
1.000000e+00,0.000000e+00,0.000000e+00,0.000000e+00,0.000000e+00,0.000000e+00,0.000000e+00,0.000000e+00,0.000000e+00,0.000000e+00,0.000000e+00,0.000000e+00,0.000000e+00,0.000000e+00,0.000000e+00
1.000000e+00,0.000000e+00,0.000000e+00,0.000000e+00,0.000000e+00,0.000000e+00,0.000000e+00,0.000000e+00,0.000000e+00,0.000000e+00,0.000000e+00,0.000000e+00,0.000000e+00,0.000000e+00,0.000000e+00
1.000000e+00,0.000000e+00,0.000000e+00,0.000000e+00,0.000000e+00,0.000000e+00,0.000000e+00,0.000000e+00,0.000000e+00,0.000000e+00,0.000000e+00,0.000000e+00,0.000000e+00,0.000000e+00,0.000000e+00
1.000000e+00,0.000000e+00,0.000000e+00,0.000000e+00,0.000000e+00,0.000000e+00,0.000000e+00,0.000000e+00,0.000000e+00,0.000000e+00,0.000000e+00,0.000000e+00,0.000000e+00,0.000000e+00,0.000000e+00
1.000000e+00,0.000000e+00,0.000000e+00,0.000000e+00,0.000000e+00,0.000000e+00,0.000000e+00,0.000000e+00,0.000000e+00,0.000000e+00,0.000000e+00,0.000000e+00,0.000000e+00,0.000000e+00,0.000000e+00
1.000000e+00,0.000000e+00,0.000000e+00,0.000000e+00,0.000000e+00,0.000000e+00,0.000000e+00,0.000000e+00,0.000000e+00,0.000000e+00,0.000000e+00,0.000000e+00,0.000000e+00,0.000000e+00,0.000000e+00
1.000000e+00,0.000000e+00,0.000000e+00,0.000000e+00,0.000000e+00,0.000000e+00,0.000000e+00,0.000000e+00,0.000000e+00,0.000000e+00,0.000000e+00,0.000000e+00,0.000000e+00,0.000000e+00,0.000000e+00
1.000000e+00,0.000000e+00,0.000000e+00,0.000000e+00,0.000000e+00,0.000000e+00,0.000000e+00,0.000000e+00,0.000000e+00,0.000000e+00,0.000000e+00,0.000000e+00,0.000000e+00,0.000000e+00,0.000000e+00
1.000000e+00,0.000000e+00,0.000000e+00,0.000000e+00,0.000000e+00,0.000000e+00,0.000000e+00,0.000000e+00,0.000000e+00,0.000000e+00,0.000000e+00,0.000000e+00,0.000000e+00,0.000000e+00,0.000000e+00
1.000000e+00,0.000000e+00,0.000000e+00,0.000000e+00,0.000000e+00,0.000000e+00,0.000000e+00,0.000000e+00,0.000000e+00,0.000000e+00,0.000000e+00,0.000000e+00,0.000000e+00,0.000000e+00,0.000000e+00
1.000000e+00,0.000000e+00,0.000000e+00,0.000000e+00,0.000000e+00,0.000000e+00,0.000000e+00,0.000000e+00,0.000000e+00,0.000000e+00,0.000000e+00,0.000000e+00,0.000000e+00,0.000000e+00,0.000000e+00
1.000000e+00,0.000000e+00,0.000000e+00,0.000000e+00,0.000000e+00,0.000000e+00,0.000000e+00,0.000000e+00,0.000000e+00,0.000000e+00,0.000000e+00,0.000000e+00,0.000000e+00,0.000000e+00,0.000000e+00
1.000000e+00,0.000000e+00,0.000000e+00,0.000000e+00,0.000000e+00,0.000000e+00,0.000000e+00,0.000000e+00,0.000000e+00,0.000000e+00,0.000000e+00,0.000000e+00,0.000000e+00,0.000000e+00,0.000000e+00
1.000000e+00,0.000000e+00,0.000000e+00,0.000000e+00,0.000000e+00,0.000000e+00,0.000000e+00,0.000000e+00,0.000000e+00,0.000000e+00,0.000000e+00,0.000000e+00,0.000000e+00,0.000000e+00,0.000000e+00
1.000000e+00,0.000000e+00,0.000000e+00,0.000000e+00,0.000000e+00,0.000000e+00,0.000000e+00,0.000000e+00,0.000000e+00,0.000000e+00,0.000000e+00,0.000000e+00,0.000000e+00,0.000000e+00,0.000000e+00
1.000000e+00,0.000000e+00,0.000000e+00,0.000000e+00,0.000000e+00,0.000000e+00,0.000000e+00,0.000000e+00,0.000000e+00,0.000000e+00,0.000000e+00,0.000000e+00,0.000000e+00,0.000000e+00,0.000000e+00
1.000000e+00,0.000000e+00,0.000000e+00,0.000000e+00,0.000000e+00,0.000000e+00,0.000000e+00,0.000000e+00,0.000000e+00,0.000000e+00,0.000000e+00,0.000000e+00,0.000000e+00,0.000000e+00,0.000000e+00
1.000000e+00,0.000000e+00,0.000000e+00,0.000000e+00,0.000000e+00,0.000000e+00,0.000000e+00,0.000000e+00,0.000000e+00,0.000000e+00,0.000000e+00,0.000000e+00,0.000000e+00,0.000000e+00,0.000000e+00
1.000000e+00,0.000000e+00,0.000000e+00,0.000000e+00,0.000000e+00,0.000000e+00,0.000000e+00,0.000000e+00,0.000000e+00,0.000000e+00,0.000000e+00,0.000000e+00,0.000000e+00,0.000000e+00,0.000000e+00
1.000000e+00,0.000000e+00,0.000000e+00,0.000000e+00,0.000000e+00,0.000000e+00,0.000000e+00,0.000000e+00,0.000000e+00,0.000000e+00,0.000000e+00,0.000000e+00,0.000000e+00,0.000000e+00,0.000000e+00
1.000000e+00,0.000000e+00,0.000000e+00,0.000000e+00,0.000000e+00,0.000000e+00,0.000000e+00,0.000000e+00,0.000000e+00,0.000000e+00,0.000000e+00,0.000000e+00,0.000000e+00,0.000000e+00,0.000000e+00
1.000000e+00,0.000000e+00,0.000000e+00,0.000000e+00,0.000000e+00,0.000000e+00,0.000000e+00,0.000000e+00,0.000000e+00,0.000000e+00,0.000000e+00,0.000000e+00,0.000000e+00,0.000000e+00,0.000000e+00
1.000000e+00,0.000000e+00,0.000000e+00,0.000000e+00,0.000000e+00,0.000000e+00,0.000000e+00,0.000000e+00,0.000000e+00,0.000000e+00,0.000000e+00,0.000000e+00,0.000000e+00,0.000000e+00,0.000000e+00
1.000000e+00,0.000000e+00,0.000000e+00,0.000000e+00,0.000000e+00,0.000000e+00,0.000000e+00,0.000000e+00,0.000000e+00,0.000000e+00,0.000000e+00,0.000000e+00,0.000000e+00,0.000000e+00,0.000000e+00
4.307296e-01,1.081626e-02,1.757588e-02,1.023424e-01,1.265593e-02,1.226733e-02,4.958331e-03,9.977363e-03,4.487999e-02,1.602337e-03,2.833429e-02,4.785229e-02,2.674966e-01,1.575167e-03,6.936193e-03
3.339617e-01,8.442525e-03,1.263046e-02,1.055271e-01,1.254673e-02,1.211763e-02,4.473996e-03,9.878466e-03,4.389745e-02,2.410681e-03,4.791953e-02,4.505523e-02,3.501110e-01,3.202357e-03,7.825011e-03
3.077391e-01,6.339848e-03,9.109562e-03,8.763384e-02,1.236233e-02,1.287867e-02,4.288213e-03,9.962451e-03,4.398151e-02,3.000460e-03,5.575138e-02,4.239172e-02,3.919376e-01,5.593374e-03,7.029926e-03
2.962161e-01,4.936905e-03,6.619541e-03,6.609294e-02,1.284670e-02,1.350637e-02,3.931537e-03,8.518568e-03,5.490665e-02,2.692125e-03,4.789018e-02,5.111142e-02,4.190060e-01,5.630901e-03,6.094045e-03
3.426170e-01,4.147780e-03,4.827988e-03,4.856111e-02,1.578498e-02,1.197181e-02,3.948725e-03,7.903307e-03,6.153022e-02,2.431275e-03,3.883125e-02,5.606323e-02,3.901963e-01,5.420608e-03,5.764447e-03
4.045810e-01,3.500891e-03,4.022155e-03,3.548114e-02,1.662714e-02,1.331407e-02,7.274630e-03,8.378629e-03,5.256265e-02,3.195449e-03,2.967353e-02,4.744136e-02,3.643586e-01,4.462823e-03,5.125993e-03
3.281102e-01,3.267785e-03,3.176787e-03,2.532862e-02,1.374128e-02,2.736382e-02,9.209046e-03,7.018047e-03,4.215635e-02,3.623485e-03,2.394881e-02,6.408530e-02,4.361571e-01,4.911449e-03,7.901873e-03
2.501077e-01,4.587987e-03,3.071981e-03,1.796035e-02,1.319095e-02,2.467318e-02,7.697301e-03,5.290324e-03,3.264171e-02,5.078110e-03,2.216110e-02,8.173309e-02,5.146505e-01,5.425087e-03,1.173072e-02
2.335419e-01,3.863306e-03,2.271345e-03,1.322815e-02,1.006280e-02,4.418158e-02,6.412430e-03,4.444384e-03,2.685705e-02,9.710476e-03,2.957034e-02,1.242380e-01,4.742842e-01,7.011321e-03,1.032281e-02
1.973406e-01,3.037713e-03,1.649795e-03,9.842496e-03,7.825333e-03,5.094736e-02,5.113103e-03,3.417144e-03,2.215262e-02,1.762646e-02,3.846541e-02,2.016542e-01,4.242647e-01,7.663190e-03,8.999894e-03
1.714399e-01,2.661410e-03,2.050854e-03,7.857340e-03,2.088871e-02,4.417002e-02,5.077247e-03,3.244714e-03,3.013203e-02,5.352674e-02,4.944204e-02,2.308120e-01,3.615631e-01,8.489946e-03,8.643964e-03
1.260811e-01,2.111946e-03,1.670195e-03,5.730793e-03,1.532696e-02,3.577425e-02,3.837895e-03,2.520913e-03,2.889877e-02,5.781956e-02,4.403975e-02,3.862002e-01,2.752185e-01,8.400212e-03,6.368937e-03
9.047616e-02,2.026197e-03,1.436603e-03,4.662347e-03,2.609423e-02,2.927513e-02,2.814062e-03,2.380344e-03,5.855544e-02,6.109422e-02,4.541723e-02,4.211946e-01,2.428963e-01,6.837666e-03,4.839483e-03
6.819605e-02,2.485891e-03,1.299353e-03,3.901435e-03,2.272632e-02,2.897295e-02,2.125915e-03,2.229082e-03,8.071257e-02,6.496596e-02,4.135542e-02,4.602985e-01,2.113242e-01,5.571354e-03,3.835063e-03
4.923290e-02,2.663654e-03,1.044639e-03,2.990995e-03,2.821383e-02,2.495980e-02,1.824597e-03,3.124732e-03,1.807450e-01,5.555327e-02,4.006793e-02,4.188866e-01,1.834323e-01,4.281858e-03,2.977944e-03
3.529095e-02,3.144637e-03,1.392647e-03,2.307176e-03,3.678401e-02,2.224965e-02,2.236906e-03,3.164022e-03,2.757221e-01,5.077233e-02,3.268447e-02,3.729805e-01,1.551134e-01,3.407813e-03,2.749375e-03
2.611402e-02,9.421039e-03,1.982540e-03,1.819291e-03,3.723330e-02,2.898928e-02,1.869779e-03,3.522675e-03,3.564472e-01,4.598430e-02,2.678352e-02,3.318761e-01,1.224148e-01,3.018618e-03,2.523664e-03
2.027000e-02,1.168595e-02,3.851458e-03,2.291582e-03,5.463000e-02,2.764197e-02,1.612335e-03,1.099446e-02,3.736104e-01,5.508225e-02,2.390758e-02,2.955904e-01,1.123831e-01,3.656052e-03,2.792424e-03
1.798571e-02,1.257460e-02,3.460217e-03,2.125674e-03,5.103311e-02,2.725733e-02,1.635964e-03,9.522275e-03,3.991832e-01,4.263566e-02,2.098889e-02,3.096966e-01,9.553678e-02,3.536582e-03,2.827464e-03
1.379153e-02,9.467256e-03,2.476139e-03,1.680492e-03,4.850467e-02,2.201955e-02,1.993731e-03,7.196938e-03,5.090171e-01,3.086876e-02,1.743385e-02,2.538629e-01,7.687994e-02,2.561175e-03,2.245982e-03
1.271690e-02,8.743634e-03,2.067088e-03,2.081956e-03,4.456681e-02,3.426141e-02,1.835855e-03,5.810417e-03,5.647194e-01,2.245115e-02,1.460230e-02,2.177463e-01,6.401660e-02,2.036114e-03,2.344074e-03
1.633388e-02,8.130267e-03,4.013149e-03,1.013046e-02,6.837251e-02,3.356078e-02,3.299856e-03,5.995139e-03,6.056373e-01,1.636666e-02,1.108774e-02,1.617480e-01,5.156147e-02,1.570550e-03,2.192273e-03
2.409189e-02,1.074940e-02,3.565015e-03,1.201526e-02,9.656721e-02,3.749837e-02,5.414524e-03,4.431829e-03,6.109716e-01,1.246485e-02,8.535007e-03,1.154802e-01,3.800454e-02,1.289220e-03,1.892118e-02
2.739738e-02,1.585418e-02,6.164753e-03,1.632840e-02,9.951660e-02,3.628498e-02,6.251091e-03,5.719882e-03,6.258261e-01,1.132139e-02,7.228785e-03,8.295038e-02,3.057701e-02,1.169983e-03,2.740910e-02
4.111135e-02,1.435676e-02,2.139672e-02,7.630460e-02,1.062531e-01,3.022739e-02,7.797835e-03,9.566605e-03,5.389372e-01,1.424230e-02,7.064743e-03,6.191558e-02,2.657358e-02,1.182189e-03,4.307007e-02
6.489104e-02,1.352922e-02,1.939537e-02,6.905743e-02,8.362721e-02,3.130723e-02,8.013473e-03,8.840898e-03,4.397343e-01,1.932560e-02,7.481431e-03,5.595677e-02,2.593421e-02,2.580095e-03,1.503257e-01
1.231611e-01,1.427381e-02,2.030703e-02,5.284527e-02,6.638982e-02,3.112717e-02,7.299291e-03,1.057585e-02,3.375307e-01,1.471345e-02,8.544883e-03,4.615046e-02,3.006805e-02,7.272775e-03,2.297403e-01
1.869169e-01,1.792009e-02,1.919884e-02,6.094565e-02,6.797413e-02,3.780522e-02,1.151533e-02,2.633511e-02,2.695310e-01,1.154977e-02,1.103042e-02,4.210805e-02,4.066611e-02,7.693262e-03,1.888101e-01
2.058786e-01,2.061613e-02,1.671155e-02,5.364861e-02,7.356884e-02,9.996080e-02,1.063845e-02,2.402196e-02,2.361596e-01,8.908565e-03,1.216050e-02,3.457097e-02,3.274299e-02,9.893499e-03,1.605189e-01
2.216380e-01,2.715237e-02,1.753715e-02,9.155273e-02,6.387018e-02,8.230688e-02,8.908723e-03,2.590514e-02,1.821431e-01,1.074418e-02,1.187849e-02,2.800431e-02,2.565627e-02,8.319268e-03,1.943832e-01
2.516976e-01,3.175405e-02,2.017902e-02,9.908243e-02,5.579213e-02,6.325088e-02,8.188365e-03,4.810817e-02,1.460550e-01,9.757588e-03,1.084046e-02,2.098048e-02,2.001099e-02,1.826335e-02,1.960396e-01
2.819340e-01,4.583554e-02,2.033522e-02,8.498435e-02,4.772506e-02,5.434448e-02,6.422201e-03,3.688365e-02,1.102215e-01,9.840049e-03,1.072218e-02,1.908796e-02,2.370689e-02,2.395549e-02,2.240015e-01
2.595257e-01,4.967798e-02,2.143595e-02,9.810139e-02,3.454787e-02,4.260091e-02,5.251574e-03,2.703605e-02,8.898304e-02,1.175119e-02,1.197279e-02,1.912436e-02,2.678422e-02,1.989296e-02,2.833140e-01
3.304635e-01,3.997981e-02,1.980135e-02,8.172965e-02,2.725409e-02,3.251636e-02,4.167556e-03,2.061545e-02,7.972936e-02,1.047420e-02,2.170013e-02,1.809035e-02,4.948825e-02,2.208981e-02,2.419001e-01
3.578066e-01,3.107498e-02,1.652078e-02,7.547732e-02,2.303956e-02,2.448777e-02,3.182815e-03,1.568932e-02,5.896088e-02,9.212446e-03,5.279589e-02,1.709685e-02,1.223110e-01,1.764145e-02,1.747023e-01
4.060619e-01,2.311745e-02,1.280257e-02,5.530681e-02,2.006347e-02,1.807121e-02,2.549397e-03,1.162544e-02,4.407785e-02,8.055319e-03,4.492908e-02,2.050697e-02,1.899698e-01,1.865861e-02,1.242042e-01
4.814155e-01,1.793396e-02,1.127478e-02,4.018265e-02,2.121297e-02,1.527249e-02,2.893053e-03,1.054658e-02,3.354014e-02,6.242185e-03,3.625233e-02,1.825388e-02,2.007384e-01,1.629700e-02,8.794403e-02
4.596409e-01,1.472410e-02,8.255993e-03,2.869411e-02,1.804644e-02,1.275299e-02,3.171493e-03,8.277562e-03,2.691960e-02,5.986079e-03,3.302825e-02,2.606793e-02,2.782546e-01,1.378321e-02,6.239675e-02
4.638627e-01,1.372615e-02,6.069633e-03,2.060044e-02,1.689775e-02,1.520215e-02,6.461332e-03,6.547494e-03,2.378328e-02,7.227071e-03,2.924872e-02,7.213550e-02,2.611339e-01,1.255236e-02,4.455154e-02
3.339396e-01,1.063588e-02,5.003795e-03,1.460439e-02,1.421943e-02,1.279520e-02,7.422140e-03,5.846786e-03,1.808375e-02,8.407528e-03,2.840888e-02,1.192761e-01,3.793349e-01,1.048344e-02,3.153818e-02
2.407724e-01,7.752941e-03,9.715362e-03,1.114299e-02,1.214174e-02,1.171705e-02,6.871875e-03,9.281136e-03,1.387465e-02,1.172985e-02,2.530840e-02,2.033685e-01,4.054188e-01,8.324491e-03,2.257975e-02
1.770490e-01,6.221470e-03,7.680717e-03,8.056584e-03,1.007609e-02,1.621768e-02,5.218357e-03,6.680953e-03,1.649662e-02,1.739551e-02,3.815894e-02,3.687240e-01,2.998767e-01,6.235069e-03,1.591222e-02
1.280779e-01,7.173372e-03,6.080714e-03,5.692042e-03,8.598731e-03,1.265832e-02,4.058257e-03,4.737615e-03,2.270453e-02,3.244508e-02,4.166558e-02,4.903945e-01,2.197209e-01,4.723351e-03,1.126900e-02
9.360406e-02,5.711512e-03,4.579094e-03,4.088654e-03,7.282008e-03,1.070380e-02,3.001051e-03,3.387645e-03,2.286476e-02,2.676711e-02,3.479129e-02,6.162558e-01,1.552443e-01,3.603748e-03,8.115132e-03
6.867833e-02,4.718902e-03,4.353770e-03,2.927399e-03,5.834060e-03,9.510651e-03,2.325382e-03,2.477064e-03,2.023466e-02,2.347580e-02,2.859631e-02,7.079493e-01,1.100844e-01,2.989942e-03,5.844023e-03
6.967563e-02,4.261555e-03,4.217221e-03,3.459873e-03,1.029241e-02,9.436144e-03,1.891118e-03,2.847663e-03,2.572479e-02,2.440277e-02,2.352906e-02,7.340852e-01,7.923205e-02,2.527558e-03,4.416879e-03
1.329948e-01,5.637500e-03,4.278079e-03,5.633142e-03,3.178970e-02,1.426287e-02,1.934183e-03,3.094971e-03,2.940862e-02,2.043437e-02,1.903750e-02,6.683388e-01,5.719679e-02,2.112227e-03,3.846361e-03
2.034971e-01,9.901285e-03,4.642271e-03,7.770470e-03,3.062600e-02,2.041195e-02,1.745451e-03,2.715484e-03,2.732752e-02,1.749487e-02,1.669694e-02,6.095126e-01,4.146863e-02,1.773035e-03,4.416280e-03
2.299256e-01,9.426408e-03,4.667489e-03,6.589861e-03,2.601563e-02,2.021087e-02,1.709347e-03,3.646620e-03,2.447590e-02,1.590983e-02,1.968102e-02,6.016076e-01,3.029403e-02,1.797589e-03,4.042161e-03
2.366404e-01,7.926811e-03,4.209814e-03,5.729185e-03,2.132091e-02,2.067086e-02,1.514388e-03,4.493220e-03,2.396457e-02,1.589908e-02,1.884167e-02,6.114222e-01,2.225531e-02,1.680696e-03,3.430904e-03
2.040432e-01,5.943125e-03,3.128528e-03,4.198593e-03,2.159488e-02,1.542150e-02,1.687659e-03,4.336318e-03,2.930396e-02,1.535276e-02,1.716754e-02,6.570395e-01,1.673712e-02,1.468564e-03,2.576700e-03
1.523881e-01,5.008497e-03,4.529202e-03,3.145676e-03,3.101869e-02,1.199840e-02,1.983709e-03,1.366565e-02,4.552848e-02,1.337954e-02,1.598518e-02,6.858486e-01,1.232198e-02,1.266634e-03,1.931692e-03
1.096064e-01,4.961694e-03,4.467297e-03,2.468022e-03,1.236046e-01,1.264283e-02,1.376856e-02,1.339230e-02,7.436636e-02,9.702145e-03,1.307110e-02,6.062227e-01,9.248005e-03,9.898401e-04,1.488075e-03
8.051135e-02,3.846251e-03,4.422124e-03,2.012871e-03,1.538018e-01,1.052454e-02,1.233696e-02,2.654846e-02,1.218090e-01,7.442744e-03,1.005085e-02,5.577506e-01,7.038303e-03,7.749804e-04,1.129182e-03
5.846572e-02,2.926967e-03,3.733569e-03,1.613674e-03,1.656632e-01,8.746415e-03,1.033677e-02,3.568912e-02,2.174257e-01,5.700168e-03,8.012636e-03,4.740542e-01,6.101934e-03,6.719611e-04,8.579777e-04
4.244363e-02,2.162303e-03,4.298999e-03,1.292180e-03,2.367469e-01,6.518098e-03,8.378081e-03,1.301360e-01,1.781584e-01,4.133400e-03,6.621070e-03,3.725827e-01,5.417148e-03,4.994282e-04,6.117373e-04
3.434744e-02,1.636346e-03,5.578813e-03,3.365850e-03,3.921722e-01,6.244377e-03,8.939400e-03,1.132615e-01,1.513297e-01,2.970258e-03,5.434995e-03,2.693294e-01,4.510232e-03,4.109094e-04,4.686492e-04
3.926843e-02,1.479798e-03,4.636705e-03,3.145655e-03,4.987140e-01,7.220163e-03,9.663306e-03,8.744348e-02,1.409285e-01,2.185746e-03,6.330475e-03,1.941962e-01,3.916129e-03,3.777980e-04,4.936388e-04
6.112264e-02,2.303293e-03,5.221881e-03,6.331355e-03,5.145503e-01,7.652518e-03,8.205864e-03,9.434149e-02,1.226583e-01,1.968737e-03,9.743741e-03,1.589425e-01,4.884050e-03,6.069934e-04,1.466365e-03
8.929099e-02,2.628703e-03,4.748761e-03,8.969489e-03,4.985979e-01,8.405671e-03,6.703134e-03,1.053343e-01,1.001434e-01,1.831806e-03,1.921088e-02,1.450220e-01,5.631799e-03,1.213886e-03,2.267278e-03
9.091451e-02,2.355261e-03,5.412724e-03,9.299767e-03,5.465403e-01,7.921266e-03,5.245219e-03,8.916864e-02,8.716822e-02,1.829890e-03,2.864997e-02,1.169162e-01,5.036344e-03,1.753222e-03,1.788424e-03
1.018547e-01,2.964487e-03,9.304918e-03,1.541200e-02,5.739435e-01,6.495306e-03,3.959926e-03,6.959999e-02,8.489631e-02,1.963484e-03,3.505896e-02,8.560866e-02,4.094248e-03,3.267317e-03,1.576265e-03
1.401735e-01,3.589475e-03,1.189874e-02,3.431988e-02,5.385053e-01,6.073960e-03,3.257754e-03,5.693659e-02,8.026399e-02,1.902621e-03,4.339374e-02,6.996632e-02,4.241402e-03,3.775463e-03,1.701320e-03
1.548701e-01,4.761694e-03,1.234975e-02,3.619668e-02,5.370185e-01,5.378711e-03,2.802365e-03,4.961213e-02,8.160558e-02,2.765150e-03,4.949250e-02,5.344331e-02,4.312927e-03,3.712106e-03,1.678473e-03
1.494089e-01,4.235392e-03,9.520663e-03,6.161874e-02,4.466492e-01,4.473140e-03,2.800938e-03,1.523588e-01,7.418580e-02,2.239041e-03,4.095692e-02,4.278472e-02,4.698485e-03,2.771808e-03,1.297499e-03
1.275191e-01,3.325702e-03,7.983260e-03,5.386273e-02,3.607190e-01,3.600463e-03,2.265952e-03,2.990366e-01,7.168672e-02,1.961694e-03,3.047477e-02,3.074085e-02,3.771797e-03,2.050139e-03,1.001300e-03
1.314336e-01,3.108614e-03,1.097868e-02,7.972171e-02,2.681128e-01,3.459863e-03,2.457946e-03,3.832328e-01,6.289656e-02,1.755480e-03,2.358128e-02,2.331614e-02,3.272808e-03,1.611851e-03,1.059897e-03
1.162129e-01,2.362841e-03,1.472521e-02,9.827371e-02,1.981965e-01,2.944703e-03,2.805482e-03,4.777477e-01,4.623768e-02,1.338917e-03,1.702182e-02,1.749795e-02,2.595223e-03,1.185999e-03,8.533660e-04
1.543328e-01,2.164713e-03,2.256950e-02,8.559479e-02,1.590481e-01,3.196888e-03,3.706965e-03,4.991195e-01,3.744536e-02,1.680432e-03,1.375295e-02,1.293928e-02,2.217836e-03,1.481177e-03,7.496669e-04
1.244837e-01,1.718281e-03,2.105201e-02,7.219695e-02,1.274191e-01,3.797571e-03,3.767357e-03,5.938987e-01,2.728270e-02,1.277783e-03,1.014839e-02,9.330315e-03,1.926052e-03,1.090012e-03,6.110790e-04
1.870828e-01,2.244384e-03,1.964706e-02,7.046118e-02,1.021172e-01,8.593869e-03,5.553781e-03,5.524528e-01,2.322072e-02,2.381723e-03,9.306657e-03,8.953063e-03,5.371070e-03,1.075656e-03,1.538126e-03
2.042370e-01,2.203758e-03,1.636244e-02,5.153076e-02,7.423393e-02,4.799873e-02,6.651228e-03,3.968593e-01,1.714941e-02,5.920103e-03,7.742624e-03,6.858033e-03,1.591619e-01,8.708652e-04,2.219954e-03
1.608135e-01,2.896116e-03,1.409099e-02,4.142881e-02,5.959599e-02,4.784453e-02,1.043485e-02,2.823390e-01,1.718122e-02,5.244183e-03,7.549669e-03,6.280208e-03,3.391147e-01,9.015955e-04,4.284632e-03
1.450629e-01,4.233564e-03,2.141630e-02,4.166250e-02,5.731424e-02,4.514707e-02,1.672988e-02,2.051715e-01,2.678299e-02,4.737792e-03,6.407116e-03,6.114204e-03,4.116113e-01,8.677598e-04,6.740876e-03
1.115259e-01,3.564075e-03,1.524126e-02,3.791472e-02,4.177628e-02,4.086912e-02,1.318909e-02,1.455798e-01,2.097568e-02,3.689085e-03,5.516902e-03,6.580762e-03,5.442975e-01,6.423767e-04,8.637387e-03
9.033038e-02,3.114467e-03,1.079033e-02,2.946840e-02,3.068220e-02,3.755886e-02,1.041164e-02,1.026543e-01,1.818405e-02,2.806834e-03,9.142244e-03,2.493295e-02,6.197130e-01,1.017407e-03,9.192951e-03
6.646514e-02,2.335991e-03,7.581373e-03,2.103087e-02,2.205168e-02,3.610716e-02,7.858124e-03,7.214981e-02,1.449099e-02,2.560175e-03,2.164821e-02,5.041156e-02,6.611722e-01,1.514531e-03,1.262227e-02
4.971088e-02,1.714410e-03,5.328103e-03,1.495825e-02,1.571054e-02,3.322133e-02,6.139143e-03,5.080248e-02,1.159362e-02,2.899037e-03,4.185106e-02,9.898044e-02,6.521246e-01,2.192544e-03,1.277358e-02
3.811332e-02,1.293893e-03,3.816700e-03,1.087514e-02,1.136967e-02,3.132918e-02,4.469326e-03,3.564847e-02,9.934096e-03,5.464275e-03,4.423424e-02,9.975576e-02,6.907863e-01,2.655016e-03,1.025461e-02
2.799267e-02,9.729149e-04,2.762800e-03,7.852919e-03,9.560385e-03,2.237822e-02,3.297829e-03,2.511059e-02,2.007588e-02,6.013898e-03,4.140008e-02,9.780122e-02,7.250028e-01,2.048145e-03,7.729639e-03
2.036605e-02,8.771459e-04,2.092442e-03,5.784735e-03,9.049917e-03,1.597515e-02,2.418307e-03,1.871504e-02,3.140008e-02,5.371494e-03,3.585805e-02,7.946444e-02,7.654142e-01,1.501638e-03,5.711249e-03
1.479899e-02,8.592693e-04,2.096900e-03,4.393434e-03,1.358092e-01,1.160511e-02,3.055036e-03,1.680868e-02,7.580481e-02,3.947497e-03,2.700083e-02,5.888160e-02,6.393120e-01,1.077885e-03,4.548793e-03
1.199560e-02,9.473580e-04,2.022784e-03,3.160446e-03,3.097206e-01,1.078792e-02,3.081196e-03,1.250897e-02,8.324839e-02,2.791954e-03,1.947943e-02,4.288557e-02,4.931409e-01,7.804038e-04,3.448561e-03
1.595663e-02,8.863359e-04,3.127406e-03,2.585600e-03,4.636843e-01,9.069904e-03,5.247280e-03,1.104908e-02,6.626427e-02,2.084517e-03,1.396310e-02,3.218105e-02,3.707980e-01,5.753341e-04,2.527261e-03
2.562362e-02,8.276908e-04,3.845392e-03,2.956652e-03,5.625463e-01,7.962420e-03,6.809494e-03,2.071135e-02,5.638409e-02,1.578077e-03,1.012499e-02,2.432018e-02,2.739963e-01,4.310866e-04,1.882456e-03
2.649940e-02,8.636263e-04,4.364374e-03,6.693763e-03,6.037810e-01,8.560767e-03,6.926550e-03,7.717891e-02,4.140726e-02,1.148261e-03,7.323212e-03,1.810718e-02,1.954428e-01,3.152731e-04,1.387665e-03
3.110815e-02,9.172389e-04,3.663542e-03,7.673847e-03,6.781014e-01,9.401103e-03,9.468775e-03,6.304997e-02,3.068241e-02,8.331774e-04,6.164173e-03,1.464119e-02,1.429640e-01,2.526563e-04,1.078418e-03
4.263893e-02,1.058395e-03,3.858676e-03,8.162056e-03,7.191101e-01,7.768852e-03,9.887369e-03,5.876126e-02,2.276002e-02,6.144592e-04,5.377829e-03,1.329908e-02,1.055414e-01,2.356833e-04,9.259931e-04
4.086537e-02,1.074120e-03,3.363923e-03,7.077802e-03,7.743162e-01,5.949345e-03,7.997506e-03,5.051700e-02,1.770018e-02,4.779078e-04,4.390729e-03,1.009814e-02,7.517837e-02,2.298550e-04,7.635940e-04
4.033595e-02,1.145906e-03,3.027426e-03,6.853777e-03,8.129917e-01,4.865617e-03,6.348771e-03,4.426026e-02,1.370513e-02,3.916243e-04,3.501648e-03,7.831967e-03,5.384382e-02,2.040210e-04,6.923297e-04
7.804894e-02,3.934541e-03,4.816633e-03,1.881451e-02,7.588897e-01,6.727123e-03,5.247171e-03,4.262264e-02,1.308794e-02,1.286765e-03,6.449766e-03,1.238677e-02,4.205573e-02,7.017669e-04,4.929960e-03
6.369049e-02,1.098328e-02,1.023508e-02,3.641597e-02,5.340633e-01,1.040980e-02,3.939406e-03,3.089173e-02,8.522078e-02,1.321855e-02,1.742346e-02,1.485044e-02,3.774086e-02,1.131219e-02,1.196046e-01
7.789923e-02,1.658930e-02,1.441670e-02,4.202793e-02,3.799957e-01,3.351821e-02,3.482665e-03,2.385484e-02,8.007694e-02,2.224422e-02,7.121286e-02,2.808577e-02,4.489550e-02,2.602890e-02,1.356713e-01
7.730842e-02,2.727316e-02,2.374130e-02,6.262686e-02,2.691006e-01,2.877171e-02,2.795563e-03,1.950169e-02,7.625210e-02,2.243163e-02,1.473696e-01,3.132882e-02,4.036453e-02,2.996987e-02,1.411641e-01
8.944668e-02,2.814895e-02,4.835654e-02,5.638696e-02,1.901215e-01,2.472400e-02,2.807739e-03,1.489476e-02,6.229591e-02,2.260793e-02,2.073657e-01,2.904383e-02,2.999735e-02,8.563288e-02,1.081694e-01
1.043661e-01,2.348143e-02,3.895567e-02,4.728152e-02,1.338297e-01,1.959227e-02,2.161234e-03,1.136732e-02,4.708119e-02,1.645875e-02,3.511776e-01,2.609580e-02,2.213337e-02,7.805153e-02,7.796662e-02
1.602296e-01,1.870741e-02,3.141386e-02,4.151226e-02,9.461552e-02,1.627309e-02,2.066593e-03,9.508844e-03,3.615494e-02,1.299476e-02,3.808584e-01,2.680487e-02,1.634918e-02,9.633819e-02,5.617253e-02
1.982256e-01,1.619975e-02,2.720055e-02,3.484037e-02,6.792623e-02,1.402438e-02,1.866680e-03,7.570821e-03,2.718213e-02,1.082473e-02,4.046557e-01,2.563312e-02,1.211757e-02,1.112378e-01,4.049465e-02
2.459029e-01,1.680727e-02,2.374881e-02,3.310622e-02,5.257849e-02,1.338307e-02,1.845285e-03,8.075339e-03,2.306668e-02,1.051364e-02,3.815439e-01,2.716561e-02,1.025817e-02,1.216431e-01,3.036158e-02
2.572225e-01,1.697014e-02,2.065168e-02,2.810765e-02,4.865512e-02,1.360596e-02,1.982607e-03,8.169164e-03,1.882549e-02,1.026985e-02,3.669829e-01,3.559354e-02,9.254917e-03,1.407299e-01,2.297872e-02
3.092157e-01,1.548230e-02,1.651330e-02,2.195365e-02,3.865162e-02,1.125938e-02,2.028322e-03,6.426640e-03,1.582286e-02,1.162841e-02,3.283784e-01,4.387808e-02,7.992143e-03,1.522653e-01,1.850392e-02
3.742686e-01,1.673106e-02,1.394572e-02,2.091622e-02,3.028515e-02,1.309840e-02,2.072279e-03,5.760869e-03,1.444802e-02,1.276311e-02,2.835186e-01,5.189954e-02,8.136676e-03,1.334124e-01,1.874332e-02
3.981651e-01,1.732967e-02,1.201697e-02,2.338058e-02,2.331516e-02,1.565475e-02,2.008594e-03,5.026790e-03,1.344782e-02,1.238763e-02,2.755939e-01,5.445804e-02,8.444384e-03,1.203559e-01,1.841472e-02
3.992511e-01,1.508987e-02,9.217586e-03,1.839826e-02,1.760058e-02,1.400063e-02,1.784186e-03,4.184511e-03,1.083124e-02,1.329582e-02,3.257196e-01,4.832500e-02,7.036399e-03,1.008007e-01,1.446446e-02
3.582704e-01,1.285769e-02,6.769368e-03,1.465467e-02,1.354579e-02,1.334021e-02,1.754586e-03,3.266654e-03,9.941753e-03,1.370410e-02,4.030934e-01,4.942896e-02,6.264608e-03,8.110867e-02,1.199914e-02
3.871188e-01,1.627147e-02,5.220543e-03,1.518732e-02,1.266186e-02,1.288355e-02,2.158407e-03,3.266372e-03,1.531585e-02,1.121824e-02,3.825037e-01,5.336083e-02,5.616753e-03,6.359661e-02,1.361977e-02
4.192081e-01,1.642382e-02,4.389070e-03,1.876307e-02,1.196761e-02,1.627955e-02,2.543524e-03,3.908261e-03,1.859999e-02,9.467220e-03,3.451489e-01,5.984300e-02,5.892771e-03,4.916222e-02,1.840285e-02
3.912343e-01,1.889364e-02,3.804529e-03,2.277784e-02,2.352522e-02,1.583781e-02,4.955604e-03,6.773655e-03,2.830004e-02,8.508773e-03,3.423900e-01,6.514709e-02,8.140282e-03,3.830544e-02,2.140573e-02
3.244970e-01,2.485238e-02,4.373802e-03,1.762953e-02,1.090031e-01,2.235974e-02,5.485281e-03,9.376828e-03,1.014931e-01,7.921363e-03,2.638749e-01,5.122834e-02,6.385822e-03,3.296990e-02,1.854890e-02
2.526473e-01,4.625838e-02,4.047045e-03,1.395147e-02,1.094566e-01,1.957158e-02,4.679316e-03,1.111084e-02,2.587977e-01,6.832249e-03,1.905845e-01,3.868467e-02,4.802722e-03,2.377031e-02,1.480536e-02
2.187439e-01,4.521701e-02,3.953229e-03,1.955899e-02,1.071440e-01,2.325120e-02,3.828525e-03,1.170946e-02,3.527273e-01,6.548450e-03,1.364847e-01,3.010708e-02,6.349653e-03,1.689108e-02,1.748539e-02
1.906629e-01,3.867118e-02,3.235514e-03,2.579525e-02,1.061879e-01,2.624953e-02,3.061670e-03,1.152954e-02,3.877643e-01,9.491588e-03,9.797180e-02,2.573497e-02,1.165697e-02,1.211025e-02,4.987657e-02
1.513264e-01,3.257114e-02,2.525454e-03,2.158136e-02,1.222573e-01,3.019718e-02,2.590629e-03,1.303139e-02,4.446971e-01,1.160148e-02,7.176339e-02,2.033827e-02,1.272530e-02,8.677228e-03,5.411640e-02
1.172900e-01,2.808409e-02,2.095424e-03,2.810523e-02,1.381343e-01,2.673660e-02,2.352914e-03,2.097860e-02,4.495155e-01,1.401332e-02,5.225969e-02,1.638469e-02,1.205615e-02,6.371291e-03,8.562219e-02
1.040443e-01,2.322274e-02,2.241533e-03,2.862612e-02,1.788331e-01,2.331712e-02,2.657460e-03,3.939844e-02,4.357840e-01,1.291576e-02,3.832271e-02,1.280022e-02,1.051665e-02,4.863525e-03,8.245634e-02
1.032057e-01,1.994330e-02,3.455936e-03,3.121592e-02,2.533882e-01,2.526535e-02,3.026325e-03,4.645156e-02,3.860658e-01,1.119928e-02,2.791979e-02,9.644235e-03,8.155542e-03,3.747628e-03,6.731538e-02
1.042167e-01,2.585685e-02,4.153988e-03,2.837073e-02,2.674839e-01,3.484114e-02,3.142700e-03,3.670775e-02,3.875424e-01,9.440096e-03,2.125736e-02,8.203148e-03,6.572997e-03,3.708882e-03,5.850153e-02
1.136189e-01,3.511652e-02,5.908473e-03,7.150838e-02,2.638811e-01,3.243977e-02,4.823421e-03,4.323064e-02,3.176563e-01,1.472484e-02,1.675309e-02,6.904552e-03,6.048276e-03,3.157692e-03,6.422807e-02
1.155173e-01,5.447214e-02,7.094672e-03,1.505394e-01,2.370125e-01,2.828653e-02,7.633834e-03,4.960481e-02,2.510828e-01,1.269685e-02,1.308466e-02,6.061599e-03,5.428385e-03,2.631508e-03,5.885303e-02
1.377518e-01,5.479629e-02,6.691310e-03,1.654321e-01,2.274872e-01,4.069342e-02,9.295970e-03,4.175602e-02,2.326565e-01,9.642700e-03,1.335021e-02,6.681034e-03,5.658566e-03,2.322868e-03,4.578396e-02
1.366792e-01,4.454536e-02,5.726835e-03,1.395577e-01,2.735112e-01,4.345658e-02,7.763930e-02,3.028764e-02,1.764247e-01,8.479530e-03,1.226792e-02,6.132530e-03,9.035061e-03,2.199553e-03,3.405683e-02
1.421220e-01,3.755713e-02,4.335115e-03,1.090813e-01,2.202560e-01,3.818458e-02,5.768997e-02,2.162093e-02,2.281033e-01,1.148062e-02,2.487163e-02,1.127008e-02,4.429441e-02,3.511113e-03,4.562195e-02
1.071067e-01,2.958411e-02,3.326200e-03,8.268283e-02,1.824265e-01,3.194876e-02,4.202899e-02,1.528991e-02,2.306853e-01,1.801486e-02,8.294524e-02,1.104161e-02,7.129662e-02,2.512622e-02,6.649613e-02
9.380354e-02,2.539070e-02,2.847293e-03,6.121131e-02,1.399073e-01,2.368332e-02,2.964455e-02,1.251659e-02,3.379277e-01,1.512634e-02,8.265411e-02,9.868402e-03,7.023815e-02,4.235238e-02,5.282830e-02
1.183184e-01,2.297181e-02,3.591149e-03,4.502235e-02,1.138155e-01,1.799580e-02,2.159145e-02,9.420636e-03,2.742814e-01,1.372710e-02,7.739634e-02,7.967519e-03,5.995511e-02,1.666524e-01,4.729306e-02
1.070626e-01,1.699667e-02,2.896778e-03,3.221990e-02,8.122828e-02,1.359349e-02,1.522621e-02,6.809617e-03,2.166154e-01,1.355109e-02,5.942351e-02,5.832993e-03,4.377241e-02,3.424306e-01,4.234041e-02
1.113640e-01,1.292934e-02,1.845783e-02,2.610592e-02,6.319409e-02,1.405301e-02,1.109703e-02,6.712771e-03,2.417120e-01,1.372490e-02,4.921788e-02,4.903953e-03,3.247283e-02,3.626456e-01,3.140891e-02
9.189085e-02,9.442571e-03,4.118905e-02,1.985867e-02,4.629441e-02,1.121493e-02,7.940657e-03,4.984939e-03,1.851908e-01,1.485663e-02,3.915291e-02,3.620121e-03,2.317128e-02,4.766498e-01,2.454252e-02
1.052696e-01,8.475225e-03,6.465977e-02,1.604373e-02,3.467701e-02,3.168564e-02,5.787847e-03,3.798430e-03,1.465517e-01,1.681984e-02,3.912952e-02,2.774782e-03,1.685080e-02,4.873358e-01,2.014037e-02
1.331173e-01,6.986145e-03,5.510459e-02,1.199864e-02,2.541467e-02,3.579831e-02,4.196227e-03,2.883918e-03,1.244982e-01,1.897645e-02,4.834235e-02,2.132240e-03,1.246639e-02,5.010527e-01,1.703180e-02
1.047684e-01,5.531178e-03,4.165605e-02,8.878100e-03,1.873155e-02,2.775719e-02,3.113756e-03,2.062831e-03,1.184478e-01,2.899370e-02,5.997325e-02,1.760742e-03,9.604392e-03,5.513772e-01,1.734380e-02
7.472753e-02,4.260660e-03,3.025233e-02,6.443927e-03,1.352016e-02,2.143469e-02,2.244433e-03,1.471145e-03,1.110029e-01,3.586333e-02,7.619230e-02,1.494754e-03,7.824400e-03,5.905433e-01,2.272424e-02
5.372388e-02,3.873096e-03,2.882561e-02,5.106393e-03,1.021757e-02,1.864772e-02,1.656395e-03,1.439442e-03,1.054854e-01,4.751426e-02,8.333679e-02,1.365752e-03,7.014410e-03,6.025215e-01,2.927183e-02
4.009037e-02,4.267110e-03,2.554618e-02,3.857803e-03,7.557326e-03,1.590222e-02,1.252195e-03,1.199202e-03,1.062029e-01,5.366733e-02,9.241354e-02,2.182269e-03,5.538873e-03,6.182311e-01,2.209164e-02
2.879319e-02,3.789350e-03,1.897075e-02,2.783556e-03,5.494610e-03,1.202271e-02,9.053199e-04,9.194216e-04,1.426861e-01,7.424368e-02,7.874927e-02,2.043359e-03,3.998027e-03,6.074830e-01,1.711770e-02
2.211442e-02,1.272997e-02,1.814356e-02,2.351671e-03,4.977000e-03,1.228255e-02,6.992278e-04,1.231696e-03,2.573834e-01,9.577081e-02,6.363001e-02,2.054980e-03,3.006984e-03,4.906577e-01,1.296606e-02
1.652884e-02,1.661148e-02,1.910331e-02,2.851843e-03,6.899164e-03,1.092767e-02,5.484308e-04,1.418371e-03,3.717082e-01,1.168418e-01,4.593118e-02,1.604972e-03,2.279988e-03,3.722773e-01,1.446740e-02
1.275291e-02,1.776873e-02,1.620788e-02,2.350401e-03,9.242883e-03,1.086181e-02,4.550906e-04,1.587435e-03,4.697947e-01,1.186105e-01,3.304360e-02,1.194352e-03,1.670977e-03,2.882461e-01,1.621261e-02
1.725171e-02,1.368777e-02,2.144235e-02,4.794967e-03,3.925607e-02,1.100693e-02,9.362711e-04,1.107680e-02,5.260414e-01,1.046960e-01,2.475944e-02,9.499927e-04,1.329393e-03,2.093742e-01,1.339670e-02
3.486932e-02,1.056287e-02,2.144098e-02,7.490721e-03,7.600790e-02,1.302050e-02,8.589277e-04,1.789529e-02,5.341950e-01,9.408171e-02,1.844405e-02,7.009648e-04,1.004480e-03,1.559944e-01,1.343292e-02
4.319803e-02,8.447384e-03,1.757341e-02,6.240385e-03,6.604768e-02,1.357682e-02,7.156534e-04,1.533928e-02,5.976623e-01,8.327360e-02,1.354411e-02,5.155772e-04,7.588716e-04,1.178919e-01,1.521516e-02
5.436830e-02,7.996289e-03,1.473512e-02,6.101239e-03,6.006789e-02,1.483018e-02,6.121151e-04,1.303499e-02,6.265461e-01,6.513390e-02,1.122501e-02,4.807956e-04,7.316382e-04,1.050538e-01,1.908269e-02
6.790092e-02,8.434094e-03,1.431101e-02,1.178022e-02,5.754208e-02,1.581332e-02,7.547829e-04,1.164540e-02,6.465418e-01,4.794674e-02,9.285570e-03,5.457458e-04,7.021984e-04,8.766702e-02,1.912919e-02
9.270586e-02,8.222112e-03,4.919086e-02,2.795127e-02,6.109857e-02,1.390074e-02,1.611477e-03,1.171620e-02,5.993903e-01,3.449209e-02,7.399794e-03,1.106544e-03,9.513183e-04,7.438960e-02,1.587331e-02
9.931092e-02,6.869174e-03,1.468728e-01,4.113384e-02,5.429615e-02,1.257733e-02,1.840738e-03,1.763317e-02,5.148456e-01,2.482544e-02,5.802512e-03,1.168337e-03,9.822685e-04,5.908399e-02,1.275779e-02
1.052743e-01,5.937498e-03,2.590400e-01,4.261828e-02,3.979651e-02,9.855353e-03,2.585228e-03,1.937116e-02,4.321363e-01,1.821013e-02,5.466792e-03,1.025377e-03,8.107161e-04,4.794326e-02,9.929096e-03
1.044080e-01,4.580699e-03,3.986334e-01,5.816208e-02,2.839026e-02,7.433975e-03,2.944848e-03,1.670984e-02,3.165703e-01,1.343204e-02,4.144467e-03,9.922658e-04,6.863749e-04,3.534719e-02,7.564364e-03
1.027446e-01,3.737815e-03,4.989360e-01,7.649304e-02,2.033729e-02,5.927780e-03,3.107984e-03,1.433420e-02,2.274668e-01,1.000098e-02,3.077741e-03,1.255552e-03,7.295824e-04,2.587414e-02,5.976456e-03
1.327730e-01,3.633402e-03,5.442107e-01,7.254527e-02,1.494082e-02,6.473475e-03,5.067483e-03,1.750880e-02,1.612478e-01,7.590695e-03,2.590534e-03,5.007242e-03,1.873795e-03,1.889833e-02,5.638751e-03
1.725025e-01,3.153794e-03,5.423760e-01,7.642941e-02,1.082629e-02,8.803947e-03,7.161785e-03,2.232580e-02,1.140793e-01,5.589131e-03,2.273292e-03,1.099441e-02,4.349033e-03,1.389780e-02,5.237562e-03
2.052112e-01,3.141101e-03,5.136025e-01,7.589175e-02,8.855728e-03,1.466157e-02,1.184825e-02,3.920642e-02,8.074743e-02,4.367142e-03,2.153406e-03,1.520530e-02,8.747654e-03,1.058385e-02,5.776713e-03
2.806991e-01,3.322306e-03,4.303786e-01,6.952024e-02,7.343031e-03,2.262217e-02,1.206563e-02,4.765083e-02,5.768740e-02,3.808832e-03,2.356646e-03,2.948800e-02,1.689984e-02,8.670444e-03,7.486961e-03
3.086253e-01,3.957693e-03,3.695514e-01,6.618168e-02,6.686542e-03,3.602524e-02,1.266836e-02,5.821132e-02,4.207497e-02,3.384598e-03,2.620890e-03,4.816965e-02,2.567787e-02,7.104832e-03,9.059693e-03
3.747811e-01,4.414021e-03,2.847871e-01,5.325631e-02,6.548795e-03,3.734566e-02,1.139705e-02,7.590532e-02,3.179567e-02,3.853945e-03,4.880085e-03,5.671448e-02,3.582839e-02,5.900302e-03,1.259179e-02
4.014038e-01,5.967689e-03,2.143021e-01,4.571266e-02,6.376093e-03,3.926482e-02,1.150756e-02,7.510687e-02,2.356789e-02,5.034344e-03,6.671098e-03,8.846135e-02,5.179880e-02,5.084343e-03,1.974057e-02
3.151845e-01,6.280973e-03,1.523476e-01,4.436338e-02,6.427573e-03,3.622155e-02,9.972855e-03,6.353201e-02,2.173555e-02,5.098942e-03,1.519527e-02,1.829180e-01,1.114156e-01,5.429488e-03,2.387668e-02
2.481442e-01,5.336289e-03,1.118332e-01,5.660809e-02,7.021700e-03,3.402196e-02,8.408703e-03,6.603029e-02,2.080497e-02,4.197178e-03,2.509825e-02,2.464742e-01,1.418436e-01,4.511139e-03,1.966615e-02
2.388121e-01,5.567171e-03,8.872250e-02,6.080296e-02,7.825695e-03,3.017933e-02,7.351203e-03,7.403620e-02,2.247093e-02,4.094738e-03,2.743000e-02,2.566661e-01,1.485580e-01,5.213160e-03,2.226990e-02
2.572617e-01,5.238130e-03,6.548501e-02,5.167230e-02,1.432249e-02,2.486185e-02,5.707926e-03,5.616432e-02,4.685418e-02,4.249092e-03,2.772341e-02,2.278229e-01,1.894800e-01,4.957820e-03,1.819886e-02
3.285445e-01,6.109248e-03,4.777302e-02,4.286098e-02,2.410497e-02,1.953269e-02,6.253987e-03,4.479967e-02,7.647083e-02,5.370602e-03,2.746488e-02,1.892367e-01,1.611325e-01,4.693267e-03,1.565214e-02
4.332314e-01,7.541024e-03,3.454020e-02,3.828174e-02,2.129352e-02,1.746596e-02,5.223934e-03,3.310452e-02,8.458554e-02,7.696953e-03,2.454970e-02,1.488091e-01,1.220567e-01,4.350808e-03,1.726886e-02
1.000000e+00,0.000000e+00,0.000000e+00,0.000000e+00,0.000000e+00,0.000000e+00,0.000000e+00,0.000000e+00,0.000000e+00,0.000000e+00,0.000000e+00,0.000000e+00,0.000000e+00,0.000000e+00,0.000000e+00
4.733058e-01,8.143634e-03,4.866378e-02,4.731419e-02,2.187834e-02,3.013766e-02,7.868269e-03,4.185783e-02,7.520698e-02,7.787337e-03,2.173108e-02,1.143531e-01,8.220603e-02,3.336252e-03,1.620965e-02
4.631221e-01,6.777881e-03,1.339134e-01,5.210338e-02,2.125124e-02,2.950350e-02,6.872343e-03,3.495707e-02,5.771818e-02,5.772533e-03,1.809531e-02,9.268800e-02,6.217094e-02,2.813609e-03,1.224045e-02
4.856756e-01,8.086324e-03,1.313462e-01,5.138515e-02,1.877050e-02,3.680189e-02,5.652323e-03,2.604284e-02,4.707534e-02,5.294650e-03,1.857153e-02,9.797665e-02,5.272742e-02,2.962532e-03,1.163103e-02
4.266595e-01,1.576793e-02,1.840146e-01,6.562009e-02,2.501040e-02,4.461589e-02,4.988651e-03,2.600459e-02,4.256576e-02,6.943523e-03,1.986655e-02,8.181559e-02,4.249147e-02,3.652279e-03,9.983170e-03
3.489780e-01,1.784416e-02,2.442993e-01,1.260234e-01,2.315626e-02,4.820598e-02,3.824995e-03,2.444912e-02,3.885378e-02,7.002065e-03,1.513045e-02,6.011653e-02,3.104020e-02,2.939879e-03,8.135878e-03
2.824291e-01,1.368967e-02,3.765792e-01,1.261310e-01,1.879038e-02,3.824318e-02,2.892162e-03,1.940738e-02,2.874410e-02,6.471795e-03,1.187166e-02,4.365762e-02,2.250106e-02,2.256171e-03,6.335529e-03
2.506209e-01,1.174454e-02,4.248145e-01,1.483807e-01,1.591489e-02,2.944451e-02,2.175309e-03,1.593211e-02,2.541894e-02,8.217240e-03,1.107037e-02,3.243707e-02,1.714708e-02,1.738967e-03,4.942918e-03
2.732165e-01,1.060592e-02,4.059922e-01,1.322619e-01,1.384319e-02,2.513245e-02,1.947430e-03,1.260342e-02,2.436003e-02,2.424841e-02,1.467268e-02,3.286901e-02,1.734588e-02,2.097225e-03,8.803815e-03
3.211831e-01,1.125437e-02,3.345229e-01,1.615267e-01,2.174965e-02,2.283361e-02,4.590939e-03,1.380990e-02,2.138892e-02,1.916751e-02,1.222708e-02,2.878606e-02,1.754960e-02,1.989443e-03,7.420198e-03
4.258394e-01,1.328557e-02,2.465487e-01,1.297927e-01,2.050171e-02,2.572003e-02,4.924297e-03,1.449284e-02,1.940744e-02,1.580468e-02,1.051659e-02,3.797469e-02,2.438165e-02,2.412921e-03,8.396809e-03
4.847078e-01,1.306747e-02,1.823721e-01,1.138696e-01,2.486974e-02,2.893436e-02,5.221242e-03,1.734658e-02,1.804197e-02,1.404987e-02,1.091413e-02,4.832963e-02,2.572074e-02,3.382007e-03,9.172563e-03
1.000000e+00,0.000000e+00,0.000000e+00,0.000000e+00,0.000000e+00,0.000000e+00,0.000000e+00,0.000000e+00,0.000000e+00,0.000000e+00,0.000000e+00,0.000000e+00,0.000000e+00,0.000000e+00,0.000000e+00
1.000000e+00,0.000000e+00,0.000000e+00,0.000000e+00,0.000000e+00,0.000000e+00,0.000000e+00,0.000000e+00,0.000000e+00,0.000000e+00,0.000000e+00,0.000000e+00,0.000000e+00,0.000000e+00,0.000000e+00
1.000000e+00,0.000000e+00,0.000000e+00,0.000000e+00,0.000000e+00,0.000000e+00,0.000000e+00,0.000000e+00,0.000000e+00,0.000000e+00,0.000000e+00,0.000000e+00,0.000000e+00,0.000000e+00,0.000000e+00
1.000000e+00,0.000000e+00,0.000000e+00,0.000000e+00,0.000000e+00,0.000000e+00,0.000000e+00,0.000000e+00,0.000000e+00,0.000000e+00,0.000000e+00,0.000000e+00,0.000000e+00,0.000000e+00,0.000000e+00
1.000000e+00,0.000000e+00,0.000000e+00,0.000000e+00,0.000000e+00,0.000000e+00,0.000000e+00,0.000000e+00,0.000000e+00,0.000000e+00,0.000000e+00,0.000000e+00,0.000000e+00,0.000000e+00,0.000000e+00
1.000000e+00,0.000000e+00,0.000000e+00,0.000000e+00,0.000000e+00,0.000000e+00,0.000000e+00,0.000000e+00,0.000000e+00,0.000000e+00,0.000000e+00,0.000000e+00,0.000000e+00,0.000000e+00,0.000000e+00
1.000000e+00,0.000000e+00,0.000000e+00,0.000000e+00,0.000000e+00,0.000000e+00,0.000000e+00,0.000000e+00,0.000000e+00,0.000000e+00,0.000000e+00,0.000000e+00,0.000000e+00,0.000000e+00,0.000000e+00
1.000000e+00,0.000000e+00,0.000000e+00,0.000000e+00,0.000000e+00,0.000000e+00,0.000000e+00,0.000000e+00,0.000000e+00,0.000000e+00,0.000000e+00,0.000000e+00,0.000000e+00,0.000000e+00,0.000000e+00
1.000000e+00,0.000000e+00,0.000000e+00,0.000000e+00,0.000000e+00,0.000000e+00,0.000000e+00,0.000000e+00,0.000000e+00,0.000000e+00,0.000000e+00,0.000000e+00,0.000000e+00,0.000000e+00,0.000000e+00
1.000000e+00,0.000000e+00,0.000000e+00,0.000000e+00,0.000000e+00,0.000000e+00,0.000000e+00,0.000000e+00,0.000000e+00,0.000000e+00,0.000000e+00,0.000000e+00,0.000000e+00,0.000000e+00,0.000000e+00
1.000000e+00,0.000000e+00,0.000000e+00,0.000000e+00,0.000000e+00,0.000000e+00,0.000000e+00,0.000000e+00,0.000000e+00,0.000000e+00,0.000000e+00,0.000000e+00,0.000000e+00,0.000000e+00,0.000000e+00
1.000000e+00,0.000000e+00,0.000000e+00,0.000000e+00,0.000000e+00,0.000000e+00,0.000000e+00,0.000000e+00,0.000000e+00,0.000000e+00,0.000000e+00,0.000000e+00,0.000000e+00,0.000000e+00,0.000000e+00
4.051331e-01,1.141737e-02,1.429040e-02,1.166811e-02,5.324158e-03,1.620827e-02,1.718312e-03,5.519683e-03,9.298876e-03,4.024009e-03,2.894822e-01,2.052183e-01,3.677389e-03,8.419303e-03,8.600451e-03
2.918262e-01,9.450154e-03,2.223409e-01,1.524022e-02,5.446331e-03,1.332189e-02,1.394181e-03,8.223432e-03,7.971806e-03,3.782549e-03,2.526393e-01,1.532609e-01,2.643331e-03,6.210890e-03,6.247890e-03
2.101407e-01,9.610604e-03,1.939039e-01,1.404240e-02,7.563639e-03,1.285577e-02,1.446809e-03,7.546817e-03,9.550709e-03,3.426011e-03,3.949599e-01,1.223518e-01,1.956539e-03,5.693198e-03,4.951300e-03
1.621690e-01,7.863614e-03,1.563278e-01,1.397822e-02,8.533932e-03,1.200029e-02,1.486587e-03,1.069237e-02,2.097772e-02,5.178415e-03,4.933206e-01,9.392677e-02,1.611207e-03,8.272551e-03,3.660962e-03
1.354874e-01,7.170698e-03,1.216233e-01,1.357966e-02,1.024326e-02,1.044212e-02,1.364878e-03,1.403085e-02,3.229783e-02,7.067212e-03,5.501265e-01,7.662156e-02,1.404851e-03,1.564077e-02,2.899079e-03
1.035903e-01,6.321573e-03,1.097029e-01,1.744323e-02,1.351576e-02,8.624337e-03,1.086794e-03,1.889064e-02,4.372481e-02,1.170233e-02,5.929422e-01,5.609594e-02,1.157652e-03,1.294371e-02,2.257717e-03
8.351315e-02,6.588832e-03,8.920091e-02,1.811580e-02,1.587114e-02,6.773369e-03,8.116331e-04,1.743764e-02,6.383768e-02,1.757535e-02,6.258496e-01,4.026625e-02,9.565958e-04,1.120102e-02,2.000997e-03
7.013211e-02,6.808344e-03,7.064863e-02,1.616743e-02,1.642248e-02,5.772192e-03,6.092435e-04,1.465947e-02,8.288375e-02,3.101081e-02,6.369981e-01,2.900903e-02,9.279040e-04,1.573747e-02,2.212970e-03
6.476575e-02,6.478889e-03,5.776573e-02,1.939436e-02,1.914696e-02,5.481338e-03,6.430300e-04,1.754135e-02,8.825118e-02,2.785588e-02,6.478559e-01,2.105240e-02,8.392111e-04,2.039377e-02,2.534261e-03
5.611241e-02,8.990667e-03,4.591304e-02,2.056172e-02,1.992354e-02,4.944729e-03,5.996047e-04,2.142248e-02,1.134759e-01,2.430569e-02,6.436826e-01,1.505571e-02,7.110861e-04,2.129222e-02,3.008649e-03
5.075023e-02,1.087162e-02,3.764288e-02,1.908647e-02,1.763246e-02,5.133600e-03,4.882257e-04,2.442096e-02,1.050989e-01,2.063085e-02,6.716175e-01,1.086170e-02,6.187733e-04,2.204769e-02,3.098146e-03
7.002710e-02,1.641148e-02,4.116865e-02,1.893453e-02,1.687879e-02,7.387563e-03,6.139778e-04,2.851002e-02,9.908494e-02,1.772866e-02,6.423680e-01,8.202424e-03,8.307255e-04,2.638753e-02,5.465667e-03
7.290269e-02,2.167742e-02,3.139745e-02,1.610009e-02,1.586179e-02,1.195441e-02,5.046200e-04,2.270868e-02,9.661141e-02,1.449302e-02,6.482266e-01,6.708295e-03,7.686191e-04,3.429909e-02,5.785741e-03
9.556197e-02,2.250724e-02,4.630353e-02,3.320419e-02,3.292757e-02,1.917237e-02,7.840609e-04,3.044301e-02,1.221304e-01,1.220404e-02,5.312457e-01,6.764470e-03,1.261025e-03,3.704631e-02,8.444090e-03
1.054604e-01,2.966403e-02,4.392457e-02,3.239238e-02,2.823030e-02,6.878433e-02,8.203862e-04,2.438625e-02,1.351712e-01,1.111963e-02,4.599192e-01,6.214653e-03,1.408543e-03,4.182637e-02,1.067772e-02
1.825289e-01,4.516394e-02,6.149483e-02,3.353052e-02,2.335419e-02,1.091249e-01,8.346827e-04,1.822699e-02,1.131233e-01,9.071251e-03,3.451824e-01,6.080315e-03,1.748703e-03,4.130922e-02,9.225866e-03
2.247077e-01,4.946700e-02,1.560818e-01,4.795301e-02,2.775175e-02,8.518384e-02,6.988952e-04,1.362359e-02,8.596808e-02,6.776372e-03,2.479614e-01,7.745611e-03,2.760711e-03,3.531123e-02,8.009056e-03
2.660428e-01,4.805413e-02,1.747083e-01,8.359970e-02,2.852196e-02,6.839813e-02,8.854290e-04,1.102791e-02,6.881454e-02,5.312779e-03,1.781332e-01,1.551704e-02,3.841886e-03,3.882229e-02,8.319844e-03
3.329512e-01,4.043364e-02,1.745982e-01,1.240852e-01,2.516579e-02,5.244915e-02,8.839833e-04,8.467528e-03,5.355578e-02,4.008170e-03,1.261707e-01,1.422492e-02,4.348906e-03,3.062646e-02,8.030444e-03
4.120806e-01,3.879667e-02,1.684541e-01,1.144641e-01,2.346445e-02,4.331608e-02,1.215858e-03,6.877045e-03,4.168276e-02,3.342656e-03,9.052570e-02,1.594979e-02,5.155312e-03,2.575932e-02,8.915551e-03
1.000000e+00,0.000000e+00,0.000000e+00,0.000000e+00,0.000000e+00,0.000000e+00,0.000000e+00,0.000000e+00,0.000000e+00,0.000000e+00,0.000000e+00,0.000000e+00,0.000000e+00,0.000000e+00,0.000000e+00
1.000000e+00,0.000000e+00,0.000000e+00,0.000000e+00,0.000000e+00,0.000000e+00,0.000000e+00,0.000000e+00,0.000000e+00,0.000000e+00,0.000000e+00,0.000000e+00,0.000000e+00,0.000000e+00,0.000000e+00
1.000000e+00,0.000000e+00,0.000000e+00,0.000000e+00,0.000000e+00,0.000000e+00,0.000000e+00,0.000000e+00,0.000000e+00,0.000000e+00,0.000000e+00,0.000000e+00,0.000000e+00,0.000000e+00,0.000000e+00
1.000000e+00,0.000000e+00,0.000000e+00,0.000000e+00,0.000000e+00,0.000000e+00,0.000000e+00,0.000000e+00,0.000000e+00,0.000000e+00,0.000000e+00,0.000000e+00,0.000000e+00,0.000000e+00,0.000000e+00
1.000000e+00,0.000000e+00,0.000000e+00,0.000000e+00,0.000000e+00,0.000000e+00,0.000000e+00,0.000000e+00,0.000000e+00,0.000000e+00,0.000000e+00,0.000000e+00,0.000000e+00,0.000000e+00,0.000000e+00
1.000000e+00,0.000000e+00,0.000000e+00,0.000000e+00,0.000000e+00,0.000000e+00,0.000000e+00,0.000000e+00,0.000000e+00,0.000000e+00,0.000000e+00,0.000000e+00,0.000000e+00,0.000000e+00,0.000000e+00
1.000000e+00,0.000000e+00,0.000000e+00,0.000000e+00,0.000000e+00,0.000000e+00,0.000000e+00,0.000000e+00,0.000000e+00,0.000000e+00,0.000000e+00,0.000000e+00,0.000000e+00,0.000000e+00,0.000000e+00
1.000000e+00,0.000000e+00,0.000000e+00,0.000000e+00,0.000000e+00,0.000000e+00,0.000000e+00,0.000000e+00,0.000000e+00,0.000000e+00,0.000000e+00,0.000000e+00,0.000000e+00,0.000000e+00,0.000000e+00
1.000000e+00,0.000000e+00,0.000000e+00,0.000000e+00,0.000000e+00,0.000000e+00,0.000000e+00,0.000000e+00,0.000000e+00,0.000000e+00,0.000000e+00,0.000000e+00,0.000000e+00,0.000000e+00,0.000000e+00
1.000000e+00,0.000000e+00,0.000000e+00,0.000000e+00,0.000000e+00,0.000000e+00,0.000000e+00,0.000000e+00,0.000000e+00,0.000000e+00,0.000000e+00,0.000000e+00,0.000000e+00,0.000000e+00,0.000000e+00
1.000000e+00,0.000000e+00,0.000000e+00,0.000000e+00,0.000000e+00,0.000000e+00,0.000000e+00,0.000000e+00,0.000000e+00,0.000000e+00,0.000000e+00,0.000000e+00,0.000000e+00,0.000000e+00,0.000000e+00
1.000000e+00,0.000000e+00,0.000000e+00,0.000000e+00,0.000000e+00,0.000000e+00,0.000000e+00,0.000000e+00,0.000000e+00,0.000000e+00,0.000000e+00,0.000000e+00,0.000000e+00,0.000000e+00,0.000000e+00
1.000000e+00,0.000000e+00,0.000000e+00,0.000000e+00,0.000000e+00,0.000000e+00,0.000000e+00,0.000000e+00,0.000000e+00,0.000000e+00,0.000000e+00,0.000000e+00,0.000000e+00,0.000000e+00,0.000000e+00
1.000000e+00,0.000000e+00,0.000000e+00,0.000000e+00,0.000000e+00,0.000000e+00,0.000000e+00,0.000000e+00,0.000000e+00,0.000000e+00,0.000000e+00,0.000000e+00,0.000000e+00,0.000000e+00,0.000000e+00
1.000000e+00,0.000000e+00,0.000000e+00,0.000000e+00,0.000000e+00,0.000000e+00,0.000000e+00,0.000000e+00,0.000000e+00,0.000000e+00,0.000000e+00,0.000000e+00,0.000000e+00,0.000000e+00,0.000000e+00
1.000000e+00,0.000000e+00,0.000000e+00,0.000000e+00,0.000000e+00,0.000000e+00,0.000000e+00,0.000000e+00,0.000000e+00,0.000000e+00,0.000000e+00,0.000000e+00,0.000000e+00,0.000000e+00,0.000000e+00
1.000000e+00,0.000000e+00,0.000000e+00,0.000000e+00,0.000000e+00,0.000000e+00,0.000000e+00,0.000000e+00,0.000000e+00,0.000000e+00,0.000000e+00,0.000000e+00,0.000000e+00,0.000000e+00,0.000000e+00
1.000000e+00,0.000000e+00,0.000000e+00,0.000000e+00,0.000000e+00,0.000000e+00,0.000000e+00,0.000000e+00,0.000000e+00,0.000000e+00,0.000000e+00,0.000000e+00,0.000000e+00,0.000000e+00,0.000000e+00
1.000000e+00,0.000000e+00,0.000000e+00,0.000000e+00,0.000000e+00,0.000000e+00,0.000000e+00,0.000000e+00,0.000000e+00,0.000000e+00,0.000000e+00,0.000000e+00,0.000000e+00,0.000000e+00,0.000000e+00
1.000000e+00,0.000000e+00,0.000000e+00,0.000000e+00,0.000000e+00,0.000000e+00,0.000000e+00,0.000000e+00,0.000000e+00,0.000000e+00,0.000000e+00,0.000000e+00,0.000000e+00,0.000000e+00,0.000000e+00
1.000000e+00,0.000000e+00,0.000000e+00,0.000000e+00,0.000000e+00,0.000000e+00,0.000000e+00,0.000000e+00,0.000000e+00,0.000000e+00,0.000000e+00,0.000000e+00,0.000000e+00,0.000000e+00,0.000000e+00
1.000000e+00,0.000000e+00,0.000000e+00,0.000000e+00,0.000000e+00,0.000000e+00,0.000000e+00,0.000000e+00,0.000000e+00,0.000000e+00,0.000000e+00,0.000000e+00,0.000000e+00,0.000000e+00,0.000000e+00
1.000000e+00,0.000000e+00,0.000000e+00,0.000000e+00,0.000000e+00,0.000000e+00,0.000000e+00,0.000000e+00,0.000000e+00,0.000000e+00,0.000000e+00,0.000000e+00,0.000000e+00,0.000000e+00,0.000000e+00
1.000000e+00,0.000000e+00,0.000000e+00,0.000000e+00,0.000000e+00,0.000000e+00,0.000000e+00,0.000000e+00,0.000000e+00,0.000000e+00,0.000000e+00,0.000000e+00,0.000000e+00,0.000000e+00,0.000000e+00
1.000000e+00,0.000000e+00,0.000000e+00,0.000000e+00,0.000000e+00,0.000000e+00,0.000000e+00,0.000000e+00,0.000000e+00,0.000000e+00,0.000000e+00,0.000000e+00,0.000000e+00,0.000000e+00,0.000000e+00
1.000000e+00,0.000000e+00,0.000000e+00,0.000000e+00,0.000000e+00,0.000000e+00,0.000000e+00,0.000000e+00,0.000000e+00,0.000000e+00,0.000000e+00,0.000000e+00,0.000000e+00,0.000000e+00,0.000000e+00
1.000000e+00,0.000000e+00,0.000000e+00,0.000000e+00,0.000000e+00,0.000000e+00,0.000000e+00,0.000000e+00,0.000000e+00,0.000000e+00,0.000000e+00,0.000000e+00,0.000000e+00,0.000000e+00,0.000000e+00
1.000000e+00,0.000000e+00,0.000000e+00,0.000000e+00,0.000000e+00,0.000000e+00,0.000000e+00,0.000000e+00,0.000000e+00,0.000000e+00,0.000000e+00,0.000000e+00,0.000000e+00,0.000000e+00,0.000000e+00
1.000000e+00,0.000000e+00,0.000000e+00,0.000000e+00,0.000000e+00,0.000000e+00,0.000000e+00,0.000000e+00,0.000000e+00,0.000000e+00,0.000000e+00,0.000000e+00,0.000000e+00,0.000000e+00,0.000000e+00
1.000000e+00,0.000000e+00,0.000000e+00,0.000000e+00,0.000000e+00,0.000000e+00,0.000000e+00,0.000000e+00,0.000000e+00,0.000000e+00,0.000000e+00,0.000000e+00,0.000000e+00,0.000000e+00,0.000000e+00
1.000000e+00,0.000000e+00,0.000000e+00,0.000000e+00,0.000000e+00,0.000000e+00,0.000000e+00,0.000000e+00,0.000000e+00,0.000000e+00,0.000000e+00,0.000000e+00,0.000000e+00,0.000000e+00,0.000000e+00
3.968780e-01,2.966751e-02,9.451895e-03,4.083448e-02,8.153694e-03,1.678752e-02,9.868628e-03,9.622595e-02,2.497963e-01,1.257926e-02,2.681933e-02,1.270053e-02,1.898844e-02,1.163303e-02,5.961543e-02
3.042085e-01,2.698654e-02,8.555155e-03,5.273195e-02,6.291115e-03,1.248039e-02,7.157204e-03,7.557213e-02,3.625161e-01,1.207528e-02,2.533798e-02,9.574172e-03,1.822959e-02,1.163179e-02,6.665216e-02
2.315836e-01,2.321960e-02,7.020253e-03,3.918451e-02,9.280762e-03,1.106712e-02,5.160199e-03,5.425289e-02,2.649610e-01,1.252542e-02,1.937166e-01,7.745239e-03,2.425808e-02,2.853715e-02,8.748762e-02
2.302937e-01,2.993100e-02,8.297076e-03,3.209977e-02,1.877445e-02,1.018779e-02,3.974584e-03,4.169574e-02,2.565447e-01,1.293616e-02,1.688659e-01,6.217021e-03,2.383859e-02,6.718989e-02,8.915366e-02
2.286862e-01,3.692774e-02,3.625681e-02,2.741775e-02,1.480137e-02,1.228613e-02,3.240741e-03,3.071193e-02,1.958604e-01,1.350976e-02,1.222194e-01,5.695299e-03,2.042214e-02,9.963347e-02,1.523309e-01
2.770815e-01,3.093445e-02,2.871175e-02,1.966667e-02,1.150891e-02,1.353220e-02,2.797727e-03,2.191052e-02,1.433138e-01,1.714935e-02,9.221403e-02,5.096422e-03,1.631413e-02,1.490937e-01,1.706749e-01
2.812974e-01,3.211889e-02,2.770926e-02,1.477655e-02,9.569537e-03,1.831413e-02,2.809762e-03,1.634693e-02,1.122818e-01,2.818265e-02,7.089191e-02,4.694112e-03,1.382023e-02,1.446509e-01,2.225359e-01
2.507634e-01,2.740392e-02,2.512988e-02,1.201288e-02,8.770246e-03,2.028344e-02,2.509895e-03,1.218726e-02,1.228333e-01,3.168796e-02,6.741608e-02,4.255720e-03,1.459487e-02,1.823414e-01,2.178098e-01
2.140827e-01,2.188369e-02,1.974109e-02,9.052543e-03,8.251414e-03,1.898316e-02,2.211418e-03,8.947845e-03,1.192217e-01,3.135952e-02,5.956339e-02,3.833408e-03,1.284625e-02,2.533100e-01,2.167119e-01
1.862545e-01,1.716274e-02,1.547463e-02,6.931382e-03,6.884457e-03,1.557102e-02,1.803056e-03,6.715584e-03,1.086111e-01,3.823327e-02,7.106600e-02,3.421472e-03,1.100577e-02,3.424613e-01,1.684038e-01
1.345531e-01,1.302623e-02,1.150241e-02,5.207422e-03,5.398108e-03,1.235824e-02,1.382167e-03,4.819502e-03,1.157502e-01,4.923514e-02,6.982116e-02,3.090866e-03,9.479333e-03,4.132950e-01,1.510812e-01
1.013395e-01,9.885608e-03,8.426065e-03,3.786903e-03,4.394097e-03,1.355610e-02,1.122689e-03,3.553088e-03,9.436514e-02,4.163507e-02,1.202990e-01,2.982661e-03,8.164797e-03,4.691635e-01,1.173258e-01
7.283932e-02,1.016600e-02,6.387151e-03,3.011075e-03,4.957362e-03,1.131822e-02,8.471874e-04,2.591550e-03,1.483643e-01,3.542180e-02,1.062087e-01,3.397210e-03,7.107392e-03,4.992108e-01,8.817199e-02
5.314051e-02,9.145515e-03,4.974891e-03,2.312151e-03,4.334607e-03,1.039360e-02,6.230022e-04,1.862922e-03,1.624497e-01,2.822252e-02,9.252523e-02,2.889564e-03,5.311616e-03,5.577630e-01,6.405117e-02
4.194232e-02,9.591918e-03,4.487863e-03,2.778101e-03,4.049545e-03,8.521202e-03,6.284873e-04,1.456621e-03,2.935526e-01,2.369053e-02,8.156663e-02,2.339940e-03,3.834144e-03,4.757917e-01,4.576845e-02
3.153848e-02,8.672101e-03,5.302789e-03,2.321787e-03,3.410367e-03,7.249197e-03,5.278485e-04,1.217478e-03,2.864621e-01,2.011620e-02,7.610691e-02,2.414162e-03,2.845338e-03,5.191199e-01,3.269546e-02
2.356222e-02,7.074034e-03,3.935126e-03,1.795490e-03,2.639168e-03,5.446166e-03,3.843083e-04,8.840318e-04,2.557139e-01,1.609555e-02,8.441764e-02,2.287678e-03,2.101791e-03,5.704237e-01,2.323917e-02
1.709622e-02,6.304908e-03,3.039943e-03,1.515526e-03,2.148747e-03,4.342172e-03,2.916047e-04,6.469889e-04,2.372308e-01,1.700290e-02,1.358555e-01,2.392623e-03,1.708146e-03,5.537158e-01,1.670810e-02
1.414951e-02,5.730622e-03,3.188839e-03,1.393413e-03,1.973280e-03,3.658510e-03,2.666423e-04,5.275127e-04,2.486261e-01,1.386616e-02,1.307938e-01,2.736160e-03,1.341789e-03,5.597854e-01,1.196234e-02
1.146727e-02,9.594416e-03,4.418580e-03,1.116351e-03,1.667618e-03,4.636050e-03,2.279103e-04,4.650532e-04,2.563497e-01,1.276356e-02,1.164445e-01,3.066435e-03,1.054500e-03,5.672014e-01,9.526670e-03
9.531716e-03,1.202614e-02,8.084799e-03,1.053486e-03,1.543632e-03,7.793120e-03,2.044857e-04,6.100980e-04,3.925912e-01,1.206521e-02,8.693518e-02,2.321440e-03,7.854411e-04,4.567335e-01,7.720592e-03
7.566503e-03,1.862478e-02,8.956531e-03,1.031043e-03,1.744948e-03,1.357782e-02,1.613474e-04,6.146198e-04,4.952753e-01,1.075069e-02,6.237939e-02,1.664790e-03,5.810192e-04,3.708327e-01,6.238525e-03
8.773318e-03,1.782123e-02,4.794551e-02,3.109800e-03,4.254819e-03,1.872415e-02,2.034206e-04,2.217220e-03,5.632824e-01,9.588763e-03,4.469389e-02,1.225071e-03,4.854844e-04,2.709516e-01,6.723370e-03
7.883371e-03,1.373597e-02,4.146975e-02,2.569353e-03,5.130352e-03,1.500525e-02,1.532094e-04,2.259069e-03,6.513152e-01,7.759809e-03,3.181522e-02,8.670610e-04,3.531620e-04,2.144672e-01,5.215967e-03
1.384459e-02,1.098835e-02,3.484300e-02,2.269046e-03,6.370289e-03,1.394209e-02,1.383768e-04,2.023066e-03,6.428847e-01,1.087281e-02,2.411855e-02,6.566400e-04,3.376713e-04,2.242656e-01,1.244524e-02
4.724532e-02,8.448907e-03,7.247532e-02,1.182932e-02,8.590328e-03,1.124324e-02,2.664783e-04,3.382133e-03,5.908676e-01,2.233899e-02,1.961568e-02,7.462060e-04,4.536918e-04,1.854002e-01,1.709654e-02
7.087174e-02,6.358582e-03,5.790443e-02,1.080986e-02,1.057596e-02,8.794028e-03,3.098963e-04,5.214852e-03,5.910490e-01,3.086066e-02,1.752232e-02,7.469197e-04,4.420109e-04,1.733451e-01,1.519468e-02
7.691169e-02,4.970747e-03,4.534197e-02,8.525408e-03,9.026526e-03,7.214264e-03,3.117948e-04,5.313695e-03,6.384541e-01,3.511077e-02,1.437541e-02,7.628810e-04,4.190840e-04,1.374303e-01,1.583132e-02
7.762083e-02,3.832783e-03,3.337102e-02,6.400460e-03,7.281416e-03,6.426937e-03,2.904025e-04,4.679651e-03,6.822411e-01,3.300431e-02,1.103444e-02,7.014389e-04,3.967960e-04,1.177729e-01,1.494557e-02
9.264947e-02,3.655208e-03,2.533915e-02,6.077024e-03,7.530895e-03,7.809951e-03,3.776573e-04,5.200669e-03,6.953223e-01,2.784529e-02,9.978591e-03,8.317234e-04,5.567460e-04,1.013314e-01,1.549391e-02
1.481699e-01,5.904735e-03,3.213689e-02,1.862010e-02,1.173195e-02,1.044327e-02,1.316011e-03,9.673946e-03,6.187582e-01,2.284380e-02,1.319112e-02,3.693137e-03,2.300163e-03,7.911086e-02,2.210593e-02
2.037566e-01,5.676954e-03,2.812424e-02,1.752884e-02,1.241735e-02,1.178332e-02,1.664721e-03,9.623347e-03,5.775251e-01,2.147113e-02,1.208580e-02,4.898963e-03,2.541485e-03,6.367318e-02,2.722895e-02
3.013565e-01,6.066540e-03,3.143467e-02,1.650655e-02,1.190248e-02,1.816536e-02,1.718054e-03,7.631522e-03,4.830638e-01,1.762995e-02,1.099900e-02,6.081180e-03,2.766438e-03,5.683020e-02,2.784775e-02
4.069577e-01,5.857750e-03,2.810365e-02,1.443517e-02,1.054867e-02,1.737488e-02,1.815089e-03,5.897720e-03,3.914314e-01,1.503621e-02,9.228249e-03,6.272716e-03,2.721597e-03,5.777075e-02,2.654842e-02
1.000000e+00,0.000000e+00,0.000000e+00,0.000000e+00,0.000000e+00,0.000000e+00,0.000000e+00,0.000000e+00,0.000000e+00,0.000000e+00,0.000000e+00,0.000000e+00,0.000000e+00,0.000000e+00,0.000000e+00
3.784525e-01,4.594574e-03,1.756609e-02,1.048452e-02,6.514350e-03,1.070261e-02,1.217623e-03,3.341279e-03,2.239801e-01,1.655292e-02,5.652788e-03,4.768244e-03,3.359020e-03,3.819862e-02,2.746147e-01
3.245295e-01,4.442843e-03,1.858312e-02,2.009506e-02,5.029305e-03,8.938002e-03,1.438610e-03,4.503462e-03,1.734400e-01,2.100085e-02,1.111032e-02,5.434577e-03,7.034748e-03,4.185482e-02,3.525648e-01
2.737872e-01,6.274753e-03,3.452623e-02,1.827052e-02,4.079397e-03,8.414166e-03,1.171978e-03,4.173751e-03,1.301947e-01,5.525358e-02,1.473173e-02,7.271049e-03,1.234526e-02,6.647505e-02,3.630306e-01
2.230963e-01,6.836569e-03,3.281222e-02,1.385026e-02,3.282034e-03,7.201154e-03,8.676291e-04,3.325467e-03,9.671545e-02,1.588852e-01,1.479351e-02,6.831662e-03,1.419613e-02,9.907137e-02,3.182350e-01
1.765574e-01,6.251670e-03,2.577171e-02,1.145610e-02,2.858688e-03,7.359783e-03,6.695733e-04,2.515284e-03,8.106691e-02,2.664021e-01,2.267938e-02,8.613170e-03,2.748620e-02,7.701908e-02,2.832929e-01
1.828287e-01,7.986479e-03,3.212294e-02,1.281076e-02,5.627602e-03,1.145646e-02,6.576207e-04,2.313761e-03,7.545159e-02,2.446302e-01,2.132485e-02,7.622148e-03,2.688001e-02,6.073939e-02,3.075475e-01
2.493232e-01,1.029804e-02,2.562097e-02,1.339962e-02,8.671284e-03,1.480177e-02,7.482835e-04,1.919869e-03,5.956587e-02,1.981904e-01,2.556061e-02,6.732867e-03,3.265247e-02,5.323845e-02,2.992763e-01
1.948197e-01,1.003591e-02,1.977822e-02,9.889428e-03,8.495867e-03,1.244631e-02,7.007054e-04,1.563764e-03,6.404453e-02,1.627657e-01,2.869396e-02,5.342599e-03,3.454326e-02,5.117706e-02,3.957030e-01
1.511482e-01,1.129911e-02,1.602270e-02,7.688563e-03,1.079207e-02,1.087616e-02,7.659880e-04,1.432349e-03,5.516416e-02,1.221941e-01,4.268546e-02,4.845619e-03,3.593514e-02,8.084302e-02,4.483075e-01
1.147501e-01,1.682275e-02,2.251656e-02,1.366288e-02,1.193175e-02,1.206230e-02,1.058805e-03,2.771069e-03,1.098415e-01,9.691668e-02,3.894069e-02,6.396303e-03,3.700947e-02,7.909919e-02,4.362199e-01
1.165181e-01,1.498980e-02,2.290995e-02,1.142840e-02,9.554125e-03,1.417029e-02,2.036967e-03,2.470804e-03,9.368101e-02,7.745248e-02,3.548735e-02,6.429085e-03,3.776734e-02,1.487309e-01,4.063734e-01
1.032647e-01,1.262940e-02,1.872389e-02,8.576294e-03,7.408842e-03,1.280570e-02,2.303585e-03,2.217190e-03,7.538810e-02,6.047887e-02,2.964772e-02,5.164586e-03,3.303345e-02,2.670406e-01,3.613170e-01
9.807674e-02,1.179887e-02,2.444677e-02,7.276180e-03,1.036904e-02,9.904560e-03,2.361914e-03,3.039199e-03,7.787132e-02,4.795367e-02,3.513282e-02,7.473081e-03,6.272240e-02,2.691672e-01,3.324063e-01
8.637293e-02,9.685894e-03,2.065671e-02,6.290039e-03,1.806679e-02,7.319052e-03,2.370761e-03,3.431535e-03,8.045224e-02,3.756699e-02,3.512587e-02,8.350943e-03,8.426809e-02,2.922290e-01,3.078131e-01
1.431489e-01,8.559019e-03,1.615193e-02,5.445966e-03,4.782777e-02,7.604575e-03,5.533205e-03,4.762526e-03,1.261234e-01,2.951056e-02,3.123545e-02,9.701738e-03,1.018166e-01,2.176262e-01,2.449522e-01
1.404039e-01,1.029942e-02,1.410640e-02,4.664026e-03,5.654334e-02,8.865116e-03,7.442376e-03,1.035175e-02,2.511126e-01,2.282020e-02,2.464369e-02,1.096308e-02,8.960611e-02,1.576414e-01,1.905366e-01
1.270399e-01,1.168816e-02,1.160869e-02,3.543570e-03,5.414701e-02,8.365144e-03,5.997633e-03,9.504967e-03,3.544403e-01,1.740691e-02,1.863266e-02,9.951640e-03,9.255365e-02,1.145037e-01,1.606159e-01
1.068749e-01,1.059061e-02,9.781816e-03,3.015033e-03,5.318911e-02,7.764498e-03,5.289279e-03,8.775530e-03,4.024439e-01,1.621089e-02,1.621800e-02,9.962255e-03,1.391929e-01,8.241032e-02,1.282809e-01
9.467182e-02,1.023856e-02,7.702070e-03,3.371595e-03,6.652875e-02,1.044390e-02,4.945859e-03,8.956358e-03,3.902934e-01,1.290451e-02,1.241853e-02,9.224728e-03,2.082826e-01,5.950455e-02,1.005127e-01
9.885085e-02,9.322461e-03,6.212594e-03,4.099297e-03,6.366386e-02,1.009304e-02,4.188622e-03,8.462049e-03,3.325738e-01,1.126551e-02,1.020920e-02,1.241569e-02,3.099480e-01,4.231737e-02,7.637759e-02
9.466494e-02,9.016168e-03,5.226399e-03,4.081540e-03,5.405754e-02,1.168476e-02,3.177806e-03,8.131779e-03,2.400099e-01,9.807914e-03,1.029848e-02,1.826306e-02,4.436492e-01,3.068065e-02,5.724983e-02
7.526261e-02,7.474100e-03,3.873813e-03,3.160573e-03,4.151101e-02,9.001223e-03,2.302402e-03,6.359770e-03,1.706007e-01,7.190212e-03,8.461770e-03,2.661262e-02,5.746738e-01,2.202455e-02,4.149088e-02
7.490581e-02,6.184625e-03,2.915182e-03,2.529640e-03,3.354081e-02,7.017476e-03,1.780512e-03,5.280373e-03,1.208294e-01,5.207375e-03,7.894550e-03,6.782411e-02,6.185812e-01,1.630836e-02,2.920052e-02
6.843072e-02,4.630968e-03,2.127248e-03,1.849864e-03,2.481299e-02,5.626226e-03,1.359177e-03,4.024560e-03,8.513233e-02,3.675594e-03,6.491722e-03,9.320907e-02,6.660758e-01,1.206646e-02,2.048719e-02
5.382522e-02,3.691900e-03,1.656382e-03,1.418988e-03,2.095243e-02,4.495543e-03,1.078135e-03,3.048934e-03,6.102630e-02,2.619353e-03,5.061534e-03,1.418817e-01,6.757185e-01,9.148020e-03,1.437702e-02
5.634733e-02,3.825902e-03,2.240567e-03,1.182729e-03,1.817149e-02,5.794655e-03,1.228488e-03,3.118340e-03,4.430488e-02,1.896635e-03,4.227020e-03,1.949025e-01,6.458029e-01,6.794294e-03,1.016224e-02
5.159567e-02,3.468130e-03,1.871282e-03,9.011901e-04,1.650946e-02,5.110655e-03,1.521706e-03,3.071127e-03,3.290464e-02,1.350580e-03,3.107244e-03,1.919442e-01,6.746795e-01,4.826832e-03,7.137826e-03
5.569449e-02,2.689986e-03,1.574142e-03,6.864362e-04,1.390166e-02,4.358456e-03,2.735303e-03,2.993398e-03,2.345005e-02,9.892052e-04,2.490022e-03,2.162256e-01,6.633751e-01,3.816103e-03,5.020085e-03
5.921593e-02,2.422627e-03,1.618742e-03,5.677103e-04,1.309830e-02,5.976187e-03,5.704471e-03,5.851024e-03,1.749626e-02,7.416497e-04,1.997817e-03,2.477387e-01,6.313035e-01,2.718552e-03,3.548450e-03
6.981824e-02,2.259892e-03,3.052386e-03,1.101759e-03,1.128611e-02,1.771907e-02,4.868033e-03,5.899453e-03,1.392467e-02,6.009708e-04,1.590516e-03,1.850105e-01,6.780514e-01,1.970690e-03,2.846307e-03
6.454905e-02,3.714519e-03,2.639377e-03,1.037834e-03,1.333774e-02,1.801574e-02,5.466938e-03,5.005946e-03,1.515003e-02,5.239465e-04,1.404301e-03,1.817229e-01,6.837415e-01,1.537903e-03,2.152273e-03
8.214596e-02,5.440232e-03,3.175984e-03,1.666174e-03,1.816862e-02,2.366238e-02,9.287649e-03,5.948180e-03,2.148436e-02,1.101564e-03,2.404698e-03,1.528708e-01,6.686965e-01,1.526870e-03,2.419975e-03
6.286591e-02,4.026361e-03,3.482164e-03,1.995371e-03,1.581830e-02,2.681242e-02,8.709855e-03,6.513164e-03,1.782990e-02,1.217070e-03,6.635314e-03,1.197065e-01,7.185504e-01,1.235147e-03,4.602078e-03
4.805261e-02,2.961156e-03,5.092944e-03,2.481129e-03,1.199760e-02,3.059581e-02,1.012271e-02,5.900563e-03,1.507874e-02,3.362441e-03,7.519820e-03,8.979971e-02,7.297026e-01,1.324409e-03,3.600781e-02
4.107575e-02,3.435637e-03,9.036449e-03,3.729417e-03,1.309107e-02,2.342071e-02,8.992970e-03,4.905542e-03,6.162237e-02,3.646045e-03,1.133258e-02,8.143309e-02,5.793739e-01,5.182130e-03,1.497224e-01
3.040534e-02,2.717914e-03,9.699693e-03,6.629023e-03,1.047332e-02,1.698888e-02,6.629277e-03,6.730137e-03,5.644537e-02,4.651810e-03,9.364680e-03,5.959399e-02,4.115513e-01,6.433126e-03,3.616862e-01
3.914516e-02,3.003989e-03,1.752553e-02,4.926891e-02,8.546377e-03,1.491688e-02,5.345956e-03,1.772867e-02,6.383234e-02,4.665600e-03,1.127118e-02,4.613310e-02,2.970804e-01,6.936445e-03,4.145994e-01
3.077309e-02,5.519093e-03,2.627397e-02,8.546750e-02,8.739629e-03,1.255630e-02,3.933868e-03,1.485466e-02,7.752457e-02,4.248086e-03,1.088269e-02,3.328207e-02,2.120564e-01,6.046852e-03,4.678412e-01
2.396935e-02,7.532524e-03,2.370893e-02,6.586719e-02,8.031547e-03,9.822223e-03,2.852171e-03,1.067392e-02,9.440451e-02,3.682422e-03,2.234378e-02,2.362713e-02,1.541165e-01,7.860836e-03,5.415070e-01
1.772469e-02,7.577056e-03,2.012930e-02,4.931701e-02,6.672963e-03,9.150457e-03,2.041074e-03,7.560727e-03,1.285439e-01,5.311589e-03,5.384261e-02,1.715715e-02,1.173245e-01,2.396706e-02,5.336798e-01
1.318516e-02,6.569623e-03,1.544260e-02,3.579361e-02,6.538027e-03,7.571822e-03,1.487801e-03,5.453841e-03,1.228807e-01,5.791224e-03,6.657340e-02,1.252530e-02,8.816271e-02,3.524497e-02,5.767792e-01
1.130977e-02,8.177479e-03,1.356970e-02,2.569406e-02,9.329665e-03,6.724524e-03,1.173368e-03,4.158581e-03,1.347485e-01,5.888886e-03,7.037543e-02,9.282489e-03,6.905186e-02,3.972489e-02,5.907908e-01
1.870972e-02,8.955345e-03,1.052014e-02,1.809346e-02,7.191568e-02,6.525795e-03,1.249984e-03,3.008985e-03,1.467366e-01,5.120306e-03,7.390042e-02,6.901501e-03,5.292560e-02,8.434471e-02,4.910918e-01
2.885191e-02,8.327423e-03,9.261637e-03,1.291894e-02,8.728807e-02,6.052078e-03,1.615896e-03,2.276564e-03,1.763410e-01,4.291924e-03,6.506380e-02,5.659467e-03,4.001946e-02,1.782779e-01,3.737540e-01
2.270142e-02,6.680813e-03,7.300924e-03,9.118583e-03,6.763765e-02,4.890006e-03,1.281635e-03,1.691304e-03,3.002423e-01,4.121774e-03,7.433558e-02,4.435208e-03,2.982634e-02,1.999721e-01,2.657644e-01
1.832232e-02,5.225805e-03,5.649793e-03,6.530252e-03,4.863803e-02,6.403917e-03,9.583312e-04,1.266557e-03,3.736456e-01,4.290192e-03,7.321306e-02,3.633653e-03,2.135452e-02,2.434523e-01,1.874157e-01
1.376743e-02,4.115026e-03,4.315678e-03,4.667829e-03,3.459892e-02,6.797730e-03,6.894737e-04,9.055074e-04,4.612513e-01,4.557076e-03,6.199599e-02,3.347196e-03,1.549574e-02,2.510694e-01,1.324257e-01
1.049320e-02,3.868096e-03,5.423892e-03,3.461810e-03,2.545096e-02,8.816598e-03,5.034830e-04,8.463901e-04,5.745991e-01,4.504078e-03,4.674110e-02,2.702405e-03,1.124617e-02,2.081231e-01,9.321959e-02
8.601676e-03,3.552872e-03,6.393854e-03,2.626799e-03,1.944665e-02,7.524142e-03,3.814604e-04,7.525251e-04,6.467937e-01,4.297991e-03,3.463101e-02,1.980944e-03,8.000753e-03,1.890722e-01,6.594347e-02
9.829175e-03,2.809713e-03,5.975540e-03,2.028652e-03,1.798062e-02,6.926546e-03,2.840701e-04,2.539287e-03,7.062426e-01,3.646465e-03,2.477168e-02,1.438430e-03,5.641285e-03,1.626760e-01,4.720999e-02
1.805990e-02,2.568053e-03,6.923802e-03,2.351400e-03,3.210849e-02,8.545652e-03,2.637770e-04,6.991274e-03,7.193832e-01,4.017866e-03,1.775257e-02,1.096740e-03,4.002293e-03,1.417247e-01,3.421026e-02
3.922798e-02,3.017627e-03,2.867657e-02,3.726070e-03,6.136363e-02,1.017167e-02,3.408481e-04,1.487859e-02,6.739290e-01,4.313693e-03,1.297736e-02,8.986937e-04,2.878316e-03,1.181350e-01,2.546493e-02
6.649776e-02,5.193039e-03,6.508221e-02,1.466426e-02,1.437249e-01,1.067108e-02,6.322218e-04,2.245581e-02,5.384096e-01,5.990070e-03,9.546167e-03,7.535116e-04,2.118989e-03,9.461754e-02,1.964287e-02
9.878540e-02,8.611802e-03,7.180997e-02,1.359223e-02,1.637742e-01,1.203516e-02,5.816066e-04,2.493824e-02,4.611944e-01,1.039391e-02,7.578907e-03,7.543571e-04,1.827341e-03,1.040549e-01,2.006762e-02
1.095601e-01,8.119888e-03,5.569213e-02,1.082112e-02,1.432334e-01,1.285169e-02,4.977257e-04,1.935968e-02,3.788243e-01,8.762055e-03,6.404971e-03,7.788049e-04,1.600134e-03,2.282965e-01,1.519752e-02
1.068158e-01,2.099070e-02,5.638884e-02,3.142506e-02,1.306711e-01,1.307978e-02,4.906018e-04,1.572632e-02,3.559657e-01,1.031760e-02,6.688837e-03,1.213395e-03,1.483279e-03,2.305070e-01,1.823602e-02
9.537560e-02,1.698603e-02,4.774813e-02,2.515384e-02,1.078286e-01,1.054617e-02,4.219822e-04,1.345449e-02,4.534497e-01,8.816798e-03,5.980044e-03,1.169895e-03,1.230881e-03,1.977166e-01,1.412122e-02
1.160460e-01,2.394548e-02,4.389367e-02,6.126025e-02,9.382074e-02,9.719295e-03,6.674483e-04,1.136030e-02,4.486995e-01,7.339895e-03,6.379853e-03,2.545760e-03,1.852593e-03,1.572239e-01,1.524537e-02
1.377702e-01,1.854973e-02,3.426280e-02,4.597467e-02,7.586929e-02,7.780742e-03,7.008300e-04,9.198343e-03,5.089583e-01,5.497360e-03,6.770915e-03,2.603345e-03,1.703697e-03,1.327188e-01,1.164095e-02
2.001355e-01,1.396636e-02,2.996732e-02,3.385706e-02,6.307346e-02,6.287155e-03,7.020609e-04,6.920455e-03,5.001105e-01,4.215955e-03,7.544404e-03,2.895985e-03,1.539951e-03,1.199927e-01,8.791141e-03
2.960336e-01,1.317946e-02,2.296229e-02,2.860518e-02,5.643976e-02,6.167179e-03,1.055470e-03,5.650532e-03,4.493766e-01,4.032944e-03,8.276088e-03,5.556243e-03,2.300291e-03,9.266099e-02,7.703427e-03
3.686872e-01,1.216100e-02,1.866930e-02,2.453815e-02,5.395241e-02,5.933967e-03,1.107041e-03,4.721141e-03,4.067048e-01,3.700588e-03,8.112616e-03,6.525021e-03,2.456384e-03,7.582373e-02,6.906587e-03
4.638010e-01,1.285527e-02,1.549718e-02,2.719313e-02,5.076179e-02,6.926418e-03,1.357887e-03,4.902582e-03,3.268111e-01,3.146655e-03,7.598362e-03,1.034400e-02,3.155142e-03,5.776850e-02,7.881010e-03
1.000000e+00,0.000000e+00,0.000000e+00,0.000000e+00,0.000000e+00,0.000000e+00,0.000000e+00,0.000000e+00,0.000000e+00,0.000000e+00,0.000000e+00,0.000000e+00,0.000000e+00,0.000000e+00,0.000000e+00
1.000000e+00,0.000000e+00,0.000000e+00,0.000000e+00,0.000000e+00,0.000000e+00,0.000000e+00,0.000000e+00,0.000000e+00,0.000000e+00,0.000000e+00,0.000000e+00,0.000000e+00,0.000000e+00,0.000000e+00
1.000000e+00,0.000000e+00,0.000000e+00,0.000000e+00,0.000000e+00,0.000000e+00,0.000000e+00,0.000000e+00,0.000000e+00,0.000000e+00,0.000000e+00,0.000000e+00,0.000000e+00,0.000000e+00,0.000000e+00
1.000000e+00,0.000000e+00,0.000000e+00,0.000000e+00,0.000000e+00,0.000000e+00,0.000000e+00,0.000000e+00,0.000000e+00,0.000000e+00,0.000000e+00,0.000000e+00,0.000000e+00,0.000000e+00,0.000000e+00
1.000000e+00,0.000000e+00,0.000000e+00,0.000000e+00,0.000000e+00,0.000000e+00,0.000000e+00,0.000000e+00,0.000000e+00,0.000000e+00,0.000000e+00,0.000000e+00,0.000000e+00,0.000000e+00,0.000000e+00
1.000000e+00,0.000000e+00,0.000000e+00,0.000000e+00,0.000000e+00,0.000000e+00,0.000000e+00,0.000000e+00,0.000000e+00,0.000000e+00,0.000000e+00,0.000000e+00,0.000000e+00,0.000000e+00,0.000000e+00
1.000000e+00,0.000000e+00,0.000000e+00,0.000000e+00,0.000000e+00,0.000000e+00,0.000000e+00,0.000000e+00,0.000000e+00,0.000000e+00,0.000000e+00,0.000000e+00,0.000000e+00,0.000000e+00,0.000000e+00
1.000000e+00,0.000000e+00,0.000000e+00,0.000000e+00,0.000000e+00,0.000000e+00,0.000000e+00,0.000000e+00,0.000000e+00,0.000000e+00,0.000000e+00,0.000000e+00,0.000000e+00,0.000000e+00,0.000000e+00
1.000000e+00,0.000000e+00,0.000000e+00,0.000000e+00,0.000000e+00,0.000000e+00,0.000000e+00,0.000000e+00,0.000000e+00,0.000000e+00,0.000000e+00,0.000000e+00,0.000000e+00,0.000000e+00,0.000000e+00
1.000000e+00,0.000000e+00,0.000000e+00,0.000000e+00,0.000000e+00,0.000000e+00,0.000000e+00,0.000000e+00,0.000000e+00,0.000000e+00,0.000000e+00,0.000000e+00,0.000000e+00,0.000000e+00,0.000000e+00
1.000000e+00,0.000000e+00,0.000000e+00,0.000000e+00,0.000000e+00,0.000000e+00,0.000000e+00,0.000000e+00,0.000000e+00,0.000000e+00,0.000000e+00,0.000000e+00,0.000000e+00,0.000000e+00,0.000000e+00
1.000000e+00,0.000000e+00,0.000000e+00,0.000000e+00,0.000000e+00,0.000000e+00,0.000000e+00,0.000000e+00,0.000000e+00,0.000000e+00,0.000000e+00,0.000000e+00,0.000000e+00,0.000000e+00,0.000000e+00
1.000000e+00,0.000000e+00,0.000000e+00,0.000000e+00,0.000000e+00,0.000000e+00,0.000000e+00,0.000000e+00,0.000000e+00,0.000000e+00,0.000000e+00,0.000000e+00,0.000000e+00,0.000000e+00,0.000000e+00
1.000000e+00,0.000000e+00,0.000000e+00,0.000000e+00,0.000000e+00,0.000000e+00,0.000000e+00,0.000000e+00,0.000000e+00,0.000000e+00,0.000000e+00,0.000000e+00,0.000000e+00,0.000000e+00,0.000000e+00
1.000000e+00,0.000000e+00,0.000000e+00,0.000000e+00,0.000000e+00,0.000000e+00,0.000000e+00,0.000000e+00,0.000000e+00,0.000000e+00,0.000000e+00,0.000000e+00,0.000000e+00,0.000000e+00,0.000000e+00
1.000000e+00,0.000000e+00,0.000000e+00,0.000000e+00,0.000000e+00,0.000000e+00,0.000000e+00,0.000000e+00,0.000000e+00,0.000000e+00,0.000000e+00,0.000000e+00,0.000000e+00,0.000000e+00,0.000000e+00
1.000000e+00,0.000000e+00,0.000000e+00,0.000000e+00,0.000000e+00,0.000000e+00,0.000000e+00,0.000000e+00,0.000000e+00,0.000000e+00,0.000000e+00,0.000000e+00,0.000000e+00,0.000000e+00,0.000000e+00
1.000000e+00,0.000000e+00,0.000000e+00,0.000000e+00,0.000000e+00,0.000000e+00,0.000000e+00,0.000000e+00,0.000000e+00,0.000000e+00,0.000000e+00,0.000000e+00,0.000000e+00,0.000000e+00,0.000000e+00
1.000000e+00,0.000000e+00,0.000000e+00,0.000000e+00,0.000000e+00,0.000000e+00,0.000000e+00,0.000000e+00,0.000000e+00,0.000000e+00,0.000000e+00,0.000000e+00,0.000000e+00,0.000000e+00,0.000000e+00
1.000000e+00,0.000000e+00,0.000000e+00,0.000000e+00,0.000000e+00,0.000000e+00,0.000000e+00,0.000000e+00,0.000000e+00,0.000000e+00,0.000000e+00,0.000000e+00,0.000000e+00,0.000000e+00,0.000000e+00
1.000000e+00,0.000000e+00,0.000000e+00,0.000000e+00,0.000000e+00,0.000000e+00,0.000000e+00,0.000000e+00,0.000000e+00,0.000000e+00,0.000000e+00,0.000000e+00,0.000000e+00,0.000000e+00,0.000000e+00
1.000000e+00,0.000000e+00,0.000000e+00,0.000000e+00,0.000000e+00,0.000000e+00,0.000000e+00,0.000000e+00,0.000000e+00,0.000000e+00,0.000000e+00,0.000000e+00,0.000000e+00,0.000000e+00,0.000000e+00
1.000000e+00,0.000000e+00,0.000000e+00,0.000000e+00,0.000000e+00,0.000000e+00,0.000000e+00,0.000000e+00,0.000000e+00,0.000000e+00,0.000000e+00,0.000000e+00,0.000000e+00,0.000000e+00,0.000000e+00
1.000000e+00,0.000000e+00,0.000000e+00,0.000000e+00,0.000000e+00,0.000000e+00,0.000000e+00,0.000000e+00,0.000000e+00,0.000000e+00,0.000000e+00,0.000000e+00,0.000000e+00,0.000000e+00,0.000000e+00
1.000000e+00,0.000000e+00,0.000000e+00,0.000000e+00,0.000000e+00,0.000000e+00,0.000000e+00,0.000000e+00,0.000000e+00,0.000000e+00,0.000000e+00,0.000000e+00,0.000000e+00,0.000000e+00,0.000000e+00
1.000000e+00,0.000000e+00,0.000000e+00,0.000000e+00,0.000000e+00,0.000000e+00,0.000000e+00,0.000000e+00,0.000000e+00,0.000000e+00,0.000000e+00,0.000000e+00,0.000000e+00,0.000000e+00,0.000000e+00
1.000000e+00,0.000000e+00,0.000000e+00,0.000000e+00,0.000000e+00,0.000000e+00,0.000000e+00,0.000000e+00,0.000000e+00,0.000000e+00,0.000000e+00,0.000000e+00,0.000000e+00,0.000000e+00,0.000000e+00
1.000000e+00,0.000000e+00,0.000000e+00,0.000000e+00,0.000000e+00,0.000000e+00,0.000000e+00,0.000000e+00,0.000000e+00,0.000000e+00,0.000000e+00,0.000000e+00,0.000000e+00,0.000000e+00,0.000000e+00
1.000000e+00,0.000000e+00,0.000000e+00,0.000000e+00,0.000000e+00,0.000000e+00,0.000000e+00,0.000000e+00,0.000000e+00,0.000000e+00,0.000000e+00,0.000000e+00,0.000000e+00,0.000000e+00,0.000000e+00
1.000000e+00,0.000000e+00,0.000000e+00,0.000000e+00,0.000000e+00,0.000000e+00,0.000000e+00,0.000000e+00,0.000000e+00,0.000000e+00,0.000000e+00,0.000000e+00,0.000000e+00,0.000000e+00,0.000000e+00
1.000000e+00,0.000000e+00,0.000000e+00,0.000000e+00,0.000000e+00,0.000000e+00,0.000000e+00,0.000000e+00,0.000000e+00,0.000000e+00,0.000000e+00,0.000000e+00,0.000000e+00,0.000000e+00,0.000000e+00
1.000000e+00,0.000000e+00,0.000000e+00,0.000000e+00,0.000000e+00,0.000000e+00,0.000000e+00,0.000000e+00,0.000000e+00,0.000000e+00,0.000000e+00,0.000000e+00,0.000000e+00,0.000000e+00,0.000000e+00
1.000000e+00,0.000000e+00,0.000000e+00,0.000000e+00,0.000000e+00,0.000000e+00,0.000000e+00,0.000000e+00,0.000000e+00,0.000000e+00,0.000000e+00,0.000000e+00,0.000000e+00,0.000000e+00,0.000000e+00
1.000000e+00,0.000000e+00,0.000000e+00,0.000000e+00,0.000000e+00,0.000000e+00,0.000000e+00,0.000000e+00,0.000000e+00,0.000000e+00,0.000000e+00,0.000000e+00,0.000000e+00,0.000000e+00,0.000000e+00
1.000000e+00,0.000000e+00,0.000000e+00,0.000000e+00,0.000000e+00,0.000000e+00,0.000000e+00,0.000000e+00,0.000000e+00,0.000000e+00,0.000000e+00,0.000000e+00,0.000000e+00,0.000000e+00,0.000000e+00
1.000000e+00,0.000000e+00,0.000000e+00,0.000000e+00,0.000000e+00,0.000000e+00,0.000000e+00,0.000000e+00,0.000000e+00,0.000000e+00,0.000000e+00,0.000000e+00,0.000000e+00,0.000000e+00,0.000000e+00
1.000000e+00,0.000000e+00,0.000000e+00,0.000000e+00,0.000000e+00,0.000000e+00,0.000000e+00,0.000000e+00,0.000000e+00,0.000000e+00,0.000000e+00,0.000000e+00,0.000000e+00,0.000000e+00,0.000000e+00
1.000000e+00,0.000000e+00,0.000000e+00,0.000000e+00,0.000000e+00,0.000000e+00,0.000000e+00,0.000000e+00,0.000000e+00,0.000000e+00,0.000000e+00,0.000000e+00,0.000000e+00,0.000000e+00,0.000000e+00
1.000000e+00,0.000000e+00,0.000000e+00,0.000000e+00,0.000000e+00,0.000000e+00,0.000000e+00,0.000000e+00,0.000000e+00,0.000000e+00,0.000000e+00,0.000000e+00,0.000000e+00,0.000000e+00,0.000000e+00
1.000000e+00,0.000000e+00,0.000000e+00,0.000000e+00,0.000000e+00,0.000000e+00,0.000000e+00,0.000000e+00,0.000000e+00,0.000000e+00,0.000000e+00,0.000000e+00,0.000000e+00,0.000000e+00,0.000000e+00
1.000000e+00,0.000000e+00,0.000000e+00,0.000000e+00,0.000000e+00,0.000000e+00,0.000000e+00,0.000000e+00,0.000000e+00,0.000000e+00,0.000000e+00,0.000000e+00,0.000000e+00,0.000000e+00,0.000000e+00
1.000000e+00,0.000000e+00,0.000000e+00,0.000000e+00,0.000000e+00,0.000000e+00,0.000000e+00,0.000000e+00,0.000000e+00,0.000000e+00,0.000000e+00,0.000000e+00,0.000000e+00,0.000000e+00,0.000000e+00
1.000000e+00,0.000000e+00,0.000000e+00,0.000000e+00,0.000000e+00,0.000000e+00,0.000000e+00,0.000000e+00,0.000000e+00,0.000000e+00,0.000000e+00,0.000000e+00,0.000000e+00,0.000000e+00,0.000000e+00
1.000000e+00,0.000000e+00,0.000000e+00,0.000000e+00,0.000000e+00,0.000000e+00,0.000000e+00,0.000000e+00,0.000000e+00,0.000000e+00,0.000000e+00,0.000000e+00,0.000000e+00,0.000000e+00,0.000000e+00
1.000000e+00,0.000000e+00,0.000000e+00,0.000000e+00,0.000000e+00,0.000000e+00,0.000000e+00,0.000000e+00,0.000000e+00,0.000000e+00,0.000000e+00,0.000000e+00,0.000000e+00,0.000000e+00,0.000000e+00
1.000000e+00,0.000000e+00,0.000000e+00,0.000000e+00,0.000000e+00,0.000000e+00,0.000000e+00,0.000000e+00,0.000000e+00,0.000000e+00,0.000000e+00,0.000000e+00,0.000000e+00,0.000000e+00,0.000000e+00
1.000000e+00,0.000000e+00,0.000000e+00,0.000000e+00,0.000000e+00,0.000000e+00,0.000000e+00,0.000000e+00,0.000000e+00,0.000000e+00,0.000000e+00,0.000000e+00,0.000000e+00,0.000000e+00,0.000000e+00
1.000000e+00,0.000000e+00,0.000000e+00,0.000000e+00,0.000000e+00,0.000000e+00,0.000000e+00,0.000000e+00,0.000000e+00,0.000000e+00,0.000000e+00,0.000000e+00,0.000000e+00,0.000000e+00,0.000000e+00
1.000000e+00,0.000000e+00,0.000000e+00,0.000000e+00,0.000000e+00,0.000000e+00,0.000000e+00,0.000000e+00,0.000000e+00,0.000000e+00,0.000000e+00,0.000000e+00,0.000000e+00,0.000000e+00,0.000000e+00
1.000000e+00,0.000000e+00,0.000000e+00,0.000000e+00,0.000000e+00,0.000000e+00,0.000000e+00,0.000000e+00,0.000000e+00,0.000000e+00,0.000000e+00,0.000000e+00,0.000000e+00,0.000000e+00,0.000000e+00
1.000000e+00,0.000000e+00,0.000000e+00,0.000000e+00,0.000000e+00,0.000000e+00,0.000000e+00,0.000000e+00,0.000000e+00,0.000000e+00,0.000000e+00,0.000000e+00,0.000000e+00,0.000000e+00,0.000000e+00
1.000000e+00,0.000000e+00,0.000000e+00,0.000000e+00,0.000000e+00,0.000000e+00,0.000000e+00,0.000000e+00,0.000000e+00,0.000000e+00,0.000000e+00,0.000000e+00,0.000000e+00,0.000000e+00,0.000000e+00
1.000000e+00,0.000000e+00,0.000000e+00,0.000000e+00,0.000000e+00,0.000000e+00,0.000000e+00,0.000000e+00,0.000000e+00,0.000000e+00,0.000000e+00,0.000000e+00,0.000000e+00,0.000000e+00,0.000000e+00
1.000000e+00,0.000000e+00,0.000000e+00,0.000000e+00,0.000000e+00,0.000000e+00,0.000000e+00,0.000000e+00,0.000000e+00,0.000000e+00,0.000000e+00,0.000000e+00,0.000000e+00,0.000000e+00,0.000000e+00
1.000000e+00,0.000000e+00,0.000000e+00,0.000000e+00,0.000000e+00,0.000000e+00,0.000000e+00,0.000000e+00,0.000000e+00,0.000000e+00,0.000000e+00,0.000000e+00,0.000000e+00,0.000000e+00,0.000000e+00
1.000000e+00,0.000000e+00,0.000000e+00,0.000000e+00,0.000000e+00,0.000000e+00,0.000000e+00,0.000000e+00,0.000000e+00,0.000000e+00,0.000000e+00,0.000000e+00,0.000000e+00,0.000000e+00,0.000000e+00
1.000000e+00,0.000000e+00,0.000000e+00,0.000000e+00,0.000000e+00,0.000000e+00,0.000000e+00,0.000000e+00,0.000000e+00,0.000000e+00,0.000000e+00,0.000000e+00,0.000000e+00,0.000000e+00,0.000000e+00
1.000000e+00,0.000000e+00,0.000000e+00,0.000000e+00,0.000000e+00,0.000000e+00,0.000000e+00,0.000000e+00,0.000000e+00,0.000000e+00,0.000000e+00,0.000000e+00,0.000000e+00,0.000000e+00,0.000000e+00
1.000000e+00,0.000000e+00,0.000000e+00,0.000000e+00,0.000000e+00,0.000000e+00,0.000000e+00,0.000000e+00,0.000000e+00,0.000000e+00,0.000000e+00,0.000000e+00,0.000000e+00,0.000000e+00,0.000000e+00
1.000000e+00,0.000000e+00,0.000000e+00,0.000000e+00,0.000000e+00,0.000000e+00,0.000000e+00,0.000000e+00,0.000000e+00,0.000000e+00,0.000000e+00,0.000000e+00,0.000000e+00,0.000000e+00,0.000000e+00
1.000000e+00,0.000000e+00,0.000000e+00,0.000000e+00,0.000000e+00,0.000000e+00,0.000000e+00,0.000000e+00,0.000000e+00,0.000000e+00,0.000000e+00,0.000000e+00,0.000000e+00,0.000000e+00,0.000000e+00
1.000000e+00,0.000000e+00,0.000000e+00,0.000000e+00,0.000000e+00,0.000000e+00,0.000000e+00,0.000000e+00,0.000000e+00,0.000000e+00,0.000000e+00,0.000000e+00,0.000000e+00,0.000000e+00,0.000000e+00
1.000000e+00,0.000000e+00,0.000000e+00,0.000000e+00,0.000000e+00,0.000000e+00,0.000000e+00,0.000000e+00,0.000000e+00,0.000000e+00,0.000000e+00,0.000000e+00,0.000000e+00,0.000000e+00,0.000000e+00
1.000000e+00,0.000000e+00,0.000000e+00,0.000000e+00,0.000000e+00,0.000000e+00,0.000000e+00,0.000000e+00,0.000000e+00,0.000000e+00,0.000000e+00,0.000000e+00,0.000000e+00,0.000000e+00,0.000000e+00
1.000000e+00,0.000000e+00,0.000000e+00,0.000000e+00,0.000000e+00,0.000000e+00,0.000000e+00,0.000000e+00,0.000000e+00,0.000000e+00,0.000000e+00,0.000000e+00,0.000000e+00,0.000000e+00,0.000000e+00
1.000000e+00,0.000000e+00,0.000000e+00,0.000000e+00,0.000000e+00,0.000000e+00,0.000000e+00,0.000000e+00,0.000000e+00,0.000000e+00,0.000000e+00,0.000000e+00,0.000000e+00,0.000000e+00,0.000000e+00
1.000000e+00,0.000000e+00,0.000000e+00,0.000000e+00,0.000000e+00,0.000000e+00,0.000000e+00,0.000000e+00,0.000000e+00,0.000000e+00,0.000000e+00,0.000000e+00,0.000000e+00,0.000000e+00,0.000000e+00
1.000000e+00,0.000000e+00,0.000000e+00,0.000000e+00,0.000000e+00,0.000000e+00,0.000000e+00,0.000000e+00,0.000000e+00,0.000000e+00,0.000000e+00,0.000000e+00,0.000000e+00,0.000000e+00,0.000000e+00
1.000000e+00,0.000000e+00,0.000000e+00,0.000000e+00,0.000000e+00,0.000000e+00,0.000000e+00,0.000000e+00,0.000000e+00,0.000000e+00,0.000000e+00,0.000000e+00,0.000000e+00,0.000000e+00,0.000000e+00
1.000000e+00,0.000000e+00,0.000000e+00,0.000000e+00,0.000000e+00,0.000000e+00,0.000000e+00,0.000000e+00,0.000000e+00,0.000000e+00,0.000000e+00,0.000000e+00,0.000000e+00,0.000000e+00,0.000000e+00
1.000000e+00,0.000000e+00,0.000000e+00,0.000000e+00,0.000000e+00,0.000000e+00,0.000000e+00,0.000000e+00,0.000000e+00,0.000000e+00,0.000000e+00,0.000000e+00,0.000000e+00,0.000000e+00,0.000000e+00
1.000000e+00,0.000000e+00,0.000000e+00,0.000000e+00,0.000000e+00,0.000000e+00,0.000000e+00,0.000000e+00,0.000000e+00,0.000000e+00,0.000000e+00,0.000000e+00,0.000000e+00,0.000000e+00,0.000000e+00
1.000000e+00,0.000000e+00,0.000000e+00,0.000000e+00,0.000000e+00,0.000000e+00,0.000000e+00,0.000000e+00,0.000000e+00,0.000000e+00,0.000000e+00,0.000000e+00,0.000000e+00,0.000000e+00,0.000000e+00
