1.000000e+00,0.000000e+00,0.000000e+00,0.000000e+00,0.000000e+00,0.000000e+00,0.000000e+00,0.000000e+00,0.000000e+00,0.000000e+00,0.000000e+00,0.000000e+00,0.000000e+00,0.000000e+00,0.000000e+00
1.000000e+00,0.000000e+00,0.000000e+00,0.000000e+00,0.000000e+00,0.000000e+00,0.000000e+00,0.000000e+00,0.000000e+00,0.000000e+00,0.000000e+00,0.000000e+00,0.000000e+00,0.000000e+00,0.000000e+00
1.000000e+00,0.000000e+00,0.000000e+00,0.000000e+00,0.000000e+00,0.000000e+00,0.000000e+00,0.000000e+00,0.000000e+00,0.000000e+00,0.000000e+00,0.000000e+00,0.000000e+00,0.000000e+00,0.000000e+00
1.000000e+00,0.000000e+00,0.000000e+00,0.000000e+00,0.000000e+00,0.000000e+00,0.000000e+00,0.000000e+00,0.000000e+00,0.000000e+00,0.000000e+00,0.000000e+00,0.000000e+00,0.000000e+00,0.000000e+00
1.000000e+00,0.000000e+00,0.000000e+00,0.000000e+00,0.000000e+00,0.000000e+00,0.000000e+00,0.000000e+00,0.000000e+00,0.000000e+00,0.000000e+00,0.000000e+00,0.000000e+00,0.000000e+00,0.000000e+00
1.000000e+00,0.000000e+00,0.000000e+00,0.000000e+00,0.000000e+00,0.000000e+00,0.000000e+00,0.000000e+00,0.000000e+00,0.000000e+00,0.000000e+00,0.000000e+00,0.000000e+00,0.000000e+00,0.000000e+00
1.000000e+00,0.000000e+00,0.000000e+00,0.000000e+00,0.000000e+00,0.000000e+00,0.000000e+00,0.000000e+00,0.000000e+00,0.000000e+00,0.000000e+00,0.000000e+00,0.000000e+00,0.000000e+00,0.000000e+00
1.000000e+00,0.000000e+00,0.000000e+00,0.000000e+00,0.000000e+00,0.000000e+00,0.000000e+00,0.000000e+00,0.000000e+00,0.000000e+00,0.000000e+00,0.000000e+00,0.000000e+00,0.000000e+00,0.000000e+00
1.000000e+00,0.000000e+00,0.000000e+00,0.000000e+00,0.000000e+00,0.000000e+00,0.000000e+00,0.000000e+00,0.000000e+00,0.000000e+00,0.000000e+00,0.000000e+00,0.000000e+00,0.000000e+00,0.000000e+00
1.000000e+00,0.000000e+00,0.000000e+00,0.000000e+00,0.000000e+00,0.000000e+00,0.000000e+00,0.000000e+00,0.000000e+00,0.000000e+00,0.000000e+00,0.000000e+00,0.000000e+00,0.000000e+00,0.000000e+00
1.000000e+00,0.000000e+00,0.000000e+00,0.000000e+00,0.000000e+00,0.000000e+00,0.000000e+00,0.000000e+00,0.000000e+00,0.000000e+00,0.000000e+00,0.000000e+00,0.000000e+00,0.000000e+00,0.000000e+00
1.000000e+00,0.000000e+00,0.000000e+00,0.000000e+00,0.000000e+00,0.000000e+00,0.000000e+00,0.000000e+00,0.000000e+00,0.000000e+00,0.000000e+00,0.000000e+00,0.000000e+00,0.000000e+00,0.000000e+00
1.000000e+00,0.000000e+00,0.000000e+00,0.000000e+00,0.000000e+00,0.000000e+00,0.000000e+00,0.000000e+00,0.000000e+00,0.000000e+00,0.000000e+00,0.000000e+00,0.000000e+00,0.000000e+00,0.000000e+00
1.000000e+00,0.000000e+00,0.000000e+00,0.000000e+00,0.000000e+00,0.000000e+00,0.000000e+00,0.000000e+00,0.000000e+00,0.000000e+00,0.000000e+00,0.000000e+00,0.000000e+00,0.000000e+00,0.000000e+00
1.000000e+00,0.000000e+00,0.000000e+00,0.000000e+00,0.000000e+00,0.000000e+00,0.000000e+00,0.000000e+00,0.000000e+00,0.000000e+00,0.000000e+00,0.000000e+00,0.000000e+00,0.000000e+00,0.000000e+00
1.000000e+00,0.000000e+00,0.000000e+00,0.000000e+00,0.000000e+00,0.000000e+00,0.000000e+00,0.000000e+00,0.000000e+00,0.000000e+00,0.000000e+00,0.000000e+00,0.000000e+00,0.000000e+00,0.000000e+00
1.000000e+00,0.000000e+00,0.000000e+00,0.000000e+00,0.000000e+00,0.000000e+00,0.000000e+00,0.000000e+00,0.000000e+00,0.000000e+00,0.000000e+00,0.000000e+00,0.000000e+00,0.000000e+00,0.000000e+00
1.000000e+00,0.000000e+00,0.000000e+00,0.000000e+00,0.000000e+00,0.000000e+00,0.000000e+00,0.000000e+00,0.000000e+00,0.000000e+00,0.000000e+00,0.000000e+00,0.000000e+00,0.000000e+00,0.000000e+00
1.000000e+00,0.000000e+00,0.000000e+00,0.000000e+00,0.000000e+00,0.000000e+00,0.000000e+00,0.000000e+00,0.000000e+00,0.000000e+00,0.000000e+00,0.000000e+00,0.000000e+00,0.000000e+00,0.000000e+00
1.000000e+00,0.000000e+00,0.000000e+00,0.000000e+00,0.000000e+00,0.000000e+00,0.000000e+00,0.000000e+00,0.000000e+00,0.000000e+00,0.000000e+00,0.000000e+00,0.000000e+00,0.000000e+00,0.000000e+00
1.000000e+00,0.000000e+00,0.000000e+00,0.000000e+00,0.000000e+00,0.000000e+00,0.000000e+00,0.000000e+00,0.000000e+00,0.000000e+00,0.000000e+00,0.000000e+00,0.000000e+00,0.000000e+00,0.000000e+00
1.000000e+00,0.000000e+00,0.000000e+00,0.000000e+00,0.000000e+00,0.000000e+00,0.000000e+00,0.000000e+00,0.000000e+00,0.000000e+00,0.000000e+00,0.000000e+00,0.000000e+00,0.000000e+00,0.000000e+00
1.000000e+00,0.000000e+00,0.000000e+00,0.000000e+00,0.000000e+00,0.000000e+00,0.000000e+00,0.000000e+00,0.000000e+00,0.000000e+00,0.000000e+00,0.000000e+00,0.000000e+00,0.000000e+00,0.000000e+00
1.000000e+00,0.000000e+00,0.000000e+00,0.000000e+00,0.000000e+00,0.000000e+00,0.000000e+00,0.000000e+00,0.000000e+00,0.000000e+00,0.000000e+00,0.000000e+00,0.000000e+00,0.000000e+00,0.000000e+00
1.000000e+00,0.000000e+00,0.000000e+00,0.000000e+00,0.000000e+00,0.000000e+00,0.000000e+00,0.000000e+00,0.000000e+00,0.000000e+00,0.000000e+00,0.000000e+00,0.000000e+00,0.000000e+00,0.000000e+00
1.000000e+00,0.000000e+00,0.000000e+00,0.000000e+00,0.000000e+00,0.000000e+00,0.000000e+00,0.000000e+00,0.000000e+00,0.000000e+00,0.000000e+00,0.000000e+00,0.000000e+00,0.000000e+00,0.000000e+00
1.000000e+00,0.000000e+00,0.000000e+00,0.000000e+00,0.000000e+00,0.000000e+00,0.000000e+00,0.000000e+00,0.000000e+00,0.000000e+00,0.000000e+00,0.000000e+00,0.000000e+00,0.000000e+00,0.000000e+00
1.000000e+00,0.000000e+00,0.000000e+00,0.000000e+00,0.000000e+00,0.000000e+00,0.000000e+00,0.000000e+00,0.000000e+00,0.000000e+00,0.000000e+00,0.000000e+00,0.000000e+00,0.000000e+00,0.000000e+00
1.000000e+00,0.000000e+00,0.000000e+00,0.000000e+00,0.000000e+00,0.000000e+00,0.000000e+00,0.000000e+00,0.000000e+00,0.000000e+00,0.000000e+00,0.000000e+00,0.000000e+00,0.000000e+00,0.000000e+00
1.000000e+00,0.000000e+00,0.000000e+00,0.000000e+00,0.000000e+00,0.000000e+00,0.000000e+00,0.000000e+00,0.000000e+00,0.000000e+00,0.000000e+00,0.000000e+00,0.000000e+00,0.000000e+00,0.000000e+00
1.000000e+00,0.000000e+00,0.000000e+00,0.000000e+00,0.000000e+00,0.000000e+00,0.000000e+00,0.000000e+00,0.000000e+00,0.000000e+00,0.000000e+00,0.000000e+00,0.000000e+00,0.000000e+00,0.000000e+00
1.000000e+00,0.000000e+00,0.000000e+00,0.000000e+00,0.000000e+00,0.000000e+00,0.000000e+00,0.000000e+00,0.000000e+00,0.000000e+00,0.000000e+00,0.000000e+00,0.000000e+00,0.000000e+00,0.000000e+00
1.000000e+00,0.000000e+00,0.000000e+00,0.000000e+00,0.000000e+00,0.000000e+00,0.000000e+00,0.000000e+00,0.000000e+00,0.000000e+00,0.000000e+00,0.000000e+00,0.000000e+00,0.000000e+00,0.000000e+00
1.000000e+00,0.000000e+00,0.000000e+00,0.000000e+00,0.000000e+00,0.000000e+00,0.000000e+00,0.000000e+00,0.000000e+00,0.000000e+00,0.000000e+00,0.000000e+00,0.000000e+00,0.000000e+00,0.000000e+00
1.000000e+00,0.000000e+00,0.000000e+00,0.000000e+00,0.000000e+00,0.000000e+00,0.000000e+00,0.000000e+00,0.000000e+00,0.000000e+00,0.000000e+00,0.000000e+00,0.000000e+00,0.000000e+00,0.000000e+00
1.000000e+00,0.000000e+00,0.000000e+00,0.000000e+00,0.000000e+00,0.000000e+00,0.000000e+00,0.000000e+00,0.000000e+00,0.000000e+00,0.000000e+00,0.000000e+00,0.000000e+00,0.000000e+00,0.000000e+00
1.000000e+00,0.000000e+00,0.000000e+00,0.000000e+00,0.000000e+00,0.000000e+00,0.000000e+00,0.000000e+00,0.000000e+00,0.000000e+00,0.000000e+00,0.000000e+00,0.000000e+00,0.000000e+00,0.000000e+00
1.000000e+00,0.000000e+00,0.000000e+00,0.000000e+00,0.000000e+00,0.000000e+00,0.000000e+00,0.000000e+00,0.000000e+00,0.000000e+00,0.000000e+00,0.000000e+00,0.000000e+00,0.000000e+00,0.000000e+00
1.000000e+00,0.000000e+00,0.000000e+00,0.000000e+00,0.000000e+00,0.000000e+00,0.000000e+00,0.000000e+00,0.000000e+00,0.000000e+00,0.000000e+00,0.000000e+00,0.000000e+00,0.000000e+00,0.000000e+00
1.000000e+00,0.000000e+00,0.000000e+00,0.000000e+00,0.000000e+00,0.000000e+00,0.000000e+00,0.000000e+00,0.000000e+00,0.000000e+00,0.000000e+00,0.000000e+00,0.000000e+00,0.000000e+00,0.000000e+00
1.000000e+00,0.000000e+00,0.000000e+00,0.000000e+00,0.000000e+00,0.000000e+00,0.000000e+00,0.000000e+00,0.000000e+00,0.000000e+00,0.000000e+00,0.000000e+00,0.000000e+00,0.000000e+00,0.000000e+00
1.000000e+00,0.000000e+00,0.000000e+00,0.000000e+00,0.000000e+00,0.000000e+00,0.000000e+00,0.000000e+00,0.000000e+00,0.000000e+00,0.000000e+00,0.000000e+00,0.000000e+00,0.000000e+00,0.000000e+00
1.000000e+00,0.000000e+00,0.000000e+00,0.000000e+00,0.000000e+00,0.000000e+00,0.000000e+00,0.000000e+00,0.000000e+00,0.000000e+00,0.000000e+00,0.000000e+00,0.000000e+00,0.000000e+00,0.000000e+00
1.000000e+00,0.000000e+00,0.000000e+00,0.000000e+00,0.000000e+00,0.000000e+00,0.000000e+00,0.000000e+00,0.000000e+00,0.000000e+00,0.000000e+00,0.000000e+00,0.000000e+00,0.000000e+00,0.000000e+00
1.000000e+00,0.000000e+00,0.000000e+00,0.000000e+00,0.000000e+00,0.000000e+00,0.000000e+00,0.000000e+00,0.000000e+00,0.000000e+00,0.000000e+00,0.000000e+00,0.000000e+00,0.000000e+00,0.000000e+00
1.000000e+00,0.000000e+00,0.000000e+00,0.000000e+00,0.000000e+00,0.000000e+00,0.000000e+00,0.000000e+00,0.000000e+00,0.000000e+00,0.000000e+00,0.000000e+00,0.000000e+00,0.000000e+00,0.000000e+00
1.000000e+00,0.000000e+00,0.000000e+00,0.000000e+00,0.000000e+00,0.000000e+00,0.000000e+00,0.000000e+00,0.000000e+00,0.000000e+00,0.000000e+00,0.000000e+00,0.000000e+00,0.000000e+00,0.000000e+00
1.000000e+00,0.000000e+00,0.000000e+00,0.000000e+00,0.000000e+00,0.000000e+00,0.000000e+00,0.000000e+00,0.000000e+00,0.000000e+00,0.000000e+00,0.000000e+00,0.000000e+00,0.000000e+00,0.000000e+00
1.000000e+00,0.000000e+00,0.000000e+00,0.000000e+00,0.000000e+00,0.000000e+00,0.000000e+00,0.000000e+00,0.000000e+00,0.000000e+00,0.000000e+00,0.000000e+00,0.000000e+00,0.000000e+00,0.000000e+00
1.000000e+00,0.000000e+00,0.000000e+00,0.000000e+00,0.000000e+00,0.000000e+00,0.000000e+00,0.000000e+00,0.000000e+00,0.000000e+00,0.000000e+00,0.000000e+00,0.000000e+00,0.000000e+00,0.000000e+00
1.000000e+00,0.000000e+00,0.000000e+00,0.000000e+00,0.000000e+00,0.000000e+00,0.000000e+00,0.000000e+00,0.000000e+00,0.000000e+00,0.000000e+00,0.000000e+00,0.000000e+00,0.000000e+00,0.000000e+00
1.000000e+00,0.000000e+00,0.000000e+00,0.000000e+00,0.000000e+00,0.000000e+00,0.000000e+00,0.000000e+00,0.000000e+00,0.000000e+00,0.000000e+00,0.000000e+00,0.000000e+00,0.000000e+00,0.000000e+00
1.000000e+00,0.000000e+00,0.000000e+00,0.000000e+00,0.000000e+00,0.000000e+00,0.000000e+00,0.000000e+00,0.000000e+00,0.000000e+00,0.000000e+00,0.000000e+00,0.000000e+00,0.000000e+00,0.000000e+00
1.000000e+00,0.000000e+00,0.000000e+00,0.000000e+00,0.000000e+00,0.000000e+00,0.000000e+00,0.000000e+00,0.000000e+00,0.000000e+00,0.000000e+00,0.000000e+00,0.000000e+00,0.000000e+00,0.000000e+00
1.000000e+00,0.000000e+00,0.000000e+00,0.000000e+00,0.000000e+00,0.000000e+00,0.000000e+00,0.000000e+00,0.000000e+00,0.000000e+00,0.000000e+00,0.000000e+00,0.000000e+00,0.000000e+00,0.000000e+00
1.000000e+00,0.000000e+00,0.000000e+00,0.000000e+00,0.000000e+00,0.000000e+00,0.000000e+00,0.000000e+00,0.000000e+00,0.000000e+00,0.000000e+00,0.000000e+00,0.000000e+00,0.000000e+00,0.000000e+00
1.000000e+00,0.000000e+00,0.000000e+00,0.000000e+00,0.000000e+00,0.000000e+00,0.000000e+00,0.000000e+00,0.000000e+00,0.000000e+00,0.000000e+00,0.000000e+00,0.000000e+00,0.000000e+00,0.000000e+00
1.000000e+00,0.000000e+00,0.000000e+00,0.000000e+00,0.000000e+00,0.000000e+00,0.000000e+00,0.000000e+00,0.000000e+00,0.000000e+00,0.000000e+00,0.000000e+00,0.000000e+00,0.000000e+00,0.000000e+00
1.000000e+00,0.000000e+00,0.000000e+00,0.000000e+00,0.000000e+00,0.000000e+00,0.000000e+00,0.000000e+00,0.000000e+00,0.000000e+00,0.000000e+00,0.000000e+00,0.000000e+00,0.000000e+00,0.000000e+00
4.423953e-01,1.549253e-02,9.054364e-02,8.006380e-02,5.924752e-03,1.651855e-01,7.053423e-02,3.824959e-02,4.235078e-03,1.593224e-03,9.058758e-03,3.185385e-02,2.747044e-02,2.208863e-03,1.519052e-02
1.000000e+00,0.000000e+00,0.000000e+00,0.000000e+00,0.000000e+00,0.000000e+00,0.000000e+00,0.000000e+00,0.000000e+00,0.000000e+00,0.000000e+00,0.000000e+00,0.000000e+00,0.000000e+00,0.000000e+00
1.000000e+00,0.000000e+00,0.000000e+00,0.000000e+00,0.000000e+00,0.000000e+00,0.000000e+00,0.000000e+00,0.000000e+00,0.000000e+00,0.000000e+00,0.000000e+00,0.000000e+00,0.000000e+00,0.000000e+00
4.620924e-01,7.834679e-03,1.071491e-01,4.088084e-02,5.289763e-03,1.120155e-01,1.087390e-01,9.603921e-02,2.489666e-03,1.019093e-03,6.159932e-03,1.929107e-02,2.066462e-02,1.906668e-03,8.428382e-03
4.586180e-01,7.284573e-03,1.009515e-01,3.340641e-02,5.457145e-03,1.110407e-01,9.688739e-02,1.327868e-01,2.167815e-03,1.093161e-03,5.322624e-03,1.591035e-02,1.872760e-02,2.134310e-03,8.211685e-03
4.803334e-01,9.270780e-03,9.705173e-02,2.615548e-02,6.261120e-03,1.170455e-01,7.325515e-02,1.316553e-01,2.421240e-03,1.798765e-03,7.148867e-03,1.397980e-02,1.590913e-02,4.343462e-03,1.337025e-02
1.000000e+00,0.000000e+00,0.000000e+00,0.000000e+00,0.000000e+00,0.000000e+00,0.000000e+00,0.000000e+00,0.000000e+00,0.000000e+00,0.000000e+00,0.000000e+00,0.000000e+00,0.000000e+00,0.000000e+00
1.000000e+00,0.000000e+00,0.000000e+00,0.000000e+00,0.000000e+00,0.000000e+00,0.000000e+00,0.000000e+00,0.000000e+00,0.000000e+00,0.000000e+00,0.000000e+00,0.000000e+00,0.000000e+00,0.000000e+00
4.895708e-01,4.747980e-02,4.592630e-02,3.849605e-02,8.571065e-03,7.689448e-02,2.872128e-02,5.511136e-02,2.826679e-02,4.238521e-02,1.278584e-02,1.237733e-02,2.180763e-02,6.574028e-03,8.503215e-02
3.441298e-01,4.338833e-02,3.406848e-02,2.875405e-02,6.149299e-03,9.739523e-02,2.017510e-02,3.867020e-02,3.185271e-02,1.457878e-01,9.908188e-03,9.399561e-03,1.758979e-02,6.035969e-03,1.666956e-01
2.429465e-01,3.626877e-02,2.435394e-02,2.026146e-02,4.688722e-03,9.709556e-02,1.418333e-02,2.710825e-02,3.748257e-02,1.935320e-01,7.913372e-03,6.815794e-03,1.335187e-02,7.517775e-03,2.664801e-01
1.708254e-01,2.599354e-02,1.713661e-02,1.419240e-02,3.538754e-03,7.146049e-02,9.959782e-03,1.903151e-02,3.350405e-02,1.410155e-01,5.885741e-03,4.798280e-03,9.642156e-03,7.968873e-03,4.650469e-01
1.208278e-01,1.878786e-02,1.214959e-02,9.941504e-03,2.540086e-03,5.140924e-02,6.994554e-03,1.335260e-02,2.934077e-02,1.128951e-01,4.746725e-03,3.376833e-03,7.043808e-03,1.084138e-02,5.957521e-01
8.552102e-02,1.466135e-02,8.878138e-03,7.012346e-03,1.866634e-03,3.908641e-02,4.994215e-03,9.377916e-03,2.604233e-02,9.182564e-02,4.962883e-03,2.443223e-03,5.168322e-03,2.009191e-02,6.780677e-01
6.044192e-02,1.105090e-02,6.381326e-03,4.926460e-03,1.366119e-03,2.994637e-02,3.548465e-03,6.582661e-03,2.195345e-02,6.666613e-02,5.762850e-03,1.826177e-03,3.868117e-03,3.894678e-02,7.367322e-01
4.304424e-02,2.837757e-02,4.818375e-03,3.489767e-03,1.048623e-03,2.367032e-02,2.528079e-03,4.624335e-03,2.737628e-02,4.738264e-02,7.343865e-03,1.934894e-03,3.120469e-03,6.129372e-02,7.399468e-01
3.042007e-02,5.628230e-02,5.443712e-03,2.768471e-03,9.213976e-04,3.070413e-02,1.924056e-03,3.420598e-03,9.216476e-02,3.493267e-02,1.285834e-02,3.549129e-03,4.563023e-03,7.220192e-02,6.478454e-01
2.163112e-02,5.073747e-02,3.968230e-03,2.177028e-03,8.463031e-04,2.299134e-02,1.417951e-03,2.668307e-03,2.707584e-01,2.612160e-02,1.813550e-02,5.679723e-03,6.087599e-03,7.798340e-02,4.887960e-01
1.519519e-02,4.189207e-02,2.843033e-03,1.671529e-03,7.189949e-04,1.747061e-02,1.035572e-03,2.371222e-03,4.634497e-01,1.935155e-02,1.684329e-02,4.860441e-03,6.177158e-03,6.077637e-02,3.453433e-01
1.066391e-02,3.787804e-02,2.023081e-03,1.382904e-03,6.298119e-04,1.489294e-02,7.285887e-04,1.745217e-03,6.062853e-01,1.433584e-02,1.297361e-02,3.631076e-03,4.829053e-03,4.539642e-02,2.426042e-01
7.556584e-03,3.024846e-02,1.466928e-03,1.463659e-03,8.919345e-04,1.540680e-02,5.158104e-04,1.344005e-03,6.988304e-01,1.546252e-02,1.124415e-02,2.826782e-03,3.857090e-03,3.734667e-02,1.715382e-01
5.407040e-03,2.316671e-02,2.603349e-03,5.376414e-03,1.628615e-03,1.544854e-02,3.725298e-04,2.312560e-03,7.580091e-01,2.169741e-02,9.496086e-03,2.062730e-03,2.994102e-03,2.789477e-02,1.215300e-01
4.000292e-03,2.126985e-02,7.354732e-03,8.741998e-03,2.672422e-03,1.736711e-02,2.664540e-04,1.915775e-03,7.224102e-01,7.721140e-02,8.133843e-03,1.500468e-03,2.443725e-03,2.289098e-02,1.018207e-01
3.821170e-03,2.497460e-02,9.238455e-03,8.470442e-03,3.858100e-03,1.943773e-02,2.068100e-04,1.980321e-03,6.801082e-01,1.203609e-01,7.402891e-03,1.191890e-03,2.422757e-03,1.943082e-02,9.709488e-02
1.574650e-02,2.957455e-02,3.087163e-02,1.612520e-02,1.233518e-02,3.513457e-02,3.831915e-04,5.869869e-03,5.931851e-01,1.278055e-01,1.142203e-02,1.053398e-03,2.976168e-03,1.876825e-02,9.874871e-02
2.216366e-02,5.060272e-02,4.238490e-02,2.155342e-02,1.227461e-02,3.028475e-02,4.310347e-04,5.985922e-03,4.809847e-01,1.261146e-01,1.306360e-02,1.014331e-03,3.246011e-03,1.722650e-02,1.726692e-01
1.999233e-02,1.468880e-01,3.748217e-02,2.196814e-02,1.499681e-02,3.267434e-02,4.700751e-04,6.870826e-03,4.421697e-01,1.024297e-01,1.077974e-02,8.039164e-04,3.475098e-03,1.291518e-02,1.460839e-01
1.911499e-02,1.078660e-01,3.306081e-02,3.698451e-02,1.737517e-02,8.657286e-02,8.475169e-04,6.892548e-02,4.318891e-01,7.236832e-02,9.085555e-03,5.840963e-04,2.724558e-03,9.633145e-03,1.029679e-01
2.174129e-02,1.008731e-01,6.988843e-02,9.886505e-02,1.755514e-02,7.877681e-02,8.415424e-04,5.707298e-02,3.776877e-01,6.409686e-02,7.061881e-03,5.393210e-04,2.679161e-03,7.543696e-03,9.477699e-02
3.700874e-02,8.517557e-02,6.509167e-02,8.771603e-02,2.388602e-02,1.147776e-01,1.008066e-03,4.767588e-02,3.348662e-01,6.169146e-02,6.139064e-03,6.477677e-04,3.048789e-03,8.865649e-03,1.224015e-01
5.803712e-02,8.641376e-02,1.042174e-01,7.747512e-02,3.259765e-02,1.056867e-01,1.560844e-03,4.072251e-02,2.823702e-01,4.930815e-02,5.850618e-03,7.051898e-04,2.925754e-03,9.209307e-03,1.429197e-01
7.824895e-02,1.059462e-01,8.653721e-02,6.109501e-02,5.261237e-02,1.114629e-01,2.449725e-03,4.302298e-02,2.602839e-01,3.814727e-02,5.490852e-03,8.322319e-04,2.535543e-03,3.337087e-02,1.179640e-01
6.942299e-02,1.361035e-01,7.306608e-02,1.046624e-01,6.001982e-02,8.191382e-02,2.830456e-03,8.075068e-02,1.994815e-01,2.965784e-02,4.657425e-03,1.436720e-03,2.219391e-03,2.453515e-02,1.292422e-01
7.695421e-02,1.221032e-01,8.864843e-02,1.161616e-01,7.086948e-02,6.823559e-02,3.147949e-03,9.193134e-02,1.774047e-01,2.783066e-02,5.402758e-03,1.922444e-03,2.245438e-03,1.938348e-02,1.277587e-01
9.487422e-02,1.537191e-01,9.072416e-02,9.413630e-02,9.602714e-02,6.467892e-02,3.800893e-03,7.441685e-02,1.747819e-01,2.102219e-02,5.684500e-03,2.096683e-03,2.275469e-03,1.903986e-02,1.027217e-01
7.371916e-02,1.441908e-01,7.896336e-02,2.609929e-01,9.814446e-02,4.640175e-02,3.430625e-03,5.624525e-02,1.251544e-01,1.514822e-02,4.665578e-03,2.291296e-03,1.793361e-03,1.342538e-02,7.543343e-02
1.001898e-01,2.098987e-01,6.717010e-02,2.312554e-01,1.068160e-01,3.892310e-02,4.790163e-03,4.282467e-02,9.243984e-02,1.224175e-02,7.464508e-03,3.864134e-03,2.724678e-03,1.105005e-02,6.834707e-02
9.350712e-02,3.169365e-01,5.593916e-02,1.937581e-01,8.901347e-02,3.227331e-02,4.588495e-03,3.339259e-02,7.003336e-02,1.139874e-02,1.307872e-02,5.167423e-03,3.838941e-03,1.211344e-02,6.496061e-02
1.576851e-01,3.217088e-01,5.173286e-02,1.607168e-01,7.005972e-02,3.462344e-02,5.804459e-03,2.824942e-02,5.522665e-02,1.142241e-02,2.193982e-02,6.936130e-03,7.242139e-03,1.374338e-02,5.290872e-02
1.626722e-01,2.529293e-01,4.092057e-02,1.203575e-01,5.270879e-02,7.147615e-02,5.350114e-03,2.083395e-02,4.288562e-02,2.822973e-02,1.111085e-01,1.192821e-02,1.013109e-02,2.458179e-02,4.388645e-02
2.649443e-01,2.049639e-01,5.970831e-02,1.079051e-01,4.246332e-02,6.583866e-02,5.116944e-03,1.983657e-02,3.338499e-02,2.524684e-02,8.689091e-02,1.197439e-02,1.136846e-02,2.130369e-02,3.905367e-02
3.198416e-01,1.478588e-01,4.668804e-02,8.512527e-02,3.423161e-02,6.029946e-02,5.496107e-03,1.613479e-02,2.898363e-02,3.011178e-02,1.209733e-01,3.974471e-02,1.076726e-02,2.066536e-02,3.307830e-02
3.803220e-01,1.068818e-01,3.519838e-02,6.293312e-02,2.682449e-02,5.039738e-02,4.842134e-03,1.268722e-02,2.267987e-02,4.227226e-02,1.155102e-01,7.603768e-02,1.012225e-02,2.510945e-02,2.818173e-02
2.718985e-01,7.539546e-02,2.490943e-02,4.415792e-02,1.963553e-02,3.751780e-02,3.431644e-03,8.948582e-03,1.715094e-02,8.018090e-02,2.733090e-01,6.738928e-02,7.247562e-03,4.784412e-02,2.098338e-02
1.906015e-01,5.290632e-02,1.748074e-02,3.093619e-02,1.390931e-02,2.656874e-02,2.405118e-03,6.270398e-03,1.237850e-02,1.660491e-01,3.660268e-01,4.906534e-02,5.130410e-03,4.523056e-02,1.504089e-02
1.338028e-01,3.721706e-02,1.228792e-02,2.171571e-02,1.023532e-02,1.912943e-02,1.693535e-03,4.421855e-03,9.126792e-03,2.816072e-01,3.760856e-01,3.575357e-02,3.809106e-03,4.237755e-02,1.073654e-02
9.381443e-02,2.616089e-02,8.640987e-03,1.525021e-02,7.681897e-03,1.403328e-02,1.196057e-03,3.102470e-03,6.641207e-03,3.892869e-01,3.612354e-01,2.724568e-02,3.092790e-03,3.496251e-02,7.655303e-03
6.573494e-02,1.836103e-02,6.070299e-03,1.070405e-02,5.827522e-03,1.034952e-02,8.407968e-04,2.173735e-03,4.768025e-03,5.002526e-01,3.199045e-01,2.002779e-02,2.458980e-03,2.710724e-02,5.418942e-03
4.608407e-02,1.295740e-02,4.276664e-03,7.509287e-03,4.195586e-03,8.010250e-03,5.900435e-04,1.523009e-03,3.416966e-03,6.198065e-01,2.516041e-01,1.445614e-02,1.993881e-03,1.972987e-02,3.846121e-03
3.234493e-02,9.465062e-03,3.047532e-03,5.287665e-03,3.028327e-03,8.062163e-03,4.147884e-04,1.068274e-03,3.112807e-03,7.161887e-01,1.876633e-01,1.127565e-02,2.060486e-03,1.422408e-02,2.756186e-03
2.288947e-02,7.607169e-03,2.273120e-03,3.721836e-03,2.396833e-03,1.275756e-02,2.945012e-04,7.499278e-04,2.856392e-03,7.691367e-01,1.499754e-01,9.973758e-03,2.549976e-03,1.079582e-02,2.021529e-03
1.612474e-02,1.002609e-02,1.628719e-03,2.623859e-03,1.753670e-03,1.351409e-02,2.070730e-04,5.257943e-04,7.289451e-03,7.918105e-01,1.322788e-01,1.006890e-02,2.415118e-03,8.233460e-03,1.499693e-03
1.148221e-02,3.245549e-02,1.182855e-03,1.864738e-03,1.340467e-03,1.457229e-02,1.459669e-04,3.689434e-04,1.658470e-02,7.854071e-01,1.135499e-01,1.018596e-02,3.158825e-03,6.564129e-03,1.136423e-03
8.704474e-03,3.508662e-02,8.617147e-04,1.362766e-03,1.018107e-03,5.451736e-02,1.103494e-04,2.742915e-04,2.568435e-02,7.593039e-01,9.326463e-02,9.438420e-03,3.977159e-03,5.495634e-03,9.001890e-04
7.033578e-03,3.494565e-02,1.256221e-03,1.242160e-03,1.009331e-02,4.150872e-02,3.456068e-04,6.073362e-04,9.006753e-02,7.218887e-01,7.341469e-02,8.490299e-03,3.949433e-03,4.118475e-03,1.038342e-03
6.537036e-03,4.006553e-02,1.854726e-03,1.208500e-03,2.626456e-02,3.197123e-02,4.273930e-04,7.182090e-04,1.963164e-01,6.258150e-01,5.439420e-02,6.459325e-03,3.436505e-03,3.243556e-03,1.287726e-03
5.307495e-03,6.413142e-02,3.179552e-03,1.255416e-03,4.226517e-02,2.534913e-02,1.013409e-03,4.423331e-03,2.854638e-01,5.162231e-01,3.909525e-02,5.182139e-03,3.230414e-03,2.626799e-03,1.253540e-03
4.438756e-03,8.922805e-02,3.052291e-03,1.329126e-03,5.937139e-02,1.874403e-02,1.082050e-03,3.814488e-03,3.874073e-01,3.926670e-01,2.863968e-02,4.065013e-03,2.866975e-03,2.060992e-03,1.232818e-03
3.975709e-03,8.240014e-02,2.298496e-03,2.019379e-03,5.364636e-02,1.369102e-02,1.224315e-03,5.204663e-03,5.161132e-01,2.904477e-01,2.049890e-02,3.250553e-03,2.540447e-03,1.554892e-03,1.134224e-03
4.093718e-03,8.858008e-02,1.958543e-03,2.933914e-03,4.769184e-02,1.047636e-02,2.185441e-03,8.462620e-03,5.843925e-01,2.245667e-01,1.522935e-02,3.094162e-03,3.381385e-03,1.395897e-03,1.557416e-03
3.471072e-03,1.176336e-01,1.936104e-03,3.926219e-03,3.676889e-02,9.492435e-03,2.795974e-03,1.216720e-02,6.125531e-01,1.724734e-01,1.267712e-02,2.942031e-03,7.327282e-03,1.306318e-03,2.529215e-03
2.905957e-03,9.522516e-02,1.889573e-03,5.652893e-03,2.863809e-02,1.668356e-02,4.193290e-03,1.486092e-02,6.166952e-01,1.362925e-01,1.814934e-02,3.943954e-03,5.017941e-02,1.037950e-03,3.652243e-03
2.500498e-03,7.251820e-02,1.425692e-03,6.317293e-03,2.226468e-02,3.151876e-02,3.864187e-03,1.276305e-02,6.466573e-01,9.603231e-02,1.573944e-02,5.350366e-03,7.815596e-02,7.773043e-04,4.114938e-03
2.257194e-03,5.133755e-02,1.106532e-03,4.744450e-03,1.732049e-02,7.435124e-02,2.915934e-03,9.250993e-03,5.029852e-01,7.121117e-02,3.164692e-02,1.816323e-02,1.683769e-01,6.267209e-04,4.370553e-02
1.953924e-03,3.653944e-02,9.018758e-04,3.488450e-03,1.304385e-02,1.244303e-01,2.165416e-03,6.644279e-03,3.770179e-01,5.467401e-02,4.255474e-02,1.968415e-02,1.877871e-01,7.110457e-04,1.284035e-01
1.686452e-03,2.621488e-02,7.965966e-04,2.610138e-03,9.644588e-03,2.293057e-01,1.560046e-03,4.815640e-03,2.737338e-01,4.028736e-02,4.390571e-02,2.623523e-02,1.812864e-01,1.384169e-03,1.565334e-01
1.476045e-03,1.883293e-02,6.182595e-04,2.140142e-03,7.031499e-03,2.607370e-01,1.151704e-03,3.523952e-03,1.992610e-01,2.951342e-02,3.670912e-02,4.339615e-02,1.725375e-01,1.388642e-03,2.216826e-01
1.770800e-03,1.364412e-02,4.786193e-04,1.827512e-03,5.359107e-03,2.726640e-01,8.667723e-04,2.579514e-03,1.493202e-01,2.328359e-02,3.052048e-02,5.253650e-02,1.539211e-01,1.555083e-03,2.896726e-01
2.554682e-03,1.179781e-02,3.622804e-04,1.388600e-03,3.853812e-03,2.012144e-01,6.376078e-04,1.898519e-03,1.184491e-01,2.048379e-02,3.269333e-02,4.729977e-02,1.390245e-01,3.738430e-03,4.146034e-01
2.860058e-03,1.017479e-02,2.783878e-04,1.184472e-03,2.851604e-03,1.441555e-01,5.062326e-04,1.588404e-03,1.225725e-01,2.031625e-02,3.664007e-02,4.373359e-02,1.129338e-01,5.739252e-03,4.944652e-01
3.030251e-03,9.911207e-03,2.325373e-04,1.325948e-03,2.153713e-03,1.023636e-01,4.488870e-04,1.593752e-03,1.849418e-01,1.724832e-02,4.180099e-02,5.225383e-02,9.099720e-02,6.077194e-03,4.856208e-01
3.688536e-03,1.070517e-02,2.229424e-04,2.667741e-03,2.053584e-03,7.367086e-02,4.733534e-04,2.234265e-03,3.212756e-01,1.310149e-02,3.705467e-02,5.568953e-02,6.880256e-02,4.731838e-03,4.036279e-01
3.455065e-03,9.283306e-03,1.746708e-04,2.641025e-03,1.934322e-03,5.365932e-02,5.032808e-04,2.064962e-03,4.650097e-01,9.628436e-03,2.989007e-02,4.919957e-02,5.046606e-02,3.551259e-03,3.185390e-01
3.779999e-03,1.067903e-02,2.030156e-04,5.266395e-03,4.168437e-03,5.122726e-02,8.278457e-04,3.551144e-03,5.637938e-01,8.299446e-03,2.254704e-02,3.596987e-02,3.780490e-02,2.892144e-03,2.489897e-01
4.853839e-03,1.259313e-02,3.236086e-04,6.720116e-03,8.175088e-03,5.159670e-02,1.562438e-03,6.137531e-03,6.169853e-01,8.099990e-03,1.684980e-02,2.623380e-02,3.019333e-02,2.366435e-03,2.073089e-01
1.054173e-02,1.728136e-02,8.837243e-04,7.994365e-03,1.927938e-02,1.162452e-01,2.096985e-03,1.055142e-02,5.786698e-01,1.594227e-02,1.271040e-02,1.994526e-02,2.507777e-02,2.239197e-03,1.605411e-01
2.607962e-02,1.890391e-02,2.132814e-03,8.281719e-03,2.594573e-02,1.994603e-01,2.978177e-03,2.469297e-02,4.977546e-01,1.843944e-02,9.933025e-03,1.524466e-02,2.113118e-02,2.543641e-03,1.264782e-01
4.115878e-02,1.795507e-02,4.078475e-03,8.160260e-03,4.656152e-02,2.306620e-01,5.191921e-03,3.917649e-02,4.522492e-01,1.758543e-02,8.382206e-03,1.184489e-02,1.829396e-02,3.167333e-03,9.553251e-02
4.564502e-02,3.241887e-02,3.856652e-03,8.094171e-03,5.342347e-02,2.248821e-01,4.223808e-03,3.251430e-02,4.548215e-01,1.833663e-02,6.720618e-03,9.299371e-03,1.409954e-02,4.124267e-03,8.753965e-02
4.246898e-02,5.996231e-02,3.164030e-03,7.036912e-03,5.301846e-02,2.014348e-01,3.528361e-03,2.471029e-02,4.778098e-01,1.951514e-02,5.650058e-03,7.567695e-03,1.344690e-02,3.238645e-03,7.744761e-02
3.305674e-02,7.207119e-02,2.850504e-03,8.650785e-03,5.323127e-02,1.510466e-01,2.988968e-03,2.283414e-02,5.478404e-01,1.994341e-02,4.607253e-03,5.959630e-03,1.227946e-02,2.340980e-03,6.029870e-02
2.815287e-02,8.165641e-02,3.619079e-03,1.162240e-02,5.044728e-02,1.127934e-01,3.249770e-03,2.424624e-02,5.294356e-01,2.887942e-02,3.580081e-03,4.390552e-03,1.575957e-02,1.872966e-03,1.002943e-01
3.031078e-02,6.916212e-02,5.559037e-03,1.524493e-02,7.754284e-02,8.451266e-02,5.273052e-03,3.974412e-02,5.316910e-01,2.964481e-02,2.969425e-03,3.292885e-03,1.573870e-02,1.598095e-03,8.771562e-02
3.911245e-02,5.595946e-02,1.588380e-02,5.541566e-02,8.569375e-02,6.623480e-02,6.165184e-03,8.780830e-02,4.846487e-01,2.138080e-02,2.735078e-03,2.425028e-03,1.180577e-02,1.294273e-03,6.343695e-02
9.378564e-02,6.221483e-02,1.361002e-02,5.864896e-02,1.087837e-01,1.062398e-01,6.465836e-03,6.578871e-02,3.825882e-01,1.712882e-02,5.480867e-03,2.153662e-03,1.418442e-02,2.518162e-03,6.040839e-02
7.461070e-02,5.899675e-02,1.476100e-02,1.419761e-01,1.018374e-01,8.255889e-02,5.307762e-03,4.951400e-02,3.549054e-01,1.441745e-02,1.213006e-02,2.810012e-03,1.672554e-02,2.613800e-03,6.683520e-02
7.870565e-02,4.781097e-02,1.170373e-02,1.107536e-01,7.847966e-02,6.182404e-02,4.904238e-03,3.526739e-02,3.378963e-01,1.355063e-02,1.577643e-02,4.859893e-03,2.083710e-02,4.671467e-03,1.729589e-01
6.856684e-02,5.093779e-02,1.341803e-02,1.754905e-01,6.150267e-02,4.544290e-02,4.189718e-03,2.604982e-02,3.159217e-01,1.143928e-02,1.413314e-02,7.375799e-03,1.848413e-02,4.194000e-03,1.828538e-01
1.590401e-01,5.126635e-02,1.388473e-02,1.527879e-01,6.360153e-02,4.001024e-02,4.906751e-03,2.012170e-02,2.565799e-01,1.066507e-02,1.865114e-02,1.171796e-02,1.998115e-02,4.773148e-03,1.720123e-01
2.229804e-01,5.615197e-02,1.572277e-02,1.251511e-01,8.999854e-02,6.296651e-02,7.333914e-03,1.732903e-02,1.963272e-01,8.628607e-03,1.772782e-02,1.186205e-02,1.862563e-02,4.512728e-03,1.446818e-01
2.756056e-01,5.688344e-02,1.436935e-02,9.766541e-02,9.640712e-02,5.692667e-02,8.514535e-03,1.828962e-02,1.979251e-01,6.760670e-03,1.485558e-02,1.481531e-02,1.912845e-02,5.574976e-03,1.162781e-01
2.529460e-01,7.052092e-02,2.722325e-02,1.224978e-01,7.299894e-02,4.679915e-02,7.117208e-03,1.766007e-02,1.691963e-01,1.714493e-02,1.396954e-02,1.304736e-02,1.782054e-02,6.562511e-03,1.444954e-01
2.207048e-01,1.055407e-01,2.454496e-02,9.657318e-02,5.838630e-02,5.774190e-02,6.045615e-03,1.581597e-02,1.725376e-01,2.519077e-02,1.239996e-02,1.044124e-02,2.051637e-02,8.939926e-03,1.646207e-01
2.132469e-01,1.495553e-01,2.089592e-02,8.507953e-02,4.850286e-02,4.973695e-02,5.418301e-03,1.374329e-02,1.563934e-01,2.067138e-02,1.080563e-02,8.630716e-03,2.828414e-02,9.427396e-03,1.796082e-01
1.714076e-01,1.799303e-01,2.227213e-02,8.911675e-02,4.358103e-02,4.234534e-02,6.345335e-03,1.528212e-02,1.477876e-01,2.144334e-02,8.798104e-03,6.791072e-03,3.001736e-02,8.375127e-03,2.065067e-01
1.502023e-01,2.059063e-01,3.121164e-02,9.206602e-02,3.684265e-02,3.328997e-02,6.888797e-03,1.802036e-02,1.756191e-01,1.967279e-02,7.292884e-03,6.228981e-03,2.611518e-02,6.691123e-03,1.839519e-01
1.163968e-01,2.802424e-01,2.986910e-02,7.635690e-02,2.635099e-02,2.466802e-02,4.966644e-03,1.292165e-02,1.716591e-01,1.954554e-02,5.492085e-03,4.723008e-03,2.319252e-02,5.292634e-03,1.983225e-01
9.585928e-02,2.522965e-01,2.253687e-02,5.721315e-02,2.029977e-02,2.067677e-02,4.013035e-03,9.295096e-03,2.313427e-01,1.629841e-02,4.534322e-03,3.568751e-03,2.984233e-02,5.213887e-03,2.270091e-01
7.667142e-02,2.464559e-01,3.085420e-02,4.981301e-02,1.509615e-02,1.570511e-02,2.944570e-03,6.871366e-03,2.331013e-01,2.127837e-02,3.577776e-03,3.035273e-03,2.635328e-02,4.336108e-03,2.639062e-01
6.923036e-02,2.088509e-01,3.108293e-02,3.920828e-02,1.186714e-02,1.369546e-02,2.425466e-03,5.693123e-03,2.188074e-01,2.115647e-02,3.675494e-03,3.230215e-03,9.193563e-02,4.441722e-03,2.746995e-01
5.576922e-02,1.819773e-01,2.599994e-02,2.799212e-02,8.655539e-03,1.020722e-02,1.903251e-03,4.372651e-03,1.942052e-01,1.703505e-02,3.508987e-03,3.445568e-03,1.151795e-01,8.374349e-03,3.413740e-01
5.524392e-02,1.407117e-01,2.356406e-02,2.106395e-02,6.549954e-03,8.761582e-03,1.610909e-03,4.885160e-03,1.631871e-01,1.264367e-02,3.797537e-03,4.450420e-03,1.092317e-01,1.036976e-02,4.339285e-01
5.491365e-02,1.078115e-01,1.984050e-02,1.704448e-02,5.656662e-03,7.410425e-03,1.723377e-03,4.477609e-03,1.361136e-01,1.060613e-02,5.295103e-03,8.325085e-03,1.699904e-01,1.226051e-02,4.385311e-01
4.437460e-02,7.837401e-02,1.635508e-02,2.243018e-02,5.119104e-03,1.374917e-02,3.295074e-03,3.668263e-03,1.167015e-01,2.068104e-02,2.332656e-02,2.873813e-02,2.504022e-01,1.145936e-02,3.613259e-01
3.337514e-02,5.635748e-02,1.214666e-02,2.604160e-02,5.102271e-03,2.599669e-02,3.024573e-03,3.284653e-03,9.191579e-02,1.880939e-02,2.933685e-02,3.120849e-02,3.666288e-01,9.118277e-03,2.876533e-01
2.375031e-02,3.952461e-02,8.890901e-03,1.894842e-02,3.749412e-03,1.872235e-02,2.902397e-03,8.406091e-02,6.940579e-02,1.545175e-02,4.851935e-02,3.657006e-02,3.970940e-01,6.533023e-03,2.258768e-01
1.699182e-02,2.774626e-02,6.578596e-03,1.628318e-02,2.921442e-03,1.467532e-02,2.580976e-03,1.970726e-01,6.059464e-02,1.170217e-02,6.622285e-02,3.997470e-02,3.393308e-01,4.674066e-03,1.926507e-01
1.216578e-02,1.947397e-02,4.879224e-03,1.328775e-02,2.115106e-03,1.086438e-02,2.182846e-03,3.780903e-01,4.739411e-02,8.433433e-03,5.766944e-02,3.412490e-02,2.558223e-01,3.301100e-03,1.501955e-01
9.432158e-03,1.392626e-02,4.078908e-03,1.254443e-02,2.091601e-03,8.112615e-03,3.814415e-03,4.979189e-01,4.630999e-02,6.140843e-03,4.653389e-02,2.770402e-02,1.816926e-01,2.435438e-03,1.372640e-01
7.690839e-03,1.013300e-02,3.479823e-03,1.147274e-02,2.428365e-03,7.153777e-03,4.568468e-03,5.985254e-01,4.060364e-02,4.491081e-03,3.714181e-02,2.171031e-02,1.295873e-01,1.830472e-03,1.191830e-01
6.507440e-03,7.259697e-03,3.384759e-03,1.118178e-02,2.985443e-03,6.462112e-03,3.587269e-03,6.783813e-01,3.285876e-02,3.653423e-03,3.541731e-02,1.847557e-02,9.846883e-02,1.483771e-03,8.989257e-02
6.638822e-03,5.542914e-03,3.822410e-03,1.349673e-02,3.870925e-03,6.524495e-03,3.207966e-03,7.376126e-01,2.624824e-02,3.178595e-03,3.166820e-02,1.499762e-02,7.486046e-02,1.496626e-03,6.683347e-02
7.449849e-03,4.930715e-03,5.877693e-03,2.013304e-02,4.639838e-03,8.046664e-03,3.909055e-03,7.554733e-01,2.250420e-02,3.613487e-03,3.324229e-02,1.313898e-02,6.098195e-02,2.035543e-03,5.402352e-02
1.254083e-02,1.654516e-02,9.785283e-03,3.069528e-02,1.149860e-02,9.544419e-03,3.943689e-03,6.924192e-01,6.786826e-02,4.249453e-03,3.595174e-02,1.136593e-02,5.029802e-02,2.136124e-03,4.115802e-02
2.300939e-02,1.998997e-02,1.218042e-02,3.553832e-02,3.195315e-02,1.202614e-02,4.791028e-03,6.637723e-01,8.058901e-02,4.140803e-03,3.001747e-02,9.260051e-03,3.903978e-02,2.206311e-03,3.148586e-02
3.256595e-02,2.584124e-02,1.325162e-02,3.570525e-02,5.654805e-02,1.277545e-02,7.504464e-03,6.531627e-01,7.072965e-02,3.696471e-03,2.294124e-02,7.243404e-03,3.082075e-02,2.157462e-03,2.505630e-02
4.794942e-02,3.132292e-02,1.325825e-02,3.267605e-02,6.940071e-02,1.346619e-02,9.640463e-03,6.308152e-01,7.143903e-02,3.898433e-03,1.683176e-02,5.928689e-03,2.782155e-02,2.511881e-03,2.303950e-02
6.702706e-02,3.486324e-02,1.353056e-02,2.978631e-02,8.095688e-02,1.432227e-02,1.294275e-02,5.918121e-01,8.240508e-02,4.322177e-03,1.265094e-02,5.670429e-03,2.634808e-02,3.033640e-03,2.032846e-02
1.120531e-01,3.305178e-02,1.117172e-02,3.026340e-02,7.144266e-02,1.532202e-02,1.280354e-02,5.623146e-01,8.114022e-02,5.172391e-03,1.033037e-02,7.953797e-03,2.292684e-02,3.208040e-03,2.084558e-02
1.727865e-01,3.186804e-02,1.001179e-02,3.280844e-02,5.970298e-02,1.737816e-02,1.242494e-02,5.181042e-01,6.494857e-02,8.182049e-03,9.382209e-03,1.209217e-02,2.023938e-02,3.326521e-03,2.674402e-02
2.633727e-01,2.785291e-02,9.338460e-03,3.163783e-02,4.707738e-02,1.886704e-02,1.103020e-02,4.494197e-01,5.363896e-02,8.250786e-03,9.368796e-03,1.615488e-02,2.144223e-02,3.430323e-03,2.911779e-02
3.517932e-01,2.589268e-02,9.495399e-03,3.078385e-02,3.797288e-02,1.876363e-02,1.023595e-02,3.726114e-01,4.448292e-02,8.113433e-03,9.836730e-03,1.892013e-02,2.753881e-02,3.910638e-03,2.964831e-02
4.171149e-01,2.452836e-02,9.810107e-03,2.885492e-02,3.148306e-02,1.960515e-02,9.730007e-03,3.188326e-01,3.682790e-02,8.212335e-03,1.013587e-02,2.141207e-02,3.003745e-02,4.475109e-03,2.894017e-02
1.000000e+00,0.000000e+00,0.000000e+00,0.000000e+00,0.000000e+00,0.000000e+00,0.000000e+00,0.000000e+00,0.000000e+00,0.000000e+00,0.000000e+00,0.000000e+00,0.000000e+00,0.000000e+00,0.000000e+00
1.000000e+00,0.000000e+00,0.000000e+00,0.000000e+00,0.000000e+00,0.000000e+00,0.000000e+00,0.000000e+00,0.000000e+00,0.000000e+00,0.000000e+00,0.000000e+00,0.000000e+00,0.000000e+00,0.000000e+00
1.000000e+00,0.000000e+00,0.000000e+00,0.000000e+00,0.000000e+00,0.000000e+00,0.000000e+00,0.000000e+00,0.000000e+00,0.000000e+00,0.000000e+00,0.000000e+00,0.000000e+00,0.000000e+00,0.000000e+00
1.000000e+00,0.000000e+00,0.000000e+00,0.000000e+00,0.000000e+00,0.000000e+00,0.000000e+00,0.000000e+00,0.000000e+00,0.000000e+00,0.000000e+00,0.000000e+00,0.000000e+00,0.000000e+00,0.000000e+00
1.000000e+00,0.000000e+00,0.000000e+00,0.000000e+00,0.000000e+00,0.000000e+00,0.000000e+00,0.000000e+00,0.000000e+00,0.000000e+00,0.000000e+00,0.000000e+00,0.000000e+00,0.000000e+00,0.000000e+00
1.000000e+00,0.000000e+00,0.000000e+00,0.000000e+00,0.000000e+00,0.000000e+00,0.000000e+00,0.000000e+00,0.000000e+00,0.000000e+00,0.000000e+00,0.000000e+00,0.000000e+00,0.000000e+00,0.000000e+00
1.000000e+00,0.000000e+00,0.000000e+00,0.000000e+00,0.000000e+00,0.000000e+00,0.000000e+00,0.000000e+00,0.000000e+00,0.000000e+00,0.000000e+00,0.000000e+00,0.000000e+00,0.000000e+00,0.000000e+00
4.170782e-01,4.901415e-02,3.142026e-02,1.536750e-01,1.709377e-02,1.399859e-02,5.270892e-03,2.913240e-02,1.203537e-01,1.723322e-02,8.188790e-03,2.177756e-02,1.520162e-02,2.039187e-03,9.852260e-02
2.937345e-01,3.847592e-02,1.574964e-01,2.060479e-01,1.261803e-02,1.069854e-02,3.812482e-03,2.042774e-02,9.809533e-02,1.969730e-02,6.386511e-03,1.590265e-02,1.103565e-02,1.522440e-03,1.040486e-01
2.321085e-01,3.232636e-02,1.688318e-01,1.650224e-01,9.435689e-03,8.384506e-03,2.796673e-03,1.434087e-02,7.892465e-02,2.255042e-02,5.550902e-03,1.165928e-02,8.500637e-03,1.335639e-03,2.382316e-01
2.292412e-01,8.877016e-02,1.814589e-01,1.302132e-01,7.934859e-03,7.568637e-03,2.309788e-03,1.010264e-02,7.519725e-02,2.256723e-02,4.712966e-03,8.809580e-03,8.362168e-03,1.267474e-03,2.214839e-01
2.038533e-01,7.721304e-02,2.302821e-01,1.278770e-01,6.982874e-03,6.661471e-03,1.944832e-03,7.220258e-03,6.651326e-02,2.627549e-02,4.062783e-03,6.774917e-03,8.660214e-03,1.193041e-03,2.244853e-01
1.951533e-01,1.085034e-01,2.468679e-01,1.020725e-01,6.384666e-03,5.645545e-03,1.540301e-03,5.290604e-03,8.103597e-02,2.603719e-02,3.957540e-03,5.382109e-03,8.528881e-03,1.673131e-03,2.019269e-01
1.572498e-01,9.463924e-02,3.102342e-01,1.140380e-01,5.636759e-03,4.557210e-03,1.151155e-03,4.046003e-03,7.573797e-02,2.625161e-02,3.807670e-03,4.393097e-03,7.706325e-03,1.749723e-03,1.888012e-01
1.473079e-01,1.045761e-01,2.312103e-01,1.105118e-01,7.469598e-03,5.068175e-03,1.039096e-03,3.490897e-03,7.832967e-02,2.131070e-02,7.318454e-03,4.647284e-03,2.286479e-02,7.866457e-03,2.469888e-01
1.050184e-01,8.492943e-02,1.962213e-01,2.316661e-01,7.713936e-03,4.598677e-03,8.081653e-04,2.675571e-03,1.005729e-01,1.931755e-02,1.068661e-02,6.884000e-03,2.651291e-02,6.697820e-03,1.956966e-01
7.401685e-02,6.102336e-02,1.411208e-01,2.794924e-01,6.761140e-03,3.842280e-03,6.575956e-04,1.899533e-03,7.773352e-02,1.460484e-02,1.339492e-01,7.448156e-03,4.035540e-02,1.097959e-02,1.461154e-01
5.449022e-02,4.369356e-02,1.006400e-01,2.321492e-01,5.327476e-03,5.342320e-03,7.590395e-04,1.462487e-03,6.032260e-02,1.203967e-02,1.713291e-01,2.930544e-02,1.190533e-01,4.282599e-02,1.212596e-01
4.187962e-02,3.129125e-02,7.331934e-02,1.842796e-01,4.065592e-03,9.805120e-03,6.330521e-04,1.132877e-03,4.610816e-02,1.737015e-02,1.401630e-01,5.968437e-02,2.684239e-01,3.162162e-02,9.022231e-02
3.251763e-02,2.289261e-02,5.263912e-02,1.349348e-01,3.265053e-03,1.182804e-02,5.737385e-04,8.766487e-04,3.525436e-02,2.174897e-02,1.146767e-01,1.523903e-01,3.260521e-01,2.449051e-02,6.585956e-02
3.015758e-02,1.755496e-02,3.718518e-02,9.508505e-02,2.497672e-03,9.333104e-03,5.083592e-04,6.512580e-04,3.407755e-02,3.958629e-02,8.905391e-02,2.913730e-01,2.834413e-01,1.853993e-02,5.095486e-02
2.150859e-02,1.331886e-02,2.731727e-02,6.723951e-02,2.196317e-03,6.836704e-03,7.363409e-04,9.921504e-04,3.153549e-02,3.757931e-02,6.705187e-02,2.896519e-01,3.729647e-01,1.429494e-02,4.677602e-02
1.516727e-02,1.022332e-02,1.934848e-02,4.721432e-02,2.308403e-03,4.883123e-03,1.285046e-03,9.526188e-04,4.945365e-02,3.140512e-02,5.358607e-02,3.470173e-01,3.495763e-01,1.124689e-02,5.633200e-02
1.099060e-02,9.237288e-03,1.399226e-02,3.327037e-02,3.680544e-03,3.776872e-03,1.777023e-03,1.553112e-03,1.105894e-01,2.485773e-02,5.012526e-02,3.498778e-01,2.987194e-01,9.332280e-03,7.822004e-02
8.133582e-03,9.581818e-03,1.002654e-02,2.339841e-02,2.916340e-03,3.348295e-03,1.446218e-03,1.180920e-03,1.155315e-01,2.482130e-02,4.440592e-02,3.787428e-01,2.825581e-01,8.473109e-03,8.543511e-02
5.891666e-03,1.775790e-02,7.346855e-03,1.639583e-02,2.224053e-03,2.592942e-03,1.197073e-03,8.394010e-04,1.144880e-01,2.307642e-02,3.703252e-02,3.748887e-01,2.759668e-01,7.657631e-03,1.126443e-01
4.625249e-03,2.099295e-02,5.409791e-03,1.150050e-02,1.667076e-03,2.046550e-03,1.220906e-03,6.280412e-04,1.004932e-01,6.772362e-02,3.250347e-02,3.503456e-01,2.474055e-01,7.092278e-03,1.463454e-01
3.893701e-03,3.074282e-02,4.167667e-03,8.078690e-03,1.609701e-03,2.454679e-03,1.010964e-03,6.792125e-04,1.549532e-01,1.485651e-01,3.108582e-02,3.013810e-01,1.888567e-01,5.930050e-03,1.165907e-01
3.928599e-03,3.032642e-02,3.182430e-03,5.705604e-03,1.839462e-03,2.235217e-03,8.795428e-04,9.544346e-04,2.023460e-01,2.425611e-01,2.630470e-02,2.500246e-01,1.402022e-01,4.655977e-03,8.485368e-02
4.558906e-03,4.062267e-02,4.062074e-03,4.184246e-03,2.638285e-03,2.954646e-03,1.059509e-03,2.086822e-03,2.032933e-01,3.312626e-01,2.062639e-02,2.158998e-01,1.019901e-01,3.628070e-03,6.113245e-02
4.689018e-03,4.371056e-02,3.051462e-03,3.061917e-03,4.811351e-03,2.891524e-03,8.036879e-04,2.329667e-03,3.982625e-01,2.502205e-01,1.541400e-02,1.533008e-01,7.202965e-02,2.556887e-03,4.286640e-02
7.701730e-03,4.193053e-02,3.088239e-03,2.943064e-03,9.545934e-03,3.294562e-03,1.069808e-03,4.448916e-03,4.247309e-01,2.947321e-01,1.506455e-02,1.081580e-01,5.119647e-02,1.833641e-03,3.026157e-02
2.425979e-02,3.175986e-02,3.491683e-02,1.334574e-02,1.831336e-02,1.190567e-02,9.969911e-03,6.858980e-02,3.699736e-01,2.567266e-01,2.186761e-02,7.814697e-02,3.742767e-02,1.361141e-03,2.143538e-02
6.482951e-02,2.746225e-02,6.460732e-02,2.173681e-02,1.859665e-02,2.876043e-02,1.286244e-02,6.519510e-02,2.947425e-01,2.591598e-01,2.080802e-02,7.361807e-02,2.967808e-02,1.406337e-03,1.653669e-02
6.923667e-02,2.500760e-02,7.275768e-02,3.011132e-02,2.144789e-02,4.837134e-02,1.352061e-02,8.495086e-02,2.658117e-01,2.484160e-01,1.597757e-02,6.583027e-02,2.409251e-02,1.266119e-03,1.320181e-02
6.528042e-02,2.024547e-02,8.943778e-02,3.037670e-02,1.820039e-02,1.731845e-01,1.096576e-02,6.529639e-02,2.006799e-01,2.085632e-01,1.277048e-02,6.681770e-02,2.044385e-02,1.381765e-03,1.635565e-02
9.138007e-02,1.818041e-02,1.142554e-01,3.843345e-02,2.505608e-02,1.402424e-01,1.945951e-02,7.284986e-02,1.702665e-01,1.865578e-01,1.122592e-02,7.756878e-02,1.836486e-02,1.573305e-03,1.458552e-02
1.328930e-01,1.755444e-02,1.039710e-01,4.351588e-02,2.833756e-02,1.029997e-01,4.254609e-02,1.200012e-01,1.633720e-01,1.429562e-01,1.216034e-02,6.031245e-02,1.500371e-02,2.222027e-03,1.215446e-02
2.297780e-01,3.471661e-02,8.300273e-02,4.204124e-02,2.580928e-02,7.761526e-02,3.931175e-02,9.810741e-02,1.438611e-01,1.282721e-01,1.212554e-02,5.366030e-02,1.266892e-02,4.090187e-03,1.493965e-02
3.157495e-01,3.757526e-02,7.365791e-02,3.705570e-02,2.458087e-02,5.874215e-02,3.693902e-02,8.816721e-02,1.230095e-01,1.136361e-01,1.159982e-02,4.734398e-02,1.067611e-02,5.022718e-03,1.624425e-02
3.608536e-01,3.669508e-02,7.663196e-02,4.003391e-02,2.462171e-02,5.108045e-02,4.092473e-02,7.361739e-02,1.215592e-01,9.219962e-02,1.168640e-02,3.906322e-02,8.703737e-03,6.146729e-03,1.618227e-02
4.236374e-01,3.135987e-02,7.434091e-02,3.910331e-02,2.313532e-02,4.387371e-02,4.955042e-02,6.021260e-02,1.040731e-01,7.552604e-02,1.014776e-02,3.199849e-02,8.326452e-03,7.586631e-03,1.712798e-02
4.907447e-01,2.692191e-02,6.110542e-02,2.943967e-02,2.441169e-02,3.757571e-02,5.561449e-02,5.395409e-02,9.558846e-02,5.862307e-02,9.735430e-03,2.583725e-02,6.772334e-03,8.308096e-03,1.536770e-02
1.000000e+00,0.000000e+00,0.000000e+00,0.000000e+00,0.000000e+00,0.000000e+00,0.000000e+00,0.000000e+00,0.000000e+00,0.000000e+00,0.000000e+00,0.000000e+00,0.000000e+00,0.000000e+00,0.000000e+00
1.000000e+00,0.000000e+00,0.000000e+00,0.000000e+00,0.000000e+00,0.000000e+00,0.000000e+00,0.000000e+00,0.000000e+00,0.000000e+00,0.000000e+00,0.000000e+00,0.000000e+00,0.000000e+00,0.000000e+00
1.000000e+00,0.000000e+00,0.000000e+00,0.000000e+00,0.000000e+00,0.000000e+00,0.000000e+00,0.000000e+00,0.000000e+00,0.000000e+00,0.000000e+00,0.000000e+00,0.000000e+00,0.000000e+00,0.000000e+00
1.000000e+00,0.000000e+00,0.000000e+00,0.000000e+00,0.000000e+00,0.000000e+00,0.000000e+00,0.000000e+00,0.000000e+00,0.000000e+00,0.000000e+00,0.000000e+00,0.000000e+00,0.000000e+00,0.000000e+00
4.221738e-01,1.633119e-02,1.327536e-02,7.395310e-03,1.503664e-02,1.741530e-02,2.784560e-02,1.908064e-02,6.468260e-02,3.546147e-01,5.853107e-03,1.142374e-02,4.586896e-03,7.468811e-03,1.281626e-02
3.977342e-01,1.561810e-02,9.995651e-03,9.524155e-03,1.348754e-02,1.830644e-02,2.131431e-02,1.547969e-02,7.260504e-02,3.611451e-01,6.747988e-03,2.649544e-02,6.123009e-03,5.718334e-03,1.970506e-02
3.115174e-01,3.382570e-02,1.355526e-02,9.606393e-02,1.271282e-02,1.589480e-02,1.567438e-02,1.224882e-02,7.259067e-02,3.107322e-01,1.058222e-02,2.936106e-02,7.287797e-03,4.635507e-03,5.331747e-02
2.946906e-01,3.365291e-02,1.464109e-02,8.236761e-02,1.435850e-02,1.590819e-02,1.180490e-02,1.080315e-02,8.811790e-02,3.104422e-01,1.506324e-02,2.498334e-02,1.027466e-02,5.449111e-03,6.744258e-02
2.642080e-01,3.815863e-02,1.185853e-02,8.813743e-02,1.599992e-02,1.383550e-02,1.002097e-02,9.505913e-03,1.598226e-01,2.477868e-01,2.219376e-02,2.561872e-02,2.329442e-02,4.480945e-03,6.507780e-02
2.092796e-01,6.851634e-02,8.763909e-03,6.805011e-02,1.593811e-02,1.038665e-02,7.592739e-03,6.840507e-03,3.061158e-01,1.779070e-01,2.107946e-02,2.201200e-02,2.505009e-02,3.263510e-03,4.920414e-02
1.591479e-01,7.894211e-02,6.481216e-03,5.386984e-02,1.798853e-02,8.098826e-03,5.826103e-03,5.124376e-03,4.486379e-01,1.252604e-01,1.651569e-02,1.620679e-02,1.979804e-02,2.494506e-03,3.560767e-02
1.227431e-01,1.051126e-01,5.182776e-03,4.628715e-02,1.694334e-02,6.843574e-03,4.330376e-03,3.785579e-03,5.305196e-01,8.822505e-02,1.296216e-02,1.182087e-02,1.677139e-02,1.983707e-03,2.648862e-02
9.866933e-02,1.232305e-01,1.750297e-02,1.550907e-01,2.229582e-02,8.169197e-03,4.361898e-03,4.262560e-03,4.415088e-01,6.301472e-02,1.088263e-02,9.705231e-03,1.510744e-02,1.926304e-03,2.427192e-02
7.234178e-02,9.077501e-02,2.743234e-02,3.427807e-01,2.743966e-02,7.773736e-03,3.921079e-03,4.514189e-03,3.297269e-01,4.513205e-02,8.930964e-03,7.202210e-03,1.177967e-02,1.502238e-03,1.874749e-02
5.783723e-02,7.356118e-02,8.738965e-02,3.381969e-01,2.316403e-02,7.749223e-03,3.168119e-03,4.811692e-03,2.415627e-01,5.691260e-02,2.386851e-02,6.031054e-03,1.071879e-02,2.433031e-03,6.259530e-02
4.186158e-02,6.302936e-02,1.913164e-01,2.712739e-01,1.821760e-02,6.214133e-03,2.354105e-03,3.797374e-03,1.871747e-01,7.128038e-02,2.057025e-02,4.634951e-03,8.709848e-03,2.228139e-03,1.073374e-01
3.169858e-02,5.584418e-02,1.765489e-01,1.964311e-01,1.417670e-02,5.071939e-03,1.874905e-03,2.985418e-03,1.460851e-01,1.714661e-01,2.077098e-02,3.499163e-03,7.008927e-03,2.528931e-03,1.640091e-01
7.210227e-02,1.025951e-01,1.367676e-01,1.409212e-01,1.147308e-02,4.866765e-03,1.798620e-03,2.356536e-03,1.115196e-01,2.247344e-01,1.553106e-02,2.888619e-03,5.815247e-03,2.237250e-03,1.643927e-01
5.749238e-02,1.102575e-01,1.044797e-01,9.950415e-02,8.620408e-03,4.111441e-03,1.515661e-03,1.831076e-03,8.033461e-02,3.596953e-01,1.232338e-02,4.272891e-03,3.450746e-02,1.772728e-03,1.192814e-01
6.692155e-02,1.025707e-01,9.313907e-02,7.397722e-02,9.541097e-03,6.135681e-03,2.431438e-03,1.022390e-02,7.329994e-02,3.173732e-01,1.387531e-02,6.405181e-03,1.048372e-01,7.378155e-03,1.118905e-01
5.385147e-02,7.414454e-02,6.701612e-02,5.537183e-02,8.088985e-03,5.477503e-03,1.908195e-03,7.488872e-03,5.691950e-02,2.303288e-01,1.333766e-02,1.571867e-02,3.053270e-01,6.866671e-03,9.815417e-02
5.153705e-02,5.525018e-02,4.943371e-02,4.755207e-02,7.826043e-03,6.399356e-03,1.542831e-03,5.664186e-03,5.031385e-02,1.706559e-01,1.309408e-02,2.326003e-02,4.304072e-01,7.625515e-03,7.943798e-02
4.402579e-02,3.981724e-02,3.486535e-02,3.558592e-02,6.054243e-03,1.162636e-02,1.343793e-03,4.040098e-03,4.006637e-02,1.207172e-01,1.881397e-02,6.969806e-02,5.048972e-01,6.763277e-03,6.168509e-02
3.193101e-02,2.898586e-02,2.457339e-02,2.569129e-02,4.891980e-03,9.255118e-03,1.265636e-03,3.042040e-03,5.333894e-02,8.613380e-02,2.310791e-02,8.818303e-02,5.628587e-01,5.629881e-03,5.111147e-02
2.366860e-02,2.068688e-02,1.742639e-02,1.853801e-02,3.873296e-03,8.319368e-03,1.540647e-03,3.002459e-03,5.299608e-02,6.244693e-02,4.135680e-02,1.391589e-01,5.589757e-01,5.847175e-03,4.216279e-02
1.688697e-02,1.511822e-02,1.255206e-02,1.327920e-02,3.093872e-03,2.262927e-02,2.088382e-03,2.993797e-03,5.105760e-02,4.566981e-02,5.196881e-02,1.817059e-01,5.277130e-01,4.791686e-03,4.845145e-02
1.199347e-02,1.080650e-02,8.845611e-03,9.462731e-03,2.578386e-03,1.757582e-02,1.617703e-03,2.349651e-03,6.685185e-02,3.383382e-02,5.857897e-02,2.031728e-01,5.261905e-01,3.571007e-03,4.257125e-02
8.959411e-03,7.761520e-03,6.531131e-03,9.338980e-03,6.657882e-03,2.527723e-02,1.964899e-03,2.248698e-03,9.460977e-02,3.247723e-02,5.760553e-02,2.125055e-01,4.961240e-01,2.677185e-03,3.526103e-02
6.832451e-03,5.739142e-03,5.401589e-03,9.606820e-03,1.239088e-02,2.435831e-02,7.691005e-03,2.953688e-03,1.341508e-01,3.080751e-02,5.872887e-02,1.769572e-01,4.915179e-01,2.010158e-03,3.085363e-02
5.074278e-03,4.549131e-03,4.224887e-03,7.155138e-03,1.095124e-02,2.053153e-02,6.209349e-03,5.198522e-03,3.089995e-01,2.221800e-02,5.007549e-02,1.444297e-01,3.866345e-01,1.466837e-03,2.228188e-02
5.037206e-03,3.244132e-03,4.180823e-03,5.244134e-03,1.421306e-02,1.558240e-02,1.967071e-02,1.741104e-01,2.302494e-01,1.650540e-02,5.524985e-02,1.156323e-01,3.239730e-01,1.111864e-03,1.599547e-02
6.730870e-03,2.705381e-03,5.048799e-03,4.964460e-03,3.648122e-02,2.311073e-02,3.284590e-02,1.636912e-01,3.123876e-01,1.306344e-02,4.847934e-02,9.109570e-02,2.454889e-01,9.572170e-04,1.294928e-02
1.250561e-02,3.029421e-03,7.638391e-03,5.465874e-03,8.155353e-02,1.986045e-02,3.863634e-02,1.413265e-01,3.412119e-01,1.091731e-02,5.181747e-02,7.757305e-02,1.942225e-01,1.352276e-03,1.288947e-02
2.097526e-02,8.223938e-03,2.386639e-02,1.981611e-02,1.357292e-01,1.980565e-02,3.475253e-02,1.676454e-01,2.937881e-01,1.026667e-02,4.528552e-02,5.853829e-02,1.477840e-01,1.402783e-03,1.212028e-02
2.876330e-02,1.265853e-02,1.461095e-01,2.142552e-02,1.191042e-01,1.647793e-02,2.650639e-02,1.305830e-01,2.717565e-01,1.187901e-02,4.144527e-02,4.468007e-02,1.142269e-01,1.556312e-03,1.282759e-02
2.328891e-02,1.377916e-02,3.297783e-01,3.757720e-02,9.620754e-02,1.266433e-02,2.092161e-02,9.331369e-02,2.062777e-01,9.623691e-03,2.984977e-02,3.285569e-02,8.294968e-02,1.159714e-03,9.752992e-03
2.200526e-02,1.470996e-02,4.515657e-01,3.457652e-02,7.990164e-02,1.054307e-02,1.740642e-02,6.651897e-02,1.766156e-01,1.077608e-02,2.193960e-02,2.402305e-02,5.926120e-02,9.387047e-04,9.218311e-03
2.820693e-02,3.521217e-02,4.592026e-01,2.967915e-02,7.311340e-02,1.117363e-02,2.220855e-02,5.081230e-02,1.922117e-01,1.016487e-02,1.612372e-02,1.768720e-02,4.327495e-02,8.311364e-04,1.009775e-02
5.058891e-02,3.984707e-02,3.995360e-01,3.053187e-02,1.197059e-01,2.142429e-02,4.005291e-02,4.138814e-02,1.794240e-01,8.527432e-03,1.200028e-02,1.350735e-02,3.408810e-02,8.369017e-04,8.540919e-03
6.369588e-02,4.814607e-02,3.676252e-01,3.249184e-02,1.829728e-01,2.110716e-02,3.676768e-02,3.167609e-02,1.442475e-01,1.009740e-02,8.997787e-03,1.068465e-02,2.529605e-02,8.031150e-04,1.539077e-02
1.038304e-01,4.541131e-02,2.962334e-01,4.561082e-02,2.377646e-01,2.256598e-02,3.741730e-02,3.310334e-02,1.114658e-01,9.540762e-03,7.100217e-03,1.117282e-02,2.459608e-02,8.664959e-04,1.332071e-02
1.530937e-01,4.207158e-02,2.549278e-01,5.254006e-02,2.240068e-01,3.224375e-02,3.729638e-02,3.113003e-02,9.776738e-02,1.060957e-02,6.449057e-03,1.258126e-02,2.734736e-02,1.301342e-03,1.663400e-02
1.998364e-01,4.030878e-02,1.848040e-01,4.136833e-02,2.667302e-01,3.419456e-02,3.632785e-02,2.609136e-02,9.970306e-02,8.452687e-03,5.385956e-03,1.148310e-02,2.942610e-02,1.686435e-03,1.420107e-02
2.617532e-01,3.993405e-02,1.352544e-01,3.656672e-02,2.693515e-01,3.666493e-02,2.875379e-02,2.386204e-02,9.353130e-02,8.218072e-03,5.064803e-03,1.298887e-02,3.010109e-02,1.970381e-03,1.598494e-02
3.432803e-01,3.873948e-02,9.824800e-02,3.003538e-02,2.386656e-01,4.395011e-02,2.167685e-02,1.986402e-02,9.067017e-02,7.348225e-03,4.683372e-03,1.518928e-02,2.953585e-02,2.182364e-03,1.593091e-02
4.687052e-01,3.083361e-02,7.087795e-02,2.449302e-02,1.788303e-01,5.138999e-02,1.698478e-02,1.604615e-02,6.872355e-02,6.259534e-03,4.384654e-03,1.777445e-02,2.674842e-02,2.318486e-03,1.562977e-02
1.000000e+00,0.000000e+00,0.000000e+00,0.000000e+00,0.000000e+00,0.000000e+00,0.000000e+00,0.000000e+00,0.000000e+00,0.000000e+00,0.000000e+00,0.000000e+00,0.000000e+00,0.000000e+00,0.000000e+00
1.000000e+00,0.000000e+00,0.000000e+00,0.000000e+00,0.000000e+00,0.000000e+00,0.000000e+00,0.000000e+00,0.000000e+00,0.000000e+00,0.000000e+00,0.000000e+00,0.000000e+00,0.000000e+00,0.000000e+00
1.000000e+00,0.000000e+00,0.000000e+00,0.000000e+00,0.000000e+00,0.000000e+00,0.000000e+00,0.000000e+00,0.000000e+00,0.000000e+00,0.000000e+00,0.000000e+00,0.000000e+00,0.000000e+00,0.000000e+00
1.000000e+00,0.000000e+00,0.000000e+00,0.000000e+00,0.000000e+00,0.000000e+00,0.000000e+00,0.000000e+00,0.000000e+00,0.000000e+00,0.000000e+00,0.000000e+00,0.000000e+00,0.000000e+00,0.000000e+00
1.000000e+00,0.000000e+00,0.000000e+00,0.000000e+00,0.000000e+00,0.000000e+00,0.000000e+00,0.000000e+00,0.000000e+00,0.000000e+00,0.000000e+00,0.000000e+00,0.000000e+00,0.000000e+00,0.000000e+00
1.000000e+00,0.000000e+00,0.000000e+00,0.000000e+00,0.000000e+00,0.000000e+00,0.000000e+00,0.000000e+00,0.000000e+00,0.000000e+00,0.000000e+00,0.000000e+00,0.000000e+00,0.000000e+00,0.000000e+00
1.000000e+00,0.000000e+00,0.000000e+00,0.000000e+00,0.000000e+00,0.000000e+00,0.000000e+00,0.000000e+00,0.000000e+00,0.000000e+00,0.000000e+00,0.000000e+00,0.000000e+00,0.000000e+00,0.000000e+00
1.000000e+00,0.000000e+00,0.000000e+00,0.000000e+00,0.000000e+00,0.000000e+00,0.000000e+00,0.000000e+00,0.000000e+00,0.000000e+00,0.000000e+00,0.000000e+00,0.000000e+00,0.000000e+00,0.000000e+00
1.000000e+00,0.000000e+00,0.000000e+00,0.000000e+00,0.000000e+00,0.000000e+00,0.000000e+00,0.000000e+00,0.000000e+00,0.000000e+00,0.000000e+00,0.000000e+00,0.000000e+00,0.000000e+00,0.000000e+00
1.000000e+00,0.000000e+00,0.000000e+00,0.000000e+00,0.000000e+00,0.000000e+00,0.000000e+00,0.000000e+00,0.000000e+00,0.000000e+00,0.000000e+00,0.000000e+00,0.000000e+00,0.000000e+00,0.000000e+00
1.000000e+00,0.000000e+00,0.000000e+00,0.000000e+00,0.000000e+00,0.000000e+00,0.000000e+00,0.000000e+00,0.000000e+00,0.000000e+00,0.000000e+00,0.000000e+00,0.000000e+00,0.000000e+00,0.000000e+00
1.000000e+00,0.000000e+00,0.000000e+00,0.000000e+00,0.000000e+00,0.000000e+00,0.000000e+00,0.000000e+00,0.000000e+00,0.000000e+00,0.000000e+00,0.000000e+00,0.000000e+00,0.000000e+00,0.000000e+00
1.000000e+00,0.000000e+00,0.000000e+00,0.000000e+00,0.000000e+00,0.000000e+00,0.000000e+00,0.000000e+00,0.000000e+00,0.000000e+00,0.000000e+00,0.000000e+00,0.000000e+00,0.000000e+00,0.000000e+00
1.000000e+00,0.000000e+00,0.000000e+00,0.000000e+00,0.000000e+00,0.000000e+00,0.000000e+00,0.000000e+00,0.000000e+00,0.000000e+00,0.000000e+00,0.000000e+00,0.000000e+00,0.000000e+00,0.000000e+00
1.000000e+00,0.000000e+00,0.000000e+00,0.000000e+00,0.000000e+00,0.000000e+00,0.000000e+00,0.000000e+00,0.000000e+00,0.000000e+00,0.000000e+00,0.000000e+00,0.000000e+00,0.000000e+00,0.000000e+00
1.000000e+00,0.000000e+00,0.000000e+00,0.000000e+00,0.000000e+00,0.000000e+00,0.000000e+00,0.000000e+00,0.000000e+00,0.000000e+00,0.000000e+00,0.000000e+00,0.000000e+00,0.000000e+00,0.000000e+00
1.000000e+00,0.000000e+00,0.000000e+00,0.000000e+00,0.000000e+00,0.000000e+00,0.000000e+00,0.000000e+00,0.000000e+00,0.000000e+00,0.000000e+00,0.000000e+00,0.000000e+00,0.000000e+00,0.000000e+00
1.000000e+00,0.000000e+00,0.000000e+00,0.000000e+00,0.000000e+00,0.000000e+00,0.000000e+00,0.000000e+00,0.000000e+00,0.000000e+00,0.000000e+00,0.000000e+00,0.000000e+00,0.000000e+00,0.000000e+00
1.000000e+00,0.000000e+00,0.000000e+00,0.000000e+00,0.000000e+00,0.000000e+00,0.000000e+00,0.000000e+00,0.000000e+00,0.000000e+00,0.000000e+00,0.000000e+00,0.000000e+00,0.000000e+00,0.000000e+00
1.000000e+00,0.000000e+00,0.000000e+00,0.000000e+00,0.000000e+00,0.000000e+00,0.000000e+00,0.000000e+00,0.000000e+00,0.000000e+00,0.000000e+00,0.000000e+00,0.000000e+00,0.000000e+00,0.000000e+00
1.000000e+00,0.000000e+00,0.000000e+00,0.000000e+00,0.000000e+00,0.000000e+00,0.000000e+00,0.000000e+00,0.000000e+00,0.000000e+00,0.000000e+00,0.000000e+00,0.000000e+00,0.000000e+00,0.000000e+00
1.000000e+00,0.000000e+00,0.000000e+00,0.000000e+00,0.000000e+00,0.000000e+00,0.000000e+00,0.000000e+00,0.000000e+00,0.000000e+00,0.000000e+00,0.000000e+00,0.000000e+00,0.000000e+00,0.000000e+00
1.000000e+00,0.000000e+00,0.000000e+00,0.000000e+00,0.000000e+00,0.000000e+00,0.000000e+00,0.000000e+00,0.000000e+00,0.000000e+00,0.000000e+00,0.000000e+00,0.000000e+00,0.000000e+00,0.000000e+00
1.000000e+00,0.000000e+00,0.000000e+00,0.000000e+00,0.000000e+00,0.000000e+00,0.000000e+00,0.000000e+00,0.000000e+00,0.000000e+00,0.000000e+00,0.000000e+00,0.000000e+00,0.000000e+00,0.000000e+00
1.000000e+00,0.000000e+00,0.000000e+00,0.000000e+00,0.000000e+00,0.000000e+00,0.000000e+00,0.000000e+00,0.000000e+00,0.000000e+00,0.000000e+00,0.000000e+00,0.000000e+00,0.000000e+00,0.000000e+00
1.000000e+00,0.000000e+00,0.000000e+00,0.000000e+00,0.000000e+00,0.000000e+00,0.000000e+00,0.000000e+00,0.000000e+00,0.000000e+00,0.000000e+00,0.000000e+00,0.000000e+00,0.000000e+00,0.000000e+00
1.000000e+00,0.000000e+00,0.000000e+00,0.000000e+00,0.000000e+00,0.000000e+00,0.000000e+00,0.000000e+00,0.000000e+00,0.000000e+00,0.000000e+00,0.000000e+00,0.000000e+00,0.000000e+00,0.000000e+00
1.000000e+00,0.000000e+00,0.000000e+00,0.000000e+00,0.000000e+00,0.000000e+00,0.000000e+00,0.000000e+00,0.000000e+00,0.000000e+00,0.000000e+00,0.000000e+00,0.000000e+00,0.000000e+00,0.000000e+00
1.000000e+00,0.000000e+00,0.000000e+00,0.000000e+00,0.000000e+00,0.000000e+00,0.000000e+00,0.000000e+00,0.000000e+00,0.000000e+00,0.000000e+00,0.000000e+00,0.000000e+00,0.000000e+00,0.000000e+00
1.000000e+00,0.000000e+00,0.000000e+00,0.000000e+00,0.000000e+00,0.000000e+00,0.000000e+00,0.000000e+00,0.000000e+00,0.000000e+00,0.000000e+00,0.000000e+00,0.000000e+00,0.000000e+00,0.000000e+00
1.000000e+00,0.000000e+00,0.000000e+00,0.000000e+00,0.000000e+00,0.000000e+00,0.000000e+00,0.000000e+00,0.000000e+00,0.000000e+00,0.000000e+00,0.000000e+00,0.000000e+00,0.000000e+00,0.000000e+00
1.000000e+00,0.000000e+00,0.000000e+00,0.000000e+00,0.000000e+00,0.000000e+00,0.000000e+00,0.000000e+00,0.000000e+00,0.000000e+00,0.000000e+00,0.000000e+00,0.000000e+00,0.000000e+00,0.000000e+00
1.000000e+00,0.000000e+00,0.000000e+00,0.000000e+00,0.000000e+00,0.000000e+00,0.000000e+00,0.000000e+00,0.000000e+00,0.000000e+00,0.000000e+00,0.000000e+00,0.000000e+00,0.000000e+00,0.000000e+00
1.000000e+00,0.000000e+00,0.000000e+00,0.000000e+00,0.000000e+00,0.000000e+00,0.000000e+00,0.000000e+00,0.000000e+00,0.000000e+00,0.000000e+00,0.000000e+00,0.000000e+00,0.000000e+00,0.000000e+00
1.000000e+00,0.000000e+00,0.000000e+00,0.000000e+00,0.000000e+00,0.000000e+00,0.000000e+00,0.000000e+00,0.000000e+00,0.000000e+00,0.000000e+00,0.000000e+00,0.000000e+00,0.000000e+00,0.000000e+00
1.000000e+00,0.000000e+00,0.000000e+00,0.000000e+00,0.000000e+00,0.000000e+00,0.000000e+00,0.000000e+00,0.000000e+00,0.000000e+00,0.000000e+00,0.000000e+00,0.000000e+00,0.000000e+00,0.000000e+00
1.000000e+00,0.000000e+00,0.000000e+00,0.000000e+00,0.000000e+00,0.000000e+00,0.000000e+00,0.000000e+00,0.000000e+00,0.000000e+00,0.000000e+00,0.000000e+00,0.000000e+00,0.000000e+00,0.000000e+00
1.000000e+00,0.000000e+00,0.000000e+00,0.000000e+00,0.000000e+00,0.000000e+00,0.000000e+00,0.000000e+00,0.000000e+00,0.000000e+00,0.000000e+00,0.000000e+00,0.000000e+00,0.000000e+00,0.000000e+00
1.000000e+00,0.000000e+00,0.000000e+00,0.000000e+00,0.000000e+00,0.000000e+00,0.000000e+00,0.000000e+00,0.000000e+00,0.000000e+00,0.000000e+00,0.000000e+00,0.000000e+00,0.000000e+00,0.000000e+00
1.000000e+00,0.000000e+00,0.000000e+00,0.000000e+00,0.000000e+00,0.000000e+00,0.000000e+00,0.000000e+00,0.000000e+00,0.000000e+00,0.000000e+00,0.000000e+00,0.000000e+00,0.000000e+00,0.000000e+00
1.000000e+00,0.000000e+00,0.000000e+00,0.000000e+00,0.000000e+00,0.000000e+00,0.000000e+00,0.000000e+00,0.000000e+00,0.000000e+00,0.000000e+00,0.000000e+00,0.000000e+00,0.000000e+00,0.000000e+00
1.000000e+00,0.000000e+00,0.000000e+00,0.000000e+00,0.000000e+00,0.000000e+00,0.000000e+00,0.000000e+00,0.000000e+00,0.000000e+00,0.000000e+00,0.000000e+00,0.000000e+00,0.000000e+00,0.000000e+00
1.000000e+00,0.000000e+00,0.000000e+00,0.000000e+00,0.000000e+00,0.000000e+00,0.000000e+00,0.000000e+00,0.000000e+00,0.000000e+00,0.000000e+00,0.000000e+00,0.000000e+00,0.000000e+00,0.000000e+00
1.000000e+00,0.000000e+00,0.000000e+00,0.000000e+00,0.000000e+00,0.000000e+00,0.000000e+00,0.000000e+00,0.000000e+00,0.000000e+00,0.000000e+00,0.000000e+00,0.000000e+00,0.000000e+00,0.000000e+00
1.000000e+00,0.000000e+00,0.000000e+00,0.000000e+00,0.000000e+00,0.000000e+00,0.000000e+00,0.000000e+00,0.000000e+00,0.000000e+00,0.000000e+00,0.000000e+00,0.000000e+00,0.000000e+00,0.000000e+00
1.000000e+00,0.000000e+00,0.000000e+00,0.000000e+00,0.000000e+00,0.000000e+00,0.000000e+00,0.000000e+00,0.000000e+00,0.000000e+00,0.000000e+00,0.000000e+00,0.000000e+00,0.000000e+00,0.000000e+00
1.000000e+00,0.000000e+00,0.000000e+00,0.000000e+00,0.000000e+00,0.000000e+00,0.000000e+00,0.000000e+00,0.000000e+00,0.000000e+00,0.000000e+00,0.000000e+00,0.000000e+00,0.000000e+00,0.000000e+00
1.000000e+00,0.000000e+00,0.000000e+00,0.000000e+00,0.000000e+00,0.000000e+00,0.000000e+00,0.000000e+00,0.000000e+00,0.000000e+00,0.000000e+00,0.000000e+00,0.000000e+00,0.000000e+00,0.000000e+00
1.000000e+00,0.000000e+00,0.000000e+00,0.000000e+00,0.000000e+00,0.000000e+00,0.000000e+00,0.000000e+00,0.000000e+00,0.000000e+00,0.000000e+00,0.000000e+00,0.000000e+00,0.000000e+00,0.000000e+00
1.000000e+00,0.000000e+00,0.000000e+00,0.000000e+00,0.000000e+00,0.000000e+00,0.000000e+00,0.000000e+00,0.000000e+00,0.000000e+00,0.000000e+00,0.000000e+00,0.000000e+00,0.000000e+00,0.000000e+00
1.000000e+00,0.000000e+00,0.000000e+00,0.000000e+00,0.000000e+00,0.000000e+00,0.000000e+00,0.000000e+00,0.000000e+00,0.000000e+00,0.000000e+00,0.000000e+00,0.000000e+00,0.000000e+00,0.000000e+00
1.000000e+00,0.000000e+00,0.000000e+00,0.000000e+00,0.000000e+00,0.000000e+00,0.000000e+00,0.000000e+00,0.000000e+00,0.000000e+00,0.000000e+00,0.000000e+00,0.000000e+00,0.000000e+00,0.000000e+00
1.000000e+00,0.000000e+00,0.000000e+00,0.000000e+00,0.000000e+00,0.000000e+00,0.000000e+00,0.000000e+00,0.000000e+00,0.000000e+00,0.000000e+00,0.000000e+00,0.000000e+00,0.000000e+00,0.000000e+00
1.000000e+00,0.000000e+00,0.000000e+00,0.000000e+00,0.000000e+00,0.000000e+00,0.000000e+00,0.000000e+00,0.000000e+00,0.000000e+00,0.000000e+00,0.000000e+00,0.000000e+00,0.000000e+00,0.000000e+00
1.000000e+00,0.000000e+00,0.000000e+00,0.000000e+00,0.000000e+00,0.000000e+00,0.000000e+00,0.000000e+00,0.000000e+00,0.000000e+00,0.000000e+00,0.000000e+00,0.000000e+00,0.000000e+00,0.000000e+00
1.000000e+00,0.000000e+00,0.000000e+00,0.000000e+00,0.000000e+00,0.000000e+00,0.000000e+00,0.000000e+00,0.000000e+00,0.000000e+00,0.000000e+00,0.000000e+00,0.000000e+00,0.000000e+00,0.000000e+00
1.000000e+00,0.000000e+00,0.000000e+00,0.000000e+00,0.000000e+00,0.000000e+00,0.000000e+00,0.000000e+00,0.000000e+00,0.000000e+00,0.000000e+00,0.000000e+00,0.000000e+00,0.000000e+00,0.000000e+00
1.000000e+00,0.000000e+00,0.000000e+00,0.000000e+00,0.000000e+00,0.000000e+00,0.000000e+00,0.000000e+00,0.000000e+00,0.000000e+00,0.000000e+00,0.000000e+00,0.000000e+00,0.000000e+00,0.000000e+00
1.000000e+00,0.000000e+00,0.000000e+00,0.000000e+00,0.000000e+00,0.000000e+00,0.000000e+00,0.000000e+00,0.000000e+00,0.000000e+00,0.000000e+00,0.000000e+00,0.000000e+00,0.000000e+00,0.000000e+00
1.000000e+00,0.000000e+00,0.000000e+00,0.000000e+00,0.000000e+00,0.000000e+00,0.000000e+00,0.000000e+00,0.000000e+00,0.000000e+00,0.000000e+00,0.000000e+00,0.000000e+00,0.000000e+00,0.000000e+00
1.000000e+00,0.000000e+00,0.000000e+00,0.000000e+00,0.000000e+00,0.000000e+00,0.000000e+00,0.000000e+00,0.000000e+00,0.000000e+00,0.000000e+00,0.000000e+00,0.000000e+00,0.000000e+00,0.000000e+00
1.000000e+00,0.000000e+00,0.000000e+00,0.000000e+00,0.000000e+00,0.000000e+00,0.000000e+00,0.000000e+00,0.000000e+00,0.000000e+00,0.000000e+00,0.000000e+00,0.000000e+00,0.000000e+00,0.000000e+00
1.000000e+00,0.000000e+00,0.000000e+00,0.000000e+00,0.000000e+00,0.000000e+00,0.000000e+00,0.000000e+00,0.000000e+00,0.000000e+00,0.000000e+00,0.000000e+00,0.000000e+00,0.000000e+00,0.000000e+00
1.000000e+00,0.000000e+00,0.000000e+00,0.000000e+00,0.000000e+00,0.000000e+00,0.000000e+00,0.000000e+00,0.000000e+00,0.000000e+00,0.000000e+00,0.000000e+00,0.000000e+00,0.000000e+00,0.000000e+00
1.000000e+00,0.000000e+00,0.000000e+00,0.000000e+00,0.000000e+00,0.000000e+00,0.000000e+00,0.000000e+00,0.000000e+00,0.000000e+00,0.000000e+00,0.000000e+00,0.000000e+00,0.000000e+00,0.000000e+00
1.000000e+00,0.000000e+00,0.000000e+00,0.000000e+00,0.000000e+00,0.000000e+00,0.000000e+00,0.000000e+00,0.000000e+00,0.000000e+00,0.000000e+00,0.000000e+00,0.000000e+00,0.000000e+00,0.000000e+00
1.000000e+00,0.000000e+00,0.000000e+00,0.000000e+00,0.000000e+00,0.000000e+00,0.000000e+00,0.000000e+00,0.000000e+00,0.000000e+00,0.000000e+00,0.000000e+00,0.000000e+00,0.000000e+00,0.000000e+00
1.000000e+00,0.000000e+00,0.000000e+00,0.000000e+00,0.000000e+00,0.000000e+00,0.000000e+00,0.000000e+00,0.000000e+00,0.000000e+00,0.000000e+00,0.000000e+00,0.000000e+00,0.000000e+00,0.000000e+00
1.000000e+00,0.000000e+00,0.000000e+00,0.000000e+00,0.000000e+00,0.000000e+00,0.000000e+00,0.000000e+00,0.000000e+00,0.000000e+00,0.000000e+00,0.000000e+00,0.000000e+00,0.000000e+00,0.000000e+00
1.000000e+00,0.000000e+00,0.000000e+00,0.000000e+00,0.000000e+00,0.000000e+00,0.000000e+00,0.000000e+00,0.000000e+00,0.000000e+00,0.000000e+00,0.000000e+00,0.000000e+00,0.000000e+00,0.000000e+00
1.000000e+00,0.000000e+00,0.000000e+00,0.000000e+00,0.000000e+00,0.000000e+00,0.000000e+00,0.000000e+00,0.000000e+00,0.000000e+00,0.000000e+00,0.000000e+00,0.000000e+00,0.000000e+00,0.000000e+00
1.000000e+00,0.000000e+00,0.000000e+00,0.000000e+00,0.000000e+00,0.000000e+00,0.000000e+00,0.000000e+00,0.000000e+00,0.000000e+00,0.000000e+00,0.000000e+00,0.000000e+00,0.000000e+00,0.000000e+00
1.000000e+00,0.000000e+00,0.000000e+00,0.000000e+00,0.000000e+00,0.000000e+00,0.000000e+00,0.000000e+00,0.000000e+00,0.000000e+00,0.000000e+00,0.000000e+00,0.000000e+00,0.000000e+00,0.000000e+00
1.000000e+00,0.000000e+00,0.000000e+00,0.000000e+00,0.000000e+00,0.000000e+00,0.000000e+00,0.000000e+00,0.000000e+00,0.000000e+00,0.000000e+00,0.000000e+00,0.000000e+00,0.000000e+00,0.000000e+00
1.000000e+00,0.000000e+00,0.000000e+00,0.000000e+00,0.000000e+00,0.000000e+00,0.000000e+00,0.000000e+00,0.000000e+00,0.000000e+00,0.000000e+00,0.000000e+00,0.000000e+00,0.000000e+00,0.000000e+00
1.000000e+00,0.000000e+00,0.000000e+00,0.000000e+00,0.000000e+00,0.000000e+00,0.000000e+00,0.000000e+00,0.000000e+00,0.000000e+00,0.000000e+00,0.000000e+00,0.000000e+00,0.000000e+00,0.000000e+00
1.000000e+00,0.000000e+00,0.000000e+00,0.000000e+00,0.000000e+00,0.000000e+00,0.000000e+00,0.000000e+00,0.000000e+00,0.000000e+00,0.000000e+00,0.000000e+00,0.000000e+00,0.000000e+00,0.000000e+00
1.000000e+00,0.000000e+00,0.000000e+00,0.000000e+00,0.000000e+00,0.000000e+00,0.000000e+00,0.000000e+00,0.000000e+00,0.000000e+00,0.000000e+00,0.000000e+00,0.000000e+00,0.000000e+00,0.000000e+00
1.000000e+00,0.000000e+00,0.000000e+00,0.000000e+00,0.000000e+00,0.000000e+00,0.000000e+00,0.000000e+00,0.000000e+00,0.000000e+00,0.000000e+00,0.000000e+00,0.000000e+00,0.000000e+00,0.000000e+00
1.000000e+00,0.000000e+00,0.000000e+00,0.000000e+00,0.000000e+00,0.000000e+00,0.000000e+00,0.000000e+00,0.000000e+00,0.000000e+00,0.000000e+00,0.000000e+00,0.000000e+00,0.000000e+00,0.000000e+00
