1.000000e+00,0.000000e+00,0.000000e+00,0.000000e+00,0.000000e+00,0.000000e+00,0.000000e+00,0.000000e+00,0.000000e+00,0.000000e+00,0.000000e+00,0.000000e+00,0.000000e+00,0.000000e+00,0.000000e+00
1.000000e+00,0.000000e+00,0.000000e+00,0.000000e+00,0.000000e+00,0.000000e+00,0.000000e+00,0.000000e+00,0.000000e+00,0.000000e+00,0.000000e+00,0.000000e+00,0.000000e+00,0.000000e+00,0.000000e+00
1.000000e+00,0.000000e+00,0.000000e+00,0.000000e+00,0.000000e+00,0.000000e+00,0.000000e+00,0.000000e+00,0.000000e+00,0.000000e+00,0.000000e+00,0.000000e+00,0.000000e+00,0.000000e+00,0.000000e+00
1.000000e+00,0.000000e+00,0.000000e+00,0.000000e+00,0.000000e+00,0.000000e+00,0.000000e+00,0.000000e+00,0.000000e+00,0.000000e+00,0.000000e+00,0.000000e+00,0.000000e+00,0.000000e+00,0.000000e+00
1.000000e+00,0.000000e+00,0.000000e+00,0.000000e+00,0.000000e+00,0.000000e+00,0.000000e+00,0.000000e+00,0.000000e+00,0.000000e+00,0.000000e+00,0.000000e+00,0.000000e+00,0.000000e+00,0.000000e+00
1.000000e+00,0.000000e+00,0.000000e+00,0.000000e+00,0.000000e+00,0.000000e+00,0.000000e+00,0.000000e+00,0.000000e+00,0.000000e+00,0.000000e+00,0.000000e+00,0.000000e+00,0.000000e+00,0.000000e+00
1.000000e+00,0.000000e+00,0.000000e+00,0.000000e+00,0.000000e+00,0.000000e+00,0.000000e+00,0.000000e+00,0.000000e+00,0.000000e+00,0.000000e+00,0.000000e+00,0.000000e+00,0.000000e+00,0.000000e+00
1.000000e+00,0.000000e+00,0.000000e+00,0.000000e+00,0.000000e+00,0.000000e+00,0.000000e+00,0.000000e+00,0.000000e+00,0.000000e+00,0.000000e+00,0.000000e+00,0.000000e+00,0.000000e+00,0.000000e+00
1.000000e+00,0.000000e+00,0.000000e+00,0.000000e+00,0.000000e+00,0.000000e+00,0.000000e+00,0.000000e+00,0.000000e+00,0.000000e+00,0.000000e+00,0.000000e+00,0.000000e+00,0.000000e+00,0.000000e+00
1.000000e+00,0.000000e+00,0.000000e+00,0.000000e+00,0.000000e+00,0.000000e+00,0.000000e+00,0.000000e+00,0.000000e+00,0.000000e+00,0.000000e+00,0.000000e+00,0.000000e+00,0.000000e+00,0.000000e+00
1.000000e+00,0.000000e+00,0.000000e+00,0.000000e+00,0.000000e+00,0.000000e+00,0.000000e+00,0.000000e+00,0.000000e+00,0.000000e+00,0.000000e+00,0.000000e+00,0.000000e+00,0.000000e+00,0.000000e+00
1.000000e+00,0.000000e+00,0.000000e+00,0.000000e+00,0.000000e+00,0.000000e+00,0.000000e+00,0.000000e+00,0.000000e+00,0.000000e+00,0.000000e+00,0.000000e+00,0.000000e+00,0.000000e+00,0.000000e+00
1.000000e+00,0.000000e+00,0.000000e+00,0.000000e+00,0.000000e+00,0.000000e+00,0.000000e+00,0.000000e+00,0.000000e+00,0.000000e+00,0.000000e+00,0.000000e+00,0.000000e+00,0.000000e+00,0.000000e+00
1.000000e+00,0.000000e+00,0.000000e+00,0.000000e+00,0.000000e+00,0.000000e+00,0.000000e+00,0.000000e+00,0.000000e+00,0.000000e+00,0.000000e+00,0.000000e+00,0.000000e+00,0.000000e+00,0.000000e+00
1.000000e+00,0.000000e+00,0.000000e+00,0.000000e+00,0.000000e+00,0.000000e+00,0.000000e+00,0.000000e+00,0.000000e+00,0.000000e+00,0.000000e+00,0.000000e+00,0.000000e+00,0.000000e+00,0.000000e+00
1.000000e+00,0.000000e+00,0.000000e+00,0.000000e+00,0.000000e+00,0.000000e+00,0.000000e+00,0.000000e+00,0.000000e+00,0.000000e+00,0.000000e+00,0.000000e+00,0.000000e+00,0.000000e+00,0.000000e+00
1.000000e+00,0.000000e+00,0.000000e+00,0.000000e+00,0.000000e+00,0.000000e+00,0.000000e+00,0.000000e+00,0.000000e+00,0.000000e+00,0.000000e+00,0.000000e+00,0.000000e+00,0.000000e+00,0.000000e+00
1.000000e+00,0.000000e+00,0.000000e+00,0.000000e+00,0.000000e+00,0.000000e+00,0.000000e+00,0.000000e+00,0.000000e+00,0.000000e+00,0.000000e+00,0.000000e+00,0.000000e+00,0.000000e+00,0.000000e+00
1.000000e+00,0.000000e+00,0.000000e+00,0.000000e+00,0.000000e+00,0.000000e+00,0.000000e+00,0.000000e+00,0.000000e+00,0.000000e+00,0.000000e+00,0.000000e+00,0.000000e+00,0.000000e+00,0.000000e+00
1.000000e+00,0.000000e+00,0.000000e+00,0.000000e+00,0.000000e+00,0.000000e+00,0.000000e+00,0.000000e+00,0.000000e+00,0.000000e+00,0.000000e+00,0.000000e+00,0.000000e+00,0.000000e+00,0.000000e+00
1.000000e+00,0.000000e+00,0.000000e+00,0.000000e+00,0.000000e+00,0.000000e+00,0.000000e+00,0.000000e+00,0.000000e+00,0.000000e+00,0.000000e+00,0.000000e+00,0.000000e+00,0.000000e+00,0.000000e+00
1.000000e+00,0.000000e+00,0.000000e+00,0.000000e+00,0.000000e+00,0.000000e+00,0.000000e+00,0.000000e+00,0.000000e+00,0.000000e+00,0.000000e+00,0.000000e+00,0.000000e+00,0.000000e+00,0.000000e+00
1.000000e+00,0.000000e+00,0.000000e+00,0.000000e+00,0.000000e+00,0.000000e+00,0.000000e+00,0.000000e+00,0.000000e+00,0.000000e+00,0.000000e+00,0.000000e+00,0.000000e+00,0.000000e+00,0.000000e+00
1.000000e+00,0.000000e+00,0.000000e+00,0.000000e+00,0.000000e+00,0.000000e+00,0.000000e+00,0.000000e+00,0.000000e+00,0.000000e+00,0.000000e+00,0.000000e+00,0.000000e+00,0.000000e+00,0.000000e+00
1.000000e+00,0.000000e+00,0.000000e+00,0.000000e+00,0.000000e+00,0.000000e+00,0.000000e+00,0.000000e+00,0.000000e+00,0.000000e+00,0.000000e+00,0.000000e+00,0.000000e+00,0.000000e+00,0.000000e+00
1.000000e+00,0.000000e+00,0.000000e+00,0.000000e+00,0.000000e+00,0.000000e+00,0.000000e+00,0.000000e+00,0.000000e+00,0.000000e+00,0.000000e+00,0.000000e+00,0.000000e+00,0.000000e+00,0.000000e+00
1.000000e+00,0.000000e+00,0.000000e+00,0.000000e+00,0.000000e+00,0.000000e+00,0.000000e+00,0.000000e+00,0.000000e+00,0.000000e+00,0.000000e+00,0.000000e+00,0.000000e+00,0.000000e+00,0.000000e+00
1.000000e+00,0.000000e+00,0.000000e+00,0.000000e+00,0.000000e+00,0.000000e+00,0.000000e+00,0.000000e+00,0.000000e+00,0.000000e+00,0.000000e+00,0.000000e+00,0.000000e+00,0.000000e+00,0.000000e+00
1.000000e+00,0.000000e+00,0.000000e+00,0.000000e+00,0.000000e+00,0.000000e+00,0.000000e+00,0.000000e+00,0.000000e+00,0.000000e+00,0.000000e+00,0.000000e+00,0.000000e+00,0.000000e+00,0.000000e+00
1.000000e+00,0.000000e+00,0.000000e+00,0.000000e+00,0.000000e+00,0.000000e+00,0.000000e+00,0.000000e+00,0.000000e+00,0.000000e+00,0.000000e+00,0.000000e+00,0.000000e+00,0.000000e+00,0.000000e+00
1.000000e+00,0.000000e+00,0.000000e+00,0.000000e+00,0.000000e+00,0.000000e+00,0.000000e+00,0.000000e+00,0.000000e+00,0.000000e+00,0.000000e+00,0.000000e+00,0.000000e+00,0.000000e+00,0.000000e+00
1.000000e+00,0.000000e+00,0.000000e+00,0.000000e+00,0.000000e+00,0.000000e+00,0.000000e+00,0.000000e+00,0.000000e+00,0.000000e+00,0.000000e+00,0.000000e+00,0.000000e+00,0.000000e+00,0.000000e+00
1.000000e+00,0.000000e+00,0.000000e+00,0.000000e+00,0.000000e+00,0.000000e+00,0.000000e+00,0.000000e+00,0.000000e+00,0.000000e+00,0.000000e+00,0.000000e+00,0.000000e+00,0.000000e+00,0.000000e+00
1.000000e+00,0.000000e+00,0.000000e+00,0.000000e+00,0.000000e+00,0.000000e+00,0.000000e+00,0.000000e+00,0.000000e+00,0.000000e+00,0.000000e+00,0.000000e+00,0.000000e+00,0.000000e+00,0.000000e+00
1.000000e+00,0.000000e+00,0.000000e+00,0.000000e+00,0.000000e+00,0.000000e+00,0.000000e+00,0.000000e+00,0.000000e+00,0.000000e+00,0.000000e+00,0.000000e+00,0.000000e+00,0.000000e+00,0.000000e+00
1.000000e+00,0.000000e+00,0.000000e+00,0.000000e+00,0.000000e+00,0.000000e+00,0.000000e+00,0.000000e+00,0.000000e+00,0.000000e+00,0.000000e+00,0.000000e+00,0.000000e+00,0.000000e+00,0.000000e+00
1.000000e+00,0.000000e+00,0.000000e+00,0.000000e+00,0.000000e+00,0.000000e+00,0.000000e+00,0.000000e+00,0.000000e+00,0.000000e+00,0.000000e+00,0.000000e+00,0.000000e+00,0.000000e+00,0.000000e+00
1.000000e+00,0.000000e+00,0.000000e+00,0.000000e+00,0.000000e+00,0.000000e+00,0.000000e+00,0.000000e+00,0.000000e+00,0.000000e+00,0.000000e+00,0.000000e+00,0.000000e+00,0.000000e+00,0.000000e+00
1.000000e+00,0.000000e+00,0.000000e+00,0.000000e+00,0.000000e+00,0.000000e+00,0.000000e+00,0.000000e+00,0.000000e+00,0.000000e+00,0.000000e+00,0.000000e+00,0.000000e+00,0.000000e+00,0.000000e+00
1.000000e+00,0.000000e+00,0.000000e+00,0.000000e+00,0.000000e+00,0.000000e+00,0.000000e+00,0.000000e+00,0.000000e+00,0.000000e+00,0.000000e+00,0.000000e+00,0.000000e+00,0.000000e+00,0.000000e+00
1.000000e+00,0.000000e+00,0.000000e+00,0.000000e+00,0.000000e+00,0.000000e+00,0.000000e+00,0.000000e+00,0.000000e+00,0.000000e+00,0.000000e+00,0.000000e+00,0.000000e+00,0.000000e+00,0.000000e+00
1.000000e+00,0.000000e+00,0.000000e+00,0.000000e+00,0.000000e+00,0.000000e+00,0.000000e+00,0.000000e+00,0.000000e+00,0.000000e+00,0.000000e+00,0.000000e+00,0.000000e+00,0.000000e+00,0.000000e+00
1.000000e+00,0.000000e+00,0.000000e+00,0.000000e+00,0.000000e+00,0.000000e+00,0.000000e+00,0.000000e+00,0.000000e+00,0.000000e+00,0.000000e+00,0.000000e+00,0.000000e+00,0.000000e+00,0.000000e+00
1.000000e+00,0.000000e+00,0.000000e+00,0.000000e+00,0.000000e+00,0.000000e+00,0.000000e+00,0.000000e+00,0.000000e+00,0.000000e+00,0.000000e+00,0.000000e+00,0.000000e+00,0.000000e+00,0.000000e+00
1.000000e+00,0.000000e+00,0.000000e+00,0.000000e+00,0.000000e+00,0.000000e+00,0.000000e+00,0.000000e+00,0.000000e+00,0.000000e+00,0.000000e+00,0.000000e+00,0.000000e+00,0.000000e+00,0.000000e+00
1.000000e+00,0.000000e+00,0.000000e+00,0.000000e+00,0.000000e+00,0.000000e+00,0.000000e+00,0.000000e+00,0.000000e+00,0.000000e+00,0.000000e+00,0.000000e+00,0.000000e+00,0.000000e+00,0.000000e+00
1.000000e+00,0.000000e+00,0.000000e+00,0.000000e+00,0.000000e+00,0.000000e+00,0.000000e+00,0.000000e+00,0.000000e+00,0.000000e+00,0.000000e+00,0.000000e+00,0.000000e+00,0.000000e+00,0.000000e+00
1.000000e+00,0.000000e+00,0.000000e+00,0.000000e+00,0.000000e+00,0.000000e+00,0.000000e+00,0.000000e+00,0.000000e+00,0.000000e+00,0.000000e+00,0.000000e+00,0.000000e+00,0.000000e+00,0.000000e+00
1.000000e+00,0.000000e+00,0.000000e+00,0.000000e+00,0.000000e+00,0.000000e+00,0.000000e+00,0.000000e+00,0.000000e+00,0.000000e+00,0.000000e+00,0.000000e+00,0.000000e+00,0.000000e+00,0.000000e+00
1.000000e+00,0.000000e+00,0.000000e+00,0.000000e+00,0.000000e+00,0.000000e+00,0.000000e+00,0.000000e+00,0.000000e+00,0.000000e+00,0.000000e+00,0.000000e+00,0.000000e+00,0.000000e+00,0.000000e+00
1.000000e+00,0.000000e+00,0.000000e+00,0.000000e+00,0.000000e+00,0.000000e+00,0.000000e+00,0.000000e+00,0.000000e+00,0.000000e+00,0.000000e+00,0.000000e+00,0.000000e+00,0.000000e+00,0.000000e+00
1.000000e+00,0.000000e+00,0.000000e+00,0.000000e+00,0.000000e+00,0.000000e+00,0.000000e+00,0.000000e+00,0.000000e+00,0.000000e+00,0.000000e+00,0.000000e+00,0.000000e+00,0.000000e+00,0.000000e+00
1.000000e+00,0.000000e+00,0.000000e+00,0.000000e+00,0.000000e+00,0.000000e+00,0.000000e+00,0.000000e+00,0.000000e+00,0.000000e+00,0.000000e+00,0.000000e+00,0.000000e+00,0.000000e+00,0.000000e+00
1.000000e+00,0.000000e+00,0.000000e+00,0.000000e+00,0.000000e+00,0.000000e+00,0.000000e+00,0.000000e+00,0.000000e+00,0.000000e+00,0.000000e+00,0.000000e+00,0.000000e+00,0.000000e+00,0.000000e+00
1.000000e+00,0.000000e+00,0.000000e+00,0.000000e+00,0.000000e+00,0.000000e+00,0.000000e+00,0.000000e+00,0.000000e+00,0.000000e+00,0.000000e+00,0.000000e+00,0.000000e+00,0.000000e+00,0.000000e+00
1.000000e+00,0.000000e+00,0.000000e+00,0.000000e+00,0.000000e+00,0.000000e+00,0.000000e+00,0.000000e+00,0.000000e+00,0.000000e+00,0.000000e+00,0.000000e+00,0.000000e+00,0.000000e+00,0.000000e+00
1.000000e+00,0.000000e+00,0.000000e+00,0.000000e+00,0.000000e+00,0.000000e+00,0.000000e+00,0.000000e+00,0.000000e+00,0.000000e+00,0.000000e+00,0.000000e+00,0.000000e+00,0.000000e+00,0.000000e+00
1.000000e+00,0.000000e+00,0.000000e+00,0.000000e+00,0.000000e+00,0.000000e+00,0.000000e+00,0.000000e+00,0.000000e+00,0.000000e+00,0.000000e+00,0.000000e+00,0.000000e+00,0.000000e+00,0.000000e+00
1.000000e+00,0.000000e+00,0.000000e+00,0.000000e+00,0.000000e+00,0.000000e+00,0.000000e+00,0.000000e+00,0.000000e+00,0.000000e+00,0.000000e+00,0.000000e+00,0.000000e+00,0.000000e+00,0.000000e+00
4.585906e-01,1.394824e-02,3.431805e-01,5.764477e-02,4.709015e-03,1.869507e-02,5.182915e-03,2.663191e-02,4.025264e-03,1.347270e-03,1.357001e-02,2.332656e-02,1.447578e-02,1.773965e-03,1.289807e-02
1.000000e+00,0.000000e+00,0.000000e+00,0.000000e+00,0.000000e+00,0.000000e+00,0.000000e+00,0.000000e+00,0.000000e+00,0.000000e+00,0.000000e+00,0.000000e+00,0.000000e+00,0.000000e+00,0.000000e+00
1.000000e+00,0.000000e+00,0.000000e+00,0.000000e+00,0.000000e+00,0.000000e+00,0.000000e+00,0.000000e+00,0.000000e+00,0.000000e+00,0.000000e+00,0.000000e+00,0.000000e+00,0.000000e+00,0.000000e+00
1.000000e+00,0.000000e+00,0.000000e+00,0.000000e+00,0.000000e+00,0.000000e+00,0.000000e+00,0.000000e+00,0.000000e+00,0.000000e+00,0.000000e+00,0.000000e+00,0.000000e+00,0.000000e+00,0.000000e+00
1.000000e+00,0.000000e+00,0.000000e+00,0.000000e+00,0.000000e+00,0.000000e+00,0.000000e+00,0.000000e+00,0.000000e+00,0.000000e+00,0.000000e+00,0.000000e+00,0.000000e+00,0.000000e+00,0.000000e+00
1.000000e+00,0.000000e+00,0.000000e+00,0.000000e+00,0.000000e+00,0.000000e+00,0.000000e+00,0.000000e+00,0.000000e+00,0.000000e+00,0.000000e+00,0.000000e+00,0.000000e+00,0.000000e+00,0.000000e+00
4.792507e-01,4.261546e-02,7.074202e-02,6.899595e-02,2.302951e-03,1.200671e-02,1.797211e-03,8.807028e-03,1.329792e-01,4.358059e-03,3.959417e-02,1.131345e-02,2.205425e-02,1.331314e-02,8.986961e-02
3.748692e-01,5.111150e-02,5.175934e-02,5.994637e-02,2.069377e-03,1.083076e-02,1.392652e-03,8.410838e-03,2.124476e-01,4.753675e-03,5.272816e-02,1.226663e-02,3.253292e-02,1.755093e-02,1.073300e-01
3.546192e-01,5.491845e-02,3.837061e-02,5.210748e-02,4.208293e-03,1.212947e-02,1.215666e-03,7.823713e-03,2.169625e-01,6.442494e-03,8.099367e-02,1.005970e-02,3.100822e-02,3.268806e-02,9.645243e-02
2.753671e-01,4.418050e-02,2.913476e-02,3.847072e-02,3.947722e-03,1.316845e-02,9.830449e-04,6.258920e-03,2.600882e-01,7.861628e-03,9.430119e-02,8.149104e-03,2.463629e-02,1.043037e-01,8.914872e-02
2.346744e-01,3.669504e-02,2.172585e-02,3.043520e-02,4.664853e-03,1.291753e-02,9.315292e-04,4.901530e-03,2.511875e-01,7.143570e-03,1.479327e-01,8.922483e-03,2.101315e-02,1.066844e-01,1.101703e-01
2.202689e-01,2.712505e-02,1.565238e-02,2.278955e-02,4.160477e-03,1.280245e-02,1.026585e-03,4.354060e-03,2.038958e-01,6.351469e-03,1.860516e-01,1.243012e-02,2.220061e-02,1.785452e-01,8.234563e-02
2.166521e-01,2.080740e-02,1.126848e-02,1.994432e-02,3.594654e-03,1.047298e-02,1.274723e-03,4.109213e-03,1.985646e-01,7.066124e-03,2.171376e-01,1.604079e-02,1.930187e-02,1.927457e-01,6.101947e-02
1.623518e-01,1.712926e-02,8.212976e-03,1.485581e-02,3.145766e-03,7.917360e-03,9.623091e-04,3.038889e-03,2.284433e-01,8.184513e-03,1.913686e-01,1.555234e-02,1.435660e-02,2.784893e-01,4.599115e-02
1.232427e-01,1.399206e-02,5.940215e-03,1.104619e-02,2.554020e-03,5.943578e-03,7.356696e-04,2.228153e-03,2.717282e-01,9.402597e-03,1.578515e-01,1.548114e-02,1.074367e-02,3.347790e-01,3.433135e-02
9.600982e-02,1.554267e-02,6.993442e-03,8.528548e-03,2.260932e-03,5.782485e-03,8.533671e-04,2.204719e-03,3.610757e-01,1.149544e-02,1.267450e-01,1.484643e-02,7.991799e-03,3.145157e-01,2.515391e-02
7.486329e-02,1.386131e-02,1.904329e-02,7.707621e-03,2.093943e-03,1.126090e-02,2.028917e-03,6.373604e-03,3.421555e-01,1.246893e-02,1.175418e-01,1.493332e-02,5.934722e-03,3.512674e-01,1.846550e-02
6.076948e-02,1.594092e-02,2.336043e-02,7.906370e-03,2.115691e-03,1.190419e-02,2.096188e-03,7.951948e-03,3.389329e-01,1.232629e-02,1.054066e-01,1.250766e-02,4.470191e-03,3.803840e-01,1.392708e-02
4.826853e-02,3.801132e-02,2.443306e-02,5.231138e-02,1.010464e-02,1.285890e-02,1.914896e-03,9.329722e-03,3.522598e-01,1.160492e-02,8.709528e-02,9.723356e-03,3.469945e-03,3.171186e-01,2.149568e-02
4.574297e-02,5.197228e-02,3.012023e-02,4.185430e-02,9.856389e-03,1.484687e-02,1.569071e-03,8.442342e-03,3.973689e-01,9.196312e-03,7.224163e-02,8.482780e-03,2.660923e-03,2.861258e-01,1.951917e-02
4.183729e-02,6.865297e-02,2.509880e-02,3.035038e-02,1.122853e-02,2.688806e-02,1.245425e-03,8.710060e-03,4.353517e-01,8.768063e-03,6.187991e-02,7.858077e-03,2.241407e-03,2.537017e-01,1.618772e-02
3.935597e-02,9.677721e-02,2.025692e-02,3.137114e-02,1.621528e-02,4.467546e-02,1.024007e-03,1.475918e-02,4.414852e-01,1.265710e-02,5.430017e-02,7.634426e-03,3.249630e-03,1.987786e-01,1.745980e-02
2.821308e-02,1.346372e-01,5.732543e-02,1.207877e-01,1.310369e-02,3.209373e-02,7.305326e-04,1.090941e-02,3.653565e-01,1.197439e-02,3.999770e-02,5.896473e-03,3.860748e-03,1.401567e-01,3.495664e-02
1.989590e-02,1.016447e-01,1.315488e-01,1.963936e-01,9.413233e-03,2.255770e-02,5.212862e-04,7.747361e-03,2.724809e-01,1.107275e-02,3.153330e-02,4.476865e-03,3.755502e-03,9.850889e-02,8.844922e-02
1.628358e-02,9.329215e-02,1.439075e-01,1.871163e-01,6.960820e-03,1.643162e-02,3.887172e-04,6.224325e-03,2.281517e-01,1.660239e-02,4.215609e-02,5.836494e-03,7.218008e-03,7.366268e-02,1.557676e-01
1.224153e-02,9.434861e-02,2.152866e-01,1.919635e-01,5.033918e-03,1.208522e-02,3.009649e-04,4.561380e-03,1.708362e-01,2.027857e-02,4.528788e-02,1.069553e-02,1.078560e-02,5.695868e-02,1.493357e-01
1.282780e-02,8.274344e-02,2.632490e-01,1.685257e-01,4.016014e-03,9.491301e-03,3.168215e-04,3.632131e-03,1.525610e-01,2.902129e-02,4.170499e-02,1.065164e-02,1.131731e-02,7.344618e-02,1.364954e-01
1.276231e-02,6.647561e-02,2.765403e-01,1.257213e-01,3.084281e-03,7.487438e-03,2.897505e-04,2.752545e-03,1.331043e-01,6.901294e-02,3.623134e-02,1.315126e-02,1.167919e-02,1.225182e-01,1.191892e-01
2.366645e-02,6.735140e-02,2.624880e-01,1.165126e-01,8.359479e-03,7.972961e-03,7.355490e-04,5.390959e-03,1.409525e-01,6.884032e-02,3.798397e-02,1.493284e-02,1.558433e-02,1.213426e-01,1.078861e-01
8.029012e-02,6.729525e-02,2.054046e-01,8.985369e-02,2.082971e-02,9.980084e-03,2.620392e-03,1.136474e-02,1.710444e-01,5.289540e-02,3.989908e-02,1.335852e-02,1.841936e-02,1.233724e-01,9.337229e-02
1.475726e-01,7.073183e-02,1.545695e-01,7.137562e-02,2.855789e-02,9.916212e-03,3.293758e-03,1.830957e-02,1.864582e-01,4.097372e-02,3.711583e-02,1.400242e-02,2.102237e-02,1.120047e-01,8.409582e-02
1.297888e-01,8.315511e-02,1.310357e-01,5.392494e-02,4.956204e-02,1.096440e-02,6.476057e-03,2.874271e-02,2.348278e-01,3.269916e-02,3.085538e-02,1.274340e-02,2.228101e-02,9.839969e-02,7.454368e-02
1.047875e-01,8.534046e-02,1.114272e-01,3.882069e-02,4.509880e-02,1.085410e-02,6.850210e-03,2.723736e-02,3.258454e-01,2.668279e-02,2.433917e-02,1.064559e-02,1.997173e-02,8.275202e-02,7.934708e-02
1.087695e-01,9.538005e-02,9.020907e-02,2.858277e-02,4.547536e-02,1.367650e-02,9.617935e-03,3.111759e-02,3.511586e-01,2.360750e-02,2.255272e-02,9.275516e-03,2.087336e-02,7.964012e-02,7.006346e-02
1.502109e-01,9.409132e-02,6.659093e-02,2.121395e-02,5.305160e-02,1.423998e-02,9.002957e-03,3.728669e-02,3.660752e-01,1.896993e-02,1.873372e-02,7.962821e-03,1.695639e-02,6.910542e-02,5.650823e-02
2.369561e-01,8.615657e-02,5.968254e-02,2.050789e-02,4.113377e-02,1.151313e-02,7.012180e-03,3.266193e-02,3.137338e-01,1.884527e-02,1.505672e-02,7.754367e-03,1.358075e-02,5.164333e-02,8.376178e-02
3.680090e-01,6.822157e-02,5.479366e-02,1.921599e-02,3.375662e-02,9.971779e-03,6.670579e-03,3.844921e-02,2.520396e-01,1.480806e-02,1.240297e-02,7.913142e-03,1.117663e-02,3.780630e-02,6.476492e-02
4.859709e-01,5.135731e-02,4.531143e-02,1.628636e-02,2.942146e-02,9.122775e-03,5.881467e-03,4.120896e-02,2.020418e-01,1.213258e-02,9.741079e-03,6.981590e-03,8.642924e-03,2.770684e-02,4.819247e-02
1.000000e+00,0.000000e+00,0.000000e+00,0.000000e+00,0.000000e+00,0.000000e+00,0.000000e+00,0.000000e+00,0.000000e+00,0.000000e+00,0.000000e+00,0.000000e+00,0.000000e+00,0.000000e+00,0.000000e+00
4.780163e-01,2.855380e-02,2.903666e-02,1.630192e-02,2.966515e-02,7.652891e-03,3.911137e-03,2.257547e-01,1.180396e-01,6.615147e-03,6.087760e-03,6.510562e-03,5.397055e-03,1.386493e-02,2.459237e-02
4.649731e-01,2.205082e-02,2.230319e-02,1.476082e-02,3.185725e-02,7.730109e-03,4.224986e-03,2.824303e-01,9.975552e-02,4.844323e-03,4.868536e-03,7.352741e-03,4.909265e-03,9.960955e-03,1.797809e-02
1.000000e+00,0.000000e+00,0.000000e+00,0.000000e+00,0.000000e+00,0.000000e+00,0.000000e+00,0.000000e+00,0.000000e+00,0.000000e+00,0.000000e+00,0.000000e+00,0.000000e+00,0.000000e+00,0.000000e+00
1.000000e+00,0.000000e+00,0.000000e+00,0.000000e+00,0.000000e+00,0.000000e+00,0.000000e+00,0.000000e+00,0.000000e+00,0.000000e+00,0.000000e+00,0.000000e+00,0.000000e+00,0.000000e+00,0.000000e+00
1.000000e+00,0.000000e+00,0.000000e+00,0.000000e+00,0.000000e+00,0.000000e+00,0.000000e+00,0.000000e+00,0.000000e+00,0.000000e+00,0.000000e+00,0.000000e+00,0.000000e+00,0.000000e+00,0.000000e+00
1.000000e+00,0.000000e+00,0.000000e+00,0.000000e+00,0.000000e+00,0.000000e+00,0.000000e+00,0.000000e+00,0.000000e+00,0.000000e+00,0.000000e+00,0.000000e+00,0.000000e+00,0.000000e+00,0.000000e+00
1.000000e+00,0.000000e+00,0.000000e+00,0.000000e+00,0.000000e+00,0.000000e+00,0.000000e+00,0.000000e+00,0.000000e+00,0.000000e+00,0.000000e+00,0.000000e+00,0.000000e+00,0.000000e+00,0.000000e+00
1.000000e+00,0.000000e+00,0.000000e+00,0.000000e+00,0.000000e+00,0.000000e+00,0.000000e+00,0.000000e+00,0.000000e+00,0.000000e+00,0.000000e+00,0.000000e+00,0.000000e+00,0.000000e+00,0.000000e+00
1.000000e+00,0.000000e+00,0.000000e+00,0.000000e+00,0.000000e+00,0.000000e+00,0.000000e+00,0.000000e+00,0.000000e+00,0.000000e+00,0.000000e+00,0.000000e+00,0.000000e+00,0.000000e+00,0.000000e+00
1.000000e+00,0.000000e+00,0.000000e+00,0.000000e+00,0.000000e+00,0.000000e+00,0.000000e+00,0.000000e+00,0.000000e+00,0.000000e+00,0.000000e+00,0.000000e+00,0.000000e+00,0.000000e+00,0.000000e+00
1.000000e+00,0.000000e+00,0.000000e+00,0.000000e+00,0.000000e+00,0.000000e+00,0.000000e+00,0.000000e+00,0.000000e+00,0.000000e+00,0.000000e+00,0.000000e+00,0.000000e+00,0.000000e+00,0.000000e+00
1.000000e+00,0.000000e+00,0.000000e+00,0.000000e+00,0.000000e+00,0.000000e+00,0.000000e+00,0.000000e+00,0.000000e+00,0.000000e+00,0.000000e+00,0.000000e+00,0.000000e+00,0.000000e+00,0.000000e+00
1.000000e+00,0.000000e+00,0.000000e+00,0.000000e+00,0.000000e+00,0.000000e+00,0.000000e+00,0.000000e+00,0.000000e+00,0.000000e+00,0.000000e+00,0.000000e+00,0.000000e+00,0.000000e+00,0.000000e+00
1.000000e+00,0.000000e+00,0.000000e+00,0.000000e+00,0.000000e+00,0.000000e+00,0.000000e+00,0.000000e+00,0.000000e+00,0.000000e+00,0.000000e+00,0.000000e+00,0.000000e+00,0.000000e+00,0.000000e+00
1.000000e+00,0.000000e+00,0.000000e+00,0.000000e+00,0.000000e+00,0.000000e+00,0.000000e+00,0.000000e+00,0.000000e+00,0.000000e+00,0.000000e+00,0.000000e+00,0.000000e+00,0.000000e+00,0.000000e+00
1.000000e+00,0.000000e+00,0.000000e+00,0.000000e+00,0.000000e+00,0.000000e+00,0.000000e+00,0.000000e+00,0.000000e+00,0.000000e+00,0.000000e+00,0.000000e+00,0.000000e+00,0.000000e+00,0.000000e+00
1.000000e+00,0.000000e+00,0.000000e+00,0.000000e+00,0.000000e+00,0.000000e+00,0.000000e+00,0.000000e+00,0.000000e+00,0.000000e+00,0.000000e+00,0.000000e+00,0.000000e+00,0.000000e+00,0.000000e+00
1.000000e+00,0.000000e+00,0.000000e+00,0.000000e+00,0.000000e+00,0.000000e+00,0.000000e+00,0.000000e+00,0.000000e+00,0.000000e+00,0.000000e+00,0.000000e+00,0.000000e+00,0.000000e+00,0.000000e+00
1.000000e+00,0.000000e+00,0.000000e+00,0.000000e+00,0.000000e+00,0.000000e+00,0.000000e+00,0.000000e+00,0.000000e+00,0.000000e+00,0.000000e+00,0.000000e+00,0.000000e+00,0.000000e+00,0.000000e+00
1.000000e+00,0.000000e+00,0.000000e+00,0.000000e+00,0.000000e+00,0.000000e+00,0.000000e+00,0.000000e+00,0.000000e+00,0.000000e+00,0.000000e+00,0.000000e+00,0.000000e+00,0.000000e+00,0.000000e+00
1.000000e+00,0.000000e+00,0.000000e+00,0.000000e+00,0.000000e+00,0.000000e+00,0.000000e+00,0.000000e+00,0.000000e+00,0.000000e+00,0.000000e+00,0.000000e+00,0.000000e+00,0.000000e+00,0.000000e+00
1.000000e+00,0.000000e+00,0.000000e+00,0.000000e+00,0.000000e+00,0.000000e+00,0.000000e+00,0.000000e+00,0.000000e+00,0.000000e+00,0.000000e+00,0.000000e+00,0.000000e+00,0.000000e+00,0.000000e+00
1.000000e+00,0.000000e+00,0.000000e+00,0.000000e+00,0.000000e+00,0.000000e+00,0.000000e+00,0.000000e+00,0.000000e+00,0.000000e+00,0.000000e+00,0.000000e+00,0.000000e+00,0.000000e+00,0.000000e+00
1.000000e+00,0.000000e+00,0.000000e+00,0.000000e+00,0.000000e+00,0.000000e+00,0.000000e+00,0.000000e+00,0.000000e+00,0.000000e+00,0.000000e+00,0.000000e+00,0.000000e+00,0.000000e+00,0.000000e+00
1.000000e+00,0.000000e+00,0.000000e+00,0.000000e+00,0.000000e+00,0.000000e+00,0.000000e+00,0.000000e+00,0.000000e+00,0.000000e+00,0.000000e+00,0.000000e+00,0.000000e+00,0.000000e+00,0.000000e+00
1.000000e+00,0.000000e+00,0.000000e+00,0.000000e+00,0.000000e+00,0.000000e+00,0.000000e+00,0.000000e+00,0.000000e+00,0.000000e+00,0.000000e+00,0.000000e+00,0.000000e+00,0.000000e+00,0.000000e+00
1.000000e+00,0.000000e+00,0.000000e+00,0.000000e+00,0.000000e+00,0.000000e+00,0.000000e+00,0.000000e+00,0.000000e+00,0.000000e+00,0.000000e+00,0.000000e+00,0.000000e+00,0.000000e+00,0.000000e+00
1.000000e+00,0.000000e+00,0.000000e+00,0.000000e+00,0.000000e+00,0.000000e+00,0.000000e+00,0.000000e+00,0.000000e+00,0.000000e+00,0.000000e+00,0.000000e+00,0.000000e+00,0.000000e+00,0.000000e+00
1.000000e+00,0.000000e+00,0.000000e+00,0.000000e+00,0.000000e+00,0.000000e+00,0.000000e+00,0.000000e+00,0.000000e+00,0.000000e+00,0.000000e+00,0.000000e+00,0.000000e+00,0.000000e+00,0.000000e+00
1.000000e+00,0.000000e+00,0.000000e+00,0.000000e+00,0.000000e+00,0.000000e+00,0.000000e+00,0.000000e+00,0.000000e+00,0.000000e+00,0.000000e+00,0.000000e+00,0.000000e+00,0.000000e+00,0.000000e+00
1.000000e+00,0.000000e+00,0.000000e+00,0.000000e+00,0.000000e+00,0.000000e+00,0.000000e+00,0.000000e+00,0.000000e+00,0.000000e+00,0.000000e+00,0.000000e+00,0.000000e+00,0.000000e+00,0.000000e+00
1.000000e+00,0.000000e+00,0.000000e+00,0.000000e+00,0.000000e+00,0.000000e+00,0.000000e+00,0.000000e+00,0.000000e+00,0.000000e+00,0.000000e+00,0.000000e+00,0.000000e+00,0.000000e+00,0.000000e+00
4.915441e-01,2.190852e-02,4.051577e-02,5.037806e-02,8.291373e-02,3.687093e-02,5.376877e-02,6.858960e-02,1.860814e-02,1.019513e-02,3.392094e-02,4.656880e-02,2.748367e-02,3.171339e-03,1.356249e-02
4.299451e-01,1.912953e-02,3.154302e-02,4.416015e-02,9.586892e-02,4.827280e-02,6.664814e-02,1.132891e-01,1.973736e-02,1.093127e-02,3.738758e-02,4.201449e-02,2.208337e-02,2.957362e-03,1.603179e-02
4.663458e-01,1.527854e-02,2.416489e-02,3.634305e-02,1.329127e-01,4.345294e-02,6.045857e-02,9.460633e-02,1.737589e-02,9.160214e-03,3.014212e-02,3.153767e-02,1.711424e-02,4.074674e-03,1.703237e-02
4.373402e-01,1.165886e-02,1.795992e-02,2.767026e-02,2.231315e-01,4.741724e-02,4.877957e-02,8.246124e-02,1.432304e-02,7.169682e-03,2.528541e-02,2.383428e-02,1.297992e-02,4.304282e-03,1.568468e-02
3.809905e-01,1.105454e-02,1.591276e-02,2.156373e-02,2.636618e-01,7.683109e-02,4.447011e-02,6.352746e-02,1.122037e-02,1.395103e-02,4.517222e-02,1.820264e-02,1.007935e-02,7.826663e-03,1.553574e-02
4.108561e-01,9.588804e-03,1.402644e-02,1.791476e-02,2.675795e-01,7.254680e-02,3.741857e-02,5.447323e-02,9.020654e-03,1.219079e-02,4.726446e-02,1.660234e-02,8.632261e-03,7.534724e-03,1.435055e-02
4.309358e-01,8.581626e-03,1.212947e-02,1.594085e-02,2.789646e-01,6.642886e-02,2.789170e-02,4.568163e-02,8.385208e-03,9.544298e-03,4.451969e-02,2.094787e-02,7.905437e-03,7.578507e-03,1.456448e-02
4.600938e-01,9.027508e-03,1.310203e-02,1.575532e-02,2.569464e-01,7.241000e-02,2.020657e-02,3.758177e-02,9.063454e-03,8.219371e-03,4.356405e-02,2.272936e-02,6.470932e-03,7.961439e-03,1.686791e-02
1.000000e+00,0.000000e+00,0.000000e+00,0.000000e+00,0.000000e+00,0.000000e+00,0.000000e+00,0.000000e+00,0.000000e+00,0.000000e+00,0.000000e+00,0.000000e+00,0.000000e+00,0.000000e+00,0.000000e+00
1.000000e+00,0.000000e+00,0.000000e+00,0.000000e+00,0.000000e+00,0.000000e+00,0.000000e+00,0.000000e+00,0.000000e+00,0.000000e+00,0.000000e+00,0.000000e+00,0.000000e+00,0.000000e+00,0.000000e+00
1.000000e+00,0.000000e+00,0.000000e+00,0.000000e+00,0.000000e+00,0.000000e+00,0.000000e+00,0.000000e+00,0.000000e+00,0.000000e+00,0.000000e+00,0.000000e+00,0.000000e+00,0.000000e+00,0.000000e+00
1.000000e+00,0.000000e+00,0.000000e+00,0.000000e+00,0.000000e+00,0.000000e+00,0.000000e+00,0.000000e+00,0.000000e+00,0.000000e+00,0.000000e+00,0.000000e+00,0.000000e+00,0.000000e+00,0.000000e+00
1.000000e+00,0.000000e+00,0.000000e+00,0.000000e+00,0.000000e+00,0.000000e+00,0.000000e+00,0.000000e+00,0.000000e+00,0.000000e+00,0.000000e+00,0.000000e+00,0.000000e+00,0.000000e+00,0.000000e+00
4.848584e-01,3.156748e-02,3.367925e-02,3.896120e-02,7.391813e-02,4.276330e-02,6.743168e-03,1.694691e-02,1.248974e-02,1.450528e-02,9.559636e-02,5.861160e-02,1.013936e-02,3.172004e-02,4.749973e-02
4.626125e-01,2.936909e-02,2.913563e-02,4.020179e-02,5.782839e-02,3.837036e-02,8.478460e-03,1.755813e-02,1.889905e-02,1.533152e-02,1.013605e-01,9.063542e-02,1.198470e-02,3.011544e-02,4.811905e-02
4.843234e-01,2.792193e-02,2.773053e-02,4.021427e-02,4.618895e-02,3.325370e-02,7.695658e-03,1.814090e-02,3.807615e-02,1.601976e-02,8.453906e-02,8.469999e-02,1.328906e-02,2.751955e-02,5.038708e-02
4.112540e-01,2.903775e-02,5.714480e-02,8.077042e-02,4.130105e-02,3.200039e-02,8.347299e-03,2.980528e-02,3.709183e-02,1.491254e-02,8.730881e-02,8.942867e-02,1.326520e-02,2.363222e-02,4.469974e-02
4.273578e-01,3.214638e-02,5.700208e-02,1.059437e-01,3.319760e-02,2.882847e-02,7.305673e-03,2.630438e-02,3.455964e-02,1.442656e-02,7.905030e-02,7.786401e-02,1.236825e-02,1.990387e-02,4.374125e-02
4.549879e-01,3.447181e-02,4.779705e-02,1.040528e-01,2.723886e-02,2.650002e-02,6.482469e-03,2.244752e-02,3.309014e-02,1.156584e-02,8.700640e-02,7.125831e-02,1.226544e-02,1.832886e-02,4.250650e-02
4.660318e-01,3.447764e-02,4.115292e-02,1.011570e-01,2.270754e-02,2.739010e-02,5.681648e-03,1.880567e-02,3.590544e-02,1.030335e-02,8.690950e-02,6.894286e-02,1.325356e-02,1.814219e-02,4.913878e-02
4.234002e-01,3.710033e-02,4.747904e-02,1.567658e-01,1.930949e-02,2.686970e-02,5.357917e-03,1.971212e-02,3.197503e-02,9.112678e-03,7.716184e-02,6.914960e-02,1.359754e-02,1.558309e-02,4.742568e-02
4.420309e-01,3.632054e-02,4.154143e-02,1.416673e-01,1.861332e-02,2.811497e-02,5.205668e-03,1.765329e-02,3.388973e-02,7.456698e-03,8.271816e-02,7.077197e-02,1.503539e-02,1.735364e-02,4.162698e-02
4.893929e-01,3.533672e-02,3.644629e-02,1.149846e-01,2.127162e-02,3.199461e-02,4.184647e-03,1.495392e-02,4.538054e-02,6.553930e-03,6.860633e-02,5.475510e-02,1.355618e-02,2.642789e-02,3.615468e-02
1.000000e+00,0.000000e+00,0.000000e+00,0.000000e+00,0.000000e+00,0.000000e+00,0.000000e+00,0.000000e+00,0.000000e+00,0.000000e+00,0.000000e+00,0.000000e+00,0.000000e+00,0.000000e+00,0.000000e+00
1.000000e+00,0.000000e+00,0.000000e+00,0.000000e+00,0.000000e+00,0.000000e+00,0.000000e+00,0.000000e+00,0.000000e+00,0.000000e+00,0.000000e+00,0.000000e+00,0.000000e+00,0.000000e+00,0.000000e+00
4.917811e-01,2.830910e-02,2.311415e-02,6.611240e-02,4.990126e-02,6.362057e-02,2.799254e-03,2.037744e-02,9.747396e-02,5.641595e-03,4.539583e-02,2.831928e-02,1.107965e-02,4.091877e-02,2.515562e-02
4.838130e-01,2.741558e-02,2.159341e-02,5.533697e-02,5.316565e-02,5.745232e-02,2.585799e-03,2.106057e-02,1.193418e-01,8.270307e-03,3.912601e-02,2.403995e-02,1.032141e-02,5.365951e-02,2.281766e-02
1.000000e+00,0.000000e+00,0.000000e+00,0.000000e+00,0.000000e+00,0.000000e+00,0.000000e+00,0.000000e+00,0.000000e+00,0.000000e+00,0.000000e+00,0.000000e+00,0.000000e+00,0.000000e+00,0.000000e+00
4.979301e-01,2.136461e-02,2.967000e-02,3.962900e-02,6.276334e-02,4.730289e-02,3.057234e-03,4.251361e-02,1.084002e-01,1.762081e-02,2.948724e-02,1.933940e-02,7.976907e-03,5.523194e-02,1.771268e-02
1.000000e+00,0.000000e+00,0.000000e+00,0.000000e+00,0.000000e+00,0.000000e+00,0.000000e+00,0.000000e+00,0.000000e+00,0.000000e+00,0.000000e+00,0.000000e+00,0.000000e+00,0.000000e+00,0.000000e+00
1.000000e+00,0.000000e+00,0.000000e+00,0.000000e+00,0.000000e+00,0.000000e+00,0.000000e+00,0.000000e+00,0.000000e+00,0.000000e+00,0.000000e+00,0.000000e+00,0.000000e+00,0.000000e+00,0.000000e+00
1.000000e+00,0.000000e+00,0.000000e+00,0.000000e+00,0.000000e+00,0.000000e+00,0.000000e+00,0.000000e+00,0.000000e+00,0.000000e+00,0.000000e+00,0.000000e+00,0.000000e+00,0.000000e+00,0.000000e+00
1.000000e+00,0.000000e+00,0.000000e+00,0.000000e+00,0.000000e+00,0.000000e+00,0.000000e+00,0.000000e+00,0.000000e+00,0.000000e+00,0.000000e+00,0.000000e+00,0.000000e+00,0.000000e+00,0.000000e+00
1.000000e+00,0.000000e+00,0.000000e+00,0.000000e+00,0.000000e+00,0.000000e+00,0.000000e+00,0.000000e+00,0.000000e+00,0.000000e+00,0.000000e+00,0.000000e+00,0.000000e+00,0.000000e+00,0.000000e+00
1.000000e+00,0.000000e+00,0.000000e+00,0.000000e+00,0.000000e+00,0.000000e+00,0.000000e+00,0.000000e+00,0.000000e+00,0.000000e+00,0.000000e+00,0.000000e+00,0.000000e+00,0.000000e+00,0.000000e+00
1.000000e+00,0.000000e+00,0.000000e+00,0.000000e+00,0.000000e+00,0.000000e+00,0.000000e+00,0.000000e+00,0.000000e+00,0.000000e+00,0.000000e+00,0.000000e+00,0.000000e+00,0.000000e+00,0.000000e+00
1.000000e+00,0.000000e+00,0.000000e+00,0.000000e+00,0.000000e+00,0.000000e+00,0.000000e+00,0.000000e+00,0.000000e+00,0.000000e+00,0.000000e+00,0.000000e+00,0.000000e+00,0.000000e+00,0.000000e+00
1.000000e+00,0.000000e+00,0.000000e+00,0.000000e+00,0.000000e+00,0.000000e+00,0.000000e+00,0.000000e+00,0.000000e+00,0.000000e+00,0.000000e+00,0.000000e+00,0.000000e+00,0.000000e+00,0.000000e+00
1.000000e+00,0.000000e+00,0.000000e+00,0.000000e+00,0.000000e+00,0.000000e+00,0.000000e+00,0.000000e+00,0.000000e+00,0.000000e+00,0.000000e+00,0.000000e+00,0.000000e+00,0.000000e+00,0.000000e+00
1.000000e+00,0.000000e+00,0.000000e+00,0.000000e+00,0.000000e+00,0.000000e+00,0.000000e+00,0.000000e+00,0.000000e+00,0.000000e+00,0.000000e+00,0.000000e+00,0.000000e+00,0.000000e+00,0.000000e+00
1.000000e+00,0.000000e+00,0.000000e+00,0.000000e+00,0.000000e+00,0.000000e+00,0.000000e+00,0.000000e+00,0.000000e+00,0.000000e+00,0.000000e+00,0.000000e+00,0.000000e+00,0.000000e+00,0.000000e+00
1.000000e+00,0.000000e+00,0.000000e+00,0.000000e+00,0.000000e+00,0.000000e+00,0.000000e+00,0.000000e+00,0.000000e+00,0.000000e+00,0.000000e+00,0.000000e+00,0.000000e+00,0.000000e+00,0.000000e+00
1.000000e+00,0.000000e+00,0.000000e+00,0.000000e+00,0.000000e+00,0.000000e+00,0.000000e+00,0.000000e+00,0.000000e+00,0.000000e+00,0.000000e+00,0.000000e+00,0.000000e+00,0.000000e+00,0.000000e+00
4.704408e-01,2.044660e-02,1.081222e-02,2.771834e-02,5.993793e-03,4.208823e-02,2.680040e-03,6.996207e-03,3.001886e-02,5.703798e-03,1.784367e-01,2.878764e-02,1.005617e-02,1.267570e-01,3.306378e-02
4.608347e-01,1.820201e-02,1.094747e-02,2.360254e-02,6.472884e-03,3.426711e-02,2.568793e-03,7.002229e-03,4.877704e-02,7.870771e-03,1.687927e-01,3.238697e-02,9.593062e-03,1.419063e-01,2.677550e-02
4.821073e-01,2.541743e-02,9.935280e-03,2.051477e-02,8.198047e-03,2.808182e-02,2.341834e-03,6.584671e-03,6.959178e-02,7.990602e-03,1.468283e-01,3.408314e-02,9.758786e-03,1.259185e-01,2.264787e-02
4.060749e-01,3.924697e-02,9.790435e-03,8.776518e-02,2.659914e-02,2.538751e-02,2.378337e-03,9.304900e-03,8.467305e-02,8.929554e-03,1.345554e-01,2.976938e-02,9.002276e-03,1.039956e-01,2.252754e-02
3.336841e-01,6.397178e-02,1.042141e-02,9.818439e-02,3.018072e-02,2.827538e-02,2.037387e-03,9.343443e-03,1.034329e-01,1.043049e-02,1.516029e-01,2.773138e-02,8.326841e-03,9.578152e-02,2.659528e-02
2.795198e-01,8.193603e-02,1.007405e-02,8.925226e-02,2.968577e-02,2.649521e-02,1.760649e-03,8.514413e-03,1.687153e-01,1.046443e-02,1.386987e-01,2.887529e-02,7.542081e-03,9.491526e-02,2.355081e-02
2.100408e-01,7.266460e-02,8.673453e-03,2.246506e-01,2.453656e-02,2.125570e-02,1.442965e-03,8.158053e-03,1.765748e-01,1.170744e-02,1.082823e-01,2.449280e-02,6.470930e-03,7.075386e-02,3.029524e-02
1.875687e-01,7.089704e-02,7.328697e-03,1.830502e-01,1.906457e-02,1.719183e-02,1.101568e-03,6.257133e-03,2.075444e-01,1.648792e-02,1.196635e-01,2.022069e-02,6.499974e-03,5.950108e-02,7.762276e-02
1.594039e-01,5.876423e-02,2.243339e-02,2.274345e-01,1.633704e-02,1.468757e-02,1.055169e-03,5.780199e-03,2.143302e-01,2.039190e-02,9.344545e-02,1.527768e-02,6.128888e-03,4.636156e-02,9.816837e-02
2.250900e-01,4.832634e-02,3.276869e-02,2.375755e-01,1.455406e-02,1.650012e-02,1.010187e-03,6.339720e-03,1.802391e-01,1.905717e-02,8.079650e-02,1.312945e-02,7.963086e-03,3.911085e-02,7.753928e-02
2.840586e-01,4.004945e-02,2.719653e-02,2.209996e-01,1.198786e-02,1.394952e-02,1.037063e-03,7.317318e-03,1.500590e-01,1.991740e-02,1.025350e-01,1.683812e-02,1.048761e-02,3.312828e-02,6.043878e-02
2.983673e-01,3.692301e-02,3.090978e-02,2.361599e-01,1.189247e-02,1.280699e-02,1.116618e-03,1.696384e-02,1.333877e-01,1.811237e-02,8.818357e-02,1.841765e-02,1.434050e-02,2.805998e-02,5.435826e-02
2.265841e-01,7.010714e-02,2.578837e-02,1.959795e-01,1.149463e-02,1.536181e-02,1.249751e-03,1.332145e-02,1.998437e-01,1.740536e-02,9.157971e-02,2.994860e-02,2.025486e-02,2.368893e-02,5.739203e-02
1.619853e-01,7.743826e-02,2.002931e-02,1.711078e-01,1.059741e-02,1.349982e-02,1.211321e-03,1.072306e-02,3.213958e-01,1.349147e-02,7.929506e-02,2.998286e-02,2.632031e-02,1.707690e-02,4.584534e-02
1.156965e-01,9.260255e-02,1.599055e-02,1.469953e-01,1.124581e-02,1.467891e-02,9.847509e-04,7.889650e-03,4.194893e-01,1.104125e-02,5.913333e-02,2.147307e-02,3.498343e-02,1.214253e-02,3.565303e-02
8.156304e-02,7.858247e-02,1.581585e-02,2.740003e-01,1.020640e-02,1.618047e-02,7.676567e-04,7.781412e-03,3.771906e-01,8.739154e-03,4.344990e-02,1.518238e-02,2.834700e-02,8.571405e-03,3.362192e-02
5.801913e-02,5.698281e-02,5.390799e-02,4.277782e-01,9.038934e-03,1.211723e-02,5.603433e-04,6.372157e-03,2.717138e-01,6.507078e-03,3.366046e-02,1.080614e-02,2.076584e-02,6.102295e-03,2.566756e-02
4.718861e-02,4.261791e-02,7.176863e-02,3.670595e-01,1.109200e-02,1.705102e-02,9.050573e-04,6.934416e-03,2.070479e-01,6.856496e-03,1.507706e-01,8.983647e-03,3.232424e-02,5.126366e-03,2.427365e-02
4.587275e-02,3.318668e-02,9.799188e-02,3.657656e-01,1.863363e-02,2.849418e-02,1.527715e-03,9.888261e-03,1.568044e-01,6.915013e-03,1.703804e-01,8.542400e-03,3.023176e-02,4.377462e-03,2.138803e-02
6.264618e-02,3.148973e-02,9.356953e-02,2.688107e-01,2.647178e-02,1.608049e-01,1.682098e-03,8.907588e-03,1.159445e-01,6.222421e-03,1.396296e-01,9.623833e-03,3.756781e-02,7.506380e-03,2.912299e-02
6.567587e-02,3.465931e-02,8.650781e-02,1.987824e-01,2.541569e-02,2.395733e-01,1.693894e-03,7.083480e-03,8.924132e-02,6.712032e-03,1.047201e-01,1.034099e-02,4.533718e-02,1.246887e-02,7.178780e-02
1.007378e-01,3.740848e-02,8.111987e-02,1.444748e-01,2.851416e-02,2.386094e-01,2.167815e-03,7.966498e-03,6.761782e-02,7.107970e-03,7.953034e-02,1.400419e-02,7.263800e-02,2.475529e-02,9.334752e-02
1.064313e-01,3.733329e-02,7.257422e-02,1.031337e-01,4.099201e-02,1.904120e-01,2.632139e-03,1.104989e-02,5.320854e-02,1.043487e-02,6.023565e-02,2.011772e-02,1.458885e-01,4.256299e-02,1.029931e-01
1.173894e-01,4.783455e-02,7.522320e-02,7.573282e-02,5.884160e-02,1.686409e-01,3.407393e-03,1.046991e-02,4.889581e-02,1.543611e-02,4.471377e-02,2.445182e-02,1.212220e-01,4.566060e-02,1.420802e-01
1.510937e-01,5.908737e-02,6.861567e-02,5.764562e-02,5.851818e-02,1.273720e-01,3.187608e-03,1.090381e-02,5.527969e-02,2.029753e-02,3.500960e-02,2.635487e-02,1.006631e-01,6.693669e-02,1.590346e-01
2.194720e-01,7.179821e-02,5.888608e-02,4.728265e-02,6.986620e-02,9.809227e-02,3.478438e-03,1.253092e-02,6.848574e-02,2.109622e-02,2.814136e-02,2.500863e-02,8.230737e-02,5.468928e-02,1.388646e-01
3.873965e-01,6.046299e-02,4.372202e-02,3.650470e-02,5.479680e-02,7.216962e-02,2.843769e-03,1.075840e-02,6.322040e-02,1.636103e-02,2.160704e-02,2.311947e-02,6.226726e-02,3.993951e-02,1.048305e-01
1.000000e+00,0.000000e+00,0.000000e+00,0.000000e+00,0.000000e+00,0.000000e+00,0.000000e+00,0.000000e+00,0.000000e+00,0.000000e+00,0.000000e+00,0.000000e+00,0.000000e+00,0.000000e+00,0.000000e+00
4.231732e-01,1.379927e-01,5.465626e-02,8.297506e-02,3.009058e-02,4.320784e-02,2.120242e-03,6.928235e-03,3.535695e-02,1.396463e-02,1.593704e-02,2.664085e-02,3.660095e-02,2.128927e-02,6.906620e-02
4.077648e-01,1.041267e-01,4.152818e-02,8.112341e-02,2.274305e-02,3.533341e-02,1.884926e-03,5.786549e-03,3.670233e-02,1.800386e-02,2.126584e-02,6.360650e-02,3.884753e-02,2.248638e-02,9.879655e-02
4.556512e-01,8.096987e-02,3.643015e-02,7.645958e-02,1.823890e-02,3.491410e-02,2.601728e-03,6.810166e-03,3.308811e-02,1.603292e-02,2.491822e-02,8.036894e-02,3.742770e-02,1.721814e-02,7.887028e-02
1.000000e+00,0.000000e+00,0.000000e+00,0.000000e+00,0.000000e+00,0.000000e+00,0.000000e+00,0.000000e+00,0.000000e+00,0.000000e+00,0.000000e+00,0.000000e+00,0.000000e+00,0.000000e+00,0.000000e+00
1.000000e+00,0.000000e+00,0.000000e+00,0.000000e+00,0.000000e+00,0.000000e+00,0.000000e+00,0.000000e+00,0.000000e+00,0.000000e+00,0.000000e+00,0.000000e+00,0.000000e+00,0.000000e+00,0.000000e+00
1.000000e+00,0.000000e+00,0.000000e+00,0.000000e+00,0.000000e+00,0.000000e+00,0.000000e+00,0.000000e+00,0.000000e+00,0.000000e+00,0.000000e+00,0.000000e+00,0.000000e+00,0.000000e+00,0.000000e+00
1.000000e+00,0.000000e+00,0.000000e+00,0.000000e+00,0.000000e+00,0.000000e+00,0.000000e+00,0.000000e+00,0.000000e+00,0.000000e+00,0.000000e+00,0.000000e+00,0.000000e+00,0.000000e+00,0.000000e+00
1.000000e+00,0.000000e+00,0.000000e+00,0.000000e+00,0.000000e+00,0.000000e+00,0.000000e+00,0.000000e+00,0.000000e+00,0.000000e+00,0.000000e+00,0.000000e+00,0.000000e+00,0.000000e+00,0.000000e+00
1.000000e+00,0.000000e+00,0.000000e+00,0.000000e+00,0.000000e+00,0.000000e+00,0.000000e+00,0.000000e+00,0.000000e+00,0.000000e+00,0.000000e+00,0.000000e+00,0.000000e+00,0.000000e+00,0.000000e+00
1.000000e+00,0.000000e+00,0.000000e+00,0.000000e+00,0.000000e+00,0.000000e+00,0.000000e+00,0.000000e+00,0.000000e+00,0.000000e+00,0.000000e+00,0.000000e+00,0.000000e+00,0.000000e+00,0.000000e+00
1.000000e+00,0.000000e+00,0.000000e+00,0.000000e+00,0.000000e+00,0.000000e+00,0.000000e+00,0.000000e+00,0.000000e+00,0.000000e+00,0.000000e+00,0.000000e+00,0.000000e+00,0.000000e+00,0.000000e+00
1.000000e+00,0.000000e+00,0.000000e+00,0.000000e+00,0.000000e+00,0.000000e+00,0.000000e+00,0.000000e+00,0.000000e+00,0.000000e+00,0.000000e+00,0.000000e+00,0.000000e+00,0.000000e+00,0.000000e+00
1.000000e+00,0.000000e+00,0.000000e+00,0.000000e+00,0.000000e+00,0.000000e+00,0.000000e+00,0.000000e+00,0.000000e+00,0.000000e+00,0.000000e+00,0.000000e+00,0.000000e+00,0.000000e+00,0.000000e+00
1.000000e+00,0.000000e+00,0.000000e+00,0.000000e+00,0.000000e+00,0.000000e+00,0.000000e+00,0.000000e+00,0.000000e+00,0.000000e+00,0.000000e+00,0.000000e+00,0.000000e+00,0.000000e+00,0.000000e+00
1.000000e+00,0.000000e+00,0.000000e+00,0.000000e+00,0.000000e+00,0.000000e+00,0.000000e+00,0.000000e+00,0.000000e+00,0.000000e+00,0.000000e+00,0.000000e+00,0.000000e+00,0.000000e+00,0.000000e+00
1.000000e+00,0.000000e+00,0.000000e+00,0.000000e+00,0.000000e+00,0.000000e+00,0.000000e+00,0.000000e+00,0.000000e+00,0.000000e+00,0.000000e+00,0.000000e+00,0.000000e+00,0.000000e+00,0.000000e+00
1.000000e+00,0.000000e+00,0.000000e+00,0.000000e+00,0.000000e+00,0.000000e+00,0.000000e+00,0.000000e+00,0.000000e+00,0.000000e+00,0.000000e+00,0.000000e+00,0.000000e+00,0.000000e+00,0.000000e+00
1.000000e+00,0.000000e+00,0.000000e+00,0.000000e+00,0.000000e+00,0.000000e+00,0.000000e+00,0.000000e+00,0.000000e+00,0.000000e+00,0.000000e+00,0.000000e+00,0.000000e+00,0.000000e+00,0.000000e+00
4.440334e-01,4.039135e-02,6.667113e-03,1.517903e-01,7.897250e-02,2.790887e-02,1.074798e-02,5.617597e-02,9.648447e-02,2.253960e-02,1.048767e-02,2.300903e-02,1.230531e-02,3.850715e-03,1.463585e-02
4.176241e-01,3.461862e-02,1.187123e-02,2.223577e-01,7.616954e-02,2.320142e-02,1.111669e-02,5.199670e-02,7.376327e-02,1.809228e-02,9.368828e-03,2.272266e-02,1.160412e-02,3.297457e-03,1.219540e-02
4.699799e-01,2.970501e-02,1.068633e-02,1.895197e-01,7.115612e-02,2.236545e-02,1.105222e-02,3.957333e-02,7.309217e-02,1.626449e-02,8.914607e-03,2.282658e-02,1.464866e-02,3.801162e-03,1.641433e-02
4.511106e-01,3.033823e-02,1.256108e-02,2.406572e-01,7.478140e-02,1.923560e-02,9.803221e-03,3.498726e-02,5.469178e-02,1.184840e-02,8.224292e-03,2.270220e-02,1.250065e-02,3.151090e-03,1.340707e-02
3.621724e-01,2.277209e-02,9.214072e-03,1.863946e-01,2.140960e-01,2.074805e-02,5.790425e-02,3.082813e-02,3.923256e-02,8.452085e-03,6.814000e-03,1.680918e-02,1.107499e-02,2.340449e-03,1.114722e-02
3.803292e-01,1.721818e-02,8.506806e-03,1.339093e-01,2.585378e-01,2.213905e-02,6.613179e-02,2.601124e-02,2.841636e-02,6.564273e-03,1.176554e-02,1.359177e-02,1.330421e-02,2.092984e-03,1.148146e-02
4.282305e-01,1.418397e-02,8.962306e-03,1.011888e-01,2.362158e-01,2.071309e-02,6.344177e-02,2.025736e-02,2.225347e-02,6.297276e-03,2.074175e-02,1.422141e-02,1.595944e-02,2.931620e-03,2.440131e-02
1.000000e+00,0.000000e+00,0.000000e+00,0.000000e+00,0.000000e+00,0.000000e+00,0.000000e+00,0.000000e+00,0.000000e+00,0.000000e+00,0.000000e+00,0.000000e+00,0.000000e+00,0.000000e+00,0.000000e+00
1.000000e+00,0.000000e+00,0.000000e+00,0.000000e+00,0.000000e+00,0.000000e+00,0.000000e+00,0.000000e+00,0.000000e+00,0.000000e+00,0.000000e+00,0.000000e+00,0.000000e+00,0.000000e+00,0.000000e+00
1.000000e+00,0.000000e+00,0.000000e+00,0.000000e+00,0.000000e+00,0.000000e+00,0.000000e+00,0.000000e+00,0.000000e+00,0.000000e+00,0.000000e+00,0.000000e+00,0.000000e+00,0.000000e+00,0.000000e+00
1.000000e+00,0.000000e+00,0.000000e+00,0.000000e+00,0.000000e+00,0.000000e+00,0.000000e+00,0.000000e+00,0.000000e+00,0.000000e+00,0.000000e+00,0.000000e+00,0.000000e+00,0.000000e+00,0.000000e+00
1.000000e+00,0.000000e+00,0.000000e+00,0.000000e+00,0.000000e+00,0.000000e+00,0.000000e+00,0.000000e+00,0.000000e+00,0.000000e+00,0.000000e+00,0.000000e+00,0.000000e+00,0.000000e+00,0.000000e+00
4.730172e-01,2.997483e-02,1.477949e-02,1.762532e-01,6.424582e-02,2.234008e-02,1.798955e-02,5.286262e-03,5.019967e-02,1.974460e-02,2.627021e-02,4.082030e-02,2.452013e-02,4.094853e-03,3.046386e-02
3.887050e-01,2.534381e-02,1.967852e-02,2.707166e-01,4.674924e-02,1.769256e-02,1.299357e-02,4.989853e-03,8.611672e-02,1.627328e-02,2.355929e-02,3.413026e-02,2.401130e-02,3.272168e-03,2.576776e-02
3.843911e-01,2.446033e-02,1.910952e-02,2.469522e-01,3.804718e-02,1.577194e-02,1.021073e-02,4.152296e-03,1.200245e-01,1.313632e-02,3.223738e-02,3.215481e-02,2.628239e-02,3.337561e-03,2.973187e-02
3.779072e-01,2.159810e-02,1.978189e-02,1.851697e-01,6.622213e-02,1.568456e-02,9.224806e-03,8.557286e-03,1.591276e-01,9.562298e-03,4.157687e-02,2.592129e-02,2.380741e-02,3.563230e-03,3.229573e-02
3.558079e-01,2.446666e-02,2.138820e-02,1.518790e-01,1.361678e-01,2.597275e-02,9.998494e-03,1.507773e-02,1.345810e-01,7.878428e-03,4.092421e-02,2.415854e-02,2.142403e-02,4.573279e-03,2.570214e-02
3.106758e-01,2.761952e-02,2.282407e-02,2.092517e-01,1.281919e-01,2.679445e-02,8.340185e-03,2.109653e-02,1.073332e-01,8.646404e-03,4.448208e-02,3.084463e-02,2.088298e-02,8.793734e-03,2.422291e-02
2.271174e-01,3.475002e-02,1.888387e-02,2.570153e-01,9.768346e-02,1.974665e-02,6.148654e-03,1.828608e-02,1.704960e-01,8.975733e-03,5.345752e-02,3.035679e-02,2.407821e-02,6.726849e-03,2.627753e-02
1.887058e-01,3.588506e-02,1.613920e-02,2.311127e-01,9.055976e-02,1.671010e-02,6.093775e-03,1.467572e-02,2.350327e-01,9.140639e-03,6.865802e-02,2.855719e-02,2.499810e-02,5.508367e-03,2.822290e-02
1.340882e-01,2.863145e-02,1.339388e-02,2.880912e-01,6.940302e-02,1.465049e-02,4.904250e-03,1.163753e-02,3.066314e-01,7.780896e-03,5.316646e-02,2.036115e-02,1.827097e-02,4.131299e-03,2.485779e-02
9.683381e-02,3.164291e-02,1.274201e-02,2.681303e-01,5.798648e-02,1.664186e-02,4.217827e-03,1.084326e-02,3.870641e-01,8.759337e-03,4.192784e-02,1.454463e-02,1.487702e-02,3.053783e-03,3.073482e-02
7.617746e-02,3.170840e-02,1.204085e-02,2.123637e-01,6.246659e-02,2.348142e-02,4.695450e-03,1.484737e-02,4.719972e-01,8.369403e-03,3.198307e-02,1.033221e-02,1.149694e-02,2.273522e-03,2.576636e-02
5.380335e-02,2.666259e-02,1.276055e-02,3.333288e-01,4.445367e-02,1.673824e-02,3.307628e-03,1.091177e-02,4.256015e-01,7.396113e-03,2.378638e-02,7.450114e-03,8.521520e-03,1.635209e-03,2.364249e-02
4.056617e-02,2.547137e-02,1.155031e-02,2.608700e-01,3.359680e-02,1.665696e-02,2.404226e-03,9.361102e-03,4.735093e-01,1.044352e-02,2.050116e-02,5.465431e-03,8.008434e-03,1.689091e-03,7.990614e-02
3.356283e-02,2.103253e-02,4.657158e-02,3.080134e-01,3.342621e-02,1.716964e-02,1.978597e-03,4.393037e-02,3.912967e-01,9.166432e-03,1.924016e-02,4.143166e-03,7.087905e-03,1.491115e-03,6.188927e-02
6.956266e-02,3.007414e-02,6.500983e-02,2.836682e-01,4.691672e-02,6.404829e-02,2.976526e-03,3.409423e-02,3.118199e-01,7.404798e-03,1.540131e-02,3.101517e-03,5.646145e-03,3.190808e-03,5.708488e-02
1.078267e-01,3.351903e-02,6.000827e-02,2.321364e-01,5.974980e-02,1.164972e-01,3.979733e-03,2.773426e-02,2.488792e-01,6.721378e-03,1.538784e-02,2.952880e-03,5.625518e-03,6.786356e-03,7.219540e-02
1.283337e-01,3.276352e-02,4.951826e-02,2.319917e-01,6.037557e-02,1.371212e-01,4.694443e-03,7.414214e-02,1.855644e-01,5.265827e-03,1.567408e-02,3.690817e-03,7.198146e-03,5.890450e-03,5.777589e-02
1.056162e-01,2.456331e-02,3.589532e-02,1.731959e-01,5.920063e-02,1.167166e-01,5.118027e-03,2.753594e-01,1.327884e-01,3.751670e-03,1.337216e-02,3.097038e-03,5.577763e-03,4.496166e-03,4.125136e-02
7.813800e-02,1.737061e-02,2.544297e-02,1.240853e-01,4.406197e-02,8.379583e-02,3.866176e-03,4.793320e-01,9.307801e-02,2.659643e-03,9.817174e-03,2.209161e-03,3.973750e-03,3.196632e-03,2.897274e-02
5.881130e-02,1.245841e-02,1.824307e-02,8.834188e-02,3.179855e-02,5.927020e-02,2.785533e-03,6.253858e-01,6.558442e-02,2.040036e-03,7.937688e-03,1.644299e-03,2.907316e-03,2.281813e-03,2.050973e-02
5.507370e-02,9.159799e-03,1.372476e-02,6.364650e-02,2.339268e-02,4.299261e-02,2.049243e-03,6.925342e-01,4.735861e-02,1.599803e-03,2.444971e-02,2.422634e-03,4.764271e-03,1.752822e-03,1.507869e-02
4.918172e-02,7.052432e-03,1.042848e-02,4.862792e-02,1.919076e-02,3.262002e-02,1.501130e-03,7.554508e-01,3.410063e-02,1.181857e-03,2.043786e-02,3.568280e-03,4.392981e-03,1.292065e-03,1.097310e-02
5.253351e-02,6.328466e-03,1.361805e-02,4.912421e-02,1.484859e-02,2.422960e-02,1.096916e-03,7.406366e-01,2.607185e-02,1.282346e-03,4.161967e-02,1.095036e-02,7.434796e-03,1.392071e-03,8.832997e-03
1.172536e-01,5.980803e-03,1.214804e-02,6.425991e-02,1.366652e-02,2.474756e-02,9.725858e-04,6.339719e-01,2.592278e-02,1.266077e-03,5.742795e-02,2.238740e-02,1.077413e-02,2.024160e-03,7.196723e-03
1.860773e-01,5.001479e-03,1.009031e-02,4.878848e-02,1.172942e-02,1.948034e-02,1.012441e-03,6.111109e-01,2.206700e-02,1.108881e-03,4.722563e-02,1.935924e-02,9.354313e-03,1.882917e-03,5.711404e-03
2.702600e-01,4.394786e-03,8.201315e-03,3.773773e-02,1.207386e-02,1.497549e-02,9.726835e-04,5.654933e-01,1.817260e-02,9.192812e-04,3.613661e-02,1.647547e-02,7.672213e-03,1.838951e-03,4.675683e-03
4.038173e-01,4.537380e-03,8.255186e-03,3.314946e-02,1.189530e-02,1.315159e-02,1.128764e-03,4.512938e-01,1.491867e-02,9.957363e-04,2.839285e-02,1.561901e-02,6.664308e-03,1.811187e-03,4.369527e-03
1.000000e+00,0.000000e+00,0.000000e+00,0.000000e+00,0.000000e+00,0.000000e+00,0.000000e+00,0.000000e+00,0.000000e+00,0.000000e+00,0.000000e+00,0.000000e+00,0.000000e+00,0.000000e+00,0.000000e+00
1.000000e+00,0.000000e+00,0.000000e+00,0.000000e+00,0.000000e+00,0.000000e+00,0.000000e+00,0.000000e+00,0.000000e+00,0.000000e+00,0.000000e+00,0.000000e+00,0.000000e+00,0.000000e+00,0.000000e+00
1.000000e+00,0.000000e+00,0.000000e+00,0.000000e+00,0.000000e+00,0.000000e+00,0.000000e+00,0.000000e+00,0.000000e+00,0.000000e+00,0.000000e+00,0.000000e+00,0.000000e+00,0.000000e+00,0.000000e+00
1.000000e+00,0.000000e+00,0.000000e+00,0.000000e+00,0.000000e+00,0.000000e+00,0.000000e+00,0.000000e+00,0.000000e+00,0.000000e+00,0.000000e+00,0.000000e+00,0.000000e+00,0.000000e+00,0.000000e+00
1.000000e+00,0.000000e+00,0.000000e+00,0.000000e+00,0.000000e+00,0.000000e+00,0.000000e+00,0.000000e+00,0.000000e+00,0.000000e+00,0.000000e+00,0.000000e+00,0.000000e+00,0.000000e+00,0.000000e+00
1.000000e+00,0.000000e+00,0.000000e+00,0.000000e+00,0.000000e+00,0.000000e+00,0.000000e+00,0.000000e+00,0.000000e+00,0.000000e+00,0.000000e+00,0.000000e+00,0.000000e+00,0.000000e+00,0.000000e+00
1.000000e+00,0.000000e+00,0.000000e+00,0.000000e+00,0.000000e+00,0.000000e+00,0.000000e+00,0.000000e+00,0.000000e+00,0.000000e+00,0.000000e+00,0.000000e+00,0.000000e+00,0.000000e+00,0.000000e+00
1.000000e+00,0.000000e+00,0.000000e+00,0.000000e+00,0.000000e+00,0.000000e+00,0.000000e+00,0.000000e+00,0.000000e+00,0.000000e+00,0.000000e+00,0.000000e+00,0.000000e+00,0.000000e+00,0.000000e+00
1.000000e+00,0.000000e+00,0.000000e+00,0.000000e+00,0.000000e+00,0.000000e+00,0.000000e+00,0.000000e+00,0.000000e+00,0.000000e+00,0.000000e+00,0.000000e+00,0.000000e+00,0.000000e+00,0.000000e+00
1.000000e+00,0.000000e+00,0.000000e+00,0.000000e+00,0.000000e+00,0.000000e+00,0.000000e+00,0.000000e+00,0.000000e+00,0.000000e+00,0.000000e+00,0.000000e+00,0.000000e+00,0.000000e+00,0.000000e+00
1.000000e+00,0.000000e+00,0.000000e+00,0.000000e+00,0.000000e+00,0.000000e+00,0.000000e+00,0.000000e+00,0.000000e+00,0.000000e+00,0.000000e+00,0.000000e+00,0.000000e+00,0.000000e+00,0.000000e+00
1.000000e+00,0.000000e+00,0.000000e+00,0.000000e+00,0.000000e+00,0.000000e+00,0.000000e+00,0.000000e+00,0.000000e+00,0.000000e+00,0.000000e+00,0.000000e+00,0.000000e+00,0.000000e+00,0.000000e+00
1.000000e+00,0.000000e+00,0.000000e+00,0.000000e+00,0.000000e+00,0.000000e+00,0.000000e+00,0.000000e+00,0.000000e+00,0.000000e+00,0.000000e+00,0.000000e+00,0.000000e+00,0.000000e+00,0.000000e+00
1.000000e+00,0.000000e+00,0.000000e+00,0.000000e+00,0.000000e+00,0.000000e+00,0.000000e+00,0.000000e+00,0.000000e+00,0.000000e+00,0.000000e+00,0.000000e+00,0.000000e+00,0.000000e+00,0.000000e+00
1.000000e+00,0.000000e+00,0.000000e+00,0.000000e+00,0.000000e+00,0.000000e+00,0.000000e+00,0.000000e+00,0.000000e+00,0.000000e+00,0.000000e+00,0.000000e+00,0.000000e+00,0.000000e+00,0.000000e+00
1.000000e+00,0.000000e+00,0.000000e+00,0.000000e+00,0.000000e+00,0.000000e+00,0.000000e+00,0.000000e+00,0.000000e+00,0.000000e+00,0.000000e+00,0.000000e+00,0.000000e+00,0.000000e+00,0.000000e+00
1.000000e+00,0.000000e+00,0.000000e+00,0.000000e+00,0.000000e+00,0.000000e+00,0.000000e+00,0.000000e+00,0.000000e+00,0.000000e+00,0.000000e+00,0.000000e+00,0.000000e+00,0.000000e+00,0.000000e+00
4.819074e-01,3.089273e-02,5.982428e-03,3.760769e-02,3.709767e-02,1.097468e-01,5.058717e-03,1.891496e-02,1.439343e-01,6.655662e-03,2.175133e-02,5.214140e-02,2.381558e-02,8.422771e-03,1.607056e-02
4.494550e-01,3.259694e-02,5.162400e-03,3.019577e-02,3.589422e-02,1.438929e-01,4.227599e-03,1.478215e-02,1.595046e-01,5.841668e-03,2.215701e-02,4.445626e-02,3.040557e-02,7.496008e-03,1.393193e-02
3.782192e-01,2.791633e-02,6.241244e-03,2.641606e-02,3.610586e-02,2.613151e-01,5.156334e-03,1.331169e-02,1.335261e-01,4.577068e-03,1.795004e-02,4.200229e-02,3.044086e-02,5.921101e-03,1.090064e-02
3.739706e-01,2.026894e-02,5.512075e-03,2.198069e-02,1.579529e-01,2.001838e-01,1.409554e-02,1.365771e-02,1.021180e-01,4.299043e-03,1.325550e-02,3.111066e-02,2.630162e-02,5.241661e-03,1.005115e-02
3.850091e-01,1.487724e-02,1.004869e-02,1.830978e-02,2.264231e-01,1.451968e-01,1.280354e-02,1.061587e-02,7.616877e-02,2.142655e-02,1.191522e-02,2.469501e-02,2.205475e-02,5.230676e-03,1.522485e-02
4.744506e-01,1.340977e-02,1.441929e-02,1.641654e-02,1.841474e-01,1.059201e-01,1.155082e-02,1.013125e-02,6.627148e-02,1.940582e-02,1.170452e-02,2.071346e-02,2.418816e-02,5.716866e-03,2.155388e-02
1.000000e+00,0.000000e+00,0.000000e+00,0.000000e+00,0.000000e+00,0.000000e+00,0.000000e+00,0.000000e+00,0.000000e+00,0.000000e+00,0.000000e+00,0.000000e+00,0.000000e+00,0.000000e+00,0.000000e+00
1.000000e+00,0.000000e+00,0.000000e+00,0.000000e+00,0.000000e+00,0.000000e+00,0.000000e+00,0.000000e+00,0.000000e+00,0.000000e+00,0.000000e+00,0.000000e+00,0.000000e+00,0.000000e+00,0.000000e+00
4.851462e-01,3.250523e-02,1.899894e-02,4.328448e-02,1.112933e-01,4.968219e-02,1.234816e-02,5.594122e-03,3.959509e-02,7.188387e-02,2.768635e-02,3.493664e-02,2.488678e-02,5.598824e-03,3.655984e-02
1.000000e+00,0.000000e+00,0.000000e+00,0.000000e+00,0.000000e+00,0.000000e+00,0.000000e+00,0.000000e+00,0.000000e+00,0.000000e+00,0.000000e+00,0.000000e+00,0.000000e+00,0.000000e+00,0.000000e+00
1.000000e+00,0.000000e+00,0.000000e+00,0.000000e+00,0.000000e+00,0.000000e+00,0.000000e+00,0.000000e+00,0.000000e+00,0.000000e+00,0.000000e+00,0.000000e+00,0.000000e+00,0.000000e+00,0.000000e+00
1.000000e+00,0.000000e+00,0.000000e+00,0.000000e+00,0.000000e+00,0.000000e+00,0.000000e+00,0.000000e+00,0.000000e+00,0.000000e+00,0.000000e+00,0.000000e+00,0.000000e+00,0.000000e+00,0.000000e+00
1.000000e+00,0.000000e+00,0.000000e+00,0.000000e+00,0.000000e+00,0.000000e+00,0.000000e+00,0.000000e+00,0.000000e+00,0.000000e+00,0.000000e+00,0.000000e+00,0.000000e+00,0.000000e+00,0.000000e+00
1.000000e+00,0.000000e+00,0.000000e+00,0.000000e+00,0.000000e+00,0.000000e+00,0.000000e+00,0.000000e+00,0.000000e+00,0.000000e+00,0.000000e+00,0.000000e+00,0.000000e+00,0.000000e+00,0.000000e+00
1.000000e+00,0.000000e+00,0.000000e+00,0.000000e+00,0.000000e+00,0.000000e+00,0.000000e+00,0.000000e+00,0.000000e+00,0.000000e+00,0.000000e+00,0.000000e+00,0.000000e+00,0.000000e+00,0.000000e+00
1.000000e+00,0.000000e+00,0.000000e+00,0.000000e+00,0.000000e+00,0.000000e+00,0.000000e+00,0.000000e+00,0.000000e+00,0.000000e+00,0.000000e+00,0.000000e+00,0.000000e+00,0.000000e+00,0.000000e+00
1.000000e+00,0.000000e+00,0.000000e+00,0.000000e+00,0.000000e+00,0.000000e+00,0.000000e+00,0.000000e+00,0.000000e+00,0.000000e+00,0.000000e+00,0.000000e+00,0.000000e+00,0.000000e+00,0.000000e+00
1.000000e+00,0.000000e+00,0.000000e+00,0.000000e+00,0.000000e+00,0.000000e+00,0.000000e+00,0.000000e+00,0.000000e+00,0.000000e+00,0.000000e+00,0.000000e+00,0.000000e+00,0.000000e+00,0.000000e+00
1.000000e+00,0.000000e+00,0.000000e+00,0.000000e+00,0.000000e+00,0.000000e+00,0.000000e+00,0.000000e+00,0.000000e+00,0.000000e+00,0.000000e+00,0.000000e+00,0.000000e+00,0.000000e+00,0.000000e+00
1.000000e+00,0.000000e+00,0.000000e+00,0.000000e+00,0.000000e+00,0.000000e+00,0.000000e+00,0.000000e+00,0.000000e+00,0.000000e+00,0.000000e+00,0.000000e+00,0.000000e+00,0.000000e+00,0.000000e+00
1.000000e+00,0.000000e+00,0.000000e+00,0.000000e+00,0.000000e+00,0.000000e+00,0.000000e+00,0.000000e+00,0.000000e+00,0.000000e+00,0.000000e+00,0.000000e+00,0.000000e+00,0.000000e+00,0.000000e+00
1.000000e+00,0.000000e+00,0.000000e+00,0.000000e+00,0.000000e+00,0.000000e+00,0.000000e+00,0.000000e+00,0.000000e+00,0.000000e+00,0.000000e+00,0.000000e+00,0.000000e+00,0.000000e+00,0.000000e+00
1.000000e+00,0.000000e+00,0.000000e+00,0.000000e+00,0.000000e+00,0.000000e+00,0.000000e+00,0.000000e+00,0.000000e+00,0.000000e+00,0.000000e+00,0.000000e+00,0.000000e+00,0.000000e+00,0.000000e+00
1.000000e+00,0.000000e+00,0.000000e+00,0.000000e+00,0.000000e+00,0.000000e+00,0.000000e+00,0.000000e+00,0.000000e+00,0.000000e+00,0.000000e+00,0.000000e+00,0.000000e+00,0.000000e+00,0.000000e+00
1.000000e+00,0.000000e+00,0.000000e+00,0.000000e+00,0.000000e+00,0.000000e+00,0.000000e+00,0.000000e+00,0.000000e+00,0.000000e+00,0.000000e+00,0.000000e+00,0.000000e+00,0.000000e+00,0.000000e+00
4.847009e-01,3.963261e-02,2.120360e-02,6.552613e-02,3.900895e-02,1.850986e-02,6.738346e-03,3.224991e-02,5.654337e-02,5.425173e-02,5.110763e-02,8.952107e-02,1.957284e-02,7.877287e-03,1.355583e-02
4.299563e-01,3.368216e-02,1.668934e-02,5.756549e-02,4.653712e-02,1.885604e-02,7.673732e-03,6.521406e-02,7.547154e-02,8.284460e-02,4.714048e-02,8.227698e-02,1.841849e-02,6.796534e-03,1.087719e-02
4.047323e-01,3.116192e-02,1.364101e-02,4.575396e-02,4.509263e-02,1.623932e-02,7.791332e-03,1.423670e-01,7.367881e-02,9.033117e-02,3.666017e-02,6.244144e-02,1.496775e-02,6.018502e-03,9.122592e-03
4.336469e-01,2.573499e-02,1.138671e-02,3.973841e-02,4.636029e-02,1.495646e-02,7.677739e-03,1.541117e-01,6.612770e-02,9.779985e-02,2.970559e-02,4.775270e-02,1.215267e-02,5.033317e-03,7.815007e-03
1.000000e+00,0.000000e+00,0.000000e+00,0.000000e+00,0.000000e+00,0.000000e+00,0.000000e+00,0.000000e+00,0.000000e+00,0.000000e+00,0.000000e+00,0.000000e+00,0.000000e+00,0.000000e+00,0.000000e+00
1.000000e+00,0.000000e+00,0.000000e+00,0.000000e+00,0.000000e+00,0.000000e+00,0.000000e+00,0.000000e+00,0.000000e+00,0.000000e+00,0.000000e+00,0.000000e+00,0.000000e+00,0.000000e+00,0.000000e+00
1.000000e+00,0.000000e+00,0.000000e+00,0.000000e+00,0.000000e+00,0.000000e+00,0.000000e+00,0.000000e+00,0.000000e+00,0.000000e+00,0.000000e+00,0.000000e+00,0.000000e+00,0.000000e+00,0.000000e+00
1.000000e+00,0.000000e+00,0.000000e+00,0.000000e+00,0.000000e+00,0.000000e+00,0.000000e+00,0.000000e+00,0.000000e+00,0.000000e+00,0.000000e+00,0.000000e+00,0.000000e+00,0.000000e+00,0.000000e+00
1.000000e+00,0.000000e+00,0.000000e+00,0.000000e+00,0.000000e+00,0.000000e+00,0.000000e+00,0.000000e+00,0.000000e+00,0.000000e+00,0.000000e+00,0.000000e+00,0.000000e+00,0.000000e+00,0.000000e+00
1.000000e+00,0.000000e+00,0.000000e+00,0.000000e+00,0.000000e+00,0.000000e+00,0.000000e+00,0.000000e+00,0.000000e+00,0.000000e+00,0.000000e+00,0.000000e+00,0.000000e+00,0.000000e+00,0.000000e+00
1.000000e+00,0.000000e+00,0.000000e+00,0.000000e+00,0.000000e+00,0.000000e+00,0.000000e+00,0.000000e+00,0.000000e+00,0.000000e+00,0.000000e+00,0.000000e+00,0.000000e+00,0.000000e+00,0.000000e+00
1.000000e+00,0.000000e+00,0.000000e+00,0.000000e+00,0.000000e+00,0.000000e+00,0.000000e+00,0.000000e+00,0.000000e+00,0.000000e+00,0.000000e+00,0.000000e+00,0.000000e+00,0.000000e+00,0.000000e+00
1.000000e+00,0.000000e+00,0.000000e+00,0.000000e+00,0.000000e+00,0.000000e+00,0.000000e+00,0.000000e+00,0.000000e+00,0.000000e+00,0.000000e+00,0.000000e+00,0.000000e+00,0.000000e+00,0.000000e+00
1.000000e+00,0.000000e+00,0.000000e+00,0.000000e+00,0.000000e+00,0.000000e+00,0.000000e+00,0.000000e+00,0.000000e+00,0.000000e+00,0.000000e+00,0.000000e+00,0.000000e+00,0.000000e+00,0.000000e+00
1.000000e+00,0.000000e+00,0.000000e+00,0.000000e+00,0.000000e+00,0.000000e+00,0.000000e+00,0.000000e+00,0.000000e+00,0.000000e+00,0.000000e+00,0.000000e+00,0.000000e+00,0.000000e+00,0.000000e+00
1.000000e+00,0.000000e+00,0.000000e+00,0.000000e+00,0.000000e+00,0.000000e+00,0.000000e+00,0.000000e+00,0.000000e+00,0.000000e+00,0.000000e+00,0.000000e+00,0.000000e+00,0.000000e+00,0.000000e+00
1.000000e+00,0.000000e+00,0.000000e+00,0.000000e+00,0.000000e+00,0.000000e+00,0.000000e+00,0.000000e+00,0.000000e+00,0.000000e+00,0.000000e+00,0.000000e+00,0.000000e+00,0.000000e+00,0.000000e+00
1.000000e+00,0.000000e+00,0.000000e+00,0.000000e+00,0.000000e+00,0.000000e+00,0.000000e+00,0.000000e+00,0.000000e+00,0.000000e+00,0.000000e+00,0.000000e+00,0.000000e+00,0.000000e+00,0.000000e+00
1.000000e+00,0.000000e+00,0.000000e+00,0.000000e+00,0.000000e+00,0.000000e+00,0.000000e+00,0.000000e+00,0.000000e+00,0.000000e+00,0.000000e+00,0.000000e+00,0.000000e+00,0.000000e+00,0.000000e+00
1.000000e+00,0.000000e+00,0.000000e+00,0.000000e+00,0.000000e+00,0.000000e+00,0.000000e+00,0.000000e+00,0.000000e+00,0.000000e+00,0.000000e+00,0.000000e+00,0.000000e+00,0.000000e+00,0.000000e+00
1.000000e+00,0.000000e+00,0.000000e+00,0.000000e+00,0.000000e+00,0.000000e+00,0.000000e+00,0.000000e+00,0.000000e+00,0.000000e+00,0.000000e+00,0.000000e+00,0.000000e+00,0.000000e+00,0.000000e+00
1.000000e+00,0.000000e+00,0.000000e+00,0.000000e+00,0.000000e+00,0.000000e+00,0.000000e+00,0.000000e+00,0.000000e+00,0.000000e+00,0.000000e+00,0.000000e+00,0.000000e+00,0.000000e+00,0.000000e+00
1.000000e+00,0.000000e+00,0.000000e+00,0.000000e+00,0.000000e+00,0.000000e+00,0.000000e+00,0.000000e+00,0.000000e+00,0.000000e+00,0.000000e+00,0.000000e+00,0.000000e+00,0.000000e+00,0.000000e+00
1.000000e+00,0.000000e+00,0.000000e+00,0.000000e+00,0.000000e+00,0.000000e+00,0.000000e+00,0.000000e+00,0.000000e+00,0.000000e+00,0.000000e+00,0.000000e+00,0.000000e+00,0.000000e+00,0.000000e+00
1.000000e+00,0.000000e+00,0.000000e+00,0.000000e+00,0.000000e+00,0.000000e+00,0.000000e+00,0.000000e+00,0.000000e+00,0.000000e+00,0.000000e+00,0.000000e+00,0.000000e+00,0.000000e+00,0.000000e+00
1.000000e+00,0.000000e+00,0.000000e+00,0.000000e+00,0.000000e+00,0.000000e+00,0.000000e+00,0.000000e+00,0.000000e+00,0.000000e+00,0.000000e+00,0.000000e+00,0.000000e+00,0.000000e+00,0.000000e+00
1.000000e+00,0.000000e+00,0.000000e+00,0.000000e+00,0.000000e+00,0.000000e+00,0.000000e+00,0.000000e+00,0.000000e+00,0.000000e+00,0.000000e+00,0.000000e+00,0.000000e+00,0.000000e+00,0.000000e+00
1.000000e+00,0.000000e+00,0.000000e+00,0.000000e+00,0.000000e+00,0.000000e+00,0.000000e+00,0.000000e+00,0.000000e+00,0.000000e+00,0.000000e+00,0.000000e+00,0.000000e+00,0.000000e+00,0.000000e+00
1.000000e+00,0.000000e+00,0.000000e+00,0.000000e+00,0.000000e+00,0.000000e+00,0.000000e+00,0.000000e+00,0.000000e+00,0.000000e+00,0.000000e+00,0.000000e+00,0.000000e+00,0.000000e+00,0.000000e+00
1.000000e+00,0.000000e+00,0.000000e+00,0.000000e+00,0.000000e+00,0.000000e+00,0.000000e+00,0.000000e+00,0.000000e+00,0.000000e+00,0.000000e+00,0.000000e+00,0.000000e+00,0.000000e+00,0.000000e+00
1.000000e+00,0.000000e+00,0.000000e+00,0.000000e+00,0.000000e+00,0.000000e+00,0.000000e+00,0.000000e+00,0.000000e+00,0.000000e+00,0.000000e+00,0.000000e+00,0.000000e+00,0.000000e+00,0.000000e+00
1.000000e+00,0.000000e+00,0.000000e+00,0.000000e+00,0.000000e+00,0.000000e+00,0.000000e+00,0.000000e+00,0.000000e+00,0.000000e+00,0.000000e+00,0.000000e+00,0.000000e+00,0.000000e+00,0.000000e+00
1.000000e+00,0.000000e+00,0.000000e+00,0.000000e+00,0.000000e+00,0.000000e+00,0.000000e+00,0.000000e+00,0.000000e+00,0.000000e+00,0.000000e+00,0.000000e+00,0.000000e+00,0.000000e+00,0.000000e+00
1.000000e+00,0.000000e+00,0.000000e+00,0.000000e+00,0.000000e+00,0.000000e+00,0.000000e+00,0.000000e+00,0.000000e+00,0.000000e+00,0.000000e+00,0.000000e+00,0.000000e+00,0.000000e+00,0.000000e+00
1.000000e+00,0.000000e+00,0.000000e+00,0.000000e+00,0.000000e+00,0.000000e+00,0.000000e+00,0.000000e+00,0.000000e+00,0.000000e+00,0.000000e+00,0.000000e+00,0.000000e+00,0.000000e+00,0.000000e+00
1.000000e+00,0.000000e+00,0.000000e+00,0.000000e+00,0.000000e+00,0.000000e+00,0.000000e+00,0.000000e+00,0.000000e+00,0.000000e+00,0.000000e+00,0.000000e+00,0.000000e+00,0.000000e+00,0.000000e+00
1.000000e+00,0.000000e+00,0.000000e+00,0.000000e+00,0.000000e+00,0.000000e+00,0.000000e+00,0.000000e+00,0.000000e+00,0.000000e+00,0.000000e+00,0.000000e+00,0.000000e+00,0.000000e+00,0.000000e+00
1.000000e+00,0.000000e+00,0.000000e+00,0.000000e+00,0.000000e+00,0.000000e+00,0.000000e+00,0.000000e+00,0.000000e+00,0.000000e+00,0.000000e+00,0.000000e+00,0.000000e+00,0.000000e+00,0.000000e+00
1.000000e+00,0.000000e+00,0.000000e+00,0.000000e+00,0.000000e+00,0.000000e+00,0.000000e+00,0.000000e+00,0.000000e+00,0.000000e+00,0.000000e+00,0.000000e+00,0.000000e+00,0.000000e+00,0.000000e+00
1.000000e+00,0.000000e+00,0.000000e+00,0.000000e+00,0.000000e+00,0.000000e+00,0.000000e+00,0.000000e+00,0.000000e+00,0.000000e+00,0.000000e+00,0.000000e+00,0.000000e+00,0.000000e+00,0.000000e+00
1.000000e+00,0.000000e+00,0.000000e+00,0.000000e+00,0.000000e+00,0.000000e+00,0.000000e+00,0.000000e+00,0.000000e+00,0.000000e+00,0.000000e+00,0.000000e+00,0.000000e+00,0.000000e+00,0.000000e+00
1.000000e+00,0.000000e+00,0.000000e+00,0.000000e+00,0.000000e+00,0.000000e+00,0.000000e+00,0.000000e+00,0.000000e+00,0.000000e+00,0.000000e+00,0.000000e+00,0.000000e+00,0.000000e+00,0.000000e+00
1.000000e+00,0.000000e+00,0.000000e+00,0.000000e+00,0.000000e+00,0.000000e+00,0.000000e+00,0.000000e+00,0.000000e+00,0.000000e+00,0.000000e+00,0.000000e+00,0.000000e+00,0.000000e+00,0.000000e+00
1.000000e+00,0.000000e+00,0.000000e+00,0.000000e+00,0.000000e+00,0.000000e+00,0.000000e+00,0.000000e+00,0.000000e+00,0.000000e+00,0.000000e+00,0.000000e+00,0.000000e+00,0.000000e+00,0.000000e+00
1.000000e+00,0.000000e+00,0.000000e+00,0.000000e+00,0.000000e+00,0.000000e+00,0.000000e+00,0.000000e+00,0.000000e+00,0.000000e+00,0.000000e+00,0.000000e+00,0.000000e+00,0.000000e+00,0.000000e+00
1.000000e+00,0.000000e+00,0.000000e+00,0.000000e+00,0.000000e+00,0.000000e+00,0.000000e+00,0.000000e+00,0.000000e+00,0.000000e+00,0.000000e+00,0.000000e+00,0.000000e+00,0.000000e+00,0.000000e+00
1.000000e+00,0.000000e+00,0.000000e+00,0.000000e+00,0.000000e+00,0.000000e+00,0.000000e+00,0.000000e+00,0.000000e+00,0.000000e+00,0.000000e+00,0.000000e+00,0.000000e+00,0.000000e+00,0.000000e+00
1.000000e+00,0.000000e+00,0.000000e+00,0.000000e+00,0.000000e+00,0.000000e+00,0.000000e+00,0.000000e+00,0.000000e+00,0.000000e+00,0.000000e+00,0.000000e+00,0.000000e+00,0.000000e+00,0.000000e+00
1.000000e+00,0.000000e+00,0.000000e+00,0.000000e+00,0.000000e+00,0.000000e+00,0.000000e+00,0.000000e+00,0.000000e+00,0.000000e+00,0.000000e+00,0.000000e+00,0.000000e+00,0.000000e+00,0.000000e+00
1.000000e+00,0.000000e+00,0.000000e+00,0.000000e+00,0.000000e+00,0.000000e+00,0.000000e+00,0.000000e+00,0.000000e+00,0.000000e+00,0.000000e+00,0.000000e+00,0.000000e+00,0.000000e+00,0.000000e+00
1.000000e+00,0.000000e+00,0.000000e+00,0.000000e+00,0.000000e+00,0.000000e+00,0.000000e+00,0.000000e+00,0.000000e+00,0.000000e+00,0.000000e+00,0.000000e+00,0.000000e+00,0.000000e+00,0.000000e+00
1.000000e+00,0.000000e+00,0.000000e+00,0.000000e+00,0.000000e+00,0.000000e+00,0.000000e+00,0.000000e+00,0.000000e+00,0.000000e+00,0.000000e+00,0.000000e+00,0.000000e+00,0.000000e+00,0.000000e+00
1.000000e+00,0.000000e+00,0.000000e+00,0.000000e+00,0.000000e+00,0.000000e+00,0.000000e+00,0.000000e+00,0.000000e+00,0.000000e+00,0.000000e+00,0.000000e+00,0.000000e+00,0.000000e+00,0.000000e+00
1.000000e+00,0.000000e+00,0.000000e+00,0.000000e+00,0.000000e+00,0.000000e+00,0.000000e+00,0.000000e+00,0.000000e+00,0.000000e+00,0.000000e+00,0.000000e+00,0.000000e+00,0.000000e+00,0.000000e+00
1.000000e+00,0.000000e+00,0.000000e+00,0.000000e+00,0.000000e+00,0.000000e+00,0.000000e+00,0.000000e+00,0.000000e+00,0.000000e+00,0.000000e+00,0.000000e+00,0.000000e+00,0.000000e+00,0.000000e+00
1.000000e+00,0.000000e+00,0.000000e+00,0.000000e+00,0.000000e+00,0.000000e+00,0.000000e+00,0.000000e+00,0.000000e+00,0.000000e+00,0.000000e+00,0.000000e+00,0.000000e+00,0.000000e+00,0.000000e+00
1.000000e+00,0.000000e+00,0.000000e+00,0.000000e+00,0.000000e+00,0.000000e+00,0.000000e+00,0.000000e+00,0.000000e+00,0.000000e+00,0.000000e+00,0.000000e+00,0.000000e+00,0.000000e+00,0.000000e+00
1.000000e+00,0.000000e+00,0.000000e+00,0.000000e+00,0.000000e+00,0.000000e+00,0.000000e+00,0.000000e+00,0.000000e+00,0.000000e+00,0.000000e+00,0.000000e+00,0.000000e+00,0.000000e+00,0.000000e+00
1.000000e+00,0.000000e+00,0.000000e+00,0.000000e+00,0.000000e+00,0.000000e+00,0.000000e+00,0.000000e+00,0.000000e+00,0.000000e+00,0.000000e+00,0.000000e+00,0.000000e+00,0.000000e+00,0.000000e+00
1.000000e+00,0.000000e+00,0.000000e+00,0.000000e+00,0.000000e+00,0.000000e+00,0.000000e+00,0.000000e+00,0.000000e+00,0.000000e+00,0.000000e+00,0.000000e+00,0.000000e+00,0.000000e+00,0.000000e+00
1.000000e+00,0.000000e+00,0.000000e+00,0.000000e+00,0.000000e+00,0.000000e+00,0.000000e+00,0.000000e+00,0.000000e+00,0.000000e+00,0.000000e+00,0.000000e+00,0.000000e+00,0.000000e+00,0.000000e+00
1.000000e+00,0.000000e+00,0.000000e+00,0.000000e+00,0.000000e+00,0.000000e+00,0.000000e+00,0.000000e+00,0.000000e+00,0.000000e+00,0.000000e+00,0.000000e+00,0.000000e+00,0.000000e+00,0.000000e+00
1.000000e+00,0.000000e+00,0.000000e+00,0.000000e+00,0.000000e+00,0.000000e+00,0.000000e+00,0.000000e+00,0.000000e+00,0.000000e+00,0.000000e+00,0.000000e+00,0.000000e+00,0.000000e+00,0.000000e+00
1.000000e+00,0.000000e+00,0.000000e+00,0.000000e+00,0.000000e+00,0.000000e+00,0.000000e+00,0.000000e+00,0.000000e+00,0.000000e+00,0.000000e+00,0.000000e+00,0.000000e+00,0.000000e+00,0.000000e+00
1.000000e+00,0.000000e+00,0.000000e+00,0.000000e+00,0.000000e+00,0.000000e+00,0.000000e+00,0.000000e+00,0.000000e+00,0.000000e+00,0.000000e+00,0.000000e+00,0.000000e+00,0.000000e+00,0.000000e+00
1.000000e+00,0.000000e+00,0.000000e+00,0.000000e+00,0.000000e+00,0.000000e+00,0.000000e+00,0.000000e+00,0.000000e+00,0.000000e+00,0.000000e+00,0.000000e+00,0.000000e+00,0.000000e+00,0.000000e+00
1.000000e+00,0.000000e+00,0.000000e+00,0.000000e+00,0.000000e+00,0.000000e+00,0.000000e+00,0.000000e+00,0.000000e+00,0.000000e+00,0.000000e+00,0.000000e+00,0.000000e+00,0.000000e+00,0.000000e+00
1.000000e+00,0.000000e+00,0.000000e+00,0.000000e+00,0.000000e+00,0.000000e+00,0.000000e+00,0.000000e+00,0.000000e+00,0.000000e+00,0.000000e+00,0.000000e+00,0.000000e+00,0.000000e+00,0.000000e+00
1.000000e+00,0.000000e+00,0.000000e+00,0.000000e+00,0.000000e+00,0.000000e+00,0.000000e+00,0.000000e+00,0.000000e+00,0.000000e+00,0.000000e+00,0.000000e+00,0.000000e+00,0.000000e+00,0.000000e+00
1.000000e+00,0.000000e+00,0.000000e+00,0.000000e+00,0.000000e+00,0.000000e+00,0.000000e+00,0.000000e+00,0.000000e+00,0.000000e+00,0.000000e+00,0.000000e+00,0.000000e+00,0.000000e+00,0.000000e+00
1.000000e+00,0.000000e+00,0.000000e+00,0.000000e+00,0.000000e+00,0.000000e+00,0.000000e+00,0.000000e+00,0.000000e+00,0.000000e+00,0.000000e+00,0.000000e+00,0.000000e+00,0.000000e+00,0.000000e+00
1.000000e+00,0.000000e+00,0.000000e+00,0.000000e+00,0.000000e+00,0.000000e+00,0.000000e+00,0.000000e+00,0.000000e+00,0.000000e+00,0.000000e+00,0.000000e+00,0.000000e+00,0.000000e+00,0.000000e+00
1.000000e+00,0.000000e+00,0.000000e+00,0.000000e+00,0.000000e+00,0.000000e+00,0.000000e+00,0.000000e+00,0.000000e+00,0.000000e+00,0.000000e+00,0.000000e+00,0.000000e+00,0.000000e+00,0.000000e+00
1.000000e+00,0.000000e+00,0.000000e+00,0.000000e+00,0.000000e+00,0.000000e+00,0.000000e+00,0.000000e+00,0.000000e+00,0.000000e+00,0.000000e+00,0.000000e+00,0.000000e+00,0.000000e+00,0.000000e+00
1.000000e+00,0.000000e+00,0.000000e+00,0.000000e+00,0.000000e+00,0.000000e+00,0.000000e+00,0.000000e+00,0.000000e+00,0.000000e+00,0.000000e+00,0.000000e+00,0.000000e+00,0.000000e+00,0.000000e+00
1.000000e+00,0.000000e+00,0.000000e+00,0.000000e+00,0.000000e+00,0.000000e+00,0.000000e+00,0.000000e+00,0.000000e+00,0.000000e+00,0.000000e+00,0.000000e+00,0.000000e+00,0.000000e+00,0.000000e+00
1.000000e+00,0.000000e+00,0.000000e+00,0.000000e+00,0.000000e+00,0.000000e+00,0.000000e+00,0.000000e+00,0.000000e+00,0.000000e+00,0.000000e+00,0.000000e+00,0.000000e+00,0.000000e+00,0.000000e+00
1.000000e+00,0.000000e+00,0.000000e+00,0.000000e+00,0.000000e+00,0.000000e+00,0.000000e+00,0.000000e+00,0.000000e+00,0.000000e+00,0.000000e+00,0.000000e+00,0.000000e+00,0.000000e+00,0.000000e+00
1.000000e+00,0.000000e+00,0.000000e+00,0.000000e+00,0.000000e+00,0.000000e+00,0.000000e+00,0.000000e+00,0.000000e+00,0.000000e+00,0.000000e+00,0.000000e+00,0.000000e+00,0.000000e+00,0.000000e+00
1.000000e+00,0.000000e+00,0.000000e+00,0.000000e+00,0.000000e+00,0.000000e+00,0.000000e+00,0.000000e+00,0.000000e+00,0.000000e+00,0.000000e+00,0.000000e+00,0.000000e+00,0.000000e+00,0.000000e+00
1.000000e+00,0.000000e+00,0.000000e+00,0.000000e+00,0.000000e+00,0.000000e+00,0.000000e+00,0.000000e+00,0.000000e+00,0.000000e+00,0.000000e+00,0.000000e+00,0.000000e+00,0.000000e+00,0.000000e+00
1.000000e+00,0.000000e+00,0.000000e+00,0.000000e+00,0.000000e+00,0.000000e+00,0.000000e+00,0.000000e+00,0.000000e+00,0.000000e+00,0.000000e+00,0.000000e+00,0.000000e+00,0.000000e+00,0.000000e+00
1.000000e+00,0.000000e+00,0.000000e+00,0.000000e+00,0.000000e+00,0.000000e+00,0.000000e+00,0.000000e+00,0.000000e+00,0.000000e+00,0.000000e+00,0.000000e+00,0.000000e+00,0.000000e+00,0.000000e+00
1.000000e+00,0.000000e+00,0.000000e+00,0.000000e+00,0.000000e+00,0.000000e+00,0.000000e+00,0.000000e+00,0.000000e+00,0.000000e+00,0.000000e+00,0.000000e+00,0.000000e+00,0.000000e+00,0.000000e+00
1.000000e+00,0.000000e+00,0.000000e+00,0.000000e+00,0.000000e+00,0.000000e+00,0.000000e+00,0.000000e+00,0.000000e+00,0.000000e+00,0.000000e+00,0.000000e+00,0.000000e+00,0.000000e+00,0.000000e+00
1.000000e+00,0.000000e+00,0.000000e+00,0.000000e+00,0.000000e+00,0.000000e+00,0.000000e+00,0.000000e+00,0.000000e+00,0.000000e+00,0.000000e+00,0.000000e+00,0.000000e+00,0.000000e+00,0.000000e+00
1.000000e+00,0.000000e+00,0.000000e+00,0.000000e+00,0.000000e+00,0.000000e+00,0.000000e+00,0.000000e+00,0.000000e+00,0.000000e+00,0.000000e+00,0.000000e+00,0.000000e+00,0.000000e+00,0.000000e+00
1.000000e+00,0.000000e+00,0.000000e+00,0.000000e+00,0.000000e+00,0.000000e+00,0.000000e+00,0.000000e+00,0.000000e+00,0.000000e+00,0.000000e+00,0.000000e+00,0.000000e+00,0.000000e+00,0.000000e+00
1.000000e+00,0.000000e+00,0.000000e+00,0.000000e+00,0.000000e+00,0.000000e+00,0.000000e+00,0.000000e+00,0.000000e+00,0.000000e+00,0.000000e+00,0.000000e+00,0.000000e+00,0.000000e+00,0.000000e+00
1.000000e+00,0.000000e+00,0.000000e+00,0.000000e+00,0.000000e+00,0.000000e+00,0.000000e+00,0.000000e+00,0.000000e+00,0.000000e+00,0.000000e+00,0.000000e+00,0.000000e+00,0.000000e+00,0.000000e+00
1.000000e+00,0.000000e+00,0.000000e+00,0.000000e+00,0.000000e+00,0.000000e+00,0.000000e+00,0.000000e+00,0.000000e+00,0.000000e+00,0.000000e+00,0.000000e+00,0.000000e+00,0.000000e+00,0.000000e+00
1.000000e+00,0.000000e+00,0.000000e+00,0.000000e+00,0.000000e+00,0.000000e+00,0.000000e+00,0.000000e+00,0.000000e+00,0.000000e+00,0.000000e+00,0.000000e+00,0.000000e+00,0.000000e+00,0.000000e+00
1.000000e+00,0.000000e+00,0.000000e+00,0.000000e+00,0.000000e+00,0.000000e+00,0.000000e+00,0.000000e+00,0.000000e+00,0.000000e+00,0.000000e+00,0.000000e+00,0.000000e+00,0.000000e+00,0.000000e+00
1.000000e+00,0.000000e+00,0.000000e+00,0.000000e+00,0.000000e+00,0.000000e+00,0.000000e+00,0.000000e+00,0.000000e+00,0.000000e+00,0.000000e+00,0.000000e+00,0.000000e+00,0.000000e+00,0.000000e+00
1.000000e+00,0.000000e+00,0.000000e+00,0.000000e+00,0.000000e+00,0.000000e+00,0.000000e+00,0.000000e+00,0.000000e+00,0.000000e+00,0.000000e+00,0.000000e+00,0.000000e+00,0.000000e+00,0.000000e+00
1.000000e+00,0.000000e+00,0.000000e+00,0.000000e+00,0.000000e+00,0.000000e+00,0.000000e+00,0.000000e+00,0.000000e+00,0.000000e+00,0.000000e+00,0.000000e+00,0.000000e+00,0.000000e+00,0.000000e+00
1.000000e+00,0.000000e+00,0.000000e+00,0.000000e+00,0.000000e+00,0.000000e+00,0.000000e+00,0.000000e+00,0.000000e+00,0.000000e+00,0.000000e+00,0.000000e+00,0.000000e+00,0.000000e+00,0.000000e+00
1.000000e+00,0.000000e+00,0.000000e+00,0.000000e+00,0.000000e+00,0.000000e+00,0.000000e+00,0.000000e+00,0.000000e+00,0.000000e+00,0.000000e+00,0.000000e+00,0.000000e+00,0.000000e+00,0.000000e+00
1.000000e+00,0.000000e+00,0.000000e+00,0.000000e+00,0.000000e+00,0.000000e+00,0.000000e+00,0.000000e+00,0.000000e+00,0.000000e+00,0.000000e+00,0.000000e+00,0.000000e+00,0.000000e+00,0.000000e+00
1.000000e+00,0.000000e+00,0.000000e+00,0.000000e+00,0.000000e+00,0.000000e+00,0.000000e+00,0.000000e+00,0.000000e+00,0.000000e+00,0.000000e+00,0.000000e+00,0.000000e+00,0.000000e+00,0.000000e+00
1.000000e+00,0.000000e+00,0.000000e+00,0.000000e+00,0.000000e+00,0.000000e+00,0.000000e+00,0.000000e+00,0.000000e+00,0.000000e+00,0.000000e+00,0.000000e+00,0.000000e+00,0.000000e+00,0.000000e+00
1.000000e+00,0.000000e+00,0.000000e+00,0.000000e+00,0.000000e+00,0.000000e+00,0.000000e+00,0.000000e+00,0.000000e+00,0.000000e+00,0.000000e+00,0.000000e+00,0.000000e+00,0.000000e+00,0.000000e+00
1.000000e+00,0.000000e+00,0.000000e+00,0.000000e+00,0.000000e+00,0.000000e+00,0.000000e+00,0.000000e+00,0.000000e+00,0.000000e+00,0.000000e+00,0.000000e+00,0.000000e+00,0.000000e+00,0.000000e+00
1.000000e+00,0.000000e+00,0.000000e+00,0.000000e+00,0.000000e+00,0.000000e+00,0.000000e+00,0.000000e+00,0.000000e+00,0.000000e+00,0.000000e+00,0.000000e+00,0.000000e+00,0.000000e+00,0.000000e+00
1.000000e+00,0.000000e+00,0.000000e+00,0.000000e+00,0.000000e+00,0.000000e+00,0.000000e+00,0.000000e+00,0.000000e+00,0.000000e+00,0.000000e+00,0.000000e+00,0.000000e+00,0.000000e+00,0.000000e+00
1.000000e+00,0.000000e+00,0.000000e+00,0.000000e+00,0.000000e+00,0.000000e+00,0.000000e+00,0.000000e+00,0.000000e+00,0.000000e+00,0.000000e+00,0.000000e+00,0.000000e+00,0.000000e+00,0.000000e+00
1.000000e+00,0.000000e+00,0.000000e+00,0.000000e+00,0.000000e+00,0.000000e+00,0.000000e+00,0.000000e+00,0.000000e+00,0.000000e+00,0.000000e+00,0.000000e+00,0.000000e+00,0.000000e+00,0.000000e+00
1.000000e+00,0.000000e+00,0.000000e+00,0.000000e+00,0.000000e+00,0.000000e+00,0.000000e+00,0.000000e+00,0.000000e+00,0.000000e+00,0.000000e+00,0.000000e+00,0.000000e+00,0.000000e+00,0.000000e+00
1.000000e+00,0.000000e+00,0.000000e+00,0.000000e+00,0.000000e+00,0.000000e+00,0.000000e+00,0.000000e+00,0.000000e+00,0.000000e+00,0.000000e+00,0.000000e+00,0.000000e+00,0.000000e+00,0.000000e+00
1.000000e+00,0.000000e+00,0.000000e+00,0.000000e+00,0.000000e+00,0.000000e+00,0.000000e+00,0.000000e+00,0.000000e+00,0.000000e+00,0.000000e+00,0.000000e+00,0.000000e+00,0.000000e+00,0.000000e+00
1.000000e+00,0.000000e+00,0.000000e+00,0.000000e+00,0.000000e+00,0.000000e+00,0.000000e+00,0.000000e+00,0.000000e+00,0.000000e+00,0.000000e+00,0.000000e+00,0.000000e+00,0.000000e+00,0.000000e+00
1.000000e+00,0.000000e+00,0.000000e+00,0.000000e+00,0.000000e+00,0.000000e+00,0.000000e+00,0.000000e+00,0.000000e+00,0.000000e+00,0.000000e+00,0.000000e+00,0.000000e+00,0.000000e+00,0.000000e+00
1.000000e+00,0.000000e+00,0.000000e+00,0.000000e+00,0.000000e+00,0.000000e+00,0.000000e+00,0.000000e+00,0.000000e+00,0.000000e+00,0.000000e+00,0.000000e+00,0.000000e+00,0.000000e+00,0.000000e+00
1.000000e+00,0.000000e+00,0.000000e+00,0.000000e+00,0.000000e+00,0.000000e+00,0.000000e+00,0.000000e+00,0.000000e+00,0.000000e+00,0.000000e+00,0.000000e+00,0.000000e+00,0.000000e+00,0.000000e+00
1.000000e+00,0.000000e+00,0.000000e+00,0.000000e+00,0.000000e+00,0.000000e+00,0.000000e+00,0.000000e+00,0.000000e+00,0.000000e+00,0.000000e+00,0.000000e+00,0.000000e+00,0.000000e+00,0.000000e+00
1.000000e+00,0.000000e+00,0.000000e+00,0.000000e+00,0.000000e+00,0.000000e+00,0.000000e+00,0.000000e+00,0.000000e+00,0.000000e+00,0.000000e+00,0.000000e+00,0.000000e+00,0.000000e+00,0.000000e+00
1.000000e+00,0.000000e+00,0.000000e+00,0.000000e+00,0.000000e+00,0.000000e+00,0.000000e+00,0.000000e+00,0.000000e+00,0.000000e+00,0.000000e+00,0.000000e+00,0.000000e+00,0.000000e+00,0.000000e+00
1.000000e+00,0.000000e+00,0.000000e+00,0.000000e+00,0.000000e+00,0.000000e+00,0.000000e+00,0.000000e+00,0.000000e+00,0.000000e+00,0.000000e+00,0.000000e+00,0.000000e+00,0.000000e+00,0.000000e+00
1.000000e+00,0.000000e+00,0.000000e+00,0.000000e+00,0.000000e+00,0.000000e+00,0.000000e+00,0.000000e+00,0.000000e+00,0.000000e+00,0.000000e+00,0.000000e+00,0.000000e+00,0.000000e+00,0.000000e+00
1.000000e+00,0.000000e+00,0.000000e+00,0.000000e+00,0.000000e+00,0.000000e+00,0.000000e+00,0.000000e+00,0.000000e+00,0.000000e+00,0.000000e+00,0.000000e+00,0.000000e+00,0.000000e+00,0.000000e+00
1.000000e+00,0.000000e+00,0.000000e+00,0.000000e+00,0.000000e+00,0.000000e+00,0.000000e+00,0.000000e+00,0.000000e+00,0.000000e+00,0.000000e+00,0.000000e+00,0.000000e+00,0.000000e+00,0.000000e+00
1.000000e+00,0.000000e+00,0.000000e+00,0.000000e+00,0.000000e+00,0.000000e+00,0.000000e+00,0.000000e+00,0.000000e+00,0.000000e+00,0.000000e+00,0.000000e+00,0.000000e+00,0.000000e+00,0.000000e+00
1.000000e+00,0.000000e+00,0.000000e+00,0.000000e+00,0.000000e+00,0.000000e+00,0.000000e+00,0.000000e+00,0.000000e+00,0.000000e+00,0.000000e+00,0.000000e+00,0.000000e+00,0.000000e+00,0.000000e+00
1.000000e+00,0.000000e+00,0.000000e+00,0.000000e+00,0.000000e+00,0.000000e+00,0.000000e+00,0.000000e+00,0.000000e+00,0.000000e+00,0.000000e+00,0.000000e+00,0.000000e+00,0.000000e+00,0.000000e+00
1.000000e+00,0.000000e+00,0.000000e+00,0.000000e+00,0.000000e+00,0.000000e+00,0.000000e+00,0.000000e+00,0.000000e+00,0.000000e+00,0.000000e+00,0.000000e+00,0.000000e+00,0.000000e+00,0.000000e+00
1.000000e+00,0.000000e+00,0.000000e+00,0.000000e+00,0.000000e+00,0.000000e+00,0.000000e+00,0.000000e+00,0.000000e+00,0.000000e+00,0.000000e+00,0.000000e+00,0.000000e+00,0.000000e+00,0.000000e+00
1.000000e+00,0.000000e+00,0.000000e+00,0.000000e+00,0.000000e+00,0.000000e+00,0.000000e+00,0.000000e+00,0.000000e+00,0.000000e+00,0.000000e+00,0.000000e+00,0.000000e+00,0.000000e+00,0.000000e+00
1.000000e+00,0.000000e+00,0.000000e+00,0.000000e+00,0.000000e+00,0.000000e+00,0.000000e+00,0.000000e+00,0.000000e+00,0.000000e+00,0.000000e+00,0.000000e+00,0.000000e+00,0.000000e+00,0.000000e+00
