1.000000e+00,0.000000e+00,0.000000e+00,0.000000e+00,0.000000e+00,0.000000e+00,0.000000e+00,0.000000e+00,0.000000e+00,0.000000e+00,0.000000e+00,0.000000e+00,0.000000e+00,0.000000e+00,0.000000e+00
1.000000e+00,0.000000e+00,0.000000e+00,0.000000e+00,0.000000e+00,0.000000e+00,0.000000e+00,0.000000e+00,0.000000e+00,0.000000e+00,0.000000e+00,0.000000e+00,0.000000e+00,0.000000e+00,0.000000e+00
1.000000e+00,0.000000e+00,0.000000e+00,0.000000e+00,0.000000e+00,0.000000e+00,0.000000e+00,0.000000e+00,0.000000e+00,0.000000e+00,0.000000e+00,0.000000e+00,0.000000e+00,0.000000e+00,0.000000e+00
1.000000e+00,0.000000e+00,0.000000e+00,0.000000e+00,0.000000e+00,0.000000e+00,0.000000e+00,0.000000e+00,0.000000e+00,0.000000e+00,0.000000e+00,0.000000e+00,0.000000e+00,0.000000e+00,0.000000e+00
1.000000e+00,0.000000e+00,0.000000e+00,0.000000e+00,0.000000e+00,0.000000e+00,0.000000e+00,0.000000e+00,0.000000e+00,0.000000e+00,0.000000e+00,0.000000e+00,0.000000e+00,0.000000e+00,0.000000e+00
1.000000e+00,0.000000e+00,0.000000e+00,0.000000e+00,0.000000e+00,0.000000e+00,0.000000e+00,0.000000e+00,0.000000e+00,0.000000e+00,0.000000e+00,0.000000e+00,0.000000e+00,0.000000e+00,0.000000e+00
1.000000e+00,0.000000e+00,0.000000e+00,0.000000e+00,0.000000e+00,0.000000e+00,0.000000e+00,0.000000e+00,0.000000e+00,0.000000e+00,0.000000e+00,0.000000e+00,0.000000e+00,0.000000e+00,0.000000e+00
1.000000e+00,0.000000e+00,0.000000e+00,0.000000e+00,0.000000e+00,0.000000e+00,0.000000e+00,0.000000e+00,0.000000e+00,0.000000e+00,0.000000e+00,0.000000e+00,0.000000e+00,0.000000e+00,0.000000e+00
1.000000e+00,0.000000e+00,0.000000e+00,0.000000e+00,0.000000e+00,0.000000e+00,0.000000e+00,0.000000e+00,0.000000e+00,0.000000e+00,0.000000e+00,0.000000e+00,0.000000e+00,0.000000e+00,0.000000e+00
1.000000e+00,0.000000e+00,0.000000e+00,0.000000e+00,0.000000e+00,0.000000e+00,0.000000e+00,0.000000e+00,0.000000e+00,0.000000e+00,0.000000e+00,0.000000e+00,0.000000e+00,0.000000e+00,0.000000e+00
1.000000e+00,0.000000e+00,0.000000e+00,0.000000e+00,0.000000e+00,0.000000e+00,0.000000e+00,0.000000e+00,0.000000e+00,0.000000e+00,0.000000e+00,0.000000e+00,0.000000e+00,0.000000e+00,0.000000e+00
1.000000e+00,0.000000e+00,0.000000e+00,0.000000e+00,0.000000e+00,0.000000e+00,0.000000e+00,0.000000e+00,0.000000e+00,0.000000e+00,0.000000e+00,0.000000e+00,0.000000e+00,0.000000e+00,0.000000e+00
1.000000e+00,0.000000e+00,0.000000e+00,0.000000e+00,0.000000e+00,0.000000e+00,0.000000e+00,0.000000e+00,0.000000e+00,0.000000e+00,0.000000e+00,0.000000e+00,0.000000e+00,0.000000e+00,0.000000e+00
1.000000e+00,0.000000e+00,0.000000e+00,0.000000e+00,0.000000e+00,0.000000e+00,0.000000e+00,0.000000e+00,0.000000e+00,0.000000e+00,0.000000e+00,0.000000e+00,0.000000e+00,0.000000e+00,0.000000e+00
1.000000e+00,0.000000e+00,0.000000e+00,0.000000e+00,0.000000e+00,0.000000e+00,0.000000e+00,0.000000e+00,0.000000e+00,0.000000e+00,0.000000e+00,0.000000e+00,0.000000e+00,0.000000e+00,0.000000e+00
1.000000e+00,0.000000e+00,0.000000e+00,0.000000e+00,0.000000e+00,0.000000e+00,0.000000e+00,0.000000e+00,0.000000e+00,0.000000e+00,0.000000e+00,0.000000e+00,0.000000e+00,0.000000e+00,0.000000e+00
1.000000e+00,0.000000e+00,0.000000e+00,0.000000e+00,0.000000e+00,0.000000e+00,0.000000e+00,0.000000e+00,0.000000e+00,0.000000e+00,0.000000e+00,0.000000e+00,0.000000e+00,0.000000e+00,0.000000e+00
1.000000e+00,0.000000e+00,0.000000e+00,0.000000e+00,0.000000e+00,0.000000e+00,0.000000e+00,0.000000e+00,0.000000e+00,0.000000e+00,0.000000e+00,0.000000e+00,0.000000e+00,0.000000e+00,0.000000e+00
1.000000e+00,0.000000e+00,0.000000e+00,0.000000e+00,0.000000e+00,0.000000e+00,0.000000e+00,0.000000e+00,0.000000e+00,0.000000e+00,0.000000e+00,0.000000e+00,0.000000e+00,0.000000e+00,0.000000e+00
1.000000e+00,0.000000e+00,0.000000e+00,0.000000e+00,0.000000e+00,0.000000e+00,0.000000e+00,0.000000e+00,0.000000e+00,0.000000e+00,0.000000e+00,0.000000e+00,0.000000e+00,0.000000e+00,0.000000e+00
1.000000e+00,0.000000e+00,0.000000e+00,0.000000e+00,0.000000e+00,0.000000e+00,0.000000e+00,0.000000e+00,0.000000e+00,0.000000e+00,0.000000e+00,0.000000e+00,0.000000e+00,0.000000e+00,0.000000e+00
1.000000e+00,0.000000e+00,0.000000e+00,0.000000e+00,0.000000e+00,0.000000e+00,0.000000e+00,0.000000e+00,0.000000e+00,0.000000e+00,0.000000e+00,0.000000e+00,0.000000e+00,0.000000e+00,0.000000e+00
1.000000e+00,0.000000e+00,0.000000e+00,0.000000e+00,0.000000e+00,0.000000e+00,0.000000e+00,0.000000e+00,0.000000e+00,0.000000e+00,0.000000e+00,0.000000e+00,0.000000e+00,0.000000e+00,0.000000e+00
1.000000e+00,0.000000e+00,0.000000e+00,0.000000e+00,0.000000e+00,0.000000e+00,0.000000e+00,0.000000e+00,0.000000e+00,0.000000e+00,0.000000e+00,0.000000e+00,0.000000e+00,0.000000e+00,0.000000e+00
1.000000e+00,0.000000e+00,0.000000e+00,0.000000e+00,0.000000e+00,0.000000e+00,0.000000e+00,0.000000e+00,0.000000e+00,0.000000e+00,0.000000e+00,0.000000e+00,0.000000e+00,0.000000e+00,0.000000e+00
1.000000e+00,0.000000e+00,0.000000e+00,0.000000e+00,0.000000e+00,0.000000e+00,0.000000e+00,0.000000e+00,0.000000e+00,0.000000e+00,0.000000e+00,0.000000e+00,0.000000e+00,0.000000e+00,0.000000e+00
1.000000e+00,0.000000e+00,0.000000e+00,0.000000e+00,0.000000e+00,0.000000e+00,0.000000e+00,0.000000e+00,0.000000e+00,0.000000e+00,0.000000e+00,0.000000e+00,0.000000e+00,0.000000e+00,0.000000e+00
1.000000e+00,0.000000e+00,0.000000e+00,0.000000e+00,0.000000e+00,0.000000e+00,0.000000e+00,0.000000e+00,0.000000e+00,0.000000e+00,0.000000e+00,0.000000e+00,0.000000e+00,0.000000e+00,0.000000e+00
1.000000e+00,0.000000e+00,0.000000e+00,0.000000e+00,0.000000e+00,0.000000e+00,0.000000e+00,0.000000e+00,0.000000e+00,0.000000e+00,0.000000e+00,0.000000e+00,0.000000e+00,0.000000e+00,0.000000e+00
1.000000e+00,0.000000e+00,0.000000e+00,0.000000e+00,0.000000e+00,0.000000e+00,0.000000e+00,0.000000e+00,0.000000e+00,0.000000e+00,0.000000e+00,0.000000e+00,0.000000e+00,0.000000e+00,0.000000e+00
1.000000e+00,0.000000e+00,0.000000e+00,0.000000e+00,0.000000e+00,0.000000e+00,0.000000e+00,0.000000e+00,0.000000e+00,0.000000e+00,0.000000e+00,0.000000e+00,0.000000e+00,0.000000e+00,0.000000e+00
1.000000e+00,0.000000e+00,0.000000e+00,0.000000e+00,0.000000e+00,0.000000e+00,0.000000e+00,0.000000e+00,0.000000e+00,0.000000e+00,0.000000e+00,0.000000e+00,0.000000e+00,0.000000e+00,0.000000e+00
1.000000e+00,0.000000e+00,0.000000e+00,0.000000e+00,0.000000e+00,0.000000e+00,0.000000e+00,0.000000e+00,0.000000e+00,0.000000e+00,0.000000e+00,0.000000e+00,0.000000e+00,0.000000e+00,0.000000e+00
1.000000e+00,0.000000e+00,0.000000e+00,0.000000e+00,0.000000e+00,0.000000e+00,0.000000e+00,0.000000e+00,0.000000e+00,0.000000e+00,0.000000e+00,0.000000e+00,0.000000e+00,0.000000e+00,0.000000e+00
1.000000e+00,0.000000e+00,0.000000e+00,0.000000e+00,0.000000e+00,0.000000e+00,0.000000e+00,0.000000e+00,0.000000e+00,0.000000e+00,0.000000e+00,0.000000e+00,0.000000e+00,0.000000e+00,0.000000e+00
1.000000e+00,0.000000e+00,0.000000e+00,0.000000e+00,0.000000e+00,0.000000e+00,0.000000e+00,0.000000e+00,0.000000e+00,0.000000e+00,0.000000e+00,0.000000e+00,0.000000e+00,0.000000e+00,0.000000e+00
1.000000e+00,0.000000e+00,0.000000e+00,0.000000e+00,0.000000e+00,0.000000e+00,0.000000e+00,0.000000e+00,0.000000e+00,0.000000e+00,0.000000e+00,0.000000e+00,0.000000e+00,0.000000e+00,0.000000e+00
1.000000e+00,0.000000e+00,0.000000e+00,0.000000e+00,0.000000e+00,0.000000e+00,0.000000e+00,0.000000e+00,0.000000e+00,0.000000e+00,0.000000e+00,0.000000e+00,0.000000e+00,0.000000e+00,0.000000e+00
1.000000e+00,0.000000e+00,0.000000e+00,0.000000e+00,0.000000e+00,0.000000e+00,0.000000e+00,0.000000e+00,0.000000e+00,0.000000e+00,0.000000e+00,0.000000e+00,0.000000e+00,0.000000e+00,0.000000e+00
1.000000e+00,0.000000e+00,0.000000e+00,0.000000e+00,0.000000e+00,0.000000e+00,0.000000e+00,0.000000e+00,0.000000e+00,0.000000e+00,0.000000e+00,0.000000e+00,0.000000e+00,0.000000e+00,0.000000e+00
1.000000e+00,0.000000e+00,0.000000e+00,0.000000e+00,0.000000e+00,0.000000e+00,0.000000e+00,0.000000e+00,0.000000e+00,0.000000e+00,0.000000e+00,0.000000e+00,0.000000e+00,0.000000e+00,0.000000e+00
1.000000e+00,0.000000e+00,0.000000e+00,0.000000e+00,0.000000e+00,0.000000e+00,0.000000e+00,0.000000e+00,0.000000e+00,0.000000e+00,0.000000e+00,0.000000e+00,0.000000e+00,0.000000e+00,0.000000e+00
1.000000e+00,0.000000e+00,0.000000e+00,0.000000e+00,0.000000e+00,0.000000e+00,0.000000e+00,0.000000e+00,0.000000e+00,0.000000e+00,0.000000e+00,0.000000e+00,0.000000e+00,0.000000e+00,0.000000e+00
1.000000e+00,0.000000e+00,0.000000e+00,0.000000e+00,0.000000e+00,0.000000e+00,0.000000e+00,0.000000e+00,0.000000e+00,0.000000e+00,0.000000e+00,0.000000e+00,0.000000e+00,0.000000e+00,0.000000e+00
1.000000e+00,0.000000e+00,0.000000e+00,0.000000e+00,0.000000e+00,0.000000e+00,0.000000e+00,0.000000e+00,0.000000e+00,0.000000e+00,0.000000e+00,0.000000e+00,0.000000e+00,0.000000e+00,0.000000e+00
1.000000e+00,0.000000e+00,0.000000e+00,0.000000e+00,0.000000e+00,0.000000e+00,0.000000e+00,0.000000e+00,0.000000e+00,0.000000e+00,0.000000e+00,0.000000e+00,0.000000e+00,0.000000e+00,0.000000e+00
1.000000e+00,0.000000e+00,0.000000e+00,0.000000e+00,0.000000e+00,0.000000e+00,0.000000e+00,0.000000e+00,0.000000e+00,0.000000e+00,0.000000e+00,0.000000e+00,0.000000e+00,0.000000e+00,0.000000e+00
1.000000e+00,0.000000e+00,0.000000e+00,0.000000e+00,0.000000e+00,0.000000e+00,0.000000e+00,0.000000e+00,0.000000e+00,0.000000e+00,0.000000e+00,0.000000e+00,0.000000e+00,0.000000e+00,0.000000e+00
1.000000e+00,0.000000e+00,0.000000e+00,0.000000e+00,0.000000e+00,0.000000e+00,0.000000e+00,0.000000e+00,0.000000e+00,0.000000e+00,0.000000e+00,0.000000e+00,0.000000e+00,0.000000e+00,0.000000e+00
1.000000e+00,0.000000e+00,0.000000e+00,0.000000e+00,0.000000e+00,0.000000e+00,0.000000e+00,0.000000e+00,0.000000e+00,0.000000e+00,0.000000e+00,0.000000e+00,0.000000e+00,0.000000e+00,0.000000e+00
1.000000e+00,0.000000e+00,0.000000e+00,0.000000e+00,0.000000e+00,0.000000e+00,0.000000e+00,0.000000e+00,0.000000e+00,0.000000e+00,0.000000e+00,0.000000e+00,0.000000e+00,0.000000e+00,0.000000e+00
1.000000e+00,0.000000e+00,0.000000e+00,0.000000e+00,0.000000e+00,0.000000e+00,0.000000e+00,0.000000e+00,0.000000e+00,0.000000e+00,0.000000e+00,0.000000e+00,0.000000e+00,0.000000e+00,0.000000e+00
1.000000e+00,0.000000e+00,0.000000e+00,0.000000e+00,0.000000e+00,0.000000e+00,0.000000e+00,0.000000e+00,0.000000e+00,0.000000e+00,0.000000e+00,0.000000e+00,0.000000e+00,0.000000e+00,0.000000e+00
1.000000e+00,0.000000e+00,0.000000e+00,0.000000e+00,0.000000e+00,0.000000e+00,0.000000e+00,0.000000e+00,0.000000e+00,0.000000e+00,0.000000e+00,0.000000e+00,0.000000e+00,0.000000e+00,0.000000e+00
1.000000e+00,0.000000e+00,0.000000e+00,0.000000e+00,0.000000e+00,0.000000e+00,0.000000e+00,0.000000e+00,0.000000e+00,0.000000e+00,0.000000e+00,0.000000e+00,0.000000e+00,0.000000e+00,0.000000e+00
1.000000e+00,0.000000e+00,0.000000e+00,0.000000e+00,0.000000e+00,0.000000e+00,0.000000e+00,0.000000e+00,0.000000e+00,0.000000e+00,0.000000e+00,0.000000e+00,0.000000e+00,0.000000e+00,0.000000e+00
1.000000e+00,0.000000e+00,0.000000e+00,0.000000e+00,0.000000e+00,0.000000e+00,0.000000e+00,0.000000e+00,0.000000e+00,0.000000e+00,0.000000e+00,0.000000e+00,0.000000e+00,0.000000e+00,0.000000e+00
1.000000e+00,0.000000e+00,0.000000e+00,0.000000e+00,0.000000e+00,0.000000e+00,0.000000e+00,0.000000e+00,0.000000e+00,0.000000e+00,0.000000e+00,0.000000e+00,0.000000e+00,0.000000e+00,0.000000e+00
1.000000e+00,0.000000e+00,0.000000e+00,0.000000e+00,0.000000e+00,0.000000e+00,0.000000e+00,0.000000e+00,0.000000e+00,0.000000e+00,0.000000e+00,0.000000e+00,0.000000e+00,0.000000e+00,0.000000e+00
1.000000e+00,0.000000e+00,0.000000e+00,0.000000e+00,0.000000e+00,0.000000e+00,0.000000e+00,0.000000e+00,0.000000e+00,0.000000e+00,0.000000e+00,0.000000e+00,0.000000e+00,0.000000e+00,0.000000e+00
1.000000e+00,0.000000e+00,0.000000e+00,0.000000e+00,0.000000e+00,0.000000e+00,0.000000e+00,0.000000e+00,0.000000e+00,0.000000e+00,0.000000e+00,0.000000e+00,0.000000e+00,0.000000e+00,0.000000e+00
1.000000e+00,0.000000e+00,0.000000e+00,0.000000e+00,0.000000e+00,0.000000e+00,0.000000e+00,0.000000e+00,0.000000e+00,0.000000e+00,0.000000e+00,0.000000e+00,0.000000e+00,0.000000e+00,0.000000e+00
1.000000e+00,0.000000e+00,0.000000e+00,0.000000e+00,0.000000e+00,0.000000e+00,0.000000e+00,0.000000e+00,0.000000e+00,0.000000e+00,0.000000e+00,0.000000e+00,0.000000e+00,0.000000e+00,0.000000e+00
3.772193e-01,2.824718e-02,7.549292e-03,4.080213e-02,2.722987e-03,4.013721e-02,1.905489e-03,3.295792e-03,2.626883e-02,2.037989e-01,9.498704e-02,3.762525e-02,1.973873e-02,1.189904e-02,1.038028e-01
2.641360e-01,6.901850e-02,5.979617e-03,3.051024e-02,2.149439e-03,2.868094e-02,1.340519e-03,2.341450e-03,2.994645e-02,1.490203e-01,7.486787e-02,2.803797e-02,1.585921e-02,1.234072e-02,2.857707e-01
1.853562e-01,1.639110e-01,4.716376e-03,2.425062e-02,1.686646e-03,2.172737e-02,9.482202e-04,1.688277e-03,3.998225e-02,1.072200e-01,6.337472e-02,2.090147e-02,1.208566e-02,1.117674e-02,3.409744e-01
1.303843e-01,2.658839e-01,3.964932e-03,2.171910e-02,1.324584e-03,1.991333e-02,6.778949e-04,1.233694e-03,4.197539e-02,7.740768e-02,5.648791e-02,1.761692e-02,1.045411e-02,1.076438e-02,3.401918e-01
9.264698e-02,3.186690e-01,4.297543e-03,1.965607e-02,9.910200e-04,3.220614e-02,5.002802e-04,9.087385e-04,3.910653e-02,6.104431e-02,6.237029e-02,2.446684e-02,1.338115e-02,1.548437e-02,3.142708e-01
6.824724e-02,2.623123e-01,8.804874e-03,2.226985e-02,1.429356e-03,5.869184e-02,5.630238e-04,8.115052e-04,4.801678e-02,5.466383e-02,7.722130e-02,2.680620e-02,1.708688e-02,1.881586e-02,3.342591e-01
5.148154e-02,1.970187e-01,1.552190e-02,1.933276e-02,3.803543e-03,6.844380e-02,1.237464e-03,1.048248e-03,7.237317e-02,8.389207e-02,1.049286e-01,2.484937e-02,2.153679e-02,3.387403e-02,3.006579e-01
3.965919e-02,1.385840e-01,8.723758e-02,1.592939e-02,8.822458e-03,5.128698e-02,6.316651e-02,1.682863e-02,5.441339e-02,8.751259e-02,8.800939e-02,1.902847e-02,1.875237e-02,4.697416e-02,2.637949e-01
3.144246e-02,9.913974e-02,1.685641e-01,1.608814e-02,4.106485e-02,6.174944e-02,8.354306e-02,2.673217e-02,4.648859e-02,8.704057e-02,6.779275e-02,1.755625e-02,1.978576e-02,3.652938e-02,1.964828e-01
3.038801e-02,9.411881e-02,1.710436e-01,1.342649e-02,9.363031e-02,5.342116e-02,6.294631e-02,2.401877e-02,1.237990e-01,7.019083e-02,5.124755e-02,1.382480e-02,1.686055e-02,2.744778e-02,1.536360e-01
2.925758e-02,1.076362e-01,2.625162e-01,1.127423e-02,1.238422e-01,4.126836e-02,4.501173e-02,1.884415e-02,1.145162e-01,5.272895e-02,3.810751e-02,1.026278e-02,1.323711e-02,1.949830e-02,1.119985e-01
2.206119e-02,1.152910e-01,3.639186e-01,1.314764e-02,1.338841e-01,3.022808e-02,3.227860e-02,1.449552e-02,9.846279e-02,3.847674e-02,2.716416e-02,7.311953e-03,9.488229e-03,1.376057e-02,8.003079e-02
1.966561e-02,1.144708e-01,4.450713e-01,2.489203e-02,1.183830e-01,2.387390e-02,2.493175e-02,1.208532e-02,8.971999e-02,2.853399e-02,1.952562e-02,5.250327e-03,6.975538e-03,9.667090e-03,5.695380e-02
2.273927e-02,1.341354e-01,4.129408e-01,2.390211e-02,1.505701e-01,2.316153e-02,2.568791e-02,1.363165e-02,9.914283e-02,2.216316e-02,1.426765e-02,4.062622e-03,5.450231e-03,7.015771e-03,4.112893e-02
2.954987e-02,1.463581e-01,3.433559e-01,7.315260e-02,1.504788e-01,2.260914e-02,2.198476e-02,2.848741e-02,1.056246e-01,2.021290e-02,1.144584e-02,3.917693e-03,5.206942e-03,5.196221e-03,3.241923e-02
3.655633e-02,1.144711e-01,2.929037e-01,1.960624e-01,1.367030e-01,2.258284e-02,1.705906e-02,4.073431e-02,8.128069e-02,1.588198e-02,9.706968e-03,3.731896e-03,5.221709e-03,3.695379e-03,2.340852e-02
6.271467e-02,1.033348e-01,2.686233e-01,1.514041e-01,1.389302e-01,5.139339e-02,1.976486e-02,7.892391e-02,6.795162e-02,1.517963e-02,8.030447e-03,3.495525e-03,9.300726e-03,2.642241e-03,1.831057e-02
1.009886e-01,8.051136e-02,2.120341e-01,1.167535e-01,1.483987e-01,1.044642e-01,2.275094e-02,8.676200e-02,5.110635e-02,1.623820e-02,1.201042e-02,1.016005e-02,2.045909e-02,1.931082e-03,1.543151e-02
1.269840e-01,7.082726e-02,1.827069e-01,8.884792e-02,2.008279e-01,8.403663e-02,3.137741e-02,8.223005e-02,4.575214e-02,1.737050e-02,1.160647e-02,1.970246e-02,2.276502e-02,1.495237e-03,1.347010e-02
9.562691e-02,5.082829e-02,1.298355e-01,8.072035e-02,1.451372e-01,1.481431e-01,2.390812e-02,5.832993e-02,3.799018e-02,1.335426e-02,2.867360e-02,3.737824e-02,1.372880e-01,1.208973e-03,1.157736e-02
7.186916e-02,3.640078e-02,9.150036e-02,6.830494e-02,1.058974e-01,1.573992e-01,1.905621e-02,4.129908e-02,3.019736e-02,1.101720e-02,5.023576e-02,3.833876e-02,2.555653e-01,8.903957e-04,2.202811e-02
5.880995e-02,2.593813e-02,6.449423e-02,5.499768e-02,7.489442e-02,1.329049e-01,1.359637e-02,2.926618e-02,2.467209e-02,8.205073e-03,3.835461e-02,4.067268e-02,4.112754e-01,6.614167e-04,2.125693e-02
4.746066e-02,1.835584e-02,4.566875e-02,4.022011e-02,5.332006e-02,9.876942e-02,1.074765e-02,2.485523e-02,2.125272e-02,6.231794e-03,2.939776e-02,3.957700e-02,5.414200e-01,8.413226e-04,2.188164e-02
4.302929e-02,1.386884e-02,3.338571e-02,3.199273e-02,3.821130e-02,7.241017e-02,8.125469e-03,2.091120e-02,2.329615e-02,5.206852e-03,2.347739e-02,3.632178e-02,6.300315e-01,1.221275e-03,1.851034e-02
7.339963e-02,1.093074e-02,2.371920e-02,2.277744e-02,2.803852e-02,5.610488e-02,6.483354e-03,1.861044e-02,1.861941e-02,4.122988e-03,1.888818e-02,3.325335e-02,6.688207e-01,1.470425e-03,1.476082e-02
7.220291e-02,8.548797e-03,1.690884e-02,1.660962e-02,2.226730e-02,4.218704e-02,6.939325e-03,1.790974e-02,1.723682e-02,3.289387e-03,1.489710e-02,3.222099e-02,7.155424e-01,1.150117e-03,1.208956e-02
8.237357e-02,7.979455e-03,1.240519e-02,1.214785e-02,1.924879e-02,3.831104e-02,7.769253e-03,2.141344e-02,2.579498e-02,2.724085e-03,1.152352e-02,2.703532e-02,7.197297e-01,8.411824e-04,1.070266e-02
6.523740e-02,9.119155e-03,9.159848e-03,8.797975e-03,1.605245e-02,3.171765e-02,6.422554e-03,1.685942e-02,3.244297e-02,2.074235e-03,8.858968e-03,2.225028e-02,7.620852e-01,6.290516e-04,8.292801e-03
4.833727e-02,1.221654e-02,8.334354e-03,1.150796e-02,1.590682e-02,3.261988e-02,5.880336e-03,1.451734e-02,5.267280e-02,1.918511e-03,6.971131e-03,1.667676e-02,7.653390e-01,4.632940e-04,6.637973e-03
3.552911e-02,2.198153e-02,8.646843e-03,2.415904e-02,1.553463e-02,4.995595e-02,5.761116e-03,2.728409e-02,1.418560e-01,3.160372e-03,7.079232e-03,1.390237e-02,6.379408e-01,3.902538e-04,6.818742e-03
2.609054e-02,2.373700e-02,7.174815e-03,2.016876e-02,1.352236e-02,8.099817e-02,5.166625e-03,2.672659e-02,1.930440e-01,3.323530e-03,7.333848e-03,1.144498e-02,5.741799e-01,3.858928e-04,6.702946e-03
2.082825e-02,4.322782e-02,8.050403e-03,2.163398e-02,1.088475e-02,1.170176e-01,4.222904e-03,2.560779e-02,2.449073e-01,4.895904e-03,7.567359e-03,1.003113e-02,4.708779e-01,4.460493e-04,9.800826e-03
2.111375e-02,5.700926e-02,7.387868e-02,4.319190e-02,1.200337e-02,1.107043e-01,3.715105e-03,2.319508e-02,2.431152e-01,2.041533e-02,6.256795e-03,8.066551e-03,3.499618e-01,5.175304e-04,2.685518e-02
3.441321e-02,4.946642e-02,8.283649e-02,3.997576e-02,1.142784e-02,9.104756e-02,3.201333e-03,2.307487e-02,1.906241e-01,8.862194e-02,4.895033e-03,5.998430e-03,2.596814e-01,7.209745e-04,1.140146e-01
5.779970e-02,4.363872e-02,6.575643e-02,3.377026e-02,1.114368e-02,7.089068e-02,2.834768e-03,1.919333e-02,1.508502e-01,1.421630e-01,3.813230e-03,4.379928e-03,1.896203e-01,6.829652e-04,2.034628e-01
7.024248e-02,3.785268e-02,5.038819e-02,2.762858e-02,1.446937e-02,5.806106e-02,2.979813e-03,1.628035e-02,1.233115e-01,1.819836e-01,3.149399e-03,3.245226e-03,1.372219e-01,7.761152e-04,2.724098e-01
5.069601e-02,3.885051e-02,4.250380e-02,5.650569e-02,1.134048e-02,4.124218e-02,2.187935e-03,1.221575e-02,1.014199e-01,1.760163e-01,2.877161e-03,2.509254e-03,9.664930e-02,6.030593e-04,3.643827e-01
5.027478e-02,7.635918e-02,3.473386e-02,4.299406e-02,1.728805e-02,4.781882e-02,3.020964e-03,1.007771e-02,2.259197e-01,1.322667e-01,4.452838e-03,2.037635e-03,6.985541e-02,4.905029e-04,2.824098e-01
3.749100e-02,1.353840e-01,2.932602e-02,8.040795e-02,1.910054e-02,4.317729e-02,2.962592e-03,9.732369e-03,2.179846e-01,1.088618e-01,4.424684e-03,1.796221e-03,4.991032e-02,3.901375e-04,2.590505e-01
3.196293e-02,1.683238e-01,2.387595e-02,1.126932e-01,2.048604e-02,4.050381e-02,2.461347e-03,9.622034e-03,2.435648e-01,8.169023e-02,4.192438e-03,1.664811e-03,3.579725e-02,3.210046e-04,2.228405e-01
2.935150e-02,2.227851e-01,2.000140e-02,1.148512e-01,1.835705e-02,4.164902e-02,1.959178e-03,1.077933e-02,2.376714e-01,6.506293e-02,4.636183e-03,1.497314e-03,2.577983e-02,2.903250e-04,2.053283e-01
3.159369e-02,2.027985e-01,1.807906e-02,9.151404e-02,2.494362e-02,4.721008e-02,1.752918e-03,1.777324e-02,2.807339e-01,5.831441e-02,6.209294e-03,1.408984e-03,1.989469e-02,5.606697e-04,1.972129e-01
4.331456e-02,1.948617e-01,1.561862e-02,6.730876e-02,2.589251e-02,4.200833e-02,1.947764e-03,1.865198e-02,3.060613e-01,9.526210e-02,5.782650e-03,1.372050e-03,1.995301e-02,1.316261e-03,1.606485e-01
3.550218e-02,2.653175e-01,1.262612e-02,5.374918e-02,1.998479e-02,3.028386e-02,1.597952e-03,1.412300e-02,2.966689e-01,8.699259e-02,5.260270e-03,1.445430e-03,4.871877e-02,1.565646e-03,1.261639e-01
2.572164e-02,2.060110e-01,1.116422e-02,4.104215e-02,1.420485e-02,2.214398e-02,1.137301e-03,9.987540e-03,2.156251e-01,6.342346e-02,4.440671e-03,1.957251e-03,2.896888e-01,1.164080e-03,9.228797e-02
1.834356e-02,1.474421e-01,8.767438e-03,3.010676e-02,1.008217e-02,1.610287e-02,8.073716e-04,7.064948e-03,1.534194e-01,4.540388e-02,3.871456e-03,3.032081e-03,4.850516e-01,8.604155e-04,6.964400e-02
1.306677e-02,1.045774e-01,8.970428e-03,2.309665e-02,7.312520e-03,1.237196e-02,6.147589e-04,5.605080e-03,1.106260e-01,3.226332e-02,3.394586e-03,3.073146e-03,6.245113e-01,6.249170e-04,4.989112e-02
1.014628e-02,7.522640e-02,6.981478e-03,1.704948e-02,5.472942e-03,9.194175e-03,5.204593e-04,4.514070e-03,8.133869e-02,2.272774e-02,3.267891e-03,3.545231e-03,7.236701e-01,5.277002e-04,3.581735e-02
8.267545e-03,5.356332e-02,6.805952e-03,1.294116e-02,5.948296e-03,8.333014e-03,8.521950e-04,1.176234e-02,6.054074e-02,1.626435e-02,7.006148e-03,4.154650e-03,7.758504e-01,5.094492e-04,2.720046e-02
8.907336e-03,3.805606e-02,1.076971e-02,1.167372e-02,9.244444e-03,8.772574e-03,1.003102e-03,1.705740e-02,5.263937e-02,1.184380e-02,8.149806e-03,5.266733e-03,7.957448e-01,5.409383e-04,2.033027e-02
8.264875e-03,2.694979e-02,8.982001e-03,8.875662e-03,1.069763e-02,1.130723e-02,1.919887e-03,1.493156e-02,3.864313e-02,8.773822e-03,8.209085e-03,5.525896e-03,8.307930e-01,4.364425e-04,1.569005e-02
7.298657e-03,1.920719e-02,8.256029e-03,7.815247e-03,1.189914e-02,1.328321e-02,2.330774e-03,1.122873e-02,2.904263e-02,6.590875e-03,9.649096e-03,6.493660e-03,8.547649e-01,3.396221e-04,1.180028e-02
6.154815e-03,1.373712e-02,6.184910e-03,5.888620e-03,1.076648e-02,1.279428e-02,2.415087e-03,8.365043e-03,2.440052e-02,5.440047e-03,1.661274e-02,1.012081e-02,8.665905e-01,3.258879e-04,1.020312e-02
5.239969e-03,9.906676e-03,4.578098e-03,4.338726e-03,1.180380e-02,1.087766e-02,2.892247e-03,6.900837e-03,2.161306e-02,4.544553e-03,2.707747e-02,1.776162e-02,8.631874e-01,2.880339e-04,8.989882e-03
4.689203e-03,8.357248e-03,7.444427e-03,9.256981e-03,1.222772e-02,1.713937e-02,2.529127e-03,2.760845e-02,7.202910e-02,4.256128e-03,2.724551e-02,1.590080e-02,7.832196e-01,3.246974e-04,7.771635e-03
4.722256e-03,7.393330e-03,8.708532e-03,9.084560e-03,1.414719e-02,1.980425e-02,1.999148e-03,4.319244e-02,6.690598e-02,4.152979e-03,5.582221e-02,1.566700e-02,7.403905e-01,4.012957e-04,7.608282e-03
4.671006e-03,8.864455e-03,7.274355e-03,8.066120e-03,1.119172e-02,4.401610e-02,1.585740e-03,4.291309e-02,1.186492e-01,4.241181e-03,6.627880e-02,2.116963e-02,6.490629e-01,7.963379e-04,1.121930e-02
1.028758e-02,9.188702e-03,3.895771e-02,1.326769e-02,5.641812e-02,4.782316e-02,2.803173e-03,4.118722e-02,2.123226e-01,3.242947e-03,5.228980e-02,1.711663e-02,4.860205e-01,5.899643e-04,8.484145e-03
1.573267e-02,1.090435e-02,4.068666e-02,2.826899e-02,1.238728e-01,4.696369e-02,4.487609e-03,3.516971e-02,2.790282e-01,2.472349e-03,3.905235e-02,1.301077e-02,3.535099e-01,4.385101e-04,6.401444e-03
4.812080e-02,1.882403e-02,4.064425e-02,4.712789e-02,2.041914e-01,4.012301e-02,9.599587e-03,3.264816e-02,2.433985e-01,2.038353e-03,2.848559e-02,1.026681e-02,2.683600e-01,3.749004e-04,5.796670e-03
7.979483e-02,2.899214e-02,5.260365e-02,7.290973e-02,2.267882e-01,3.297719e-02,1.625734e-02,5.387250e-02,2.010883e-01,1.832365e-03,2.084473e-02,7.901604e-03,1.980580e-01,3.679153e-04,5.711552e-03
8.930613e-02,3.007017e-02,6.357349e-02,1.703829e-01,1.922151e-01,2.501308e-02,2.120046e-02,6.025441e-02,1.650332e-01,2.973151e-03,1.708424e-02,8.286993e-03,1.477718e-01,3.228642e-04,6.512102e-03
1.042092e-01,3.483787e-02,8.048895e-02,1.744177e-01,1.668774e-01,2.209285e-02,3.037667e-02,6.602389e-02,1.715002e-01,5.170672e-03,1.529749e-02,8.665180e-03,1.117475e-01,4.020733e-04,7.892397e-03
1.202102e-01,3.555545e-02,7.848481e-02,1.367853e-01,1.716510e-01,1.939967e-02,4.741779e-02,7.208225e-02,1.862460e-01,7.122362e-03,1.410489e-02,9.460322e-03,9.158586e-02,4.667319e-04,9.427484e-03
1.258505e-01,4.025305e-02,8.558166e-02,9.987247e-02,1.962568e-01,2.006246e-02,8.480824e-02,6.754733e-02,1.667738e-01,6.643154e-03,1.086324e-02,7.367771e-03,7.806909e-02,5.148092e-04,9.535707e-03
1.512742e-01,4.357804e-02,8.540174e-02,7.633258e-02,1.733883e-01,2.399298e-02,1.253982e-01,7.057063e-02,1.581793e-01,5.484212e-03,8.113091e-03,6.119829e-03,6.292409e-02,4.737877e-04,8.768931e-03
2.039498e-01,4.085526e-02,6.839196e-02,5.608800e-02,1.435200e-01,2.857517e-02,1.290355e-01,7.196519e-02,1.740622e-01,5.296922e-03,6.479162e-03,5.855360e-03,5.603479e-02,6.646543e-04,9.226094e-03
2.757937e-01,3.942846e-02,5.405540e-02,4.181310e-02,1.215099e-01,3.659601e-02,1.025734e-01,6.164165e-02,1.791579e-01,5.412084e-03,6.404026e-03,1.265970e-02,5.105165e-02,1.286690e-03,1.061629e-02
3.041064e-01,4.030827e-02,4.029910e-02,3.302098e-02,1.110665e-01,4.405192e-02,8.971933e-02,5.160852e-02,1.925917e-01,5.540231e-03,6.865776e-03,1.716663e-02,4.987515e-02,1.766903e-03,1.201256e-02
3.695247e-01,3.360499e-02,2.983540e-02,2.711262e-02,9.015687e-02,4.214752e-02,8.885884e-02,4.445773e-02,1.672729e-01,5.469379e-03,8.597929e-03,3.051457e-02,4.740706e-02,2.136819e-03,1.290272e-02
3.767872e-01,3.652161e-02,2.268221e-02,2.429906e-02,8.023522e-02,5.134789e-02,8.031067e-02,3.853408e-02,1.800306e-01,7.021907e-03,8.457724e-03,3.022848e-02,4.461940e-02,1.844059e-03,1.707986e-02
2.938444e-01,3.183793e-02,1.660305e-02,3.688045e-02,6.055178e-02,6.145179e-02,5.905142e-02,2.774128e-02,1.582389e-01,5.878136e-03,7.866465e-03,2.875497e-02,1.936862e-01,1.390963e-03,1.622225e-02
2.279756e-01,2.605262e-02,1.237444e-02,3.944351e-02,4.365938e-02,6.082661e-02,4.291162e-02,2.061428e-02,1.361004e-01,5.387565e-03,1.174730e-02,4.092678e-02,3.029961e-01,1.589477e-03,2.739434e-02
1.972000e-01,2.051413e-02,9.303365e-03,3.900140e-02,3.200557e-02,5.518305e-02,3.169229e-02,1.607812e-02,1.183604e-01,5.056013e-03,1.505582e-02,4.200530e-02,3.868748e-01,1.731689e-03,2.993810e-02
3.059819e-01,2.126482e-02,1.243735e-02,3.974055e-02,2.647122e-02,5.261238e-02,2.439285e-02,1.303541e-02,9.489395e-02,5.749281e-03,1.564785e-02,3.428335e-02,3.190403e-01,2.683552e-03,3.176524e-02
3.796031e-01,2.119442e-02,1.429281e-02,4.376151e-02,2.182814e-02,6.101938e-02,1.933002e-02,1.010569e-02,7.573003e-02,5.325238e-03,1.367517e-02,3.338676e-02,2.701068e-01,2.149889e-03,2.849101e-02
3.896921e-01,1.956816e-02,1.278976e-02,3.788386e-02,1.655072e-02,5.820941e-02,1.445038e-02,8.751260e-03,6.564639e-02,6.933185e-03,1.629243e-02,4.090422e-02,2.636005e-01,3.632413e-03,4.509523e-02
4.229447e-01,1.532610e-02,9.981058e-03,3.134162e-02,1.676959e-02,4.766591e-02,1.217628e-02,8.600494e-03,8.628738e-02,7.691623e-03,2.352329e-02,4.431944e-02,2.338306e-01,3.424553e-03,3.611735e-02
3.529732e-01,1.234863e-02,7.620708e-03,2.324400e-02,3.471792e-02,3.501323e-02,1.403589e-02,9.110455e-03,2.070456e-01,6.287419e-03,2.366528e-02,4.417720e-02,1.994359e-01,2.515569e-03,2.780897e-02
3.478630e-01,1.079413e-02,7.039691e-03,3.143917e-02,7.290777e-02,3.565497e-02,1.495875e-02,1.004693e-02,2.337034e-01,6.040234e-03,1.853326e-02,3.550681e-02,1.510058e-01,1.924073e-03,2.258207e-02
2.996284e-01,1.112460e-02,8.214649e-03,2.774311e-02,8.547303e-02,3.682858e-02,1.386558e-02,1.262194e-02,3.029489e-01,5.897056e-03,1.565185e-02,2.868543e-02,1.306839e-01,1.669259e-03,1.896377e-02
2.525906e-01,1.184512e-02,1.125375e-02,2.134714e-02,9.148694e-02,4.565484e-02,1.313899e-02,1.859194e-02,2.870851e-01,4.945016e-03,1.552460e-02,2.653737e-02,1.833448e-01,1.524711e-03,1.512911e-02
1.816892e-01,1.027974e-02,1.329937e-02,1.543364e-02,1.504592e-01,4.209147e-02,1.804872e-02,1.768528e-02,2.756381e-01,3.544017e-03,1.278403e-02,1.968883e-02,2.259733e-01,1.091870e-03,1.229321e-02
1.303904e-01,8.757382e-03,1.302056e-02,1.128326e-02,1.499265e-01,4.107857e-02,2.069153e-02,1.520533e-02,2.287335e-01,2.576163e-03,9.638352e-03,1.659654e-02,3.400916e-01,8.073986e-04,1.120297e-02
1.198743e-01,1.287550e-02,3.535173e-02,1.969688e-02,1.545677e-01,4.238708e-02,3.028820e-02,2.072986e-02,1.793571e-01,2.136405e-03,7.690503e-03,1.384360e-02,3.516233e-01,7.345662e-04,8.843372e-03
1.150869e-01,2.157063e-02,4.013721e-02,2.020815e-02,1.677768e-01,4.826369e-02,3.497472e-02,2.167976e-02,1.671379e-01,1.723853e-03,6.181761e-03,1.097399e-02,3.359920e-01,6.287039e-04,7.664024e-03
1.072318e-01,2.415949e-02,2.902630e-02,1.533389e-02,1.446861e-01,5.282178e-02,2.652433e-02,1.635526e-02,1.445857e-01,1.430368e-03,5.585952e-03,9.505598e-03,4.156456e-01,6.687896e-04,6.438978e-03
1.110946e-01,3.419922e-02,2.388900e-02,5.299138e-02,1.654911e-01,4.429351e-02,2.768811e-02,1.817053e-02,1.224499e-01,1.320597e-03,5.448148e-03,8.367959e-03,3.790817e-01,5.757014e-04,4.938566e-03
1.034910e-01,6.416583e-02,1.800212e-02,6.450388e-02,2.515792e-01,4.861084e-02,3.671326e-02,1.671235e-02,9.177107e-02,1.113266e-03,5.271160e-03,6.995970e-03,2.867859e-01,4.710355e-04,3.813102e-03
1.486951e-01,6.012402e-02,1.630783e-02,4.839037e-02,2.648810e-01,8.993420e-02,4.301395e-02,1.567899e-02,6.820218e-02,1.302753e-03,7.121341e-03,5.984493e-03,2.257639e-01,4.786950e-04,4.121200e-03
1.571894e-01,4.391169e-02,1.185345e-02,3.423555e-02,3.479221e-01,9.499912e-02,4.252132e-02,1.147683e-02,5.039222e-02,1.192152e-03,1.280670e-02,6.204690e-03,1.759346e-01,5.567834e-04,8.803464e-03
3.049339e-01,3.193954e-02,9.265229e-03,2.470600e-02,2.812408e-01,7.681613e-02,3.546324e-02,8.826904e-03,4.016142e-02,1.122925e-03,1.286378e-02,1.328968e-02,1.485864e-01,9.476864e-04,9.836394e-03
3.963212e-01,2.297426e-02,7.722818e-03,1.781538e-02,2.695635e-01,5.732028e-02,2.801266e-02,7.189064e-03,3.093054e-02,1.023804e-03,9.948984e-03,1.454769e-02,1.269004e-01,1.057553e-03,8.671848e-03
4.757425e-01,1.648780e-02,5.806596e-03,1.281988e-02,2.602907e-01,4.386359e-02,2.126381e-02,5.799832e-03,2.608448e-02,1.004549e-03,7.885940e-03,1.488054e-02,9.892260e-02,1.035237e-03,8.112123e-03
4.301400e-01,1.183592e-02,4.409522e-03,9.914956e-03,3.549982e-01,3.452666e-02,2.266349e-02,5.072104e-03,1.883694e-02,1.206747e-03,5.852153e-03,1.095820e-02,7.755068e-02,1.427339e-03,1.060716e-02
4.098102e-01,8.873788e-03,3.494794e-03,8.659684e-03,3.944029e-01,2.641136e-02,3.678928e-02,4.535810e-03,1.371126e-02,1.267884e-03,4.793934e-03,8.162296e-03,5.866319e-02,3.078711e-03,1.734491e-02
4.379916e-01,8.287674e-03,5.408540e-03,8.892289e-03,3.574944e-01,2.262290e-02,4.858630e-02,4.891944e-03,1.031962e-02,1.640839e-03,4.379238e-03,6.456075e-03,4.275715e-02,6.403021e-03,3.386848e-02
4.500921e-01,9.335823e-03,4.873333e-03,1.011187e-02,2.765399e-01,2.795814e-02,6.417127e-02,5.062636e-03,8.637604e-03,1.139779e-02,1.705603e-02,5.720276e-03,3.209078e-02,1.696206e-02,5.999040e-02
4.429788e-01,9.661287e-03,4.486388e-03,1.064465e-02,2.100124e-01,3.199436e-02,8.612920e-02,4.749034e-03,8.002803e-03,1.629246e-02,2.024577e-02,5.154974e-03,2.472531e-02,3.579461e-02,8.912800e-02
4.558176e-01,8.526574e-03,4.517055e-03,9.476794e-03,1.611516e-01,5.015192e-02,7.003134e-02,4.348302e-03,7.281444e-03,2.540761e-02,2.484269e-02,4.633092e-03,1.939148e-02,5.788536e-02,9.653717e-02
4.379060e-01,1.189183e-02,1.539723e-02,1.836938e-02,1.191744e-01,5.105958e-02,5.581062e-02,3.549905e-03,7.585474e-03,2.521337e-02,2.564227e-02,1.545670e-02,1.834648e-02,7.366523e-02,1.209315e-01
3.195392e-01,1.081408e-02,1.406727e-02,1.366913e-02,8.571967e-02,9.370346e-02,4.007052e-02,2.620609e-03,6.169689e-03,1.864062e-02,1.545357e-01,1.679778e-02,1.405364e-02,1.130591e-01,9.653947e-02
2.269484e-01,7.887845e-03,1.021002e-02,9.770550e-03,6.023625e-02,8.134111e-02,2.814120e-02,1.986274e-03,4.988467e-03,1.386721e-02,3.239012e-01,1.503299e-02,1.030510e-02,1.367809e-01,6.860251e-02
1.600139e-01,6.960154e-03,7.899600e-03,7.003990e-03,4.281640e-02,6.450909e-02,1.979158e-02,1.507148e-03,8.931898e-03,1.124694e-02,3.564770e-01,1.920677e-02,7.901978e-03,2.356495e-01,5.008405e-02
1.123684e-01,6.669167e-03,6.280899e-03,5.122206e-03,3.051772e-02,4.972608e-02,1.390790e-02,1.095470e-03,1.612094e-02,9.130733e-03,3.373727e-01,1.946375e-02,6.029481e-03,3.493988e-01,3.679574e-02
7.895469e-02,6.831233e-03,4.900137e-03,3.718086e-03,2.175234e-02,4.075135e-02,9.787131e-03,7.994704e-04,2.260770e-02,7.313245e-03,3.296104e-01,2.031390e-02,4.941309e-03,4.190158e-01,2.870324e-02
5.610016e-02,7.383959e-03,1.979770e-02,2.896891e-03,1.563000e-02,6.776334e-02,6.964089e-03,8.818106e-04,3.900938e-02,6.989928e-03,3.465892e-01,1.667710e-02,3.704840e-03,3.886327e-01,2.097888e-02
3.941641e-02,7.666895e-03,1.427828e-02,2.071890e-03,1.103199e-02,5.363658e-02,4.897438e-03,6.636811e-04,6.603872e-02,6.808779e-03,3.617366e-01,1.585711e-02,2.743558e-03,3.973528e-01,1.579923e-02
2.773475e-02,3.606591e-02,1.055865e-02,1.524884e-03,7.915591e-03,4.530276e-02,3.449818e-03,5.916817e-04,1.376072e-01,7.379610e-03,2.946228e-01,1.196745e-02,2.115304e-03,4.007415e-01,1.242206e-02
1.971597e-02,4.530041e-02,8.157373e-03,1.362892e-03,6.709500e-03,5.028553e-02,2.438855e-03,6.581277e-04,2.832173e-01,6.312399e-03,2.193589e-01,8.679300e-03,1.707842e-03,3.369297e-01,9.165869e-03
1.427152e-02,8.415446e-02,7.489297e-03,1.450160e-03,6.237268e-03,6.052726e-02,1.750882e-03,7.558842e-04,3.606939e-01,6.212712e-03,1.702918e-01,6.354861e-03,1.662280e-03,2.709882e-01,7.159476e-03
1.120253e-02,6.494181e-02,1.661261e-02,7.033842e-03,7.079107e-03,1.186353e-01,1.846220e-03,1.444475e-02,3.841099e-01,6.033835e-03,1.298307e-01,4.890537e-03,1.131438e-02,2.150840e-01,6.940427e-03
8.757542e-03,5.442647e-02,2.503885e-02,1.458745e-02,7.258976e-03,9.756187e-02,1.425207e-03,1.217973e-02,4.036797e-01,9.590492e-03,1.216598e-01,6.459850e-03,5.026660e-02,1.604342e-01,2.667319e-02
7.856303e-03,4.947985e-02,2.492657e-02,1.873813e-02,2.569786e-02,7.267754e-02,1.446012e-03,1.188492e-02,3.384926e-01,3.658126e-02,1.759447e-01,8.535021e-03,5.754958e-02,1.328707e-01,3.731889e-02
6.318741e-03,3.602320e-02,2.339191e-02,1.490807e-02,1.851611e-01,5.192272e-02,1.675378e-03,1.834083e-02,2.644231e-01,8.733255e-02,1.358332e-01,6.488083e-03,4.444006e-02,9.652536e-02,2.721577e-02
7.034069e-03,2.791160e-02,1.879577e-02,1.181198e-02,1.945213e-01,3.862276e-02,1.651172e-03,1.442601e-02,2.779118e-01,1.778766e-01,1.013443e-01,5.001107e-03,3.306095e-02,6.908865e-02,2.094196e-02
6.137843e-03,2.069089e-02,1.537588e-02,1.274029e-02,3.352360e-01,3.247810e-02,4.973156e-03,1.689666e-02,2.606336e-01,1.323314e-01,7.163201e-02,3.556023e-03,2.338658e-02,4.874233e-02,1.518917e-02
1.541834e-02,2.557489e-02,1.364440e-02,1.342374e-02,3.274101e-01,3.151460e-02,6.207174e-03,2.225364e-02,3.156683e-01,1.105104e-01,5.077287e-02,2.676297e-03,1.660726e-02,3.446658e-02,1.385132e-02
1.804901e-02,2.095759e-02,1.115732e-02,1.694594e-02,3.170314e-01,2.748060e-02,1.053446e-02,1.150012e-01,2.874566e-01,8.939513e-02,3.683381e-02,2.241021e-03,1.202695e-02,2.454998e-02,1.033893e-02
3.173672e-02,2.726863e-02,1.191251e-02,1.722997e-02,2.535373e-01,2.298125e-02,3.208576e-02,1.120263e-01,3.202035e-01,1.005976e-01,2.754799e-02,4.975226e-03,1.099792e-02,1.769696e-02,9.202346e-03
3.607650e-02,5.799213e-02,1.882672e-02,3.521847e-02,1.898472e-01,2.657517e-02,2.927772e-02,8.803400e-02,2.826338e-01,1.030057e-01,3.388306e-02,4.289332e-02,3.115419e-02,1.256405e-02,1.201794e-02
4.077518e-02,5.713321e-02,8.931185e-02,4.563031e-02,1.402221e-01,2.414636e-02,2.630606e-02,6.863515e-02,2.298688e-01,1.061379e-01,5.584602e-02,5.275502e-02,3.915724e-02,9.105138e-03,1.496951e-02
5.160876e-02,7.271075e-02,6.890318e-02,5.150834e-02,1.011168e-01,1.982336e-02,2.064248e-02,5.130509e-02,2.239973e-01,1.114894e-01,8.684030e-02,6.562458e-02,4.972773e-02,6.669248e-03,1.803270e-02
5.560825e-02,7.415761e-02,5.076160e-02,4.619540e-02,7.294872e-02,1.775185e-02,1.491358e-02,3.863421e-02,2.093826e-01,1.090974e-01,1.218137e-01,9.541658e-02,5.913995e-02,6.069439e-03,2.810919e-02
4.507920e-02,5.391407e-02,6.094210e-02,7.024163e-02,5.519124e-02,1.327724e-02,1.068673e-02,3.935345e-02,2.617841e-01,7.817540e-02,1.316807e-01,8.125062e-02,7.331953e-02,4.806123e-03,2.029786e-02
3.812342e-02,3.940739e-02,8.714029e-02,2.244286e-01,4.173120e-02,1.044456e-02,7.569647e-03,2.966881e-02,2.196874e-01,5.870644e-02,1.061799e-01,5.983397e-02,5.701543e-02,4.209449e-03,1.585341e-02
1.357994e-01,3.267169e-02,8.233923e-02,2.143916e-01,3.512498e-02,1.205012e-02,5.864333e-03,2.331884e-02,1.965413e-01,4.558468e-02,9.911885e-02,5.094974e-02,4.500305e-02,6.649031e-03,1.459308e-02
1.138698e-01,3.629797e-02,1.029065e-01,2.343573e-01,2.945140e-02,1.109788e-02,4.774360e-03,2.981267e-02,2.158403e-01,3.347751e-02,9.031351e-02,3.882922e-02,3.545422e-02,1.036290e-02,1.315453e-02
1.087512e-01,4.762871e-02,1.016290e-01,2.145338e-01,2.472823e-02,1.020083e-02,4.737386e-03,3.417298e-02,2.473096e-01,2.744926e-02,8.934245e-02,3.109893e-02,2.985277e-02,1.609043e-02,1.247445e-02
9.578323e-02,4.620244e-02,8.580797e-02,3.143168e-01,2.068197e-02,9.485016e-03,3.584237e-03,2.933354e-02,2.363030e-01,2.086134e-02,6.983272e-02,2.286188e-02,2.218909e-02,1.287055e-02,9.886163e-03
1.223103e-01,5.496269e-02,6.648049e-02,2.730597e-01,1.930680e-02,1.469658e-02,3.236871e-03,2.935438e-02,2.761396e-01,1.653248e-02,5.824734e-02,2.044630e-02,2.103579e-02,1.249228e-02,1.169827e-02
9.273416e-02,4.880109e-02,6.520945e-02,3.874835e-01,1.609340e-02,1.199789e-02,2.390055e-03,5.454675e-02,2.164731e-01,1.216215e-02,4.332171e-02,1.452525e-02,1.528425e-02,8.974575e-03,1.000264e-02
6.918982e-02,3.970996e-02,1.414354e-01,3.937639e-01,1.301433e-02,1.277004e-02,1.748223e-03,6.544488e-02,1.821176e-01,9.867785e-03,3.417544e-02,1.030863e-02,1.107411e-02,6.576655e-03,8.803207e-03
5.788724e-02,3.475657e-02,1.704228e-01,3.511409e-01,1.261719e-02,2.144091e-02,1.396661e-03,6.003353e-02,2.037422e-01,1.156623e-02,3.689527e-02,7.454203e-03,8.768721e-03,5.279718e-03,1.659791e-02
4.844336e-02,3.230198e-02,2.073196e-01,3.254620e-01,1.167065e-02,2.242982e-02,1.099510e-03,4.652365e-02,2.016401e-01,1.302434e-02,2.909933e-02,5.371727e-03,6.642381e-03,4.016694e-03,4.495487e-02
6.403928e-02,2.936628e-02,1.763365e-01,3.093312e-01,2.949604e-02,4.320946e-02,1.551656e-03,4.132232e-02,1.687572e-01,1.187856e-02,2.808812e-02,4.067787e-03,5.258601e-03,3.478137e-03,8.381885e-02
5.067470e-02,2.992622e-02,1.369813e-01,4.077666e-01,4.812343e-02,3.482085e-02,1.458186e-03,4.954053e-02,1.349199e-01,8.660299e-03,2.143175e-02,2.961151e-03,3.812840e-03,2.483951e-03,6.643821e-02
7.284515e-02,3.750835e-02,1.048450e-01,3.603602e-01,9.144761e-02,6.983963e-02,2.438452e-03,4.623076e-02,1.261586e-01,6.536658e-03,1.759008e-02,2.362953e-03,3.313349e-03,2.090331e-03,5.643277e-02
8.032754e-02,3.543405e-02,8.934286e-02,4.120781e-01,9.835050e-02,6.832609e-02,3.468658e-03,4.126296e-02,9.860869e-02,5.199736e-03,1.503923e-02,1.891425e-03,2.683034e-03,1.731850e-03,4.625519e-02
9.321865e-02,5.077635e-02,8.967920e-02,4.263106e-01,9.476206e-02,5.764283e-02,3.647053e-03,3.258900e-02,7.775403e-02,4.425836e-03,1.530440e-02,1.905828e-03,2.714416e-03,2.100160e-03,4.716958e-02
1.575746e-01,5.712362e-02,7.289057e-02,3.640258e-01,1.063102e-01,4.914049e-02,4.166452e-03,2.839272e-02,8.134673e-02,3.837150e-03,1.704461e-02,2.370764e-03,3.070217e-03,3.816637e-03,4.888939e-02
2.629803e-01,9.669243e-02,5.777872e-02,2.812998e-01,8.870621e-02,4.457513e-02,3.533046e-03,2.218364e-02,7.263719e-02,3.031820e-03,1.509971e-02,3.060596e-03,4.783525e-03,3.728076e-03,3.990985e-02
3.865943e-01,8.516265e-02,4.240373e-02,2.148226e-01,7.400949e-02,3.941508e-02,2.893021e-03,3.080875e-02,5.603676e-02,2.513167e-03,1.587667e-02,6.132988e-03,5.968068e-03,5.662420e-03,3.170026e-02
4.431695e-01,7.067163e-02,3.151572e-02,1.601412e-01,8.303779e-02,3.942584e-02,2.666111e-03,5.305564e-02,4.916713e-02,2.502160e-03,1.742151e-02,1.078329e-02,6.966425e-03,5.477444e-03,2.399852e-02
1.000000e+00,0.000000e+00,0.000000e+00,0.000000e+00,0.000000e+00,0.000000e+00,0.000000e+00,0.000000e+00,0.000000e+00,0.000000e+00,0.000000e+00,0.000000e+00,0.000000e+00,0.000000e+00,0.000000e+00
1.000000e+00,0.000000e+00,0.000000e+00,0.000000e+00,0.000000e+00,0.000000e+00,0.000000e+00,0.000000e+00,0.000000e+00,0.000000e+00,0.000000e+00,0.000000e+00,0.000000e+00,0.000000e+00,0.000000e+00
4.310161e-01,2.686084e-02,1.425763e-02,5.819998e-02,5.780853e-02,1.838213e-02,3.105244e-03,3.012497e-02,3.405296e-02,2.881247e-01,9.829813e-03,6.078532e-03,5.346465e-03,4.295801e-03,1.251625e-02
3.058324e-01,1.986345e-02,1.007198e-02,4.133219e-02,4.061086e-02,1.351520e-02,2.209862e-03,2.120147e-02,3.172729e-02,4.303410e-01,8.930822e-03,4.426466e-03,5.237289e-03,3.350169e-03,6.134953e-02
2.176320e-01,1.634303e-02,7.120306e-03,2.917434e-02,2.861516e-02,9.611184e-03,1.569261e-03,1.489941e-02,2.808387e-02,4.996799e-01,8.298724e-03,3.189012e-03,4.598191e-03,2.671078e-03,1.285145e-01
1.530837e-01,2.489585e-02,5.081645e-03,2.067133e-02,2.006994e-02,6.952196e-03,1.107544e-03,1.045385e-02,3.570888e-02,4.930092e-01,6.179116e-03,2.281032e-03,3.572683e-03,2.508985e-03,2.144240e-01
1.081476e-01,2.780351e-02,3.790188e-03,1.504302e-02,1.416267e-02,5.090952e-03,7.825673e-04,7.387398e-03,3.720060e-02,3.643954e-01,4.843878e-03,1.669731e-03,2.883646e-03,2.382521e-03,4.044164e-01
7.716082e-02,1.982012e-01,4.655531e-03,1.247145e-02,9.957314e-03,4.880096e-03,5.543439e-04,5.198270e-03,5.451715e-02,2.626603e-01,5.678014e-03,1.424236e-03,3.471899e-03,1.121928e-02,3.479500e-01
5.812253e-02,1.490571e-01,6.733308e-03,9.117900e-03,7.487274e-03,5.446866e-03,4.062043e-04,3.671383e-03,5.210515e-02,1.865909e-01,1.477685e-02,1.092976e-03,3.009160e-03,2.519167e-02,4.771907e-01
4.395653e-02,1.273871e-01,5.365923e-02,3.853903e-02,8.244894e-03,1.390115e-02,5.347626e-04,4.999510e-03,1.337675e-01,1.333516e-01,2.246800e-02,8.565014e-04,2.820588e-03,1.888612e-02,3.966275e-01
3.630348e-02,1.023783e-01,4.292577e-02,2.921451e-02,7.331762e-03,1.151107e-02,4.810663e-04,3.599285e-03,2.589459e-01,9.646975e-02,2.760082e-02,7.170970e-04,2.897690e-03,1.609349e-02,3.635300e-01
2.798296e-02,8.021538e-02,3.185312e-02,2.269810e-02,6.078410e-03,8.693378e-03,3.787479e-04,2.912578e-03,4.005072e-01,6.865342e-02,2.592386e-02,5.791432e-04,2.732224e-03,1.201084e-02,3.087806e-01
2.094049e-02,5.850717e-02,7.401470e-02,2.547284e-02,4.895346e-03,6.399423e-03,2.920512e-04,2.420829e-03,5.022422e-01,4.972445e-02,2.037729e-02,4.415277e-04,2.102559e-03,8.557199e-03,2.236118e-01
3.062954e-02,7.499111e-02,9.951775e-02,3.359655e-02,1.960414e-02,2.144095e-02,1.790442e-03,4.406719e-03,4.692319e-01,3.988835e-02,1.551846e-02,5.998970e-04,2.848719e-03,6.867338e-03,1.790681e-01
3.431549e-02,9.429249e-02,1.280889e-01,4.797173e-02,5.307359e-02,5.708034e-02,4.989407e-03,7.657052e-03,3.866377e-01,3.029349e-02,1.203504e-02,5.809493e-04,2.691099e-03,5.621735e-03,1.346710e-01
5.180045e-02,1.294501e-01,1.627361e-01,4.305840e-02,5.378290e-02,6.516850e-02,4.665819e-03,9.777188e-03,3.107586e-01,3.072131e-02,1.110774e-02,8.326326e-04,2.637020e-03,6.631018e-03,1.168721e-01
5.691680e-02,1.251638e-01,1.533085e-01,4.375770e-02,4.960915e-02,5.804315e-02,3.722652e-03,9.427043e-03,3.070185e-01,3.774409e-02,9.729235e-03,1.161978e-03,2.897611e-03,8.983191e-03,1.325167e-01
7.997010e-02,1.330465e-01,1.414848e-01,4.506909e-02,5.774593e-02,6.672271e-02,4.014638e-03,1.675457e-02,2.658258e-01,3.345506e-02,9.160606e-03,1.329743e-03,3.869948e-03,1.565804e-02,1.258925e-01
1.286409e-01,1.459863e-01,1.078373e-01,3.646316e-02,5.954832e-02,5.537938e-02,3.572970e-03,2.086026e-02,2.300791e-01,3.177444e-02,8.392236e-03,1.808972e-03,7.006950e-03,4.040721e-02,1.222424e-01
1.673732e-01,1.749528e-01,8.093184e-02,3.192483e-02,6.287971e-02,5.570497e-02,3.962147e-03,2.689044e-02,1.814310e-01,2.943582e-02,7.544875e-03,2.175829e-03,8.589083e-03,5.539152e-02,1.108119e-01
2.363771e-01,1.795820e-01,6.050800e-02,2.460014e-02,5.120112e-02,4.341780e-02,3.445707e-03,2.502974e-02,1.428951e-01,2.204649e-02,6.523103e-03,2.912448e-03,8.239867e-03,6.176350e-02,1.314579e-01
3.544448e-01,1.473416e-01,4.455883e-02,1.945347e-02,4.131149e-02,3.307598e-02,3.422696e-03,2.275229e-02,1.138181e-01,1.651596e-02,5.638861e-03,4.384525e-03,7.652410e-03,5.333500e-02,1.322940e-01
4.607092e-01,1.239318e-01,3.428501e-02,1.626964e-02,3.377040e-02,2.609435e-02,3.914387e-03,2.351867e-02,9.008037e-02,1.376603e-02,5.389575e-03,7.134721e-03,7.000000e-03,4.699570e-02,1.071402e-01
1.000000e+00,0.000000e+00,0.000000e+00,0.000000e+00,0.000000e+00,0.000000e+00,0.000000e+00,0.000000e+00,0.000000e+00,0.000000e+00,0.000000e+00,0.000000e+00,0.000000e+00,0.000000e+00,0.000000e+00
3.953143e-01,7.660462e-02,2.086871e-02,1.390306e-02,1.739228e-02,2.149744e-02,2.231291e-03,1.350994e-02,5.627001e-02,1.332730e-02,8.165794e-03,1.459067e-02,7.058327e-03,6.437863e-02,2.748876e-01
3.048578e-01,6.930659e-02,2.634917e-02,1.677278e-02,1.373162e-02,2.442823e-02,1.762880e-03,1.014484e-02,4.617386e-02,1.102305e-02,5.362693e-02,2.069455e-02,9.329489e-03,1.644026e-01,2.273956e-01
2.194443e-01,5.230891e-02,3.175360e-02,1.348368e-02,9.860046e-03,2.133978e-02,1.270802e-03,7.156637e-03,3.818094e-02,8.180962e-03,9.493093e-02,1.724182e-02,7.499339e-03,2.995142e-01,1.778341e-01
1.596201e-01,4.055723e-02,2.598158e-02,1.323929e-02,7.355148e-03,1.965908e-02,1.043317e-03,5.217688e-03,3.378320e-02,7.420577e-03,1.441282e-01,1.873465e-02,6.332341e-03,3.827983e-01,1.341292e-01
1.157091e-01,2.870774e-02,1.874776e-02,1.023740e-02,5.644539e-03,1.601384e-02,8.031568e-04,3.787064e-03,3.346207e-02,5.991858e-03,1.635567e-01,1.616618e-02,5.097267e-03,4.783657e-01,9.770969e-02
8.185194e-02,2.049861e-02,1.319983e-02,7.421042e-03,4.317856e-03,1.182522e-02,5.861221e-04,2.669983e-03,4.067339e-02,4.900966e-03,1.804643e-01,1.428537e-02,3.799668e-03,5.445213e-01,6.898436e-02
5.809053e-02,1.567741e-02,9.394325e-03,5.890316e-03,3.987660e-03,9.349489e-03,4.878609e-04,1.927956e-03,4.752132e-02,7.161384e-03,1.925254e-01,1.151133e-02,2.851312e-03,5.817369e-01,5.188680e-02
4.107814e-02,1.142222e-02,6.723580e-03,4.268809e-03,3.263763e-03,6.888443e-03,3.771892e-04,1.391461e-03,4.505460e-02,6.861461e-03,1.982366e-01,8.966452e-03,2.042700e-03,6.265382e-01,3.688651e-02
2.970245e-02,8.993383e-03,5.688936e-03,3.812735e-03,3.684387e-03,6.217359e-03,3.763658e-04,1.502263e-03,5.988583e-02,7.010801e-03,1.871107e-01,7.338064e-03,1.474870e-03,6.511865e-01,2.601538e-02
2.131809e-02,7.310716e-03,5.569298e-03,3.319027e-03,3.823250e-03,5.300287e-03,3.433338e-04,1.590525e-03,6.402705e-02,7.815033e-03,1.730953e-01,6.188910e-03,1.134219e-03,6.807188e-01,1.844624e-02
1.581920e-02,6.676688e-03,7.564142e-03,3.409714e-03,4.263417e-03,5.629745e-03,3.321500e-04,1.553384e-03,8.384722e-02,7.806601e-03,1.418111e-01,5.221905e-03,9.290129e-04,7.018778e-01,1.325796e-02
1.255914e-02,6.157658e-03,1.406375e-02,3.691627e-03,4.379045e-03,5.819074e-03,3.333271e-04,1.988980e-03,8.257952e-02,1.152117e-02,1.279257e-01,4.309353e-03,7.569488e-04,7.139801e-01,9.934602e-03
9.617450e-03,5.217673e-03,1.292334e-02,3.167905e-03,3.820055e-03,9.496666e-03,2.799914e-04,1.945515e-03,9.054366e-02,1.109528e-02,1.100076e-01,3.314822e-03,6.191478e-04,7.308698e-01,7.081176e-03
8.777245e-03,9.509770e-03,1.233125e-02,3.402787e-03,5.626042e-03,2.271433e-02,3.545681e-04,1.818685e-03,1.189353e-01,2.005057e-02,1.134538e-01,2.645023e-03,5.457175e-04,6.744052e-01,5.429811e-03
9.672835e-03,1.285399e-02,1.053522e-02,5.509157e-03,8.435113e-03,5.322319e-02,3.228176e-04,2.418014e-03,2.403891e-01,2.116723e-02,9.017490e-02,2.149818e-03,5.063231e-04,5.374821e-01,5.160198e-03
1.851611e-02,2.778580e-02,4.424706e-02,1.401157e-02,2.323183e-02,6.196043e-02,5.139625e-04,5.656890e-03,3.006944e-01,2.234799e-02,6.848879e-02,1.767661e-03,8.515532e-04,4.016089e-01,8.317000e-03
2.103972e-02,3.836982e-02,3.900829e-02,1.136444e-02,2.556519e-02,1.719889e-01,4.963454e-04,1.129649e-02,3.116250e-01,1.921904e-02,5.067512e-02,1.378978e-03,7.754000e-04,2.892683e-01,7.928878e-03
2.062093e-02,4.923693e-02,3.101385e-02,8.682928e-03,3.876162e-02,1.920749e-01,6.618573e-04,1.166507e-02,3.598418e-01,1.685980e-02,3.926341e-02,1.054675e-03,7.556606e-04,2.218979e-01,7.608668e-03
3.998719e-02,4.785850e-02,3.294424e-02,8.116970e-03,5.007484e-02,1.698972e-01,7.617433e-04,1.583966e-02,4.051413e-01,1.459136e-02,3.552945e-02,1.043063e-03,1.196711e-03,1.677953e-01,9.222418e-03
4.773620e-02,4.523667e-02,3.002357e-02,9.915868e-03,5.713097e-02,1.415514e-01,7.235613e-04,1.867671e-02,4.437029e-01,1.289490e-02,4.697125e-02,1.218639e-03,1.242066e-03,1.347879e-01,8.187360e-03
5.658399e-02,3.905843e-02,2.495480e-02,7.962194e-03,4.304090e-02,1.105661e-01,6.233262e-04,1.496169e-02,5.108957e-01,1.056053e-02,5.293701e-02,1.179854e-03,1.129531e-03,1.176501e-01,7.895933e-03
8.290990e-02,2.877639e-02,1.908163e-02,6.205081e-03,3.132739e-02,8.062049e-02,5.436966e-04,1.091436e-02,5.560035e-01,8.333943e-03,6.556058e-02,2.882411e-03,1.242160e-03,9.804392e-02,7.554621e-03
1.133802e-01,2.214458e-02,1.421406e-02,5.237613e-03,2.331228e-02,6.158185e-02,5.063860e-04,8.003155e-03,5.802677e-01,6.687342e-03,6.417219e-02,8.465076e-03,1.557163e-03,8.318441e-02,7.285943e-03
2.387782e-01,1.929374e-02,1.486999e-02,4.851502e-03,1.904627e-02,4.817985e-02,6.230893e-04,6.496773e-03,4.915367e-01,5.283918e-03,5.268373e-02,7.279600e-03,2.143188e-03,8.055735e-02,8.376107e-03
3.363645e-01,1.676612e-02,1.297296e-02,5.335395e-03,1.606381e-02,3.753104e-02,6.836122e-04,5.067358e-03,3.943426e-01,4.887825e-03,4.908626e-02,1.041806e-02,3.550180e-03,9.664618e-02,1.028411e-02
4.075374e-01,1.398331e-02,1.158217e-02,6.258250e-03,1.342897e-02,2.851500e-02,6.960916e-04,3.916510e-03,3.261957e-01,4.389284e-03,4.157801e-02,9.317151e-03,3.734940e-03,1.170606e-01,1.180658e-02
1.000000e+00,0.000000e+00,0.000000e+00,0.000000e+00,0.000000e+00,0.000000e+00,0.000000e+00,0.000000e+00,0.000000e+00,0.000000e+00,0.000000e+00,0.000000e+00,0.000000e+00,0.000000e+00,0.000000e+00
1.000000e+00,0.000000e+00,0.000000e+00,0.000000e+00,0.000000e+00,0.000000e+00,0.000000e+00,0.000000e+00,0.000000e+00,0.000000e+00,0.000000e+00,0.000000e+00,0.000000e+00,0.000000e+00,0.000000e+00
1.000000e+00,0.000000e+00,0.000000e+00,0.000000e+00,0.000000e+00,0.000000e+00,0.000000e+00,0.000000e+00,0.000000e+00,0.000000e+00,0.000000e+00,0.000000e+00,0.000000e+00,0.000000e+00,0.000000e+00
3.888637e-01,4.160294e-02,4.144865e-02,2.098911e-01,1.136600e-02,1.205236e-02,1.436022e-03,3.410091e-03,1.072193e-01,6.512725e-03,1.565024e-02,2.116560e-02,8.675997e-03,4.315720e-02,8.754805e-02
2.750403e-01,4.006296e-02,9.925896e-02,2.701041e-01,9.226285e-03,8.893102e-03,1.138902e-03,2.432078e-03,7.669025e-02,1.543134e-02,1.141125e-02,1.562227e-02,6.477369e-03,3.029674e-02,1.379140e-01
2.558493e-01,3.231404e-02,1.015581e-01,2.615913e-01,1.229042e-02,8.185656e-03,1.795376e-03,2.763187e-03,9.648544e-02,3.181768e-02,2.056799e-02,1.585052e-02,1.704019e-02,2.227909e-02,1.196118e-01
2.402567e-01,3.112249e-02,9.486026e-02,2.556967e-01,1.633059e-02,9.653874e-03,3.062522e-03,3.070286e-03,1.149399e-01,3.025199e-02,2.848334e-02,1.734352e-02,2.314547e-02,1.622432e-02,1.155581e-01
1.683541e-01,2.850514e-02,8.141723e-02,4.240683e-01,1.168222e-02,7.000190e-03,2.169262e-03,2.178271e-03,9.228107e-02,2.580832e-02,2.127597e-02,1.234386e-02,1.675469e-02,1.139853e-02,9.476279e-02
1.326967e-01,7.290803e-02,6.320081e-02,3.248350e-01,9.659295e-03,7.638600e-03,1.825285e-03,1.730747e-03,1.929599e-01,1.984211e-02,2.131313e-02,9.436697e-03,5.562314e-02,8.576270e-03,7.775417e-02
9.872766e-02,1.049326e-01,4.637294e-02,2.958690e-01,7.608178e-03,7.730880e-03,1.395643e-03,1.711334e-03,2.816123e-01,1.638805e-02,1.983227e-02,7.123076e-03,4.540553e-02,6.314666e-03,5.897587e-02
7.763185e-02,1.413509e-01,3.607823e-02,2.990754e-01,5.610892e-03,1.008931e-02,1.026074e-03,1.399820e-03,2.913975e-01,1.505824e-02,1.651956e-02,6.045838e-03,4.155446e-02,6.656341e-03,5.050555e-02
9.616514e-02,1.234979e-01,2.898424e-02,2.566418e-01,9.056424e-03,1.715997e-02,1.233081e-03,1.247182e-03,3.216789e-01,1.490794e-02,1.917264e-02,5.194568e-03,4.400403e-02,5.541626e-03,5.551455e-02
7.266954e-02,1.249928e-01,4.164999e-02,2.955459e-01,6.880143e-03,1.316115e-02,9.492321e-04,1.285732e-03,2.989643e-01,1.976218e-02,1.509650e-02,4.830251e-03,3.348204e-02,4.768415e-03,6.596176e-02
9.059822e-02,1.030774e-01,8.790080e-02,2.769958e-01,2.559548e-02,3.908368e-02,6.455748e-03,5.747887e-03,2.433555e-01,1.751786e-02,1.284660e-02,4.118273e-03,2.805656e-02,4.326949e-03,5.432318e-02
1.082151e-01,9.288387e-02,7.692506e-02,2.817947e-01,2.864739e-02,3.804528e-02,6.406542e-03,5.341919e-03,2.262405e-01,1.918314e-02,1.593528e-02,3.885560e-03,2.423915e-02,5.308686e-03,6.694775e-02
8.673389e-02,7.188504e-02,9.975989e-02,2.515061e-01,2.202330e-02,2.831147e-02,4.675488e-03,6.643253e-03,2.510980e-01,3.154160e-02,1.346469e-02,3.120405e-03,1.755944e-02,5.188263e-03,1.064892e-01
8.777779e-02,5.874507e-02,8.130595e-02,2.017174e-01,1.911603e-02,2.323165e-02,3.853414e-03,5.962107e-03,2.773913e-01,3.991722e-02,1.274337e-02,2.968168e-03,1.528805e-02,6.193851e-03,1.637887e-01
6.331500e-02,4.770770e-02,1.338589e-01,1.639971e-01,1.365492e-02,1.651154e-02,2.718433e-03,4.264795e-03,2.858833e-01,4.452976e-02,9.315616e-03,2.289801e-03,1.093291e-02,4.860043e-03,1.961603e-01
7.765878e-02,3.878809e-02,1.154051e-01,1.424231e-01,1.340344e-02,1.702053e-02,2.497466e-03,5.039363e-03,2.835485e-01,5.110001e-02,8.188508e-03,2.561444e-03,9.873750e-03,5.637903e-03,2.268541e-01
1.066057e-01,3.305613e-02,9.883349e-02,1.143661e-01,3.711137e-02,3.234721e-02,3.636107e-02,3.070805e-02,2.462508e-01,4.619126e-02,8.259323e-03,2.772347e-03,2.327782e-02,6.151829e-03,1.777076e-01
1.128947e-01,3.660017e-02,1.063571e-01,1.171784e-01,4.339053e-02,7.990696e-02,3.272884e-02,4.598198e-02,2.042943e-01,4.163041e-02,7.559427e-03,2.514267e-03,2.134653e-02,5.176887e-03,1.424395e-01
1.350408e-01,3.927706e-02,9.110361e-02,1.002443e-01,5.335102e-02,1.151597e-01,3.584629e-02,6.152462e-02,1.651563e-01,3.667563e-02,7.104473e-03,2.773175e-03,2.408126e-02,4.519090e-03,1.281427e-01
1.266228e-01,4.344078e-02,9.013978e-02,8.615877e-02,4.915674e-02,1.257075e-01,2.931229e-02,9.409916e-02,1.467387e-01,3.295463e-02,5.541932e-03,2.805135e-03,4.166168e-02,3.670639e-03,1.219895e-01
1.716605e-01,4.929152e-02,7.432805e-02,7.197987e-02,4.545782e-02,1.366694e-01,2.480563e-02,8.115928e-02,1.207992e-01,3.003439e-02,5.132770e-03,4.618694e-03,4.450956e-02,4.036702e-03,1.355166e-01
1.310161e-01,6.124229e-02,7.221673e-02,8.560415e-02,3.706685e-02,1.039883e-01,1.828053e-02,5.870750e-02,1.059188e-01,4.723530e-02,5.463576e-03,6.486706e-03,3.503279e-02,3.992719e-03,2.277477e-01
1.065296e-01,5.389044e-02,6.979642e-02,1.151154e-01,2.738108e-02,7.718096e-02,1.345704e-02,4.175191e-02,9.559804e-02,7.228120e-02,8.330200e-03,6.769673e-03,4.549383e-02,3.951780e-03,2.624725e-01
1.081288e-01,4.817740e-02,5.315114e-02,1.164900e-01,2.156197e-02,5.950554e-02,1.009569e-02,3.011215e-02,8.494185e-02,7.208413e-02,1.918007e-02,7.841587e-03,5.075203e-02,5.168676e-03,3.128090e-01
1.457098e-01,4.483397e-02,3.859699e-02,9.658931e-02,1.898702e-02,4.408407e-02,9.105486e-03,3.077551e-02,1.196397e-01,5.488507e-02,2.547821e-02,9.471118e-03,8.490230e-02,5.540715e-03,2.714007e-01
2.391923e-01,3.355714e-02,2.730663e-02,7.010511e-02,1.437544e-02,3.391373e-02,7.180574e-03,2.248481e-02,9.041516e-02,3.915569e-02,2.061162e-02,9.856171e-03,1.842613e-01,5.165234e-03,2.024191e-01
1.942813e-01,3.846475e-02,3.199697e-02,1.005075e-01,1.112919e-02,2.543441e-02,5.249246e-03,1.841297e-02,1.905315e-01,3.506333e-02,1.840407e-02,1.213121e-02,1.436140e-01,4.745698e-03,1.700338e-01
2.380846e-01,3.519135e-02,6.355911e-02,8.801258e-02,9.012565e-03,2.439885e-02,4.111823e-03,1.669165e-02,1.520654e-01,3.043812e-02,1.975169e-02,2.025340e-02,1.242404e-01,1.167333e-02,1.625151e-01
3.065928e-01,3.403367e-02,5.227810e-02,7.138431e-02,8.222768e-03,2.406359e-02,3.958275e-03,1.763466e-02,1.300461e-01,2.429587e-02,2.141917e-02,2.306220e-02,1.323255e-01,1.413989e-02,1.365431e-01
2.648280e-01,2.557693e-02,3.923929e-02,5.187081e-02,1.222836e-02,2.036292e-02,8.856518e-03,2.479887e-02,1.676149e-01,1.839944e-02,5.371635e-02,2.493078e-02,1.632314e-01,1.086099e-02,1.134845e-01
2.791583e-01,2.192202e-02,3.610821e-02,4.395723e-02,2.985242e-02,3.911720e-02,2.688277e-02,2.836495e-02,1.855869e-01,1.363735e-02,4.731808e-02,2.119691e-02,1.313518e-01,8.790083e-03,8.675586e-02
2.628611e-01,2.589265e-02,4.075184e-02,5.622533e-02,6.629621e-02,7.567934e-02,4.703549e-02,2.985157e-02,1.542427e-01,1.099746e-02,3.772539e-02,1.790405e-02,9.988150e-02,6.605226e-03,6.805009e-02
2.561014e-01,2.814757e-02,5.221206e-02,5.109131e-02,8.544891e-02,1.130005e-01,6.006125e-02,3.714751e-02,1.298117e-01,9.611011e-03,2.765715e-02,1.356772e-02,7.934279e-02,5.021659e-03,5.177744e-02
2.275993e-01,2.679459e-02,6.503036e-02,4.987615e-02,1.229178e-01,9.807485e-02,7.261281e-02,6.906705e-02,1.245581e-01,7.284109e-03,2.030488e-02,1.045970e-02,6.308260e-02,3.821016e-03,3.851661e-02
1.777956e-01,3.561410e-02,7.620598e-02,4.402000e-02,1.214867e-01,7.797685e-02,5.920256e-02,9.502129e-02,1.841908e-01,6.939822e-03,1.540752e-02,8.277260e-03,6.112618e-02,3.157371e-03,3.357796e-02
1.590765e-01,3.609103e-02,7.495192e-02,3.487823e-02,1.016912e-01,6.001656e-02,4.606169e-02,1.062570e-01,2.224542e-01,6.175608e-03,1.168335e-02,7.170450e-03,8.620806e-02,2.940598e-03,4.434348e-02
1.446074e-01,3.700141e-02,8.971359e-02,2.645893e-02,9.617197e-02,5.119929e-02,4.841793e-02,9.579884e-02,2.635635e-01,5.811644e-03,8.637705e-03,5.894120e-03,8.604135e-02,2.352666e-03,3.832969e-02
1.429934e-01,3.811635e-02,1.170244e-01,2.091366e-02,9.175934e-02,4.658016e-02,5.619639e-02,9.250969e-02,2.659945e-01,5.076225e-03,6.460925e-03,4.694136e-03,7.588597e-02,1.841631e-03,3.395314e-02
1.979011e-01,3.816503e-02,9.680466e-02,1.645725e-02,8.573589e-02,4.662722e-02,5.072061e-02,8.051044e-02,2.799553e-01,3.857770e-03,5.036198e-03,5.053171e-03,6.169346e-02,1.563097e-03,2.991881e-02
1.984393e-01,3.085498e-02,9.376085e-02,1.425923e-02,1.014703e-01,3.950756e-02,4.685886e-02,1.242672e-01,2.585840e-01,2.888613e-03,4.604275e-03,7.931214e-03,5.245892e-02,1.222194e-03,2.289256e-02
2.126762e-01,2.299009e-02,7.394122e-02,1.156828e-02,9.718683e-02,1.243898e-01,4.586647e-02,1.225572e-01,1.877599e-01,2.460989e-03,9.887915e-03,1.279464e-02,5.601241e-02,9.831208e-04,1.892489e-02
2.046399e-01,1.767879e-02,5.466440e-02,8.998172e-03,8.288191e-02,1.435530e-01,4.420266e-02,9.180667e-02,1.328205e-01,8.955185e-03,2.330426e-02,1.513743e-02,1.282544e-01,9.702109e-04,4.213247e-02
1.724481e-01,1.477685e-02,3.900272e-02,7.092155e-03,5.871092e-02,1.294830e-01,3.193943e-02,6.451148e-02,9.427275e-02,1.045946e-02,2.427400e-02,2.092738e-02,2.288936e-01,1.144827e-03,1.020633e-01
1.367548e-01,1.159356e-02,2.843970e-02,6.848878e-03,4.151899e-02,1.030973e-01,2.322385e-02,4.561334e-02,6.841111e-02,1.055991e-02,2.274970e-02,2.336571e-02,3.515251e-01,1.422232e-03,1.248758e-01
1.014154e-01,9.806152e-03,2.616423e-02,9.512809e-03,2.948078e-02,1.322002e-01,1.660846e-02,3.273054e-02,5.561088e-02,1.460695e-02,2.931058e-02,8.587973e-02,3.234495e-01,2.076320e-03,1.311475e-01
7.347939e-02,1.403158e-02,1.890964e-02,1.274999e-02,2.219927e-02,9.752584e-02,1.196663e-02,2.441864e-02,1.191158e-01,3.743131e-02,3.487585e-02,1.002342e-01,2.721140e-01,2.702780e-03,1.582449e-01
5.257446e-02,1.291591e-02,1.342501e-02,1.142167e-02,1.725097e-02,6.882809e-02,8.537229e-03,1.754234e-02,2.938029e-01,2.945341e-02,2.993759e-02,9.453458e-02,2.060620e-01,1.989231e-03,1.417246e-01
3.777199e-02,1.135132e-02,1.045283e-02,7.112846e-02,1.460485e-02,5.570903e-02,6.017603e-03,1.402030e-02,4.189989e-01,2.160508e-02,2.271857e-02,6.741979e-02,1.457977e-01,1.430517e-03,1.009731e-01
2.796553e-02,1.122449e-02,7.448259e-03,5.359137e-02,1.136269e-02,4.013941e-02,4.295228e-03,1.046519e-02,5.785695e-01,1.535268e-02,1.650118e-02,4.769431e-02,1.027872e-01,1.012000e-03,7.159089e-02
3.274963e-02,1.107372e-02,6.007388e-03,4.880848e-02,1.718667e-02,2.942604e-02,3.579491e-03,1.140274e-02,6.571237e-01,1.161602e-02,1.217424e-02,3.383901e-02,7.263018e-02,7.393790e-04,5.164329e-02
2.583734e-02,8.530393e-03,6.621641e-03,2.661301e-01,1.439042e-02,2.182024e-02,2.646557e-03,2.734159e-02,4.861001e-01,1.013075e-02,1.546422e-02,2.470717e-02,5.232527e-02,6.511727e-04,3.730294e-02
6.745069e-02,9.449938e-03,9.632831e-03,2.715310e-01,1.930964e-02,1.738094e-02,2.658812e-03,3.917136e-02,4.291784e-01,1.240485e-02,2.552231e-02,2.045843e-02,4.079574e-02,9.005475e-04,3.415449e-02
6.321412e-02,1.465888e-02,7.000390e-02,3.056599e-01,2.033570e-02,1.408209e-02,2.784400e-03,4.196587e-02,3.494654e-01,1.615576e-02,2.232110e-02,1.574922e-02,3.082261e-02,9.624598e-04,3.181861e-02
1.040787e-01,1.567041e-02,6.919727e-02,2.566498e-01,4.317083e-02,2.435147e-02,9.867446e-03,3.486430e-02,3.033041e-01,1.790616e-02,2.729821e-02,1.293309e-02,2.777026e-02,1.135106e-03,5.180298e-02
7.493900e-02,1.441360e-02,5.264392e-02,3.297817e-01,3.779074e-02,1.799020e-02,7.330267e-03,3.386782e-02,3.249987e-01,1.416725e-02,2.172276e-02,9.489118e-03,1.991304e-02,8.818161e-04,4.007003e-02
5.681873e-02,1.262210e-02,4.636126e-02,2.672271e-01,2.796142e-02,1.508448e-02,5.416451e-03,2.741507e-02,4.013151e-01,1.890093e-02,1.901820e-02,6.794005e-03,1.476028e-02,1.267409e-03,7.903744e-02
4.116095e-02,1.024606e-02,5.831139e-02,2.279539e-01,2.012030e-02,1.135790e-02,3.887876e-03,2.341476e-02,4.656066e-01,2.625715e-02,1.798500e-02,4.894229e-03,1.107684e-02,1.094268e-03,7.663278e-02
3.525729e-02,1.121300e-02,8.388031e-02,1.935545e-01,1.552233e-02,1.250515e-02,2.874189e-03,1.868740e-02,4.722834e-01,3.024878e-02,1.848001e-02,3.828078e-03,8.849416e-03,1.824368e-03,9.099187e-02
6.403680e-02,2.375177e-02,8.646521e-02,1.749458e-01,3.392576e-02,3.358283e-02,5.579355e-03,1.709708e-02,3.579569e-01,2.641479e-02,2.661555e-02,4.445561e-03,7.839167e-03,2.952381e-03,1.343910e-01
5.516276e-02,5.046609e-02,8.370882e-02,2.356459e-01,6.881672e-02,4.987050e-02,9.311624e-03,2.569700e-02,2.652027e-01,1.990112e-02,2.213394e-02,4.113037e-03,6.491165e-03,2.425507e-03,1.010532e-01
5.918024e-02,9.125583e-02,7.175004e-02,2.317167e-01,9.494244e-02,8.722506e-02,1.476781e-02,2.460478e-02,2.021193e-01,1.484208e-02,1.625710e-02,3.230524e-03,5.494883e-03,2.030107e-03,8.058317e-02
8.024868e-02,8.958836e-02,5.688278e-02,2.019975e-01,1.407106e-01,8.982628e-02,1.654135e-02,2.743712e-02,2.029392e-01,1.069085e-02,1.259432e-02,2.716862e-03,5.307335e-03,1.727502e-03,6.079141e-02
1.102237e-01,8.939615e-02,4.800620e-02,1.950401e-01,1.453116e-01,1.096722e-01,1.453937e-02,2.921209e-02,1.832164e-01,7.991400e-03,1.021567e-02,3.051217e-03,6.113265e-03,1.552235e-03,4.645844e-02
1.523651e-01,1.023426e-01,3.762902e-02,1.636862e-01,1.250520e-01,1.042633e-01,1.246119e-02,2.404622e-02,2.105648e-01,6.095842e-03,8.562354e-03,4.220245e-03,6.208338e-03,1.720590e-03,4.078218e-02
2.135110e-01,9.906366e-02,2.844124e-02,1.224490e-01,1.118969e-01,9.332828e-02,9.604244e-03,1.924624e-02,2.484066e-01,4.587193e-03,7.398917e-03,5.129438e-03,5.825250e-03,1.401712e-03,2.971030e-02
3.226515e-01,9.013703e-02,2.035865e-02,8.854564e-02,8.545535e-02,7.121487e-02,7.406325e-03,1.460748e-02,2.529591e-01,3.620344e-03,7.364006e-03,5.761401e-03,5.803865e-03,1.535258e-03,2.257926e-02
4.150611e-01,7.569999e-02,1.546520e-02,6.663678e-02,7.210077e-02,5.347939e-02,8.385656e-03,1.328194e-02,2.320755e-01,2.812284e-03,8.697892e-03,7.815839e-03,8.430144e-03,2.007017e-03,1.805048e-02
1.000000e+00,0.000000e+00,0.000000e+00,0.000000e+00,0.000000e+00,0.000000e+00,0.000000e+00,0.000000e+00,0.000000e+00,0.000000e+00,0.000000e+00,0.000000e+00,0.000000e+00,0.000000e+00,0.000000e+00
4.069417e-01,5.881402e-02,1.053938e-02,1.400426e-01,5.583936e-02,4.252456e-02,6.457875e-03,1.169939e-02,1.314096e-01,1.559651e-03,8.059625e-03,5.359148e-02,6.088625e-02,1.551620e-03,1.008289e-02
2.882080e-01,4.772173e-02,8.321458e-03,2.330971e-01,4.905540e-02,3.138659e-02,4.727805e-03,8.803591e-03,9.479859e-02,1.950349e-03,6.865367e-02,6.847795e-02,8.498494e-02,1.720751e-03,8.092009e-03
2.062529e-01,3.493864e-02,6.570710e-03,1.986128e-01,3.918343e-02,2.379483e-02,3.377266e-03,6.610249e-03,7.988848e-02,3.006244e-03,9.066668e-02,2.166393e-01,8.276013e-02,1.631369e-03,6.066936e-03
1.514823e-01,2.513858e-02,4.688109e-03,1.477122e-01,2.927017e-02,1.766822e-02,2.408315e-03,4.895747e-03,1.064786e-01,4.733747e-03,1.103502e-01,2.861092e-01,1.027726e-01,1.714566e-03,4.577527e-03
1.163200e-01,1.901096e-02,3.380111e-03,1.086190e-01,2.297626e-02,2.131351e-02,1.785091e-03,3.634776e-03,1.231060e-01,2.976660e-02,1.195028e-01,3.406128e-01,8.423959e-02,1.996812e-03,3.735769e-03
9.257896e-02,1.439613e-02,2.614244e-03,8.156957e-02,2.021448e-02,8.832569e-02,1.378938e-03,2.708397e-03,1.166786e-01,7.046780e-02,1.078710e-01,3.323786e-01,6.292250e-02,1.792448e-03,4.102615e-03
6.974156e-02,1.197421e-02,1.907206e-03,6.992152e-02,1.743499e-02,7.565184e-02,1.023736e-03,2.042545e-03,1.056764e-01,1.296684e-01,1.342079e-01,3.225085e-01,4.958652e-02,3.582119e-03,5.072493e-03
5.497736e-02,9.320100e-03,1.518308e-03,6.897059e-02,2.095164e-02,6.471186e-02,9.354327e-04,1.714071e-03,8.753796e-02,1.664844e-01,1.441455e-01,3.307016e-01,3.785294e-02,3.598761e-03,6.579457e-03
4.250370e-02,8.568525e-03,1.649569e-03,5.985213e-02,2.284238e-02,7.408397e-02,1.322624e-03,2.523712e-03,7.953068e-02,1.817526e-01,1.635084e-01,3.156139e-01,3.623889e-02,3.650378e-03,6.358510e-03
3.408832e-02,8.128548e-03,1.696017e-03,4.636252e-02,1.793954e-02,7.831842e-02,1.280187e-03,2.004413e-03,5.896025e-02,1.913819e-01,1.418676e-01,3.749579e-01,3.289803e-02,3.441723e-03,6.674687e-03
3.011652e-02,1.159640e-02,2.230277e-03,3.701067e-02,1.683812e-02,6.213610e-02,1.360046e-03,1.659136e-03,5.281752e-02,2.500398e-01,1.195857e-01,3.655536e-01,3.913576e-02,3.232264e-03,6.688146e-03
2.590151e-02,1.363591e-02,2.122222e-03,2.628493e-02,1.346359e-02,4.720386e-02,1.318004e-03,1.674050e-03,6.125505e-02,3.310024e-01,8.830006e-02,3.451363e-01,3.423128e-02,2.784137e-03,5.686634e-03
2.167402e-02,1.751277e-02,1.920281e-03,1.871911e-02,1.103230e-02,4.274501e-02,1.258911e-03,1.628584e-03,6.909268e-02,3.733408e-01,6.505530e-02,3.428469e-01,2.658007e-02,2.103028e-03,4.490275e-03
1.927629e-02,1.431451e-02,2.691846e-03,1.356891e-02,9.920932e-03,9.803796e-02,1.107033e-03,1.621292e-03,6.874359e-02,4.322429e-01,4.739070e-02,2.654116e-01,2.027492e-02,1.516273e-03,3.881255e-03
1.799639e-02,2.396471e-02,4.156929e-03,9.940336e-03,1.369971e-02,7.019967e-02,1.166221e-03,2.639714e-03,9.761061e-02,5.114083e-01,3.385000e-02,1.933998e-01,1.583812e-02,1.201368e-03,2.928026e-03
1.785412e-02,5.972618e-02,1.446711e-02,7.349323e-03,2.519632e-02,5.024531e-02,1.256414e-03,2.974689e-03,1.245393e-01,5.142766e-01,2.435386e-02,1.414950e-01,1.273684e-02,1.010256e-03,2.518524e-03
2.952919e-02,5.018240e-02,1.083850e-01,6.999097e-03,2.456739e-02,3.615732e-02,1.221315e-03,4.384400e-03,9.584218e-02,5.126459e-01,1.775753e-02,9.977991e-02,9.366189e-03,8.023082e-04,2.379899e-03
5.557229e-02,4.503085e-02,8.441389e-02,5.909518e-03,3.148395e-02,3.012040e-02,1.283005e-03,4.422766e-03,7.194869e-02,5.707707e-01,1.330963e-02,7.118396e-02,9.223848e-03,1.508857e-03,3.817681e-03
6.037828e-02,3.861960e-02,7.228705e-02,5.249973e-03,4.770762e-02,2.470838e-02,1.399994e-03,4.591767e-03,5.543916e-02,6.127113e-01,9.819156e-03,5.126544e-02,9.689311e-03,1.503191e-03,4.629821e-03
6.115241e-02,3.504194e-02,8.266227e-02,8.011653e-03,5.831416e-02,3.606067e-02,2.998115e-03,1.171052e-02,4.881352e-02,5.938205e-01,7.500913e-03,3.993337e-02,7.738722e-03,1.271280e-03,4.970033e-03
6.341517e-02,2.636140e-02,6.015305e-02,8.013528e-03,5.578372e-02,4.021952e-02,2.709995e-03,1.049497e-02,3.777713e-02,6.453860e-01,5.639072e-03,3.081180e-02,6.646355e-03,1.047025e-03,5.541302e-03
7.472330e-02,2.046340e-02,6.138995e-02,1.386016e-02,5.208123e-02,4.579188e-02,3.846768e-03,1.265579e-02,2.769316e-02,6.473979e-01,4.654061e-03,2.386029e-02,5.387807e-03,1.108334e-03,5.085979e-03
1.023420e-01,1.581261e-02,4.585500e-02,1.696594e-02,4.569675e-02,4.193838e-02,4.083091e-03,1.108012e-02,2.145704e-02,6.582203e-01,4.261767e-03,2.066598e-02,4.413505e-03,1.406895e-03,5.800595e-03
1.826430e-01,1.482495e-02,4.055936e-02,3.737781e-02,4.791019e-02,4.461413e-02,5.796159e-03,3.008361e-02,1.688268e-02,5.407631e-01,4.618913e-03,2.141305e-02,4.055791e-03,1.640799e-03,6.816357e-03
3.272085e-01,1.151611e-02,4.037162e-02,5.090696e-02,4.136238e-02,4.933285e-02,5.320734e-03,2.597162e-02,1.462513e-02,3.988023e-01,4.285199e-03,1.790758e-02,3.415745e-03,1.936015e-03,7.037145e-03
4.540785e-01,9.322509e-03,3.607279e-02,4.031249e-02,3.495933e-02,4.293732e-02,4.847850e-03,1.950719e-02,1.199383e-02,3.120308e-01,4.092106e-03,1.498389e-02,3.023332e-03,2.535200e-03,9.302804e-03
1.000000e+00,0.000000e+00,0.000000e+00,0.000000e+00,0.000000e+00,0.000000e+00,0.000000e+00,0.000000e+00,0.000000e+00,0.000000e+00,0.000000e+00,0.000000e+00,0.000000e+00,0.000000e+00,0.000000e+00
1.000000e+00,0.000000e+00,0.000000e+00,0.000000e+00,0.000000e+00,0.000000e+00,0.000000e+00,0.000000e+00,0.000000e+00,0.000000e+00,0.000000e+00,0.000000e+00,0.000000e+00,0.000000e+00,0.000000e+00
1.000000e+00,0.000000e+00,0.000000e+00,0.000000e+00,0.000000e+00,0.000000e+00,0.000000e+00,0.000000e+00,0.000000e+00,0.000000e+00,0.000000e+00,0.000000e+00,0.000000e+00,0.000000e+00,0.000000e+00
1.000000e+00,0.000000e+00,0.000000e+00,0.000000e+00,0.000000e+00,0.000000e+00,0.000000e+00,0.000000e+00,0.000000e+00,0.000000e+00,0.000000e+00,0.000000e+00,0.000000e+00,0.000000e+00,0.000000e+00
1.000000e+00,0.000000e+00,0.000000e+00,0.000000e+00,0.000000e+00,0.000000e+00,0.000000e+00,0.000000e+00,0.000000e+00,0.000000e+00,0.000000e+00,0.000000e+00,0.000000e+00,0.000000e+00,0.000000e+00
1.000000e+00,0.000000e+00,0.000000e+00,0.000000e+00,0.000000e+00,0.000000e+00,0.000000e+00,0.000000e+00,0.000000e+00,0.000000e+00,0.000000e+00,0.000000e+00,0.000000e+00,0.000000e+00,0.000000e+00
1.000000e+00,0.000000e+00,0.000000e+00,0.000000e+00,0.000000e+00,0.000000e+00,0.000000e+00,0.000000e+00,0.000000e+00,0.000000e+00,0.000000e+00,0.000000e+00,0.000000e+00,0.000000e+00,0.000000e+00
3.769813e-01,2.417851e-02,3.333035e-02,2.679297e-01,1.036729e-02,1.056326e-02,1.589155e-03,4.968181e-03,1.201367e-02,2.973783e-02,4.315552e-02,1.112648e-01,1.346463e-02,4.556646e-03,5.589921e-02
3.008764e-01,2.364590e-02,1.320009e-01,2.974860e-01,8.407399e-03,9.954222e-03,1.286322e-03,4.020951e-03,1.069223e-02,2.228133e-02,4.010168e-02,8.962308e-02,1.145783e-02,3.782665e-03,4.438307e-02
2.521311e-01,2.011393e-02,1.734054e-01,2.789548e-01,7.157831e-03,1.344318e-02,1.027092e-03,3.332626e-03,1.661060e-02,1.740165e-02,6.924940e-02,9.318946e-02,1.269038e-02,3.404315e-03,3.788818e-02
2.730678e-01,1.965577e-02,1.321258e-01,2.174292e-01,7.756056e-03,1.945519e-02,1.326057e-03,3.786440e-03,4.728835e-02,1.772194e-02,1.072202e-01,1.016891e-01,1.521795e-02,4.034821e-03,3.222536e-02
3.289030e-01,2.057156e-02,9.747825e-02,1.687565e-01,9.987680e-03,2.219792e-02,1.484756e-03,6.041450e-03,5.744397e-02,1.950184e-02,1.115118e-01,1.038042e-01,1.939770e-02,5.712296e-03,2.720696e-02
3.314682e-01,2.167623e-02,7.045430e-02,1.278405e-01,9.680600e-03,3.296741e-02,1.513160e-03,7.937941e-03,6.033152e-02,2.153889e-02,1.040607e-01,1.544402e-01,2.289698e-02,8.306742e-03,2.488657e-02
3.358961e-01,3.453866e-02,5.388628e-02,1.045090e-01,1.096168e-02,3.023891e-02,2.531278e-03,1.703615e-02,8.453188e-02,1.934036e-02,1.026621e-01,1.469850e-01,2.441113e-02,1.166492e-02,2.080657e-02
3.381757e-01,5.250249e-02,4.089843e-02,8.193769e-02,1.661277e-02,2.614015e-02,3.056952e-03,1.691779e-02,1.243803e-01,2.196229e-02,1.011193e-01,1.192164e-01,2.351764e-02,1.564975e-02,1.791244e-02
4.188054e-01,4.984546e-02,3.009866e-02,6.113268e-02,1.817642e-02,2.615917e-02,3.794407e-03,1.427452e-02,1.256343e-01,2.154745e-02,8.046129e-02,9.864410e-02,1.980821e-02,1.562217e-02,1.599589e-02
1.000000e+00,0.000000e+00,0.000000e+00,0.000000e+00,0.000000e+00,0.000000e+00,0.000000e+00,0.000000e+00,0.000000e+00,0.000000e+00,0.000000e+00,0.000000e+00,0.000000e+00,0.000000e+00,0.000000e+00
1.000000e+00,0.000000e+00,0.000000e+00,0.000000e+00,0.000000e+00,0.000000e+00,0.000000e+00,0.000000e+00,0.000000e+00,0.000000e+00,0.000000e+00,0.000000e+00,0.000000e+00,0.000000e+00,0.000000e+00
1.000000e+00,0.000000e+00,0.000000e+00,0.000000e+00,0.000000e+00,0.000000e+00,0.000000e+00,0.000000e+00,0.000000e+00,0.000000e+00,0.000000e+00,0.000000e+00,0.000000e+00,0.000000e+00,0.000000e+00
1.000000e+00,0.000000e+00,0.000000e+00,0.000000e+00,0.000000e+00,0.000000e+00,0.000000e+00,0.000000e+00,0.000000e+00,0.000000e+00,0.000000e+00,0.000000e+00,0.000000e+00,0.000000e+00,0.000000e+00
1.000000e+00,0.000000e+00,0.000000e+00,0.000000e+00,0.000000e+00,0.000000e+00,0.000000e+00,0.000000e+00,0.000000e+00,0.000000e+00,0.000000e+00,0.000000e+00,0.000000e+00,0.000000e+00,0.000000e+00
1.000000e+00,0.000000e+00,0.000000e+00,0.000000e+00,0.000000e+00,0.000000e+00,0.000000e+00,0.000000e+00,0.000000e+00,0.000000e+00,0.000000e+00,0.000000e+00,0.000000e+00,0.000000e+00,0.000000e+00
1.000000e+00,0.000000e+00,0.000000e+00,0.000000e+00,0.000000e+00,0.000000e+00,0.000000e+00,0.000000e+00,0.000000e+00,0.000000e+00,0.000000e+00,0.000000e+00,0.000000e+00,0.000000e+00,0.000000e+00
1.000000e+00,0.000000e+00,0.000000e+00,0.000000e+00,0.000000e+00,0.000000e+00,0.000000e+00,0.000000e+00,0.000000e+00,0.000000e+00,0.000000e+00,0.000000e+00,0.000000e+00,0.000000e+00,0.000000e+00
4.476579e-01,1.376923e-02,7.812009e-03,5.367881e-02,8.298464e-02,1.461370e-01,8.251581e-03,3.489524e-02,2.501003e-02,9.632993e-02,1.436331e-02,4.901690e-02,1.024991e-02,3.160638e-03,6.682884e-03
4.523622e-01,1.091728e-02,7.232153e-03,5.375080e-02,9.385759e-02,1.658310e-01,7.699092e-03,2.582158e-02,2.014675e-02,7.493687e-02,2.509611e-02,4.160109e-02,1.084992e-02,4.085432e-03,5.812085e-03
3.252690e-01,8.147780e-03,5.159277e-03,5.151369e-02,7.176923e-02,1.385762e-01,7.472999e-03,1.868538e-02,1.757514e-02,5.914690e-02,1.846875e-01,3.640819e-02,4.409852e-02,3.164648e-03,2.832555e-02
2.297446e-01,6.268948e-03,3.717509e-03,5.281363e-02,5.351764e-02,1.073204e-01,6.417355e-03,1.341796e-02,2.016266e-02,4.534114e-02,2.889995e-01,4.602071e-02,7.354285e-02,2.530246e-03,5.018480e-02
1.618210e-01,5.699289e-03,3.111048e-03,9.141064e-02,3.971370e-02,7.616977e-02,4.752486e-03,1.072233e-02,1.877412e-01,3.464920e-02,2.300893e-01,4.045315e-02,7.088149e-02,2.062454e-03,4.072290e-02
1.134021e-01,4.332159e-03,2.219025e-03,6.450203e-02,2.865957e-02,5.343242e-02,3.355423e-03,7.553183e-03,4.032529e-01,2.436098e-02,1.722762e-01,3.529828e-02,5.598294e-02,1.496822e-03,2.987598e-02
7.944982e-02,3.206289e-03,1.856506e-03,5.133303e-02,2.017094e-02,3.781277e-02,2.360715e-03,5.601751e-03,5.735419e-01,1.718497e-02,1.210112e-01,2.491596e-02,3.940907e-02,1.074596e-03,2.107048e-02
5.589196e-02,2.726149e-03,1.171131e-02,9.546707e-02,1.445967e-02,2.947880e-02,1.691900e-03,4.939078e-03,6.223574e-01,1.270707e-02,8.517659e-02,1.759396e-02,2.974658e-02,8.155477e-04,1.523684e-02
4.019490e-02,2.836763e-03,5.749996e-02,1.263627e-01,1.107699e-02,2.571897e-02,1.365474e-03,6.360453e-03,6.075588e-01,1.058602e-02,6.187269e-02,1.274934e-02,2.304796e-02,8.082512e-04,1.196072e-02
3.187478e-02,1.460042e-02,4.442537e-02,1.088363e-01,9.632844e-03,2.018404e-02,1.292791e-03,8.753546e-03,6.599759e-01,9.741855e-03,4.855280e-02,1.153609e-02,1.903803e-02,1.306324e-03,1.024893e-02
2.367580e-02,1.948527e-02,3.335378e-02,1.031531e-01,9.822979e-03,1.743500e-02,1.338154e-03,1.502601e-02,6.898923e-01,8.506699e-03,3.941553e-02,1.161083e-02,1.676364e-02,1.449808e-03,9.071146e-03
1.672064e-02,1.661011e-02,3.444557e-02,3.127180e-01,7.134774e-03,1.259618e-02,9.582757e-04,1.208799e-02,5.109878e-01,6.895302e-03,3.668375e-02,9.726033e-03,1.424621e-02,1.180554e-03,7.008755e-03
1.256448e-02,1.272549e-02,2.551003e-02,2.400030e-01,5.847367e-03,9.078506e-03,6.997054e-04,9.695883e-03,3.804402e-01,5.299488e-03,2.634875e-01,8.188940e-03,1.875373e-02,1.374795e-03,6.330834e-03
1.024870e-02,1.141596e-02,1.924113e-02,1.870499e-01,5.320540e-03,7.158936e-03,5.503737e-04,1.024747e-02,3.299194e-01,4.451308e-03,3.688491e-01,8.002657e-03,2.329403e-02,2.540083e-03,1.171045e-02
1.261263e-02,8.825878e-03,3.660082e-02,1.591788e-01,1.014761e-02,5.820871e-03,5.679565e-04,5.952245e-02,2.648489e-01,3.714748e-03,3.995661e-01,5.981151e-03,2.087390e-02,2.277842e-03,9.460399e-03
1.673054e-02,9.200156e-03,6.558619e-02,1.848628e-01,1.879706e-02,5.265399e-03,1.109465e-03,6.319235e-02,2.889603e-01,3.797125e-03,3.066391e-01,4.441277e-03,1.632879e-02,2.498471e-03,1.259094e-02
1.889204e-02,9.874839e-03,1.517954e-01,2.000881e-01,2.044516e-02,4.555193e-03,1.651083e-03,9.133388e-02,2.450352e-01,3.684462e-03,2.218990e-01,3.243995e-03,1.230707e-02,2.791568e-03,1.240298e-02
4.893044e-02,1.552963e-02,1.720397e-01,1.758915e-01,7.889676e-02,1.368545e-02,3.929134e-03,9.007248e-02,2.091487e-01,4.729719e-03,1.609187e-01,2.473190e-03,1.077370e-02,2.614085e-03,1.036666e-02
5.911113e-02,1.742062e-02,1.798551e-01,1.803874e-01,9.249139e-02,1.547387e-02,3.948617e-03,1.341136e-01,1.747770e-01,6.077860e-03,1.147850e-01,1.859518e-03,9.038682e-03,2.114205e-03,8.546123e-03
7.641916e-02,3.531127e-02,1.937967e-01,1.442347e-01,8.070389e-02,2.214625e-02,3.689128e-03,1.706406e-01,1.638939e-01,6.546086e-03,8.194607e-02,1.563798e-03,8.607949e-03,1.950788e-03,8.549779e-03
7.774515e-02,7.388014e-02,1.771916e-01,1.079512e-01,7.045494e-02,2.424070e-02,3.239750e-03,2.190468e-01,1.643176e-01,5.160430e-03,5.838518e-02,1.330111e-03,7.792543e-03,1.871257e-03,7.392634e-03
1.025221e-01,7.468590e-02,1.828559e-01,8.272745e-02,5.686576e-02,2.961393e-02,2.775182e-03,2.326419e-01,1.650652e-01,5.418803e-03,4.329077e-02,1.782615e-03,8.143124e-03,2.324397e-03,9.287029e-03
1.996454e-01,6.590857e-02,1.427814e-01,5.915552e-02,4.143404e-02,2.504261e-02,2.582188e-03,2.392172e-01,1.652783e-01,4.233412e-03,3.264535e-02,2.584804e-03,7.141384e-03,2.742606e-03,9.607295e-03
2.965918e-01,5.823663e-02,1.059021e-01,4.287142e-02,3.108392e-02,2.021564e-02,2.498095e-03,2.227808e-01,1.662695e-01,3.864071e-03,2.521773e-02,3.620239e-03,6.751866e-03,2.926225e-03,1.117001e-02
4.035453e-01,6.085860e-02,7.772037e-02,3.137702e-02,2.441018e-02,1.607149e-02,2.104632e-03,1.974047e-01,1.403660e-01,2.944695e-03,1.919014e-02,4.450267e-03,5.320269e-03,3.038475e-03,1.119788e-02
4.909235e-01,5.258228e-02,5.725525e-02,2.381752e-02,1.910295e-02,1.285653e-02,1.841402e-03,1.886264e-01,1.101866e-01,2.607303e-03,1.501549e-02,5.829156e-03,4.486147e-03,3.129091e-03,1.174042e-02
1.000000e+00,0.000000e+00,0.000000e+00,0.000000e+00,0.000000e+00,0.000000e+00,0.000000e+00,0.000000e+00,0.000000e+00,0.000000e+00,0.000000e+00,0.000000e+00,0.000000e+00,0.000000e+00,0.000000e+00
1.000000e+00,0.000000e+00,0.000000e+00,0.000000e+00,0.000000e+00,0.000000e+00,0.000000e+00,0.000000e+00,0.000000e+00,0.000000e+00,0.000000e+00,0.000000e+00,0.000000e+00,0.000000e+00,0.000000e+00
1.000000e+00,0.000000e+00,0.000000e+00,0.000000e+00,0.000000e+00,0.000000e+00,0.000000e+00,0.000000e+00,0.000000e+00,0.000000e+00,0.000000e+00,0.000000e+00,0.000000e+00,0.000000e+00,0.000000e+00
4.339937e-01,2.441666e-02,3.863095e-02,1.143795e-01,9.844370e-03,1.385097e-02,1.336567e-03,8.423202e-02,6.139365e-02,8.021723e-03,1.034728e-01,2.696899e-02,1.780918e-02,8.427783e-03,5.322119e-02
3.510587e-01,2.025319e-02,3.243700e-02,1.142247e-01,8.083303e-03,1.358511e-02,1.146099e-03,6.357125e-02,6.822065e-02,9.597335e-03,2.052669e-01,2.904768e-02,2.651928e-02,1.369300e-02,4.329576e-02
2.851168e-01,1.809226e-02,2.513768e-02,9.377497e-02,6.580707e-03,1.792396e-02,1.006442e-03,4.740871e-02,7.319333e-02,1.178421e-02,2.731925e-01,2.401890e-02,3.075244e-02,5.147997e-02,4.053719e-02
2.118547e-01,1.710560e-02,1.916521e-02,7.139517e-02,7.634833e-03,1.542738e-02,8.540469e-04,3.424737e-02,8.822481e-02,1.031990e-02,3.435292e-01,2.084902e-02,2.401386e-02,1.050270e-01,3.035193e-02
1.534717e-01,1.312818e-02,1.402142e-02,5.063633e-02,6.782749e-03,2.107310e-02,7.829464e-04,2.441384e-02,7.977936e-02,8.950404e-03,3.331893e-01,1.754024e-02,1.945450e-02,2.340444e-01,2.273149e-02
1.095725e-01,1.276007e-02,9.977143e-03,3.566753e-02,5.123531e-03,1.756043e-02,5.788676e-04,1.717041e-02,1.257993e-01,6.966845e-03,2.904393e-01,1.443451e-02,1.428126e-02,3.223581e-01,1.731013e-02
7.890198e-02,1.279286e-02,7.275471e-03,2.534817e-02,4.042962e-03,1.711012e-02,4.254967e-04,1.214485e-02,1.848515e-01,5.578278e-03,2.465378e-01,1.089575e-02,1.091816e-02,3.692439e-01,1.393265e-02
5.671677e-02,1.027411e-02,7.165179e-03,1.884696e-02,4.744723e-03,1.487132e-02,3.283187e-04,8.678070e-03,3.035995e-01,5.322316e-03,2.139032e-01,8.079210e-03,8.097061e-03,3.288420e-01,1.053124e-02
4.097944e-02,8.043990e-03,5.819840e-03,1.498591e-02,4.179111e-03,1.178663e-02,2.959289e-04,6.571134e-03,3.368287e-01,6.029221e-03,1.990887e-01,6.897725e-03,7.084676e-03,3.424470e-01,8.961981e-03
3.061063e-02,6.496769e-03,5.009043e-03,1.170730e-02,3.512186e-03,9.752956e-03,2.573184e-04,5.040735e-03,3.140245e-01,8.682454e-03,2.220766e-01,5.969410e-03,6.294525e-03,3.628590e-01,7.706615e-03
2.321843e-02,6.245041e-03,9.519963e-03,9.455630e-03,3.590286e-03,8.165119e-03,2.594981e-04,5.611852e-03,3.349418e-01,1.262993e-02,2.248077e-01,5.405411e-03,5.579779e-03,3.438343e-01,6.735199e-03
1.738251e-02,6.819518e-03,1.082436e-02,7.145012e-03,3.626201e-03,6.465147e-03,2.141745e-04,4.600120e-03,3.521440e-01,1.234390e-02,2.059479e-01,4.542045e-03,4.430147e-03,3.575431e-01,5.971843e-03
1.537889e-02,8.151555e-03,3.744877e-02,6.348753e-03,3.576341e-03,1.392160e-02,2.125028e-04,4.722003e-03,3.543170e-01,1.259836e-02,1.737760e-01,3.446520e-03,3.707146e-03,3.573638e-01,5.030849e-03
1.708533e-02,1.248071e-02,3.656939e-02,5.533738e-03,6.008193e-03,1.592724e-02,2.358391e-04,1.490002e-02,4.071371e-01,1.420702e-02,1.441381e-01,2.547778e-03,3.043415e-03,3.156546e-01,4.531519e-03
1.974614e-02,1.809973e-02,3.596596e-02,6.766292e-03,1.084251e-02,1.364832e-02,3.294129e-04,3.294654e-02,4.385011e-01,1.494925e-02,1.159524e-01,1.896216e-03,2.574591e-03,2.833913e-01,4.390318e-03
3.224371e-02,2.174227e-02,6.695431e-02,1.046945e-02,1.686427e-02,1.231084e-02,1.105896e-03,3.330912e-02,4.282952e-01,1.639860e-02,9.052882e-02,1.427156e-03,2.034578e-03,2.623508e-01,3.965064e-03
4.188832e-02,2.049430e-02,7.910383e-02,1.201079e-02,2.101170e-02,1.186107e-02,1.267319e-03,3.470133e-02,4.416366e-01,2.283538e-02,7.047842e-02,1.100900e-03,1.609392e-03,2.364422e-01,3.558404e-03
5.385584e-02,1.855826e-02,8.713889e-02,1.195891e-02,3.442220e-02,1.363137e-02,1.267549e-03,3.538262e-02,4.365299e-01,2.129018e-02,5.671114e-02,9.985691e-04,1.466259e-03,2.229081e-01,3.880206e-03
7.366028e-02,1.762724e-02,7.780457e-02,1.429857e-02,3.810135e-02,1.118148e-02,1.288263e-03,3.323624e-02,4.374089e-01,2.019035e-02,4.648269e-02,1.201378e-03,1.515629e-03,2.222609e-01,3.742236e-03
8.268441e-02,1.671743e-02,6.687565e-02,1.541387e-02,3.813742e-02,9.414812e-03,1.145212e-03,3.346764e-02,4.526608e-01,1.726479e-02,3.827144e-02,1.875323e-03,1.711517e-03,2.198607e-01,4.499064e-03
8.209106e-02,1.633172e-02,5.311976e-02,2.187328e-02,5.164648e-02,1.282930e-02,1.382240e-03,3.757535e-02,4.798069e-01,1.341335e-02,3.114810e-02,3.194603e-03,2.357604e-03,1.888637e-01,4.366594e-03
7.359630e-02,1.246516e-02,3.927485e-02,1.731680e-02,4.227150e-02,1.109550e-02,1.240952e-03,2.944055e-02,5.817512e-01,1.145246e-02,2.336466e-02,3.511984e-03,2.069511e-03,1.473888e-01,3.759728e-03
1.418251e-01,1.241064e-02,4.097888e-02,3.633540e-02,4.422504e-02,1.212233e-02,1.658039e-03,2.884727e-02,5.026233e-01,9.629048e-03,2.269006e-02,7.005373e-03,3.337951e-03,1.310472e-01,5.264346e-03
2.312625e-01,9.473341e-03,3.204584e-02,2.899962e-02,3.335253e-02,1.160248e-02,1.370861e-03,2.078909e-02,4.508921e-01,8.910197e-03,2.091602e-02,9.398738e-03,3.171018e-03,1.321156e-01,5.700131e-03
3.464753e-01,7.575858e-03,2.635629e-02,2.738345e-02,2.546524e-02,1.083640e-02,1.398559e-03,1.587550e-02,3.627593e-01,7.945151e-03,2.004937e-02,1.363897e-02,3.499703e-03,1.249025e-01,5.838421e-03
4.872731e-01,6.580287e-03,1.966448e-02,2.288103e-02,2.017169e-02,1.148145e-02,1.614004e-03,1.236065e-02,2.809218e-01,6.617108e-03,1.737297e-02,1.242101e-02,3.553972e-03,9.072919e-02,6.357328e-03
1.000000e+00,0.000000e+00,0.000000e+00,0.000000e+00,0.000000e+00,0.000000e+00,0.000000e+00,0.000000e+00,0.000000e+00,0.000000e+00,0.000000e+00,0.000000e+00,0.000000e+00,0.000000e+00,0.000000e+00
1.000000e+00,0.000000e+00,0.000000e+00,0.000000e+00,0.000000e+00,0.000000e+00,0.000000e+00,0.000000e+00,0.000000e+00,0.000000e+00,0.000000e+00,0.000000e+00,0.000000e+00,0.000000e+00,0.000000e+00
1.000000e+00,0.000000e+00,0.000000e+00,0.000000e+00,0.000000e+00,0.000000e+00,0.000000e+00,0.000000e+00,0.000000e+00,0.000000e+00,0.000000e+00,0.000000e+00,0.000000e+00,0.000000e+00,0.000000e+00
1.000000e+00,0.000000e+00,0.000000e+00,0.000000e+00,0.000000e+00,0.000000e+00,0.000000e+00,0.000000e+00,0.000000e+00,0.000000e+00,0.000000e+00,0.000000e+00,0.000000e+00,0.000000e+00,0.000000e+00
1.000000e+00,0.000000e+00,0.000000e+00,0.000000e+00,0.000000e+00,0.000000e+00,0.000000e+00,0.000000e+00,0.000000e+00,0.000000e+00,0.000000e+00,0.000000e+00,0.000000e+00,0.000000e+00,0.000000e+00
1.000000e+00,0.000000e+00,0.000000e+00,0.000000e+00,0.000000e+00,0.000000e+00,0.000000e+00,0.000000e+00,0.000000e+00,0.000000e+00,0.000000e+00,0.000000e+00,0.000000e+00,0.000000e+00,0.000000e+00
1.000000e+00,0.000000e+00,0.000000e+00,0.000000e+00,0.000000e+00,0.000000e+00,0.000000e+00,0.000000e+00,0.000000e+00,0.000000e+00,0.000000e+00,0.000000e+00,0.000000e+00,0.000000e+00,0.000000e+00
1.000000e+00,0.000000e+00,0.000000e+00,0.000000e+00,0.000000e+00,0.000000e+00,0.000000e+00,0.000000e+00,0.000000e+00,0.000000e+00,0.000000e+00,0.000000e+00,0.000000e+00,0.000000e+00,0.000000e+00
1.000000e+00,0.000000e+00,0.000000e+00,0.000000e+00,0.000000e+00,0.000000e+00,0.000000e+00,0.000000e+00,0.000000e+00,0.000000e+00,0.000000e+00,0.000000e+00,0.000000e+00,0.000000e+00,0.000000e+00
1.000000e+00,0.000000e+00,0.000000e+00,0.000000e+00,0.000000e+00,0.000000e+00,0.000000e+00,0.000000e+00,0.000000e+00,0.000000e+00,0.000000e+00,0.000000e+00,0.000000e+00,0.000000e+00,0.000000e+00
1.000000e+00,0.000000e+00,0.000000e+00,0.000000e+00,0.000000e+00,0.000000e+00,0.000000e+00,0.000000e+00,0.000000e+00,0.000000e+00,0.000000e+00,0.000000e+00,0.000000e+00,0.000000e+00,0.000000e+00
1.000000e+00,0.000000e+00,0.000000e+00,0.000000e+00,0.000000e+00,0.000000e+00,0.000000e+00,0.000000e+00,0.000000e+00,0.000000e+00,0.000000e+00,0.000000e+00,0.000000e+00,0.000000e+00,0.000000e+00
1.000000e+00,0.000000e+00,0.000000e+00,0.000000e+00,0.000000e+00,0.000000e+00,0.000000e+00,0.000000e+00,0.000000e+00,0.000000e+00,0.000000e+00,0.000000e+00,0.000000e+00,0.000000e+00,0.000000e+00
1.000000e+00,0.000000e+00,0.000000e+00,0.000000e+00,0.000000e+00,0.000000e+00,0.000000e+00,0.000000e+00,0.000000e+00,0.000000e+00,0.000000e+00,0.000000e+00,0.000000e+00,0.000000e+00,0.000000e+00
1.000000e+00,0.000000e+00,0.000000e+00,0.000000e+00,0.000000e+00,0.000000e+00,0.000000e+00,0.000000e+00,0.000000e+00,0.000000e+00,0.000000e+00,0.000000e+00,0.000000e+00,0.000000e+00,0.000000e+00
1.000000e+00,0.000000e+00,0.000000e+00,0.000000e+00,0.000000e+00,0.000000e+00,0.000000e+00,0.000000e+00,0.000000e+00,0.000000e+00,0.000000e+00,0.000000e+00,0.000000e+00,0.000000e+00,0.000000e+00
1.000000e+00,0.000000e+00,0.000000e+00,0.000000e+00,0.000000e+00,0.000000e+00,0.000000e+00,0.000000e+00,0.000000e+00,0.000000e+00,0.000000e+00,0.000000e+00,0.000000e+00,0.000000e+00,0.000000e+00
1.000000e+00,0.000000e+00,0.000000e+00,0.000000e+00,0.000000e+00,0.000000e+00,0.000000e+00,0.000000e+00,0.000000e+00,0.000000e+00,0.000000e+00,0.000000e+00,0.000000e+00,0.000000e+00,0.000000e+00
1.000000e+00,0.000000e+00,0.000000e+00,0.000000e+00,0.000000e+00,0.000000e+00,0.000000e+00,0.000000e+00,0.000000e+00,0.000000e+00,0.000000e+00,0.000000e+00,0.000000e+00,0.000000e+00,0.000000e+00
1.000000e+00,0.000000e+00,0.000000e+00,0.000000e+00,0.000000e+00,0.000000e+00,0.000000e+00,0.000000e+00,0.000000e+00,0.000000e+00,0.000000e+00,0.000000e+00,0.000000e+00,0.000000e+00,0.000000e+00
1.000000e+00,0.000000e+00,0.000000e+00,0.000000e+00,0.000000e+00,0.000000e+00,0.000000e+00,0.000000e+00,0.000000e+00,0.000000e+00,0.000000e+00,0.000000e+00,0.000000e+00,0.000000e+00,0.000000e+00
1.000000e+00,0.000000e+00,0.000000e+00,0.000000e+00,0.000000e+00,0.000000e+00,0.000000e+00,0.000000e+00,0.000000e+00,0.000000e+00,0.000000e+00,0.000000e+00,0.000000e+00,0.000000e+00,0.000000e+00
1.000000e+00,0.000000e+00,0.000000e+00,0.000000e+00,0.000000e+00,0.000000e+00,0.000000e+00,0.000000e+00,0.000000e+00,0.000000e+00,0.000000e+00,0.000000e+00,0.000000e+00,0.000000e+00,0.000000e+00
1.000000e+00,0.000000e+00,0.000000e+00,0.000000e+00,0.000000e+00,0.000000e+00,0.000000e+00,0.000000e+00,0.000000e+00,0.000000e+00,0.000000e+00,0.000000e+00,0.000000e+00,0.000000e+00,0.000000e+00
1.000000e+00,0.000000e+00,0.000000e+00,0.000000e+00,0.000000e+00,0.000000e+00,0.000000e+00,0.000000e+00,0.000000e+00,0.000000e+00,0.000000e+00,0.000000e+00,0.000000e+00,0.000000e+00,0.000000e+00
1.000000e+00,0.000000e+00,0.000000e+00,0.000000e+00,0.000000e+00,0.000000e+00,0.000000e+00,0.000000e+00,0.000000e+00,0.000000e+00,0.000000e+00,0.000000e+00,0.000000e+00,0.000000e+00,0.000000e+00
1.000000e+00,0.000000e+00,0.000000e+00,0.000000e+00,0.000000e+00,0.000000e+00,0.000000e+00,0.000000e+00,0.000000e+00,0.000000e+00,0.000000e+00,0.000000e+00,0.000000e+00,0.000000e+00,0.000000e+00
1.000000e+00,0.000000e+00,0.000000e+00,0.000000e+00,0.000000e+00,0.000000e+00,0.000000e+00,0.000000e+00,0.000000e+00,0.000000e+00,0.000000e+00,0.000000e+00,0.000000e+00,0.000000e+00,0.000000e+00
1.000000e+00,0.000000e+00,0.000000e+00,0.000000e+00,0.000000e+00,0.000000e+00,0.000000e+00,0.000000e+00,0.000000e+00,0.000000e+00,0.000000e+00,0.000000e+00,0.000000e+00,0.000000e+00,0.000000e+00
1.000000e+00,0.000000e+00,0.000000e+00,0.000000e+00,0.000000e+00,0.000000e+00,0.000000e+00,0.000000e+00,0.000000e+00,0.000000e+00,0.000000e+00,0.000000e+00,0.000000e+00,0.000000e+00,0.000000e+00
1.000000e+00,0.000000e+00,0.000000e+00,0.000000e+00,0.000000e+00,0.000000e+00,0.000000e+00,0.000000e+00,0.000000e+00,0.000000e+00,0.000000e+00,0.000000e+00,0.000000e+00,0.000000e+00,0.000000e+00
1.000000e+00,0.000000e+00,0.000000e+00,0.000000e+00,0.000000e+00,0.000000e+00,0.000000e+00,0.000000e+00,0.000000e+00,0.000000e+00,0.000000e+00,0.000000e+00,0.000000e+00,0.000000e+00,0.000000e+00
1.000000e+00,0.000000e+00,0.000000e+00,0.000000e+00,0.000000e+00,0.000000e+00,0.000000e+00,0.000000e+00,0.000000e+00,0.000000e+00,0.000000e+00,0.000000e+00,0.000000e+00,0.000000e+00,0.000000e+00
1.000000e+00,0.000000e+00,0.000000e+00,0.000000e+00,0.000000e+00,0.000000e+00,0.000000e+00,0.000000e+00,0.000000e+00,0.000000e+00,0.000000e+00,0.000000e+00,0.000000e+00,0.000000e+00,0.000000e+00
1.000000e+00,0.000000e+00,0.000000e+00,0.000000e+00,0.000000e+00,0.000000e+00,0.000000e+00,0.000000e+00,0.000000e+00,0.000000e+00,0.000000e+00,0.000000e+00,0.000000e+00,0.000000e+00,0.000000e+00
1.000000e+00,0.000000e+00,0.000000e+00,0.000000e+00,0.000000e+00,0.000000e+00,0.000000e+00,0.000000e+00,0.000000e+00,0.000000e+00,0.000000e+00,0.000000e+00,0.000000e+00,0.000000e+00,0.000000e+00
1.000000e+00,0.000000e+00,0.000000e+00,0.000000e+00,0.000000e+00,0.000000e+00,0.000000e+00,0.000000e+00,0.000000e+00,0.000000e+00,0.000000e+00,0.000000e+00,0.000000e+00,0.000000e+00,0.000000e+00
1.000000e+00,0.000000e+00,0.000000e+00,0.000000e+00,0.000000e+00,0.000000e+00,0.000000e+00,0.000000e+00,0.000000e+00,0.000000e+00,0.000000e+00,0.000000e+00,0.000000e+00,0.000000e+00,0.000000e+00
1.000000e+00,0.000000e+00,0.000000e+00,0.000000e+00,0.000000e+00,0.000000e+00,0.000000e+00,0.000000e+00,0.000000e+00,0.000000e+00,0.000000e+00,0.000000e+00,0.000000e+00,0.000000e+00,0.000000e+00
1.000000e+00,0.000000e+00,0.000000e+00,0.000000e+00,0.000000e+00,0.000000e+00,0.000000e+00,0.000000e+00,0.000000e+00,0.000000e+00,0.000000e+00,0.000000e+00,0.000000e+00,0.000000e+00,0.000000e+00
1.000000e+00,0.000000e+00,0.000000e+00,0.000000e+00,0.000000e+00,0.000000e+00,0.000000e+00,0.000000e+00,0.000000e+00,0.000000e+00,0.000000e+00,0.000000e+00,0.000000e+00,0.000000e+00,0.000000e+00
1.000000e+00,0.000000e+00,0.000000e+00,0.000000e+00,0.000000e+00,0.000000e+00,0.000000e+00,0.000000e+00,0.000000e+00,0.000000e+00,0.000000e+00,0.000000e+00,0.000000e+00,0.000000e+00,0.000000e+00
1.000000e+00,0.000000e+00,0.000000e+00,0.000000e+00,0.000000e+00,0.000000e+00,0.000000e+00,0.000000e+00,0.000000e+00,0.000000e+00,0.000000e+00,0.000000e+00,0.000000e+00,0.000000e+00,0.000000e+00
1.000000e+00,0.000000e+00,0.000000e+00,0.000000e+00,0.000000e+00,0.000000e+00,0.000000e+00,0.000000e+00,0.000000e+00,0.000000e+00,0.000000e+00,0.000000e+00,0.000000e+00,0.000000e+00,0.000000e+00
1.000000e+00,0.000000e+00,0.000000e+00,0.000000e+00,0.000000e+00,0.000000e+00,0.000000e+00,0.000000e+00,0.000000e+00,0.000000e+00,0.000000e+00,0.000000e+00,0.000000e+00,0.000000e+00,0.000000e+00
1.000000e+00,0.000000e+00,0.000000e+00,0.000000e+00,0.000000e+00,0.000000e+00,0.000000e+00,0.000000e+00,0.000000e+00,0.000000e+00,0.000000e+00,0.000000e+00,0.000000e+00,0.000000e+00,0.000000e+00
1.000000e+00,0.000000e+00,0.000000e+00,0.000000e+00,0.000000e+00,0.000000e+00,0.000000e+00,0.000000e+00,0.000000e+00,0.000000e+00,0.000000e+00,0.000000e+00,0.000000e+00,0.000000e+00,0.000000e+00
1.000000e+00,0.000000e+00,0.000000e+00,0.000000e+00,0.000000e+00,0.000000e+00,0.000000e+00,0.000000e+00,0.000000e+00,0.000000e+00,0.000000e+00,0.000000e+00,0.000000e+00,0.000000e+00,0.000000e+00
1.000000e+00,0.000000e+00,0.000000e+00,0.000000e+00,0.000000e+00,0.000000e+00,0.000000e+00,0.000000e+00,0.000000e+00,0.000000e+00,0.000000e+00,0.000000e+00,0.000000e+00,0.000000e+00,0.000000e+00
1.000000e+00,0.000000e+00,0.000000e+00,0.000000e+00,0.000000e+00,0.000000e+00,0.000000e+00,0.000000e+00,0.000000e+00,0.000000e+00,0.000000e+00,0.000000e+00,0.000000e+00,0.000000e+00,0.000000e+00
1.000000e+00,0.000000e+00,0.000000e+00,0.000000e+00,0.000000e+00,0.000000e+00,0.000000e+00,0.000000e+00,0.000000e+00,0.000000e+00,0.000000e+00,0.000000e+00,0.000000e+00,0.000000e+00,0.000000e+00
1.000000e+00,0.000000e+00,0.000000e+00,0.000000e+00,0.000000e+00,0.000000e+00,0.000000e+00,0.000000e+00,0.000000e+00,0.000000e+00,0.000000e+00,0.000000e+00,0.000000e+00,0.000000e+00,0.000000e+00
1.000000e+00,0.000000e+00,0.000000e+00,0.000000e+00,0.000000e+00,0.000000e+00,0.000000e+00,0.000000e+00,0.000000e+00,0.000000e+00,0.000000e+00,0.000000e+00,0.000000e+00,0.000000e+00,0.000000e+00
1.000000e+00,0.000000e+00,0.000000e+00,0.000000e+00,0.000000e+00,0.000000e+00,0.000000e+00,0.000000e+00,0.000000e+00,0.000000e+00,0.000000e+00,0.000000e+00,0.000000e+00,0.000000e+00,0.000000e+00
1.000000e+00,0.000000e+00,0.000000e+00,0.000000e+00,0.000000e+00,0.000000e+00,0.000000e+00,0.000000e+00,0.000000e+00,0.000000e+00,0.000000e+00,0.000000e+00,0.000000e+00,0.000000e+00,0.000000e+00
