1.000000e+00,0.000000e+00,0.000000e+00,0.000000e+00,0.000000e+00,0.000000e+00,0.000000e+00,0.000000e+00,0.000000e+00,0.000000e+00,0.000000e+00,0.000000e+00,0.000000e+00,0.000000e+00,0.000000e+00
1.000000e+00,0.000000e+00,0.000000e+00,0.000000e+00,0.000000e+00,0.000000e+00,0.000000e+00,0.000000e+00,0.000000e+00,0.000000e+00,0.000000e+00,0.000000e+00,0.000000e+00,0.000000e+00,0.000000e+00
1.000000e+00,0.000000e+00,0.000000e+00,0.000000e+00,0.000000e+00,0.000000e+00,0.000000e+00,0.000000e+00,0.000000e+00,0.000000e+00,0.000000e+00,0.000000e+00,0.000000e+00,0.000000e+00,0.000000e+00
1.000000e+00,0.000000e+00,0.000000e+00,0.000000e+00,0.000000e+00,0.000000e+00,0.000000e+00,0.000000e+00,0.000000e+00,0.000000e+00,0.000000e+00,0.000000e+00,0.000000e+00,0.000000e+00,0.000000e+00
1.000000e+00,0.000000e+00,0.000000e+00,0.000000e+00,0.000000e+00,0.000000e+00,0.000000e+00,0.000000e+00,0.000000e+00,0.000000e+00,0.000000e+00,0.000000e+00,0.000000e+00,0.000000e+00,0.000000e+00
1.000000e+00,0.000000e+00,0.000000e+00,0.000000e+00,0.000000e+00,0.000000e+00,0.000000e+00,0.000000e+00,0.000000e+00,0.000000e+00,0.000000e+00,0.000000e+00,0.000000e+00,0.000000e+00,0.000000e+00
1.000000e+00,0.000000e+00,0.000000e+00,0.000000e+00,0.000000e+00,0.000000e+00,0.000000e+00,0.000000e+00,0.000000e+00,0.000000e+00,0.000000e+00,0.000000e+00,0.000000e+00,0.000000e+00,0.000000e+00
1.000000e+00,0.000000e+00,0.000000e+00,0.000000e+00,0.000000e+00,0.000000e+00,0.000000e+00,0.000000e+00,0.000000e+00,0.000000e+00,0.000000e+00,0.000000e+00,0.000000e+00,0.000000e+00,0.000000e+00
1.000000e+00,0.000000e+00,0.000000e+00,0.000000e+00,0.000000e+00,0.000000e+00,0.000000e+00,0.000000e+00,0.000000e+00,0.000000e+00,0.000000e+00,0.000000e+00,0.000000e+00,0.000000e+00,0.000000e+00
1.000000e+00,0.000000e+00,0.000000e+00,0.000000e+00,0.000000e+00,0.000000e+00,0.000000e+00,0.000000e+00,0.000000e+00,0.000000e+00,0.000000e+00,0.000000e+00,0.000000e+00,0.000000e+00,0.000000e+00
1.000000e+00,0.000000e+00,0.000000e+00,0.000000e+00,0.000000e+00,0.000000e+00,0.000000e+00,0.000000e+00,0.000000e+00,0.000000e+00,0.000000e+00,0.000000e+00,0.000000e+00,0.000000e+00,0.000000e+00
1.000000e+00,0.000000e+00,0.000000e+00,0.000000e+00,0.000000e+00,0.000000e+00,0.000000e+00,0.000000e+00,0.000000e+00,0.000000e+00,0.000000e+00,0.000000e+00,0.000000e+00,0.000000e+00,0.000000e+00
1.000000e+00,0.000000e+00,0.000000e+00,0.000000e+00,0.000000e+00,0.000000e+00,0.000000e+00,0.000000e+00,0.000000e+00,0.000000e+00,0.000000e+00,0.000000e+00,0.000000e+00,0.000000e+00,0.000000e+00
1.000000e+00,0.000000e+00,0.000000e+00,0.000000e+00,0.000000e+00,0.000000e+00,0.000000e+00,0.000000e+00,0.000000e+00,0.000000e+00,0.000000e+00,0.000000e+00,0.000000e+00,0.000000e+00,0.000000e+00
1.000000e+00,0.000000e+00,0.000000e+00,0.000000e+00,0.000000e+00,0.000000e+00,0.000000e+00,0.000000e+00,0.000000e+00,0.000000e+00,0.000000e+00,0.000000e+00,0.000000e+00,0.000000e+00,0.000000e+00
1.000000e+00,0.000000e+00,0.000000e+00,0.000000e+00,0.000000e+00,0.000000e+00,0.000000e+00,0.000000e+00,0.000000e+00,0.000000e+00,0.000000e+00,0.000000e+00,0.000000e+00,0.000000e+00,0.000000e+00
1.000000e+00,0.000000e+00,0.000000e+00,0.000000e+00,0.000000e+00,0.000000e+00,0.000000e+00,0.000000e+00,0.000000e+00,0.000000e+00,0.000000e+00,0.000000e+00,0.000000e+00,0.000000e+00,0.000000e+00
1.000000e+00,0.000000e+00,0.000000e+00,0.000000e+00,0.000000e+00,0.000000e+00,0.000000e+00,0.000000e+00,0.000000e+00,0.000000e+00,0.000000e+00,0.000000e+00,0.000000e+00,0.000000e+00,0.000000e+00
1.000000e+00,0.000000e+00,0.000000e+00,0.000000e+00,0.000000e+00,0.000000e+00,0.000000e+00,0.000000e+00,0.000000e+00,0.000000e+00,0.000000e+00,0.000000e+00,0.000000e+00,0.000000e+00,0.000000e+00
1.000000e+00,0.000000e+00,0.000000e+00,0.000000e+00,0.000000e+00,0.000000e+00,0.000000e+00,0.000000e+00,0.000000e+00,0.000000e+00,0.000000e+00,0.000000e+00,0.000000e+00,0.000000e+00,0.000000e+00
1.000000e+00,0.000000e+00,0.000000e+00,0.000000e+00,0.000000e+00,0.000000e+00,0.000000e+00,0.000000e+00,0.000000e+00,0.000000e+00,0.000000e+00,0.000000e+00,0.000000e+00,0.000000e+00,0.000000e+00
1.000000e+00,0.000000e+00,0.000000e+00,0.000000e+00,0.000000e+00,0.000000e+00,0.000000e+00,0.000000e+00,0.000000e+00,0.000000e+00,0.000000e+00,0.000000e+00,0.000000e+00,0.000000e+00,0.000000e+00
1.000000e+00,0.000000e+00,0.000000e+00,0.000000e+00,0.000000e+00,0.000000e+00,0.000000e+00,0.000000e+00,0.000000e+00,0.000000e+00,0.000000e+00,0.000000e+00,0.000000e+00,0.000000e+00,0.000000e+00
1.000000e+00,0.000000e+00,0.000000e+00,0.000000e+00,0.000000e+00,0.000000e+00,0.000000e+00,0.000000e+00,0.000000e+00,0.000000e+00,0.000000e+00,0.000000e+00,0.000000e+00,0.000000e+00,0.000000e+00
1.000000e+00,0.000000e+00,0.000000e+00,0.000000e+00,0.000000e+00,0.000000e+00,0.000000e+00,0.000000e+00,0.000000e+00,0.000000e+00,0.000000e+00,0.000000e+00,0.000000e+00,0.000000e+00,0.000000e+00
1.000000e+00,0.000000e+00,0.000000e+00,0.000000e+00,0.000000e+00,0.000000e+00,0.000000e+00,0.000000e+00,0.000000e+00,0.000000e+00,0.000000e+00,0.000000e+00,0.000000e+00,0.000000e+00,0.000000e+00
1.000000e+00,0.000000e+00,0.000000e+00,0.000000e+00,0.000000e+00,0.000000e+00,0.000000e+00,0.000000e+00,0.000000e+00,0.000000e+00,0.000000e+00,0.000000e+00,0.000000e+00,0.000000e+00,0.000000e+00
1.000000e+00,0.000000e+00,0.000000e+00,0.000000e+00,0.000000e+00,0.000000e+00,0.000000e+00,0.000000e+00,0.000000e+00,0.000000e+00,0.000000e+00,0.000000e+00,0.000000e+00,0.000000e+00,0.000000e+00
1.000000e+00,0.000000e+00,0.000000e+00,0.000000e+00,0.000000e+00,0.000000e+00,0.000000e+00,0.000000e+00,0.000000e+00,0.000000e+00,0.000000e+00,0.000000e+00,0.000000e+00,0.000000e+00,0.000000e+00
1.000000e+00,0.000000e+00,0.000000e+00,0.000000e+00,0.000000e+00,0.000000e+00,0.000000e+00,0.000000e+00,0.000000e+00,0.000000e+00,0.000000e+00,0.000000e+00,0.000000e+00,0.000000e+00,0.000000e+00
1.000000e+00,0.000000e+00,0.000000e+00,0.000000e+00,0.000000e+00,0.000000e+00,0.000000e+00,0.000000e+00,0.000000e+00,0.000000e+00,0.000000e+00,0.000000e+00,0.000000e+00,0.000000e+00,0.000000e+00
1.000000e+00,0.000000e+00,0.000000e+00,0.000000e+00,0.000000e+00,0.000000e+00,0.000000e+00,0.000000e+00,0.000000e+00,0.000000e+00,0.000000e+00,0.000000e+00,0.000000e+00,0.000000e+00,0.000000e+00
1.000000e+00,0.000000e+00,0.000000e+00,0.000000e+00,0.000000e+00,0.000000e+00,0.000000e+00,0.000000e+00,0.000000e+00,0.000000e+00,0.000000e+00,0.000000e+00,0.000000e+00,0.000000e+00,0.000000e+00
1.000000e+00,0.000000e+00,0.000000e+00,0.000000e+00,0.000000e+00,0.000000e+00,0.000000e+00,0.000000e+00,0.000000e+00,0.000000e+00,0.000000e+00,0.000000e+00,0.000000e+00,0.000000e+00,0.000000e+00
1.000000e+00,0.000000e+00,0.000000e+00,0.000000e+00,0.000000e+00,0.000000e+00,0.000000e+00,0.000000e+00,0.000000e+00,0.000000e+00,0.000000e+00,0.000000e+00,0.000000e+00,0.000000e+00,0.000000e+00
1.000000e+00,0.000000e+00,0.000000e+00,0.000000e+00,0.000000e+00,0.000000e+00,0.000000e+00,0.000000e+00,0.000000e+00,0.000000e+00,0.000000e+00,0.000000e+00,0.000000e+00,0.000000e+00,0.000000e+00
1.000000e+00,0.000000e+00,0.000000e+00,0.000000e+00,0.000000e+00,0.000000e+00,0.000000e+00,0.000000e+00,0.000000e+00,0.000000e+00,0.000000e+00,0.000000e+00,0.000000e+00,0.000000e+00,0.000000e+00
1.000000e+00,0.000000e+00,0.000000e+00,0.000000e+00,0.000000e+00,0.000000e+00,0.000000e+00,0.000000e+00,0.000000e+00,0.000000e+00,0.000000e+00,0.000000e+00,0.000000e+00,0.000000e+00,0.000000e+00
1.000000e+00,0.000000e+00,0.000000e+00,0.000000e+00,0.000000e+00,0.000000e+00,0.000000e+00,0.000000e+00,0.000000e+00,0.000000e+00,0.000000e+00,0.000000e+00,0.000000e+00,0.000000e+00,0.000000e+00
1.000000e+00,0.000000e+00,0.000000e+00,0.000000e+00,0.000000e+00,0.000000e+00,0.000000e+00,0.000000e+00,0.000000e+00,0.000000e+00,0.000000e+00,0.000000e+00,0.000000e+00,0.000000e+00,0.000000e+00
1.000000e+00,0.000000e+00,0.000000e+00,0.000000e+00,0.000000e+00,0.000000e+00,0.000000e+00,0.000000e+00,0.000000e+00,0.000000e+00,0.000000e+00,0.000000e+00,0.000000e+00,0.000000e+00,0.000000e+00
1.000000e+00,0.000000e+00,0.000000e+00,0.000000e+00,0.000000e+00,0.000000e+00,0.000000e+00,0.000000e+00,0.000000e+00,0.000000e+00,0.000000e+00,0.000000e+00,0.000000e+00,0.000000e+00,0.000000e+00
1.000000e+00,0.000000e+00,0.000000e+00,0.000000e+00,0.000000e+00,0.000000e+00,0.000000e+00,0.000000e+00,0.000000e+00,0.000000e+00,0.000000e+00,0.000000e+00,0.000000e+00,0.000000e+00,0.000000e+00
1.000000e+00,0.000000e+00,0.000000e+00,0.000000e+00,0.000000e+00,0.000000e+00,0.000000e+00,0.000000e+00,0.000000e+00,0.000000e+00,0.000000e+00,0.000000e+00,0.000000e+00,0.000000e+00,0.000000e+00
1.000000e+00,0.000000e+00,0.000000e+00,0.000000e+00,0.000000e+00,0.000000e+00,0.000000e+00,0.000000e+00,0.000000e+00,0.000000e+00,0.000000e+00,0.000000e+00,0.000000e+00,0.000000e+00,0.000000e+00
1.000000e+00,0.000000e+00,0.000000e+00,0.000000e+00,0.000000e+00,0.000000e+00,0.000000e+00,0.000000e+00,0.000000e+00,0.000000e+00,0.000000e+00,0.000000e+00,0.000000e+00,0.000000e+00,0.000000e+00
1.000000e+00,0.000000e+00,0.000000e+00,0.000000e+00,0.000000e+00,0.000000e+00,0.000000e+00,0.000000e+00,0.000000e+00,0.000000e+00,0.000000e+00,0.000000e+00,0.000000e+00,0.000000e+00,0.000000e+00
1.000000e+00,0.000000e+00,0.000000e+00,0.000000e+00,0.000000e+00,0.000000e+00,0.000000e+00,0.000000e+00,0.000000e+00,0.000000e+00,0.000000e+00,0.000000e+00,0.000000e+00,0.000000e+00,0.000000e+00
1.000000e+00,0.000000e+00,0.000000e+00,0.000000e+00,0.000000e+00,0.000000e+00,0.000000e+00,0.000000e+00,0.000000e+00,0.000000e+00,0.000000e+00,0.000000e+00,0.000000e+00,0.000000e+00,0.000000e+00
1.000000e+00,0.000000e+00,0.000000e+00,0.000000e+00,0.000000e+00,0.000000e+00,0.000000e+00,0.000000e+00,0.000000e+00,0.000000e+00,0.000000e+00,0.000000e+00,0.000000e+00,0.000000e+00,0.000000e+00
1.000000e+00,0.000000e+00,0.000000e+00,0.000000e+00,0.000000e+00,0.000000e+00,0.000000e+00,0.000000e+00,0.000000e+00,0.000000e+00,0.000000e+00,0.000000e+00,0.000000e+00,0.000000e+00,0.000000e+00
1.000000e+00,0.000000e+00,0.000000e+00,0.000000e+00,0.000000e+00,0.000000e+00,0.000000e+00,0.000000e+00,0.000000e+00,0.000000e+00,0.000000e+00,0.000000e+00,0.000000e+00,0.000000e+00,0.000000e+00
1.000000e+00,0.000000e+00,0.000000e+00,0.000000e+00,0.000000e+00,0.000000e+00,0.000000e+00,0.000000e+00,0.000000e+00,0.000000e+00,0.000000e+00,0.000000e+00,0.000000e+00,0.000000e+00,0.000000e+00
1.000000e+00,0.000000e+00,0.000000e+00,0.000000e+00,0.000000e+00,0.000000e+00,0.000000e+00,0.000000e+00,0.000000e+00,0.000000e+00,0.000000e+00,0.000000e+00,0.000000e+00,0.000000e+00,0.000000e+00
1.000000e+00,0.000000e+00,0.000000e+00,0.000000e+00,0.000000e+00,0.000000e+00,0.000000e+00,0.000000e+00,0.000000e+00,0.000000e+00,0.000000e+00,0.000000e+00,0.000000e+00,0.000000e+00,0.000000e+00
1.000000e+00,0.000000e+00,0.000000e+00,0.000000e+00,0.000000e+00,0.000000e+00,0.000000e+00,0.000000e+00,0.000000e+00,0.000000e+00,0.000000e+00,0.000000e+00,0.000000e+00,0.000000e+00,0.000000e+00
1.000000e+00,0.000000e+00,0.000000e+00,0.000000e+00,0.000000e+00,0.000000e+00,0.000000e+00,0.000000e+00,0.000000e+00,0.000000e+00,0.000000e+00,0.000000e+00,0.000000e+00,0.000000e+00,0.000000e+00
1.000000e+00,0.000000e+00,0.000000e+00,0.000000e+00,0.000000e+00,0.000000e+00,0.000000e+00,0.000000e+00,0.000000e+00,0.000000e+00,0.000000e+00,0.000000e+00,0.000000e+00,0.000000e+00,0.000000e+00
1.000000e+00,0.000000e+00,0.000000e+00,0.000000e+00,0.000000e+00,0.000000e+00,0.000000e+00,0.000000e+00,0.000000e+00,0.000000e+00,0.000000e+00,0.000000e+00,0.000000e+00,0.000000e+00,0.000000e+00
1.000000e+00,0.000000e+00,0.000000e+00,0.000000e+00,0.000000e+00,0.000000e+00,0.000000e+00,0.000000e+00,0.000000e+00,0.000000e+00,0.000000e+00,0.000000e+00,0.000000e+00,0.000000e+00,0.000000e+00
1.000000e+00,0.000000e+00,0.000000e+00,0.000000e+00,0.000000e+00,0.000000e+00,0.000000e+00,0.000000e+00,0.000000e+00,0.000000e+00,0.000000e+00,0.000000e+00,0.000000e+00,0.000000e+00,0.000000e+00
1.000000e+00,0.000000e+00,0.000000e+00,0.000000e+00,0.000000e+00,0.000000e+00,0.000000e+00,0.000000e+00,0.000000e+00,0.000000e+00,0.000000e+00,0.000000e+00,0.000000e+00,0.000000e+00,0.000000e+00
1.000000e+00,0.000000e+00,0.000000e+00,0.000000e+00,0.000000e+00,0.000000e+00,0.000000e+00,0.000000e+00,0.000000e+00,0.000000e+00,0.000000e+00,0.000000e+00,0.000000e+00,0.000000e+00,0.000000e+00
1.000000e+00,0.000000e+00,0.000000e+00,0.000000e+00,0.000000e+00,0.000000e+00,0.000000e+00,0.000000e+00,0.000000e+00,0.000000e+00,0.000000e+00,0.000000e+00,0.000000e+00,0.000000e+00,0.000000e+00
1.000000e+00,0.000000e+00,0.000000e+00,0.000000e+00,0.000000e+00,0.000000e+00,0.000000e+00,0.000000e+00,0.000000e+00,0.000000e+00,0.000000e+00,0.000000e+00,0.000000e+00,0.000000e+00,0.000000e+00
1.000000e+00,0.000000e+00,0.000000e+00,0.000000e+00,0.000000e+00,0.000000e+00,0.000000e+00,0.000000e+00,0.000000e+00,0.000000e+00,0.000000e+00,0.000000e+00,0.000000e+00,0.000000e+00,0.000000e+00
1.000000e+00,0.000000e+00,0.000000e+00,0.000000e+00,0.000000e+00,0.000000e+00,0.000000e+00,0.000000e+00,0.000000e+00,0.000000e+00,0.000000e+00,0.000000e+00,0.000000e+00,0.000000e+00,0.000000e+00
1.000000e+00,0.000000e+00,0.000000e+00,0.000000e+00,0.000000e+00,0.000000e+00,0.000000e+00,0.000000e+00,0.000000e+00,0.000000e+00,0.000000e+00,0.000000e+00,0.000000e+00,0.000000e+00,0.000000e+00
1.000000e+00,0.000000e+00,0.000000e+00,0.000000e+00,0.000000e+00,0.000000e+00,0.000000e+00,0.000000e+00,0.000000e+00,0.000000e+00,0.000000e+00,0.000000e+00,0.000000e+00,0.000000e+00,0.000000e+00
1.000000e+00,0.000000e+00,0.000000e+00,0.000000e+00,0.000000e+00,0.000000e+00,0.000000e+00,0.000000e+00,0.000000e+00,0.000000e+00,0.000000e+00,0.000000e+00,0.000000e+00,0.000000e+00,0.000000e+00
1.000000e+00,0.000000e+00,0.000000e+00,0.000000e+00,0.000000e+00,0.000000e+00,0.000000e+00,0.000000e+00,0.000000e+00,0.000000e+00,0.000000e+00,0.000000e+00,0.000000e+00,0.000000e+00,0.000000e+00
1.000000e+00,0.000000e+00,0.000000e+00,0.000000e+00,0.000000e+00,0.000000e+00,0.000000e+00,0.000000e+00,0.000000e+00,0.000000e+00,0.000000e+00,0.000000e+00,0.000000e+00,0.000000e+00,0.000000e+00
1.000000e+00,0.000000e+00,0.000000e+00,0.000000e+00,0.000000e+00,0.000000e+00,0.000000e+00,0.000000e+00,0.000000e+00,0.000000e+00,0.000000e+00,0.000000e+00,0.000000e+00,0.000000e+00,0.000000e+00
1.000000e+00,0.000000e+00,0.000000e+00,0.000000e+00,0.000000e+00,0.000000e+00,0.000000e+00,0.000000e+00,0.000000e+00,0.000000e+00,0.000000e+00,0.000000e+00,0.000000e+00,0.000000e+00,0.000000e+00
1.000000e+00,0.000000e+00,0.000000e+00,0.000000e+00,0.000000e+00,0.000000e+00,0.000000e+00,0.000000e+00,0.000000e+00,0.000000e+00,0.000000e+00,0.000000e+00,0.000000e+00,0.000000e+00,0.000000e+00
1.000000e+00,0.000000e+00,0.000000e+00,0.000000e+00,0.000000e+00,0.000000e+00,0.000000e+00,0.000000e+00,0.000000e+00,0.000000e+00,0.000000e+00,0.000000e+00,0.000000e+00,0.000000e+00,0.000000e+00
1.000000e+00,0.000000e+00,0.000000e+00,0.000000e+00,0.000000e+00,0.000000e+00,0.000000e+00,0.000000e+00,0.000000e+00,0.000000e+00,0.000000e+00,0.000000e+00,0.000000e+00,0.000000e+00,0.000000e+00
1.000000e+00,0.000000e+00,0.000000e+00,0.000000e+00,0.000000e+00,0.000000e+00,0.000000e+00,0.000000e+00,0.000000e+00,0.000000e+00,0.000000e+00,0.000000e+00,0.000000e+00,0.000000e+00,0.000000e+00
1.000000e+00,0.000000e+00,0.000000e+00,0.000000e+00,0.000000e+00,0.000000e+00,0.000000e+00,0.000000e+00,0.000000e+00,0.000000e+00,0.000000e+00,0.000000e+00,0.000000e+00,0.000000e+00,0.000000e+00
1.000000e+00,0.000000e+00,0.000000e+00,0.000000e+00,0.000000e+00,0.000000e+00,0.000000e+00,0.000000e+00,0.000000e+00,0.000000e+00,0.000000e+00,0.000000e+00,0.000000e+00,0.000000e+00,0.000000e+00
1.000000e+00,0.000000e+00,0.000000e+00,0.000000e+00,0.000000e+00,0.000000e+00,0.000000e+00,0.000000e+00,0.000000e+00,0.000000e+00,0.000000e+00,0.000000e+00,0.000000e+00,0.000000e+00,0.000000e+00
1.000000e+00,0.000000e+00,0.000000e+00,0.000000e+00,0.000000e+00,0.000000e+00,0.000000e+00,0.000000e+00,0.000000e+00,0.000000e+00,0.000000e+00,0.000000e+00,0.000000e+00,0.000000e+00,0.000000e+00
4.440277e-01,1.729827e-02,1.759501e-02,2.645997e-02,8.744394e-03,4.619704e-02,6.734739e-02,8.821391e-02,1.358408e-02,7.582265e-02,3.472894e-02,4.674928e-02,2.856388e-02,1.646806e-02,6.819945e-02
3.541587e-01,1.799574e-02,1.460208e-02,4.638079e-02,1.142098e-02,4.483491e-02,5.128518e-02,6.585356e-02,2.387814e-02,1.502916e-01,4.471790e-02,5.093998e-02,4.633018e-02,1.631178e-02,6.099851e-02
3.741699e-01,2.133063e-02,1.210293e-02,4.695831e-02,1.325730e-02,4.281268e-02,3.708743e-02,4.848075e-02,3.087123e-02,1.572472e-01,4.182648e-02,4.608871e-02,5.398117e-02,1.559286e-02,5.819236e-02
3.146116e-01,1.990496e-02,1.077513e-02,5.604383e-02,1.202193e-02,4.797609e-02,2.811027e-02,3.636670e-02,4.007193e-02,1.425270e-01,5.048379e-02,1.077224e-01,6.559095e-02,1.727945e-02,5.051404e-02
2.919015e-01,2.056063e-02,9.180901e-03,6.970736e-02,2.027524e-02,4.193204e-02,2.368844e-02,2.814220e-02,5.453568e-02,1.041058e-01,6.305529e-02,1.246478e-01,8.586060e-02,1.777260e-02,4.463403e-02
2.570038e-01,1.796940e-02,7.831836e-03,7.734400e-02,2.208383e-02,4.266744e-02,1.844632e-02,2.310112e-02,5.010375e-02,7.949384e-02,6.969711e-02,1.828466e-01,9.832969e-02,1.463166e-02,3.844957e-02
2.348309e-01,1.551061e-02,9.153484e-03,7.563055e-02,2.638030e-02,4.011729e-02,1.463340e-02,2.400726e-02,6.944095e-02,6.057706e-02,9.915832e-02,1.886153e-01,9.223264e-02,1.372367e-02,3.598830e-02
2.464904e-01,3.416529e-02,1.474569e-02,8.115823e-02,4.057318e-02,4.260279e-02,1.210929e-02,1.863854e-02,9.225576e-02,4.731388e-02,9.217637e-02,1.552387e-01,6.794057e-02,1.102063e-02,4.357082e-02
2.819221e-01,4.684256e-02,1.693331e-02,9.622949e-02,4.178602e-02,4.745883e-02,9.638858e-03,1.441737e-02,1.020050e-01,3.604019e-02,7.432134e-02,1.210617e-01,5.038015e-02,8.332074e-03,5.263105e-02
2.850751e-01,4.615035e-02,2.111821e-02,1.284932e-01,4.107439e-02,4.254988e-02,7.782067e-03,1.163731e-02,1.436042e-01,2.690884e-02,6.260256e-02,9.254970e-02,3.742632e-02,6.158800e-03,4.686911e-02
2.515042e-01,4.672347e-02,2.176178e-02,1.996131e-01,4.751296e-02,3.395675e-02,6.787973e-03,1.466770e-02,1.668936e-01,2.163371e-02,4.867758e-02,6.951241e-02,2.783229e-02,4.549322e-03,3.837319e-02
2.431582e-01,5.320176e-02,2.152441e-02,2.323956e-01,5.841754e-02,2.678813e-02,8.022129e-03,1.403346e-02,1.842307e-01,1.592614e-02,3.782364e-02,5.155255e-02,2.044946e-02,3.458847e-03,2.901747e-02
2.347957e-01,5.812716e-02,3.034245e-02,2.561826e-01,7.512666e-02,2.106763e-02,7.857420e-03,2.068853e-02,1.731354e-01,1.286471e-02,2.963274e-02,3.859352e-02,1.596248e-02,2.671848e-03,2.295118e-02
1.834082e-01,5.423005e-02,1.404161e-01,2.663117e-01,7.412829e-02,1.659633e-02,1.013277e-02,2.151073e-02,1.413054e-01,1.077669e-02,2.176517e-02,2.783250e-02,1.235567e-02,1.974131e-03,1.725624e-02
1.455961e-01,4.880249e-02,2.318597e-01,2.696813e-01,6.591317e-02,1.262572e-02,7.980887e-03,2.016590e-02,1.265110e-01,1.008831e-02,1.629258e-02,2.006164e-02,9.481687e-03,1.474428e-03,1.346513e-02
1.060515e-01,4.228418e-02,3.547384e-01,2.434855e-01,4.882788e-02,1.144006e-02,5.803324e-03,1.452216e-02,9.841072e-02,1.612944e-02,1.406732e-02,1.504115e-02,7.919578e-03,1.317055e-03,1.996176e-02
9.433514e-02,4.710519e-02,3.528374e-01,1.988700e-01,4.737587e-02,9.741236e-03,4.821314e-03,1.189281e-02,1.201499e-01,3.728480e-02,2.342445e-02,1.323447e-02,1.088450e-02,1.577052e-03,2.646589e-02
8.419535e-02,4.641306e-02,3.329964e-01,1.497505e-01,3.725230e-02,8.809789e-03,3.692840e-03,1.024348e-02,1.199118e-01,7.682379e-02,2.913257e-02,1.094540e-02,1.112276e-02,4.114367e-03,7.459553e-02
8.722306e-02,5.384616e-02,2.542101e-01,1.100202e-01,2.858190e-02,8.486305e-03,2.772192e-03,8.409054e-03,1.586324e-01,1.412624e-01,3.444511e-02,9.062815e-03,1.056318e-02,9.622317e-03,8.286274e-02
1.713385e-01,5.701289e-02,1.835362e-01,8.372127e-02,2.468240e-02,8.791326e-03,2.428879e-03,8.584048e-03,1.415936e-01,1.740773e-01,2.931805e-02,7.963919e-03,9.730397e-03,1.092385e-02,8.629736e-02
1.650864e-01,9.808597e-02,1.527244e-01,1.319303e-01,1.918949e-02,7.934356e-03,2.084262e-03,7.277501e-03,1.303985e-01,1.466477e-01,2.331204e-02,8.235694e-03,1.008315e-02,8.691121e-03,8.831903e-02
2.792085e-01,7.779196e-02,1.227000e-01,1.060362e-01,1.509464e-02,1.071526e-02,2.362254e-03,9.258181e-03,1.034841e-01,1.096372e-01,2.095543e-02,1.007049e-02,1.105384e-02,1.993461e-02,1.016974e-01
3.242737e-01,6.073003e-02,9.251561e-02,7.701080e-02,1.305464e-02,1.188245e-02,1.983584e-03,7.887693e-03,9.440612e-02,9.862438e-02,2.108912e-02,8.289965e-03,1.179582e-02,3.281387e-02,1.436421e-01
2.804168e-01,6.603586e-02,7.991262e-02,8.320196e-02,1.200506e-02,1.142492e-02,2.175107e-03,7.714720e-03,1.284213e-01,8.274748e-02,1.912790e-02,8.364911e-03,1.123268e-02,4.595051e-02,1.612681e-01
2.743446e-01,6.205527e-02,7.933381e-02,6.642235e-02,1.060446e-02,1.370076e-02,2.643551e-03,8.140300e-03,1.034784e-01,6.356788e-02,1.806017e-02,8.448804e-03,1.122496e-02,1.149471e-01,1.630276e-01
3.598029e-01,5.069683e-02,6.810110e-02,5.021776e-02,1.028369e-02,1.590027e-02,2.669770e-03,7.179389e-03,8.256340e-02,4.725727e-02,1.610135e-02,7.793567e-03,1.035595e-02,1.222472e-01,1.488295e-01
3.128511e-01,4.163766e-02,6.346250e-02,3.578168e-02,8.215527e-03,1.651010e-02,2.017710e-03,5.286617e-03,6.216384e-02,3.343556e-02,1.280532e-02,5.800085e-03,7.815451e-03,2.444353e-01,1.477815e-01
2.418104e-01,3.765135e-02,5.261701e-02,2.772886e-02,7.759606e-03,1.488641e-02,1.681912e-03,3.984022e-03,5.939124e-02,2.460944e-02,1.045258e-02,4.945389e-03,5.935325e-03,3.008806e-01,2.056659e-01
1.711331e-01,2.742914e-02,3.786528e-02,1.988699e-02,5.567321e-03,1.068780e-02,1.194567e-03,2.798339e-03,5.094512e-02,1.922878e-02,7.929771e-03,3.707583e-03,4.305653e-03,4.333113e-01,2.040093e-01
1.211243e-01,1.966413e-02,2.682200e-02,1.409918e-02,3.995309e-03,7.593923e-03,8.492602e-04,1.963674e-03,3.826302e-02,1.411870e-02,6.008620e-03,2.738231e-03,3.108064e-03,5.424589e-01,1.971928e-01
8.565402e-02,1.386197e-02,1.890523e-02,9.927663e-03,2.836153e-03,5.380134e-03,6.114397e-04,1.378833e-03,3.016247e-02,1.284803e-02,4.927626e-03,2.060534e-03,2.282039e-03,6.306021e-01,1.785619e-01
6.060059e-02,9.759258e-03,1.325578e-02,6.964341e-03,2.023989e-03,3.820918e-03,4.333618e-04,9.665287e-04,2.227028e-02,1.060020e-02,3.709632e-03,1.486834e-03,1.689302e-03,7.047145e-01,1.577045e-01
5.064084e-02,7.286242e-03,9.994336e-03,5.305437e-03,1.941306e-03,3.830065e-03,4.441489e-04,7.552023e-04,3.917575e-02,1.264203e-02,5.094327e-03,1.383078e-03,2.124544e-03,7.054358e-01,1.539470e-01
3.714645e-02,6.095067e-03,8.759381e-03,4.319907e-03,1.820868e-03,3.707857e-03,4.217259e-04,6.175896e-04,3.977597e-02,1.420242e-02,5.154121e-03,1.123100e-03,1.609790e-03,7.468835e-01,1.283624e-01
2.777660e-02,5.818875e-03,7.538092e-03,3.357646e-03,1.523480e-03,3.240985e-03,3.787228e-04,4.910265e-04,4.001710e-02,1.492177e-02,4.477696e-03,8.350722e-04,1.196472e-03,7.862684e-01,1.021581e-01
2.059968e-02,3.721376e-02,4.956561e-02,1.105921e-02,2.362675e-03,2.681894e-03,3.569150e-04,3.956361e-04,1.337798e-01,2.285911e-02,4.719906e-03,1.378227e-03,1.203149e-03,6.040159e-01,1.078086e-01
1.631796e-02,4.917119e-02,4.291605e-02,8.866953e-03,4.332783e-03,2.389602e-03,3.196950e-04,3.359389e-04,1.713557e-01,3.134878e-02,4.120178e-03,1.162220e-03,1.261165e-03,5.331330e-01,1.329688e-01
1.582591e-02,6.775971e-02,6.751773e-02,8.208012e-03,1.137765e-02,2.582870e-03,3.603661e-04,6.565715e-04,1.617961e-01,5.194781e-02,4.806045e-03,1.220213e-03,1.940123e-03,4.036874e-01,2.003135e-01
1.281409e-02,8.392955e-02,7.361464e-02,7.621636e-03,1.062138e-02,3.071238e-03,3.234370e-04,8.547796e-04,1.429664e-01,1.104653e-01,5.559964e-03,1.604667e-03,3.330021e-03,2.941752e-01,2.490477e-01
1.303422e-02,9.507570e-02,6.267466e-02,1.226264e-02,1.256711e-02,4.018225e-03,4.742225e-04,3.341083e-03,1.714382e-01,1.336810e-01,9.128728e-03,1.895465e-03,6.064291e-03,2.100915e-01,2.642530e-01
2.959695e-02,1.625257e-01,5.895936e-02,1.526923e-02,1.605213e-02,4.735175e-03,9.232650e-04,8.635899e-03,1.770253e-01,1.053828e-01,9.118787e-03,2.500258e-03,8.037213e-03,1.541089e-01,2.471290e-01
4.732958e-02,1.473388e-01,5.027099e-02,1.443206e-02,1.949758e-02,1.143802e-02,2.785608e-03,2.045795e-02,2.003933e-01,8.748218e-02,8.402621e-03,2.360433e-03,9.705480e-03,1.152326e-01,2.628728e-01
6.100194e-02,2.167144e-01,4.206093e-02,1.357311e-02,2.636038e-02,1.694532e-02,6.084829e-03,3.030971e-02,1.923464e-01,6.957788e-02,7.109144e-03,2.312585e-03,1.036083e-02,8.591223e-02,2.193304e-01
7.806443e-02,2.110267e-01,3.586114e-02,1.361495e-02,2.478841e-02,2.102293e-02,3.625289e-02,4.169327e-02,2.029025e-01,7.210174e-02,6.813778e-03,5.120616e-03,1.324206e-02,6.142640e-02,1.760682e-01
7.660799e-02,1.946815e-01,3.436735e-02,1.488626e-02,2.289159e-02,2.386384e-02,3.831585e-02,1.033209e-01,1.790385e-01,8.117435e-02,9.568326e-03,6.064596e-03,1.396798e-02,4.376651e-02,1.574845e-01
8.779961e-02,1.605221e-01,2.644665e-02,1.188002e-02,2.013826e-02,2.119075e-02,6.749360e-02,1.539719e-01,1.618900e-01,6.198669e-02,1.290188e-02,6.752091e-03,3.091791e-02,3.127265e-02,1.448359e-01
9.496769e-02,1.263151e-01,1.989026e-02,9.382765e-03,1.774023e-02,1.862670e-02,8.251216e-02,2.390230e-01,1.419768e-01,4.765622e-02,1.157467e-02,6.513757e-03,4.339298e-02,2.249754e-02,1.179302e-01
1.065708e-01,1.082408e-01,1.787370e-02,7.702525e-03,1.722790e-02,2.200738e-02,9.519790e-02,2.613706e-01,1.426743e-01,3.772270e-02,1.631250e-02,1.215492e-02,4.407593e-02,1.751331e-02,9.335478e-02
1.172640e-01,8.900970e-02,1.432256e-02,6.596784e-03,1.718035e-02,2.034426e-02,1.485122e-01,2.790957e-01,1.390435e-01,2.739741e-02,1.460822e-02,1.142794e-02,3.358120e-02,1.271482e-02,6.890138e-02
1.206590e-01,6.655169e-02,1.230684e-02,5.416526e-03,1.881978e-02,1.765639e-02,2.036005e-01,2.860704e-01,1.333320e-01,2.085992e-02,1.260091e-02,9.797761e-03,2.580845e-02,9.416589e-03,5.710325e-02
1.622507e-01,5.333400e-02,1.199326e-02,5.316479e-03,1.782097e-02,1.830992e-02,1.671331e-01,2.402348e-01,1.517785e-01,1.994349e-02,1.288149e-02,1.017039e-02,2.103452e-02,7.454110e-03,1.003443e-01
1.803142e-01,4.148735e-02,1.181450e-02,5.305803e-03,1.650158e-02,1.621713e-02,1.572161e-01,2.307259e-01,1.558422e-01,1.758938e-02,1.177298e-02,9.352814e-03,1.756968e-02,5.725521e-03,1.225650e-01
2.275252e-01,3.253434e-02,1.338722e-02,6.380857e-03,1.639726e-02,1.451641e-02,1.854567e-01,1.953805e-01,1.276872e-01,1.428920e-02,1.324265e-02,1.310669e-02,1.959770e-02,4.760975e-03,1.157371e-01
2.219023e-01,2.698738e-02,1.649549e-02,6.312399e-03,1.772845e-02,1.239888e-02,2.320347e-01,2.027044e-01,9.944043e-02,1.147170e-02,1.197788e-02,1.134696e-02,2.157930e-02,3.834834e-03,1.037849e-01
2.090654e-01,2.288831e-02,2.510379e-02,7.269466e-03,2.357838e-02,1.070676e-02,1.907166e-01,2.421049e-01,9.524542e-02,1.004967e-02,1.366781e-02,1.048180e-02,3.852038e-02,3.173747e-03,9.742764e-02
2.470499e-01,1.978717e-02,2.505371e-02,8.559390e-03,2.391644e-02,1.527414e-02,1.487083e-01,2.527455e-01,9.665265e-02,1.163883e-02,1.987746e-02,1.791565e-02,3.662673e-02,3.043877e-03,7.315025e-02
3.090073e-01,1.547495e-02,2.217397e-02,1.019318e-02,3.719958e-02,2.043312e-02,1.128893e-01,2.253409e-01,9.462871e-02,1.144292e-02,2.650260e-02,2.406873e-02,3.324085e-02,2.690732e-03,5.471313e-02
4.021284e-01,1.231389e-02,1.632434e-02,1.171087e-02,4.197400e-02,2.300171e-02,8.046017e-02,1.694273e-01,7.058542e-02,9.103511e-03,2.871373e-02,3.233673e-02,5.737358e-02,2.584480e-03,4.196195e-02
4.692014e-01,1.126580e-02,1.198326e-02,1.366561e-02,3.708520e-02,2.285245e-02,5.719131e-02,1.218737e-01,5.339525e-02,9.007437e-03,2.969977e-02,4.423876e-02,7.837297e-02,3.213159e-03,3.695404e-02
4.822626e-01,1.431599e-02,8.900212e-03,2.121290e-02,3.539420e-02,2.306340e-02,4.114083e-02,8.735996e-02,4.664186e-02,8.457953e-03,2.924000e-02,6.363380e-02,9.587227e-02,3.845814e-03,3.865825e-02
4.879969e-01,1.550776e-02,7.291679e-03,2.552115e-02,3.115297e-02,2.416212e-02,2.938522e-02,6.370593e-02,3.912372e-02,7.809233e-03,3.005520e-02,7.005847e-02,1.078366e-01,6.924569e-03,5.346860e-02
1.000000e+00,0.000000e+00,0.000000e+00,0.000000e+00,0.000000e+00,0.000000e+00,0.000000e+00,0.000000e+00,0.000000e+00,0.000000e+00,0.000000e+00,0.000000e+00,0.000000e+00,0.000000e+00,0.000000e+00
1.000000e+00,0.000000e+00,0.000000e+00,0.000000e+00,0.000000e+00,0.000000e+00,0.000000e+00,0.000000e+00,0.000000e+00,0.000000e+00,0.000000e+00,0.000000e+00,0.000000e+00,0.000000e+00,0.000000e+00
1.000000e+00,0.000000e+00,0.000000e+00,0.000000e+00,0.000000e+00,0.000000e+00,0.000000e+00,0.000000e+00,0.000000e+00,0.000000e+00,0.000000e+00,0.000000e+00,0.000000e+00,0.000000e+00,0.000000e+00
1.000000e+00,0.000000e+00,0.000000e+00,0.000000e+00,0.000000e+00,0.000000e+00,0.000000e+00,0.000000e+00,0.000000e+00,0.000000e+00,0.000000e+00,0.000000e+00,0.000000e+00,0.000000e+00,0.000000e+00
1.000000e+00,0.000000e+00,0.000000e+00,0.000000e+00,0.000000e+00,0.000000e+00,0.000000e+00,0.000000e+00,0.000000e+00,0.000000e+00,0.000000e+00,0.000000e+00,0.000000e+00,0.000000e+00,0.000000e+00
1.000000e+00,0.000000e+00,0.000000e+00,0.000000e+00,0.000000e+00,0.000000e+00,0.000000e+00,0.000000e+00,0.000000e+00,0.000000e+00,0.000000e+00,0.000000e+00,0.000000e+00,0.000000e+00,0.000000e+00
1.000000e+00,0.000000e+00,0.000000e+00,0.000000e+00,0.000000e+00,0.000000e+00,0.000000e+00,0.000000e+00,0.000000e+00,0.000000e+00,0.000000e+00,0.000000e+00,0.000000e+00,0.000000e+00,0.000000e+00
1.000000e+00,0.000000e+00,0.000000e+00,0.000000e+00,0.000000e+00,0.000000e+00,0.000000e+00,0.000000e+00,0.000000e+00,0.000000e+00,0.000000e+00,0.000000e+00,0.000000e+00,0.000000e+00,0.000000e+00
1.000000e+00,0.000000e+00,0.000000e+00,0.000000e+00,0.000000e+00,0.000000e+00,0.000000e+00,0.000000e+00,0.000000e+00,0.000000e+00,0.000000e+00,0.000000e+00,0.000000e+00,0.000000e+00,0.000000e+00
4.817905e-01,1.581866e-02,1.083514e-02,2.105327e-02,2.222511e-02,4.335176e-02,1.887435e-02,2.498071e-01,1.391849e-02,4.389733e-03,7.139890e-03,3.468637e-02,4.442457e-02,3.797821e-03,2.788729e-02
3.907493e-01,1.264655e-02,8.956487e-03,1.596269e-02,2.210266e-02,4.902216e-02,4.014757e-02,3.446931e-01,1.230491e-02,3.423995e-03,5.420502e-03,2.549823e-02,4.500780e-02,2.766209e-03,2.129786e-02
3.304737e-01,1.210988e-02,7.212085e-03,1.249603e-02,3.195865e-02,3.952996e-02,5.524244e-02,4.001484e-01,1.727848e-02,3.922519e-03,5.836148e-03,1.993616e-02,4.395834e-02,2.119707e-03,1.777742e-02
3.143153e-01,1.100779e-02,6.824309e-03,1.463993e-02,3.119407e-02,5.637642e-02,5.900118e-02,3.276175e-01,1.638139e-02,4.167441e-03,9.822870e-03,2.958531e-02,9.977532e-02,1.809086e-03,1.748206e-02
2.523433e-01,9.003901e-03,6.520351e-03,1.450044e-02,2.521968e-02,5.814939e-02,6.638081e-02,2.604975e-01,1.535858e-02,3.505734e-03,1.414037e-02,3.447306e-02,2.220268e-01,1.415044e-03,1.646502e-02
1.830184e-01,8.631587e-03,7.373012e-03,2.092423e-02,1.947768e-02,4.511484e-02,7.151759e-02,1.844734e-01,1.480154e-02,3.985470e-03,1.332224e-02,3.376455e-02,3.719832e-01,1.681023e-03,1.993124e-02
1.288060e-01,6.334753e-03,6.062562e-03,2.016289e-02,1.412279e-02,3.267775e-02,5.250086e-02,1.293789e-01,1.101180e-02,3.192590e-03,1.072044e-02,2.904794e-02,5.376463e-01,1.215567e-03,1.711880e-02
9.044988e-02,4.538982e-03,5.132509e-03,1.457462e-02,1.054448e-02,2.525526e-02,3.824966e-02,9.066388e-02,8.502850e-03,2.351121e-03,8.600113e-03,2.580378e-02,6.610169e-01,8.600815e-04,1.345590e-02
6.345668e-02,3.245783e-03,4.106749e-03,1.045651e-02,7.858686e-03,2.162091e-02,2.855763e-02,6.375842e-02,6.875770e-03,1.682727e-03,6.714619e-03,2.299811e-02,7.480252e-01,6.063494e-04,1.003593e-02
4.448725e-02,2.369643e-03,3.061277e-03,7.420418e-03,7.181196e-03,1.755605e-02,2.112525e-02,4.478058e-02,6.024485e-03,1.253680e-03,5.349090e-03,2.381156e-02,8.072096e-01,4.367491e-04,7.933293e-03
3.119499e-02,1.833116e-03,2.653383e-03,5.351496e-03,7.536256e-03,1.310643e-02,1.522760e-02,3.148140e-02,5.137412e-03,2.257589e-03,5.155813e-03,2.390366e-02,8.480161e-01,3.415884e-04,6.803188e-03
2.189582e-02,1.480339e-03,1.943496e-03,3.892817e-03,5.942698e-03,1.115413e-02,1.087141e-02,2.208709e-02,4.346882e-03,3.639833e-03,5.946343e-03,3.109613e-02,8.703148e-01,2.811920e-04,5.106994e-03
1.537187e-02,1.151815e-03,1.553538e-03,2.783474e-03,4.598746e-03,8.103710e-03,7.700549e-03,1.549197e-02,3.547718e-03,1.342809e-02,1.057901e-02,4.018244e-02,8.709046e-01,3.020891e-04,4.300494e-03
1.095873e-02,8.483421e-04,1.127607e-03,1.977733e-03,3.732161e-03,8.382298e-03,5.546276e-03,1.086603e-02,3.698330e-03,4.094161e-02,1.921223e-02,1.002019e-01,7.885966e-01,4.418293e-04,3.468489e-03
7.831084e-03,6.254424e-04,8.106846e-04,1.415880e-03,3.298624e-03,7.465458e-03,4.003440e-03,7.617602e-03,3.979052e-03,7.679594e-02,3.121603e-02,1.740075e-01,6.777071e-01,4.725527e-04,2.753665e-03
5.630562e-03,5.138898e-04,6.785910e-04,1.006363e-03,3.254913e-03,5.566458e-03,2.925521e-03,5.341867e-03,5.651916e-03,1.429384e-01,3.254288e-02,2.663971e-01,5.247936e-01,6.213466e-04,2.136657e-03
4.286835e-03,4.416509e-04,4.971926e-04,7.387275e-04,2.656592e-03,4.124041e-03,2.063472e-03,3.757716e-03,9.048643e-03,2.118199e-01,3.786581e-02,3.191000e-01,4.011357e-01,6.309999e-04,1.832756e-03
3.115646e-03,3.875021e-04,3.599016e-04,5.463090e-04,2.714956e-03,2.944687e-03,1.452743e-03,2.668238e-03,1.510521e-02,2.698796e-01,3.492773e-02,3.705584e-01,2.931374e-01,6.733960e-04,1.528330e-03
2.537795e-03,3.742624e-04,2.612047e-04,4.119319e-04,2.040909e-03,2.242846e-03,1.019100e-03,1.882072e-03,1.405653e-02,2.647694e-01,3.541806e-02,4.628578e-01,2.102515e-01,7.510104e-04,1.125573e-03
2.430070e-03,3.985129e-04,2.019901e-04,3.401105e-04,1.571565e-03,1.837094e-03,7.174477e-04,1.406627e-03,1.614372e-02,2.218229e-01,4.095171e-02,5.601403e-01,1.505463e-01,6.830118e-04,8.085906e-04
2.492808e-03,7.993608e-04,2.323494e-04,3.414976e-04,1.989553e-03,1.931384e-03,5.209830e-04,1.380817e-03,4.194244e-02,1.989775e-01,5.056302e-02,5.874574e-01,1.100092e-01,7.544612e-04,6.072140e-04
2.813477e-03,8.776129e-04,2.115214e-04,4.199943e-04,1.872500e-03,2.667762e-03,3.789017e-04,1.242562e-03,3.807793e-02,1.599621e-01,4.866598e-02,6.632165e-01,7.839522e-02,7.207916e-04,4.771911e-04
2.904649e-03,9.434700e-04,2.286933e-04,4.343524e-04,1.606449e-03,2.919822e-03,2.840932e-04,1.062532e-03,3.764510e-02,1.241717e-01,3.822717e-02,7.323081e-01,5.617945e-02,6.462918e-04,4.380905e-04
7.851783e-03,1.904008e-03,3.588219e-03,1.065079e-03,1.723442e-03,1.621312e-02,5.881619e-04,6.754526e-03,4.400203e-02,9.436620e-02,3.329106e-02,7.477564e-01,3.995199e-02,5.803996e-04,3.635419e-04
1.007979e-02,2.816796e-03,2.844731e-03,8.905479e-04,1.455141e-03,1.212530e-02,4.470728e-04,6.248302e-03,5.307021e-02,7.132076e-02,3.088128e-02,7.783322e-01,2.861686e-02,5.455640e-04,3.254046e-04
9.265674e-03,1.581934e-02,2.642660e-03,7.058428e-04,1.662322e-03,8.915904e-03,3.333422e-04,5.458250e-03,8.354934e-02,5.359225e-02,7.104832e-02,7.253618e-01,2.087154e-02,4.698993e-04,3.034783e-04
7.310138e-03,1.393910e-02,2.500732e-03,6.320624e-04,1.742331e-03,6.449961e-03,2.631360e-04,5.648805e-03,9.272496e-02,4.067905e-02,8.700956e-02,7.256228e-01,1.483861e-02,4.010944e-04,2.376325e-04
6.300262e-03,1.601334e-02,4.855822e-03,1.463680e-03,2.967645e-03,4.790792e-03,2.656453e-04,1.466447e-02,1.052179e-01,2.988974e-02,8.562559e-02,7.168435e-01,1.051661e-02,3.617230e-04,2.232234e-04
6.104336e-03,1.726959e-02,1.329219e-02,3.825820e-03,2.827460e-03,4.039449e-03,3.335462e-04,3.311057e-02,9.631158e-02,2.253901e-02,1.755649e-01,6.165363e-01,7.562496e-03,4.652886e-04,2.174309e-04
5.425304e-03,1.863680e-02,1.679139e-02,4.860980e-03,3.162602e-03,3.352005e-03,5.129375e-04,3.639032e-02,9.736302e-02,1.741596e-02,2.694356e-01,5.201904e-01,5.515382e-03,7.238306e-04,2.234874e-04
6.678463e-03,2.294777e-02,1.793419e-02,6.504497e-03,4.759660e-03,4.482371e-03,1.164399e-03,3.454155e-02,1.612092e-01,1.443197e-02,2.946697e-01,4.252745e-01,4.019624e-03,8.963204e-04,4.857331e-04
8.032663e-03,2.608733e-02,3.640350e-02,1.146917e-02,8.280333e-03,4.732573e-03,3.736045e-03,5.519614e-02,1.973357e-01,1.583587e-02,2.503437e-01,3.780179e-01,2.937953e-03,9.738214e-04,6.173294e-04
1.571023e-02,2.620354e-02,7.453272e-02,2.310100e-02,2.447665e-02,8.502489e-03,4.159059e-03,7.675841e-02,1.847998e-01,1.374059e-02,2.392283e-01,3.043952e-01,2.443824e-03,1.225287e-03,7.228851e-04
2.864220e-02,2.050193e-02,9.132503e-02,4.055230e-02,3.127908e-02,7.437254e-03,3.745935e-03,1.454606e-01,1.792613e-01,1.283519e-02,1.957010e-01,2.385328e-01,2.286952e-03,1.619823e-03,8.184762e-04
3.342547e-02,1.608100e-02,8.494747e-02,6.343114e-02,3.693879e-02,6.540347e-03,3.086431e-03,1.549860e-01,2.213168e-01,1.177782e-02,1.801753e-01,1.827303e-01,1.816870e-03,1.845237e-03,9.009690e-04
4.864151e-02,1.512343e-02,6.908807e-02,9.274483e-02,8.559708e-02,7.365523e-03,2.628769e-03,1.263113e-01,2.198114e-01,2.545182e-02,1.675790e-01,1.346635e-01,1.542024e-03,2.268611e-03,1.183104e-03
5.373401e-02,1.595969e-02,5.640397e-02,9.997222e-02,1.720685e-01,7.785016e-03,2.261216e-03,1.035946e-01,2.176506e-01,2.654706e-02,1.407758e-01,9.794439e-02,1.297257e-03,2.727299e-03,1.278287e-03
8.450250e-02,1.540295e-02,4.684768e-02,1.408451e-01,1.808966e-01,8.509922e-03,1.993906e-03,9.649047e-02,1.964258e-01,2.106450e-02,1.227371e-01,7.638593e-02,1.362986e-03,4.787929e-03,1.746707e-03
1.122401e-01,1.416227e-02,3.967593e-02,1.737997e-01,2.006544e-01,8.264645e-03,1.773875e-03,9.515461e-02,1.663617e-01,1.622799e-02,1.025219e-01,5.970275e-02,1.387200e-03,5.932649e-03,2.140187e-03
1.535925e-01,1.152035e-02,4.609067e-02,2.258377e-01,1.792767e-01,7.705636e-03,1.592477e-03,9.985858e-02,1.269919e-01,1.363139e-02,7.916004e-02,4.554745e-02,1.260801e-03,5.966132e-03,1.967560e-03
2.666418e-01,9.797596e-03,4.489140e-02,2.126814e-01,1.389942e-01,8.290268e-03,1.898271e-03,7.848091e-02,1.034690e-01,1.119269e-02,6.901632e-02,4.009242e-02,1.769541e-03,1.013121e-02,2.652940e-03
3.463221e-01,9.112979e-03,4.422361e-02,2.089560e-01,1.108682e-01,8.968254e-03,2.098019e-03,6.190446e-02,8.353618e-02,9.480396e-03,6.174456e-02,3.544315e-02,2.246992e-03,1.133784e-02,3.757267e-03
3.642575e-01,7.658828e-03,1.089192e-01,2.138705e-01,8.662528e-02,7.702402e-03,2.068280e-03,5.183732e-02,6.125348e-02,6.962536e-03,4.553789e-02,2.804986e-02,2.404064e-03,9.545903e-03,3.307038e-03
4.503677e-01,7.447960e-03,1.042841e-01,1.942949e-01,6.450649e-02,7.725854e-03,2.018370e-03,4.066937e-02,4.610762e-02,5.399473e-03,3.587504e-02,2.414742e-02,4.000124e-03,8.979199e-03,4.176348e-03
1.000000e+00,0.000000e+00,0.000000e+00,0.000000e+00,0.000000e+00,0.000000e+00,0.000000e+00,0.000000e+00,0.000000e+00,0.000000e+00,0.000000e+00,0.000000e+00,0.000000e+00,0.000000e+00,0.000000e+00
1.000000e+00,0.000000e+00,0.000000e+00,0.000000e+00,0.000000e+00,0.000000e+00,0.000000e+00,0.000000e+00,0.000000e+00,0.000000e+00,0.000000e+00,0.000000e+00,0.000000e+00,0.000000e+00,0.000000e+00
1.000000e+00,0.000000e+00,0.000000e+00,0.000000e+00,0.000000e+00,0.000000e+00,0.000000e+00,0.000000e+00,0.000000e+00,0.000000e+00,0.000000e+00,0.000000e+00,0.000000e+00,0.000000e+00,0.000000e+00
4.073383e-01,1.633604e-02,8.472134e-02,2.856607e-01,5.330726e-02,2.433676e-02,1.894352e-03,1.782148e-02,2.639090e-02,4.024359e-03,2.243576e-02,2.333189e-02,6.515358e-03,1.609211e-02,9.793420e-03
3.175280e-01,7.239342e-02,9.336784e-02,2.179278e-01,3.943633e-02,2.101251e-02,1.527846e-03,1.460207e-02,2.173650e-02,6.169859e-03,1.177603e-01,1.917725e-02,6.934334e-03,3.949493e-02,1.093091e-02
2.438636e-01,1.100896e-01,8.376929e-02,1.638433e-01,2.889482e-02,2.006596e-02,1.248030e-03,1.077481e-02,3.329363e-02,1.167087e-02,1.799488e-01,1.620045e-02,5.842873e-03,6.995860e-02,2.053538e-02
1.772181e-01,7.925905e-02,6.188810e-02,1.154114e-01,2.053107e-02,1.575579e-02,9.534557e-04,7.721782e-03,2.627796e-02,9.275742e-03,2.655628e-01,1.366190e-02,4.209582e-03,1.865877e-01,1.568552e-02
1.260194e-01,5.631295e-02,4.428167e-02,8.175673e-02,1.480595e-02,1.275533e-02,7.272107e-04,5.518429e-03,2.005245e-02,7.341722e-03,3.998527e-01,1.083154e-02,3.198650e-03,2.047131e-01,1.183214e-02
8.830359e-02,3.956745e-02,3.105694e-02,5.738335e-02,1.070224e-02,9.244423e-03,5.633689e-04,3.929247e-03,1.434756e-02,7.578482e-03,5.619868e-01,8.390368e-03,2.420116e-03,1.559872e-01,8.538848e-03
6.191344e-02,2.837605e-02,2.216950e-02,4.042033e-02,9.574186e-03,7.442877e-03,7.231900e-04,2.854428e-03,1.129082e-02,2.088790e-02,6.493045e-01,7.341104e-03,2.033558e-03,1.244395e-01,1.122869e-02
4.338755e-02,2.024699e-02,1.560194e-02,2.865544e-02,7.506674e-03,5.697721e-03,7.485271e-04,2.041135e-03,8.608826e-03,2.379716e-02,7.329579e-01,5.832265e-03,1.619121e-03,9.244954e-02,1.084922e-02
3.039967e-02,1.570655e-02,1.142928e-02,2.019117e-02,5.446667e-03,7.151606e-03,9.527209e-04,1.452961e-03,6.801234e-03,4.840850e-02,7.341226e-01,5.586664e-03,1.534339e-03,6.888708e-02,4.192900e-02
2.132378e-02,1.209740e-02,8.430401e-03,1.426337e-02,3.946331e-03,1.193176e-02,1.056172e-03,1.111417e-03,6.331557e-03,9.490436e-02,6.989735e-01,5.442582e-03,1.615339e-03,5.468587e-02,6.388613e-02
1.501463e-02,9.979537e-03,6.573622e-03,1.012989e-02,3.075766e-03,4.046395e-02,2.623656e-03,1.275876e-03,5.891405e-03,1.806539e-01,6.182616e-01,5.565240e-03,1.650922e-03,4.145823e-02,5.738176e-02
1.059936e-02,8.234921e-03,5.105766e-03,7.239542e-03,3.795099e-03,3.222277e-02,8.897571e-03,1.463344e-03,5.168336e-03,3.170756e-01,5.185443e-01,4.521917e-03,1.369970e-03,2.974939e-02,4.601211e-02
7.620048e-03,8.406484e-03,5.056230e-03,5.741352e-03,5.837471e-03,3.607877e-02,1.916641e-02,2.519212e-03,6.788876e-03,3.695936e-01,4.677731e-01,4.279763e-03,1.549953e-03,2.192273e-02,3.766607e-02
5.731311e-03,6.254947e-03,5.554692e-03,6.986293e-03,2.229617e-02,2.936464e-02,3.212964e-02,5.451708e-02,7.669139e-03,4.131854e-01,3.653328e-01,5.265178e-03,3.057695e-03,1.604610e-02,2.660901e-02
5.647911e-03,9.544030e-03,1.013024e-02,7.870916e-03,4.084263e-02,7.686612e-02,2.768888e-02,4.609268e-02,1.958762e-02,3.735444e-01,3.329575e-01,7.496609e-03,4.325225e-03,1.570147e-02,2.170383e-02
6.489389e-03,1.687823e-02,1.211272e-02,7.589325e-03,5.471539e-02,8.641040e-02,2.081383e-02,3.568510e-02,3.573875e-02,3.607853e-01,3.060308e-01,1.461554e-02,1.087120e-02,1.308504e-02,1.817907e-02
9.961447e-03,6.443503e-02,3.026516e-02,2.994664e-02,7.296598e-02,7.546188e-02,1.676791e-02,3.163344e-02,8.042084e-02,2.741966e-01,2.491679e-01,1.902742e-02,1.786596e-02,1.042140e-02,1.746243e-02
1.311790e-02,8.814126e-02,7.473241e-02,4.139630e-02,7.116260e-02,5.808244e-02,1.276237e-02,3.010235e-02,1.147178e-01,2.163442e-01,2.099552e-01,2.095362e-02,2.011141e-02,9.706255e-03,1.871394e-02
1.097272e-02,8.661271e-02,6.372385e-02,3.437479e-02,5.759180e-02,4.231792e-02,9.073937e-03,2.204948e-02,2.027897e-01,1.875365e-01,1.816757e-01,1.941623e-02,2.086705e-02,1.255439e-02,4.844322e-02
1.043769e-02,1.182894e-01,6.747144e-02,3.413752e-02,4.510354e-02,3.161000e-02,6.633534e-03,1.755845e-02,2.282663e-01,1.815062e-01,1.497844e-01,1.768924e-02,2.114205e-02,1.606394e-02,5.430640e-02
9.309533e-03,1.013518e-01,7.141846e-02,2.619545e-02,3.808318e-02,2.983807e-02,6.615050e-03,2.941896e-02,1.768303e-01,1.653299e-01,2.230203e-01,1.520549e-02,4.779007e-02,1.781036e-02,4.178324e-02
1.331881e-02,8.818332e-02,1.481473e-01,2.488658e-02,5.007287e-02,2.815589e-02,6.254390e-03,5.505551e-02,1.537590e-01,1.475853e-01,1.798016e-01,1.246302e-02,4.151849e-02,1.809094e-02,3.270703e-02
1.393886e-02,7.285886e-02,1.897809e-01,2.488465e-02,6.280049e-02,2.337170e-02,5.800614e-03,1.016676e-01,1.340662e-01,1.505330e-01,1.348251e-01,9.910833e-03,3.322108e-02,1.764200e-02,2.469821e-02
1.917895e-02,6.688744e-02,1.734096e-01,2.595116e-02,7.673026e-02,2.381497e-02,6.928042e-03,9.613159e-02,1.314692e-01,2.105460e-01,9.805231e-02,7.780072e-03,2.525365e-02,1.909439e-02,1.877242e-02
2.506174e-02,8.496486e-02,1.312458e-01,2.238611e-02,8.707580e-02,2.153918e-02,7.718519e-03,9.052914e-02,1.294111e-01,2.585826e-01,7.136452e-02,6.093707e-03,1.979354e-02,2.982401e-02,1.440941e-02
5.809541e-02,8.729556e-02,1.206443e-01,2.424780e-02,8.244544e-02,2.032895e-02,7.587298e-03,8.600890e-02,1.149400e-01,2.552976e-01,5.797459e-02,7.121328e-03,1.749117e-02,3.138584e-02,2.913581e-02
5.754795e-02,8.432952e-02,1.040727e-01,2.630782e-02,6.367321e-02,1.959030e-02,6.405015e-03,6.518999e-02,9.234127e-02,2.909856e-01,6.793903e-02,2.701507e-02,2.683244e-02,2.410030e-02,4.366977e-02
4.684811e-02,6.572904e-02,8.405003e-02,3.621024e-02,4.900205e-02,2.518724e-02,6.702918e-03,4.653348e-02,7.085737e-02,3.289687e-01,1.013349e-01,2.926976e-02,3.129996e-02,2.724836e-02,5.075784e-02
3.429981e-02,4.646472e-02,5.946218e-02,2.602710e-02,3.811389e-02,1.816468e-02,4.803421e-03,3.270172e-02,6.199632e-02,3.205802e-01,1.814570e-01,2.198373e-02,3.772297e-02,6.254396e-02,5.367827e-02
2.854424e-02,3.340373e-02,4.281027e-02,1.978132e-02,3.108898e-02,1.352342e-02,3.535319e-03,2.309945e-02,6.882128e-02,2.718648e-01,1.924921e-01,1.688274e-02,4.104021e-02,1.619006e-01,5.121163e-02
2.124640e-02,2.407655e-02,3.131960e-02,1.466650e-02,2.369243e-02,1.010936e-02,2.576700e-03,1.628663e-02,7.461072e-02,2.090251e-01,1.829972e-01,1.264738e-02,3.205297e-02,2.931749e-01,5.151753e-02
1.606461e-02,1.729915e-02,2.422365e-02,1.277710e-02,1.680008e-02,8.799107e-03,1.871062e-03,1.152630e-02,1.331761e-01,1.573020e-01,1.538535e-01,1.088897e-02,2.742898e-02,3.626817e-01,4.530774e-02
1.215011e-02,1.233756e-02,1.856242e-02,1.019573e-02,1.220828e-02,7.630438e-03,1.384159e-03,8.187455e-03,1.482721e-01,1.163652e-01,1.300946e-01,8.298392e-03,2.021360e-02,4.601992e-01,3.390079e-02
1.033729e-02,9.783883e-03,1.629174e-02,8.404354e-03,8.913682e-03,1.232242e-02,1.282695e-03,6.886804e-03,3.015681e-01,8.700097e-02,1.007274e-01,6.344160e-03,1.542969e-02,3.893998e-01,2.530688e-02
8.649361e-03,7.583679e-03,1.198056e-02,6.066282e-03,6.653965e-03,9.544720e-03,9.178084e-04,4.861397e-03,3.771682e-01,6.246364e-02,8.491831e-02,4.841870e-03,1.144381e-02,3.823567e-01,2.054971e-02
6.583489e-03,8.074428e-03,9.749240e-03,5.055962e-03,5.333651e-03,1.013110e-02,6.894242e-04,3.502048e-03,4.414970e-01,4.515775e-02,7.090008e-02,4.129257e-03,8.904964e-03,3.556083e-01,2.468335e-02
4.755848e-03,6.858210e-03,7.086155e-03,3.622298e-03,3.827702e-03,7.984248e-03,4.869605e-04,2.458099e-03,4.289193e-01,3.250017e-02,5.954761e-02,3.456153e-03,6.776249e-03,4.093509e-01,2.237003e-02
3.881003e-03,1.079706e-02,6.280372e-03,2.739495e-03,3.350529e-03,6.206230e-03,3.531935e-04,1.742993e-03,5.082066e-01,2.383806e-02,5.201064e-02,2.508566e-03,5.150542e-03,3.523768e-01,2.055795e-02
3.324586e-03,8.277833e-03,5.677803e-03,2.267970e-03,3.392207e-03,5.056535e-03,2.554970e-04,1.332125e-03,5.894483e-01,1.765130e-02,3.830664e-02,1.798478e-03,3.806919e-03,3.019336e-01,1.747020e-02
3.346505e-03,7.882059e-03,5.775099e-03,2.535057e-03,4.290259e-03,7.376389e-03,2.003573e-04,1.312912e-03,6.259363e-01,1.395434e-02,2.854890e-02,1.383058e-03,3.374375e-03,2.773011e-01,1.678328e-02
5.189697e-03,6.849451e-03,2.608803e-02,8.186519e-03,1.282485e-02,6.799920e-03,2.984973e-04,1.114241e-02,5.698639e-01,1.321387e-02,2.307429e-02,1.215541e-03,3.541493e-03,2.951727e-01,1.653883e-02
6.423714e-03,5.550035e-03,7.947690e-02,2.546844e-02,5.534225e-02,5.725631e-03,5.990404e-04,2.154088e-02,4.954874e-01,1.048763e-02,1.759429e-02,1.006332e-03,3.578538e-03,2.579295e-01,1.378946e-02
1.148397e-02,4.312953e-03,1.231354e-01,4.396480e-02,8.153063e-02,5.044687e-03,8.240024e-04,2.911211e-02,4.139058e-01,8.225147e-03,1.361303e-02,1.354883e-03,4.971260e-03,2.466366e-01,1.188470e-02
4.943144e-02,4.065630e-03,1.113850e-01,3.513645e-02,8.532221e-02,6.783167e-03,1.019593e-03,2.772723e-02,3.524954e-01,9.267503e-03,1.132488e-02,1.342718e-03,5.575547e-03,2.560865e-01,4.303683e-02
8.435464e-02,4.562336e-03,9.225719e-02,2.874199e-02,8.377967e-02,8.451583e-03,1.546639e-03,3.101831e-02,2.927419e-01,1.074013e-02,1.032159e-02,1.456476e-03,6.330368e-03,2.777569e-01,6.594031e-02
9.323440e-02,8.702761e-03,9.237161e-02,2.763808e-02,7.888751e-02,9.407235e-03,2.030578e-03,3.207715e-02,2.518229e-01,1.241642e-02,1.134988e-02,1.492395e-03,6.766536e-03,2.803720e-01,9.143050e-02
1.012755e-01,1.685303e-02,8.595076e-02,3.229051e-02,6.537582e-02,8.041226e-03,1.817352e-03,2.704212e-02,2.332725e-01,2.767473e-02,1.496812e-02,2.699606e-03,8.768454e-03,2.220315e-01,1.519389e-01
8.752225e-02,2.176178e-02,6.802113e-02,2.898255e-02,4.923911e-02,6.259108e-03,1.396676e-03,1.997733e-02,2.291807e-01,4.267348e-02,1.399378e-02,2.820635e-03,8.054520e-03,1.697665e-01,2.503504e-01
7.319240e-02,2.901918e-02,5.198526e-02,2.876696e-02,3.862401e-02,5.496116e-03,1.134687e-03,1.495348e-02,2.308942e-01,4.857094e-02,1.196686e-02,2.660932e-03,6.942882e-03,1.251473e-01,3.306448e-01
8.044846e-02,2.809362e-02,4.208796e-02,2.604901e-02,3.559868e-02,5.633899e-03,1.071932e-03,1.708301e-02,3.076683e-01,4.971898e-02,1.210586e-02,2.917829e-03,5.803722e-03,1.150580e-01,2.706607e-01
7.043828e-02,5.539420e-02,3.660215e-02,2.361920e-02,2.542946e-02,6.399379e-03,7.760380e-04,1.239886e-02,2.948324e-01,4.344014e-02,1.608510e-02,2.518247e-03,5.177224e-03,1.064602e-01,3.004292e-01
4.999449e-02,9.937274e-02,5.557446e-02,1.730050e-02,1.829562e-02,6.061884e-03,5.563159e-04,8.730645e-03,2.231029e-01,3.135275e-02,7.087962e-02,2.413522e-03,6.381029e-03,1.954863e-01,2.144972e-01
3.549650e-02,8.575111e-02,4.751212e-02,1.268189e-02,1.284779e-02,4.736271e-03,4.022330e-04,6.274373e-03,2.634385e-01,2.544504e-02,1.147984e-01,3.688588e-03,7.571202e-03,1.571306e-01,2.222255e-01
2.551834e-02,6.221476e-02,3.464221e-02,9.312212e-03,9.081152e-03,3.965201e-03,3.657018e-04,4.628163e-03,2.032679e-01,1.953372e-02,2.653971e-01,1.073495e-02,8.067215e-03,1.776214e-01,1.656500e-01
1.866040e-02,4.476930e-02,2.484733e-02,6.711509e-03,6.440289e-03,3.453871e-03,4.006338e-04,3.392943e-03,1.487991e-01,1.424343e-02,3.650531e-01,1.055527e-02,6.411738e-03,2.287579e-01,1.175032e-01
1.321698e-02,3.150987e-02,1.748618e-02,4.778881e-03,4.570455e-03,2.559902e-03,3.024294e-04,2.407209e-03,1.061887e-01,1.021949e-02,3.963108e-01,9.644466e-03,4.612777e-03,3.137912e-01,8.240077e-02
9.330411e-03,2.215861e-02,1.242007e-02,3.385190e-03,3.278094e-03,2.144460e-03,2.219788e-04,1.709418e-03,7.637254e-02,7.446771e-03,4.061509e-01,8.630587e-03,3.350477e-03,3.855682e-01,5.783226e-02
6.598157e-03,1.567621e-02,8.830081e-03,2.402390e-03,2.374353e-03,1.884344e-03,1.673811e-04,1.215693e-03,5.681335e-02,5.533476e-03,3.817540e-01,7.711526e-03,2.521508e-03,4.658868e-01,4.063067e-02
4.644693e-03,1.103458e-02,6.240642e-03,1.704299e-03,1.694515e-03,1.671928e-03,1.217091e-04,8.560922e-04,4.256852e-02,4.194967e-03,3.698592e-01,6.734126e-03,1.858487e-03,5.183170e-01,2.849922e-02
3.279640e-03,7.970877e-03,4.416100e-03,1.222942e-03,1.240032e-03,4.401464e-03,8.897299e-05,6.079564e-04,3.165905e-02,3.426947e-03,3.703179e-01,5.856479e-03,1.456754e-03,5.439520e-01,2.010283e-02
2.396336e-03,5.854525e-03,3.245562e-03,1.036121e-03,1.750751e-03,5.990886e-03,1.864264e-04,5.092166e-04,2.573848e-02,3.776620e-03,4.103303e-01,5.236433e-03,1.422791e-03,5.183170e-01,1.420859e-02
1.796745e-03,5.254709e-03,2.540461e-03,9.296605e-04,2.075297e-03,3.980681e-02,2.943389e-04,4.322475e-04,2.689673e-02,8.002608e-03,3.814717e-01,6.491078e-03,2.036657e-03,5.118893e-01,1.008168e-02
1.331534e-03,3.806288e-03,1.835006e-03,7.570893e-04,1.889233e-03,3.325984e-02,2.346581e-04,3.149115e-04,2.059348e-02,7.081480e-03,3.406332e-01,5.773595e-03,1.946111e-03,5.734340e-01,7.109557e-03
1.053048e-03,3.003136e-03,1.669763e-03,1.231930e-03,1.835903e-03,2.674488e-02,2.241681e-04,2.765911e-04,2.471099e-02,6.889686e-03,3.686852e-01,5.375268e-03,1.641627e-03,5.514580e-01,5.199722e-03
8.578747e-04,2.344883e-03,1.378557e-03,1.823566e-03,2.033369e-03,2.699813e-02,3.201910e-04,2.848089e-04,3.083540e-02,9.523153e-03,3.493041e-01,4.592601e-03,1.472094e-03,5.643804e-01,3.850731e-03
7.534478e-04,1.760517e-03,1.052004e-03,1.796880e-03,3.187822e-03,2.232134e-02,3.957018e-04,2.818792e-04,4.351513e-02,1.518093e-02,3.667196e-01,4.153279e-03,1.490152e-03,5.345188e-01,2.872454e-03
6.389095e-04,1.922435e-03,9.386473e-04,3.420330e-03,4.083617e-03,1.690109e-01,4.157831e-04,1.489780e-03,7.849936e-02,1.270845e-02,2.758435e-01,3.045505e-03,1.521429e-03,4.440683e-01,2.393092e-03
1.029634e-03,2.868027e-03,1.335817e-03,5.847226e-03,5.500281e-03,1.590142e-01,4.675274e-04,2.368160e-03,1.587944e-01,1.428792e-02,2.275217e-01,2.522665e-03,1.890277e-03,4.135742e-01,2.978008e-03
1.391217e-03,5.496777e-03,1.645239e-03,4.931501e-03,4.714938e-03,1.512674e-01,3.639367e-04,1.985190e-03,1.801947e-01,1.492827e-02,2.240110e-01,2.208994e-03,1.706313e-03,4.020348e-01,3.119636e-03
2.390350e-03,7.583743e-02,2.821169e-03,6.182628e-03,6.180963e-03,2.135316e-01,3.206194e-04,5.057864e-03,2.043553e-01,1.270310e-02,1.650319e-01,1.644872e-03,1.520749e-03,2.992175e-01,3.203949e-03
7.987646e-03,5.683733e-02,5.444194e-03,8.229480e-03,1.246416e-02,2.650505e-01,4.758552e-04,3.041367e-02,2.451747e-01,1.059422e-02,1.204745e-01,1.274675e-03,1.275816e-03,2.313212e-01,2.982183e-03
8.659875e-03,4.422341e-02,4.277799e-03,6.330600e-03,1.317150e-02,3.825237e-01,4.052867e-04,2.475487e-02,2.546486e-01,8.339807e-03,8.476662e-02,9.296276e-04,9.970567e-04,1.632080e-01,2.763301e-03
8.425417e-03,3.374203e-02,3.449967e-03,4.679501e-03,1.221747e-02,5.085766e-01,3.230304e-04,1.943098e-02,2.195132e-01,6.734571e-03,5.963394e-02,6.880155e-04,9.305652e-04,1.151267e-01,6.527940e-03
6.953769e-03,2.961517e-02,2.596830e-03,5.274642e-03,1.204502e-02,5.898569e-01,2.500160e-04,1.513440e-02,1.957635e-01,5.801273e-03,4.181555e-02,5.203410e-04,1.222789e-03,8.070990e-02,1.243993e-02
5.584923e-03,2.260327e-02,1.933421e-03,4.399102e-03,1.297895e-02,6.565151e-01,2.012589e-04,1.145992e-02,1.607194e-01,4.624705e-03,2.931054e-02,3.744669e-04,1.027827e-03,5.661601e-02,3.165105e-02
5.826091e-03,1.893320e-02,1.520801e-03,5.179830e-03,2.163838e-02,7.070320e-01,1.810516e-04,1.800032e-02,1.298792e-01,3.622747e-03,2.059872e-02,2.880626e-04,8.971991e-04,3.978371e-02,2.661866e-02
8.587742e-03,2.337988e-02,1.195275e-03,5.646010e-03,2.731551e-02,7.237753e-01,2.151250e-04,1.789981e-02,1.143091e-01,2.901423e-03,1.461402e-02,2.583970e-04,8.239154e-04,2.806128e-02,3.101717e-02
1.042367e-02,2.929903e-02,1.056098e-03,6.018641e-03,2.393941e-02,7.480555e-01,2.841591e-04,1.949177e-02,9.167903e-02,2.621999e-03,1.042977e-02,2.367920e-04,6.916634e-04,1.977128e-02,3.600114e-02
1.564508e-02,7.531513e-02,2.534427e-03,1.259283e-02,1.958662e-02,6.189399e-01,4.709449e-04,3.059405e-02,8.918273e-02,8.071426e-03,8.422993e-03,3.837380e-04,1.904896e-03,1.394069e-02,1.024145e-01
1.300164e-02,9.405845e-02,3.722763e-03,3.619386e-02,1.845434e-02,4.451526e-01,3.727200e-04,2.356779e-02,2.335076e-01,7.077903e-03,2.196900e-02,1.454125e-03,6.279781e-03,9.842489e-03,8.534490e-02
1.066615e-02,6.713927e-02,2.765823e-03,2.839617e-02,1.514336e-02,3.192356e-01,3.061950e-04,1.699272e-02,3.240874e-01,6.548331e-03,1.089272e-01,2.594824e-03,7.283954e-03,2.750570e-02,6.240733e-02
8.056925e-03,4.735120e-02,1.967144e-03,2.115017e-02,1.205738e-02,2.249397e-01,2.253895e-04,1.221177e-02,2.494911e-01,5.862499e-03,2.846572e-01,6.761219e-03,9.932712e-03,6.868806e-02,4.664751e-02
5.829453e-03,3.325641e-02,1.494240e-03,1.626192e-02,9.028333e-03,1.580178e-01,1.805447e-04,8.684716e-03,1.787112e-01,5.999487e-03,4.509810e-01,1.073093e-02,1.048503e-02,7.205506e-02,3.828399e-02
4.454492e-03,2.356798e-02,1.466847e-03,1.187064e-02,7.025974e-03,1.283865e-01,3.920415e-04,7.157851e-03,1.270716e-01,1.056731e-02,5.243351e-01,1.467659e-02,1.101270e-02,8.713280e-02,4.088164e-02
3.889268e-03,1.683007e-02,1.582244e-03,8.877218e-03,6.747163e-03,9.142981e-02,3.341432e-04,5.427639e-03,9.064712e-02,1.826745e-02,5.859656e-01,1.623782e-02,1.084478e-02,1.092923e-01,3.362742e-02
2.972041e-03,1.181928e-02,1.156379e-03,6.518134e-03,9.668333e-03,6.422298e-02,3.033950e-04,3.872497e-03,6.534114e-02,1.503122e-02,6.876304e-01,1.295805e-02,7.797554e-03,8.585473e-02,2.485388e-02
2.141249e-03,8.334088e-03,1.753503e-03,4.635608e-03,1.072583e-02,4.501856e-02,2.455854e-04,2.774904e-03,4.631605e-02,1.123078e-02,7.640793e-01,1.197432e-02,5.578338e-03,6.629542e-02,1.889645e-02
1.710621e-03,6.189492e-03,5.846290e-03,3.324037e-03,1.478940e-02,3.174849e-02,2.673407e-04,2.995688e-03,3.320201e-02,8.722516e-03,7.480744e-01,1.547386e-02,4.259024e-03,1.078846e-01,1.551222e-02
2.058707e-03,4.524350e-03,5.568780e-03,2.528644e-03,1.377349e-02,2.305019e-02,2.619596e-04,3.116658e-03,2.392097e-02,7.549620e-03,7.228742e-01,1.603359e-02,3.318014e-03,1.559514e-01,1.546953e-02
2.500400e-03,3.423936e-03,4.857290e-03,2.066726e-03,1.418002e-02,1.697136e-02,2.218725e-04,3.267877e-03,1.760493e-02,6.007718e-03,7.078000e-01,1.611240e-02,2.694214e-03,1.901373e-01,1.215399e-02
3.230664e-03,2.706025e-03,4.138740e-03,1.714697e-03,1.362421e-02,1.331949e-02,3.106648e-04,3.470324e-03,1.342757e-02,5.275753e-03,7.296717e-01,2.432421e-02,2.578976e-03,1.727252e-01,9.481819e-03
3.110144e-03,2.130600e-03,3.643553e-03,1.354033e-03,1.072228e-02,9.760977e-03,3.178978e-04,2.892175e-03,1.112261e-02,5.716082e-03,7.625166e-01,2.918904e-02,2.354548e-03,1.481370e-01,7.032416e-03
3.301432e-03,1.890548e-03,3.867836e-03,1.159602e-03,8.968938e-03,7.508430e-03,3.054836e-04,2.358490e-03,9.877166e-03,6.229605e-03,7.871327e-01,2.979551e-02,2.066675e-03,1.302631e-01,5.274414e-03
3.095493e-03,1.641120e-03,2.992830e-03,9.474984e-04,6.534112e-03,6.709898e-03,2.640660e-04,1.721071e-03,7.371325e-03,5.473207e-03,8.185292e-01,2.329599e-02,1.738495e-03,1.157618e-01,3.923783e-03
2.818670e-03,1.409114e-03,2.337728e-03,7.415521e-04,4.748827e-03,6.142994e-03,2.110433e-04,1.261763e-03,5.432743e-03,5.555609e-03,8.406256e-01,1.820419e-02,1.519942e-03,1.060146e-01,2.975585e-03
3.247580e-03,1.256663e-03,1.884940e-03,5.706126e-04,3.532168e-03,5.228829e-03,1.668679e-04,9.627941e-04,5.271947e-03,6.586707e-03,8.180328e-01,1.629368e-02,1.557732e-03,1.332029e-01,2.203770e-03
3.280124e-03,1.017381e-03,1.480573e-03,4.368683e-04,2.674806e-03,4.441883e-03,1.446451e-04,7.460360e-04,4.532633e-03,6.324252e-03,8.117198e-01,1.399403e-02,1.674201e-03,1.458160e-01,1.716699e-03
2.770739e-03,8.358489e-04,1.099049e-03,3.245357e-04,1.967652e-03,3.426610e-03,1.092663e-04,5.433834e-04,3.686707e-03,5.656722e-03,8.219613e-01,1.243387e-02,1.594354e-03,1.423185e-01,1.271434e-03
2.288521e-03,6.768673e-04,7.945066e-04,2.339052e-04,1.526372e-03,2.468918e-03,9.071482e-05,4.087698e-04,3.041600e-03,5.531067e-03,8.499168e-01,1.065142e-02,1.458428e-03,1.199605e-01,9.515653e-04
2.060470e-03,6.915642e-04,5.847738e-04,1.720559e-04,1.311073e-03,1.804838e-03,8.978775e-05,3.190630e-04,2.697654e-03,5.742440e-03,8.770856e-01,8.387067e-03,1.289996e-03,9.705164e-02,7.120235e-04
1.926719e-03,2.518404e-03,1.130946e-03,3.345656e-04,7.541297e-03,2.964100e-03,7.791341e-04,5.973527e-04,3.797146e-02,1.019659e-02,8.393204e-01,7.260140e-03,1.181040e-03,8.555075e-02,7.270622e-04
1.525181e-03,2.424624e-03,1.088106e-03,3.175213e-04,2.392677e-02,3.540103e-03,1.886977e-03,7.838070e-04,6.195185e-02,1.515316e-02,8.057508e-01,5.911429e-03,1.137270e-03,7.393661e-02,6.658055e-04
1.241055e-03,2.016865e-03,9.024454e-04,2.510709e-04,2.019062e-02,2.623628e-03,1.426369e-03,6.548513e-04,5.170847e-02,1.482983e-02,8.185689e-01,5.205219e-03,1.157738e-03,7.869135e-02,5.314957e-04
1.211676e-03,1.657954e-03,7.248593e-04,2.754164e-04,1.883205e-02,2.094153e-03,1.105633e-03,6.097533e-04,3.941642e-02,1.581920e-02,8.119518e-01,5.435673e-03,1.607376e-03,9.879417e-02,4.638945e-04
1.199690e-03,1.315488e-03,6.270572e-04,3.075289e-04,1.895797e-02,1.682893e-03,8.989509e-04,5.211213e-04,3.307618e-02,1.480906e-02,8.249409e-01,5.525441e-03,2.067168e-03,9.365445e-02,4.161521e-04
2.034635e-03,1.039163e-03,5.775137e-04,3.126973e-04,1.671377e-02,1.419684e-03,7.202617e-04,6.673114e-04,2.762057e-02,1.200680e-02,8.500130e-01,8.985480e-03,2.292282e-03,7.524633e-02,3.505005e-04
1.978468e-03,1.052882e-03,8.563835e-04,2.484397e-04,1.365734e-02,1.865410e-03,8.364968e-04,8.369322e-04,2.096275e-02,8.592281e-03,8.870764e-01,6.801235e-03,1.915363e-03,5.277684e-02,5.427632e-04
2.848719e-03,1.697176e-03,1.674419e-03,2.309356e-04,1.151378e-02,5.894265e-03,2.278687e-03,1.661150e-03,1.825131e-02,6.222463e-03,9.032166e-01,5.204567e-03,1.617808e-03,3.705031e-02,6.377776e-04
6.269665e-03,5.265425e-03,1.657056e-02,4.932315e-04,2.256048e-02,8.975605e-03,6.612170e-03,9.609127e-03,2.322229e-02,6.453264e-03,8.607366e-01,4.118186e-03,1.458035e-03,2.619732e-02,1.458062e-03
8.201385e-03,3.147699e-02,2.421100e-02,2.445212e-03,7.251684e-02,6.756918e-03,6.215232e-03,4.531092e-02,8.788773e-02,5.308246e-03,6.825186e-01,3.240717e-03,1.350291e-03,1.838502e-02,4.174943e-03
1.067926e-02,8.163263e-02,2.466938e-02,2.782214e-03,7.379326e-02,7.696827e-03,4.795289e-03,5.260200e-02,2.055945e-01,4.316878e-03,5.083284e-01,2.424308e-03,1.194007e-03,1.297197e-02,6.519146e-03
1.605175e-02,8.336111e-02,2.311420e-02,4.846246e-03,7.035729e-02,8.880981e-03,3.556463e-03,4.665847e-02,3.492796e-01,3.865014e-03,3.696942e-01,2.202030e-03,1.375192e-03,9.183170e-03,7.574257e-03
1.688461e-02,8.723918e-02,1.837361e-02,4.517063e-03,6.272809e-02,8.228274e-03,2.733289e-03,3.598914e-02,4.705981e-01,3.504181e-03,2.709821e-01,2.243641e-03,1.734732e-03,6.514742e-03,7.729344e-03
2.490355e-02,9.389806e-02,1.416882e-02,1.334521e-02,1.282654e-01,9.094630e-03,2.981861e-03,5.870114e-02,4.371161e-01,2.590641e-03,1.964683e-01,4.000767e-03,2.587141e-03,4.673436e-03,7.204898e-03
3.252814e-02,9.820329e-02,1.117017e-02,1.434067e-02,1.561092e-01,9.093614e-03,2.802082e-03,6.542291e-02,4.385972e-01,1.995807e-03,1.440583e-01,7.786219e-03,5.665309e-03,3.753552e-03,8.473543e-03
3.074507e-02,8.768268e-02,8.369002e-03,1.063386e-02,1.177175e-01,7.301722e-03,2.086903e-03,5.088137e-02,5.399348e-01,1.463392e-03,1.128540e-01,1.136482e-02,9.350732e-03,3.073686e-03,6.540613e-03
3.306067e-02,8.144702e-02,7.138928e-03,8.783282e-03,1.074402e-01,7.504055e-03,2.326032e-03,4.024195e-02,6.051670e-01,1.241335e-03,8.173616e-02,8.947411e-03,7.539768e-03,2.327485e-03,5.098732e-03
4.054101e-02,7.110073e-02,5.574336e-03,7.480324e-03,9.680569e-02,1.047851e-02,2.135999e-03,3.232602e-02,6.532024e-01,1.090702e-03,5.945368e-02,7.114419e-03,6.034237e-03,1.823596e-03,4.838366e-03
6.611762e-02,6.692525e-02,4.723288e-03,9.148676e-03,8.937681e-02,1.482967e-02,3.776858e-03,3.381443e-02,6.452605e-01,1.430619e-03,4.383713e-02,7.867105e-03,6.348194e-03,1.587872e-03,4.956028e-03
6.398580e-02,6.732550e-02,9.552295e-03,1.268436e-02,9.849015e-02,1.603266e-02,1.123834e-01,3.382275e-02,5.236329e-01,1.737363e-03,3.271608e-02,7.570565e-03,1.398617e-02,1.239410e-03,4.840594e-03
8.313835e-02,5.723295e-02,1.263762e-02,3.055765e-02,1.264314e-01,3.864969e-02,1.549682e-01,2.495559e-02,3.824711e-01,9.272533e-03,2.848842e-02,9.450587e-03,3.205870e-02,1.957184e-03,7.729967e-03
1.083740e-01,4.489766e-02,1.010202e-02,5.215159e-02,1.070416e-01,3.771509e-02,1.653549e-01,2.139375e-02,2.843948e-01,1.030491e-02,2.876793e-02,1.675790e-02,9.694064e-02,2.106077e-03,1.369702e-02
1.179311e-01,3.383617e-02,9.854887e-03,5.672078e-02,1.086032e-01,3.205531e-02,1.279334e-01,1.888577e-02,2.127249e-01,1.115875e-02,4.616275e-02,3.484590e-02,1.532635e-01,3.403155e-03,3.262038e-02
1.025949e-01,2.594647e-02,1.001874e-02,4.639573e-02,8.312132e-02,2.610380e-02,9.100369e-02,1.501081e-02,1.631811e-01,8.688796e-03,4.195046e-02,1.356801e-01,2.227149e-01,2.658413e-03,2.493075e-02
1.103699e-01,2.100075e-02,1.388899e-02,4.090273e-02,6.530679e-02,2.540565e-02,7.039748e-02,1.250020e-02,1.216458e-01,7.224748e-03,3.471542e-02,1.996450e-01,2.544713e-01,2.188537e-03,2.033658e-02
1.144987e-01,1.512202e-02,1.147849e-02,2.935730e-02,5.545831e-02,2.485874e-02,6.562622e-02,3.680361e-02,8.806363e-02,6.320984e-03,2.925843e-02,1.608287e-01,3.380222e-01,3.062133e-03,2.124051e-02
1.031152e-01,1.120941e-02,8.738318e-03,2.125864e-02,4.204986e-02,2.512805e-02,4.858040e-02,2.795902e-02,6.461044e-02,5.388349e-03,2.393990e-02,1.513578e-01,4.448873e-01,3.766435e-03,1.801070e-02
9.176801e-02,8.632345e-03,6.506934e-03,1.601006e-02,3.154727e-02,2.762754e-02,3.527519e-02,2.181842e-02,4.899525e-02,5.467209e-03,2.769824e-02,1.318120e-01,5.277966e-01,4.695928e-03,1.434901e-02
8.052151e-02,6.716688e-03,4.823193e-03,1.341635e-02,2.384879e-02,2.918337e-02,2.544357e-02,1.632816e-02,4.218967e-02,1.247624e-02,5.265364e-02,1.232516e-01,5.474176e-01,7.186847e-03,1.454277e-02
6.108552e-02,5.280054e-03,3.768922e-03,1.031977e-02,1.793299e-02,2.727333e-02,1.802659e-02,1.257344e-02,3.268477e-02,1.906116e-02,8.559075e-02,1.069417e-01,5.788033e-01,7.760272e-03,1.289734e-02
6.199381e-02,3.893935e-03,2.777115e-03,7.754358e-03,1.368457e-02,3.015405e-02,1.273060e-02,9.114742e-03,2.711399e-02,3.019168e-02,1.352843e-01,1.674291e-01,4.816754e-01,6.779563e-03,9.422788e-03
5.021273e-02,3.190606e-03,1.957792e-03,5.722645e-03,9.740766e-03,2.421501e-02,8.970535e-03,6.404678e-03,4.641639e-02,3.343122e-02,1.440537e-01,2.556788e-01,3.971969e-01,5.797219e-03,7.010994e-03
3.707317e-02,1.355422e-02,1.424962e-03,4.123203e-03,7.085899e-03,1.812618e-02,6.289681e-03,4.498833e-03,7.427831e-02,2.652001e-02,1.417930e-01,2.617738e-01,3.876119e-01,9.334533e-03,6.512296e-03
2.690476e-02,1.396400e-02,1.166395e-03,3.068561e-03,5.779918e-03,1.438414e-02,4.435013e-03,3.525285e-03,2.116725e-01,2.340335e-02,1.515967e-01,2.381587e-01,2.842280e-01,1.133894e-02,6.373666e-03
1.928701e-02,1.254640e-02,9.229706e-04,2.817418e-03,4.584911e-03,1.234250e-02,3.118871e-03,2.684641e-03,2.956646e-01,1.795710e-02,1.456949e-01,2.565250e-01,2.054530e-01,1.501497e-02,5.385650e-03
1.368796e-02,1.516683e-02,6.887209e-04,2.125979e-03,3.406726e-03,1.081712e-02,2.190593e-03,1.903770e-03,3.266431e-01,1.315513e-02,1.693549e-01,2.608455e-01,1.492173e-01,2.442894e-02,6.367387e-03
1.042071e-02,1.755002e-02,6.027443e-04,1.656994e-03,2.554305e-03,1.099793e-02,1.546085e-03,1.400975e-03,2.525240e-01,9.785956e-03,3.163496e-01,2.187081e-01,1.071433e-01,4.303221e-02,5.727035e-03
7.952839e-03,1.493607e-02,5.018286e-04,1.414308e-03,1.997857e-03,9.182652e-03,1.096138e-03,1.078785e-03,1.941597e-01,7.631681e-03,4.366806e-01,1.882710e-01,7.613635e-02,5.398028e-02,4.979881e-03
6.236780e-03,1.724691e-02,4.731984e-04,1.059956e-03,5.628846e-03,6.898130e-03,8.839078e-04,8.198920e-04,1.547134e-01,6.431967e-03,5.199471e-01,1.601399e-01,5.388641e-02,6.167867e-02,3.954996e-03
7.714182e-03,1.434444e-02,6.675055e-04,9.756368e-04,9.172746e-03,5.800742e-03,1.087536e-03,8.097158e-04,1.278736e-01,6.394431e-03,5.419062e-01,1.494922e-01,3.868713e-02,9.189281e-02,3.181178e-03
1.161889e-02,1.141994e-02,1.020023e-03,1.264038e-03,2.800097e-02,5.536249e-03,1.696137e-03,8.072940e-04,9.620757e-02,6.104091e-03,6.058028e-01,1.161339e-01,2.835557e-02,8.339177e-02,2.640813e-03
8.416471e-03,8.163100e-03,7.514718e-04,9.200557e-04,2.010133e-02,4.146064e-03,1.203353e-03,5.727485e-04,6.778339e-02,4.570476e-03,7.163333e-01,8.318449e-02,2.020284e-02,6.171548e-02,1.935468e-03
6.219503e-03,6.249996e-03,6.352505e-04,6.886467e-04,1.613598e-02,3.128121e-03,8.846936e-04,4.209701e-04,4.999151e-02,4.081143e-03,7.803849e-01,6.097946e-02,1.449711e-02,5.414379e-02,1.558873e-03
5.009923e-03,6.114749e-03,5.182520e-03,6.492660e-04,1.257182e-02,4.168357e-03,1.018140e-03,5.132444e-04,3.841057e-02,5.814616e-03,7.983526e-01,4.815662e-02,1.061253e-02,6.041612e-02,3.008910e-03
4.119081e-03,4.659858e-03,4.587366e-03,5.772756e-04,9.428476e-03,4.201978e-03,7.705399e-04,4.357548e-04,2.882049e-02,5.400499e-03,7.805454e-01,3.742763e-02,7.745026e-03,1.087828e-01,2.497874e-03
3.181083e-03,3.621513e-03,3.370037e-03,4.953484e-04,7.148868e-03,3.434807e-03,5.694921e-04,3.270217e-04,2.175337e-02,5.768748e-03,7.896171e-01,2.807745e-02,6.061384e-03,1.246535e-01,1.920263e-03
2.455191e-03,3.223675e-03,2.616665e-03,4.825992e-04,5.849471e-03,2.698463e-03,4.424895e-04,3.001900e-04,1.951405e-02,1.389564e-02,7.840588e-01,2.264777e-02,4.651220e-03,1.353195e-01,1.844218e-03
1.831006e-03,2.551892e-03,1.898437e-03,4.184847e-04,4.449313e-03,2.011907e-03,3.273937e-04,2.348485e-04,1.616821e-02,1.601858e-02,7.795811e-01,1.884400e-02,3.583698e-03,1.505957e-01,1.485377e-03
1.375022e-03,1.973533e-03,1.401121e-03,3.270151e-04,3.253221e-03,1.557679e-03,2.376960e-04,1.820476e-04,1.176780e-02,1.231385e-02,8.245553e-01,1.452820e-02,2.726435e-03,1.226427e-01,1.158383e-03
1.037047e-03,1.487790e-03,1.000424e-03,2.522107e-04,2.428071e-03,1.175609e-03,1.725940e-04,1.343042e-04,8.365513e-03,9.249294e-03,8.680960e-01,1.119739e-02,2.057145e-03,9.244277e-02,9.038271e-04
1.544285e-03,1.412472e-03,1.014115e-03,2.322861e-04,2.548466e-03,1.495186e-03,6.062167e-04,2.208601e-04,7.207930e-03,8.456636e-03,8.775721e-01,1.371158e-02,1.916227e-03,8.119421e-02,8.674864e-04
1.538109e-03,1.150631e-03,7.781121e-04,1.924782e-04,2.524965e-03,1.190671e-03,6.739359e-04,2.846890e-04,5.822342e-03,6.874934e-03,9.042426e-01,1.156422e-02,1.531068e-03,6.091995e-02,7.112919e-04
1.422793e-03,9.918578e-04,6.527509e-04,1.688002e-04,3.084201e-03,1.037448e-03,1.088496e-03,4.265491e-04,4.702610e-03,5.843685e-03,9.242523e-01,9.818223e-03,1.280489e-03,4.458446e-02,6.454246e-04
1.283003e-03,1.570419e-03,7.794364e-04,1.367447e-04,5.369361e-03,1.419220e-03,1.848505e-03,4.541037e-04,3.631846e-03,4.924628e-02,8.854302e-01,8.439164e-03,1.191868e-03,3.372998e-02,5.469921e-03
1.015939e-03,1.298780e-03,6.705308e-04,1.005434e-04,4.939610e-03,1.540476e-03,1.692516e-03,3.610184e-04,2.764526e-03,1.374010e-01,8.086447e-01,8.112975e-03,1.171912e-03,2.537640e-02,4.909148e-03
9.554655e-04,1.768067e-03,8.584029e-04,9.448989e-05,4.405435e-03,6.154921e-03,4.219081e-03,3.749660e-04,2.522670e-03,2.878321e-01,6.594369e-01,7.816207e-03,1.421765e-03,1.808074e-02,4.058834e-03
7.741780e-04,1.677145e-02,2.887928e-03,7.917195e-05,3.382047e-03,5.474068e-03,3.289460e-03,6.446058e-04,4.584075e-03,4.000549e-01,5.378079e-01,6.370883e-03,1.540964e-03,1.291821e-02,3.420203e-03
7.067425e-04,3.501195e-02,5.464348e-03,8.228922e-05,2.967683e-03,4.747726e-03,2.598182e-03,1.892532e-03,6.990980e-03,4.789006e-01,4.415653e-01,5.287645e-03,1.528084e-03,9.341518e-03,2.914459e-03
9.227860e-04,7.084516e-02,6.366435e-03,1.428960e-04,5.109357e-03,3.659094e-03,2.021010e-03,8.473366e-03,2.407984e-02,4.926858e-01,3.697699e-01,5.187278e-03,1.695903e-03,6.747835e-03,2.293390e-03
1.467615e-03,7.372543e-02,1.068978e-02,2.334668e-04,1.307777e-02,3.147353e-03,2.641001e-03,1.621480e-02,3.076948e-02,5.343273e-01,3.007349e-01,4.368647e-03,1.874565e-03,4.843989e-03,1.883902e-03
2.644958e-03,5.947245e-02,1.201662e-02,4.079414e-04,7.560846e-02,3.000969e-03,8.183706e-03,5.283373e-02,5.499775e-02,4.549652e-01,2.638195e-01,4.263254e-03,2.286186e-03,4.091173e-03,1.408026e-03
2.498831e-03,4.305439e-02,9.866642e-03,4.075624e-04,7.939260e-02,2.751969e-03,2.166714e-02,2.238332e-01,6.927722e-02,3.401400e-01,1.962873e-01,3.623446e-03,1.983949e-03,4.210273e-03,1.005494e-03
2.899024e-03,3.347471e-02,1.015902e-02,5.192480e-04,9.051155e-02,4.541019e-03,3.189375e-02,2.979350e-01,1.093284e-01,2.591428e-01,1.482666e-01,3.213254e-03,1.832223e-03,5.460986e-03,8.223422e-04
2.960434e-03,2.450839e-02,1.022847e-02,7.450992e-04,7.147630e-02,4.883108e-03,3.707546e-02,4.454600e-01,9.895496e-02,1.896948e-01,1.052482e-01,2.405254e-03,1.576303e-03,4.071943e-03,7.112036e-04
3.189624e-03,1.955188e-02,8.143559e-03,7.347765e-04,6.962200e-02,9.362188e-03,6.348787e-02,4.330206e-01,1.736423e-01,1.349855e-01,7.462951e-02,1.848003e-03,4.143449e-03,3.032673e-03,6.061496e-04
8.145485e-03,1.798705e-02,7.184768e-03,1.532501e-03,1.155883e-01,2.465016e-02,8.997841e-02,3.198985e-01,2.284263e-01,9.613493e-02,5.498082e-02,3.491434e-03,2.467597e-02,2.634244e-03,4.691216e-03
1.227259e-02,1.364176e-02,5.479339e-03,2.216124e-03,1.085657e-01,2.051582e-02,6.557909e-02,2.282043e-01,1.702238e-01,6.775472e-02,4.009853e-02,9.928036e-03,2.480454e-01,2.255584e-03,5.219222e-03
1.657639e-02,1.012168e-02,4.744126e-03,3.553401e-03,9.570818e-02,2.218756e-02,5.137176e-02,1.638001e-01,1.246147e-01,4.891138e-02,3.103882e-02,2.256011e-02,3.966682e-01,2.009972e-03,6.133609e-03
1.610739e-02,7.369779e-03,3.791849e-03,3.896785e-03,7.785548e-02,1.852170e-02,3.987539e-02,1.168889e-01,9.409254e-02,3.460797e-02,2.768466e-02,3.160356e-02,5.196810e-01,1.535569e-03,6.487456e-03
1.597762e-02,5.380233e-03,2.860467e-03,3.203374e-03,6.241046e-02,1.430736e-02,2.842610e-02,8.259004e-02,6.926463e-02,2.443037e-02,2.330747e-02,5.873059e-02,6.018744e-01,1.152352e-03,6.084626e-03
1.683578e-02,3.958936e-03,2.947252e-03,2.965666e-03,6.180789e-02,1.459281e-02,5.271214e-02,6.327738e-02,5.318920e-02,1.759613e-02,1.894287e-02,4.637730e-02,6.383939e-01,8.802686e-04,5.522483e-03
1.765415e-02,3.233221e-03,2.717664e-03,4.219755e-03,4.895782e-02,6.679548e-02,3.724032e-02,4.469142e-02,4.068119e-02,1.292943e-02,2.915073e-02,5.854131e-02,6.278123e-01,9.973219e-04,4.377873e-03
2.373644e-02,3.084710e-03,2.808774e-03,5.219224e-03,3.775822e-02,6.349200e-02,2.657087e-02,3.241059e-02,3.388144e-02,1.048322e-02,4.020498e-02,7.039565e-02,6.445525e-01,1.272390e-03,4.129015e-03
2.224624e-02,2.700806e-03,3.189272e-03,4.830666e-03,2.847257e-02,1.024802e-01,1.893516e-02,2.417981e-02,3.136693e-02,9.901090e-03,6.991497e-02,1.250296e-01,5.512483e-01,1.675885e-03,3.828435e-03
2.484440e-02,4.625293e-03,3.536262e-03,4.954812e-03,2.307092e-02,8.661396e-02,1.400267e-02,1.821015e-02,6.185021e-02,9.699089e-03,7.243591e-02,1.396963e-01,5.305660e-01,1.838663e-03,4.055351e-03
2.578912e-02,5.092681e-03,3.686264e-03,4.917032e-03,1.914727e-02,8.094789e-02,1.099528e-02,1.405249e-02,6.994759e-02,9.339776e-03,6.134429e-02,1.248176e-01,5.638642e-01,1.681197e-03,4.377223e-03
2.240538e-02,1.198873e-02,4.254893e-03,6.825137e-03,1.668447e-02,8.414741e-02,9.249951e-03,1.168515e-02,1.393667e-01,1.689566e-02,5.556541e-02,1.770816e-01,4.349368e-01,1.902719e-03,7.010081e-03
1.655768e-02,1.831078e-02,4.748909e-03,6.289377e-03,1.423083e-02,7.457071e-02,7.311974e-03,1.019058e-02,1.847570e-01,1.878137e-02,5.313694e-02,2.427745e-01,3.392112e-01,1.802931e-03,7.325261e-03
1.315826e-02,1.594359e-02,3.885109e-03,5.557598e-03,1.150784e-02,6.016565e-02,5.896474e-03,8.205516e-03,1.767738e-01,2.695478e-02,5.192148e-02,3.380693e-01,2.717268e-01,2.222912e-03,8.010914e-03
1.093756e-02,1.518115e-02,3.077986e-03,4.496929e-03,9.413933e-03,5.121180e-02,4.683283e-03,1.105512e-02,1.939838e-01,4.023183e-02,7.588473e-02,3.428146e-01,2.273942e-01,2.682567e-03,6.950574e-03
1.468467e-02,2.169843e-02,2.371223e-03,4.242552e-03,8.108081e-03,5.222657e-02,3.687252e-03,1.039772e-02,2.553832e-01,3.954136e-02,8.664088e-02,3.107809e-01,1.761985e-01,4.388848e-03,9.649741e-03
1.344680e-02,2.548547e-02,1.800618e-03,5.046884e-03,6.955630e-03,5.070145e-02,2.812484e-03,7.810323e-03,2.895969e-01,3.263793e-02,7.600126e-02,3.322355e-01,1.358219e-01,4.625272e-03,1.502165e-02
1.205915e-02,2.178319e-02,1.919204e-03,4.770582e-03,7.350343e-03,4.379153e-02,2.192027e-03,1.618162e-01,2.987256e-01,2.327672e-02,5.862838e-02,2.443563e-01,1.049407e-01,3.451441e-03,1.093865e-02
2.082266e-02,2.606330e-02,2.379498e-03,1.550913e-02,1.918201e-02,3.591314e-02,2.055100e-03,1.192133e-01,3.488446e-01,2.450752e-02,6.141132e-02,2.162210e-01,8.956821e-02,4.142994e-03,1.416610e-02
3.687090e-02,2.311874e-02,2.528289e-03,2.096164e-02,2.460217e-02,3.193026e-02,2.101091e-03,1.242046e-01,3.912852e-01,1.878988e-02,5.351283e-02,1.808766e-01,7.302184e-02,4.924267e-03,1.127171e-02
3.926622e-02,2.479567e-02,2.142126e-03,1.788627e-02,2.963810e-02,2.680708e-02,1.706151e-03,8.762041e-02,3.643898e-01,1.574647e-02,1.441934e-01,1.454927e-01,6.942628e-02,1.671417e-02,1.417514e-02
3.095401e-02,3.381144e-02,1.829871e-03,1.476612e-02,2.388579e-02,2.040376e-02,1.257663e-03,6.245302e-02,4.481227e-01,1.800190e-02,1.430847e-01,1.143763e-01,5.557365e-02,1.508751e-02,1.639154e-02
2.711758e-02,9.253416e-02,2.548233e-03,1.300663e-02,2.092596e-02,1.511771e-02,9.233935e-04,4.471136e-02,4.780234e-01,1.589227e-02,1.369919e-01,8.174149e-02,4.082721e-02,1.359389e-02,1.604483e-02
3.212351e-02,8.364990e-02,1.461789e-02,3.716081e-02,3.308739e-02,1.288386e-02,8.055861e-04,3.862397e-02,4.974182e-01,1.801842e-02,1.131842e-01,5.934516e-02,2.983010e-02,1.394143e-02,1.530954e-02
2.908042e-02,6.883483e-02,1.249795e-02,3.013192e-02,3.717521e-02,1.116920e-02,6.357061e-04,2.848946e-02,5.448443e-01,2.137281e-02,8.855213e-02,4.268714e-02,2.317316e-02,1.380455e-02,4.755119e-02
2.082346e-02,5.103672e-02,9.930162e-03,3.017681e-02,3.052877e-02,9.022673e-03,4.622688e-04,2.065175e-02,6.510902e-01,1.805874e-02,6.268541e-02,3.028492e-02,1.647168e-02,1.068114e-02,3.809526e-02
1.788785e-02,4.010021e-02,1.156582e-02,2.501965e-02,2.656485e-02,1.024438e-02,3.866026e-04,1.886073e-02,7.123441e-01,1.606324e-02,4.681427e-02,2.227988e-02,1.209381e-02,9.246377e-03,3.052823e-02
4.656301e-02,3.179565e-02,1.107582e-02,2.525095e-02,6.811388e-02,2.234364e-02,8.676159e-04,1.645134e-02,6.561468e-01,1.337344e-02,3.860350e-02,1.622136e-02,1.019752e-02,1.115467e-02,3.184074e-02
7.311642e-02,2.437042e-02,9.604290e-03,2.124210e-02,6.824109e-02,2.817450e-02,1.187550e-03,1.789410e-02,6.489609e-01,1.128624e-02,2.871400e-02,1.183527e-02,8.392381e-03,1.157092e-02,3.540977e-02
8.258478e-02,2.063367e-02,7.826496e-03,1.749644e-02,6.831983e-02,2.948270e-02,1.423762e-03,1.648231e-02,6.604756e-01,1.028016e-02,2.153219e-02,8.814796e-03,7.160097e-03,1.261982e-02,3.486729e-02
7.198409e-02,2.178477e-02,7.732438e-03,1.413506e-02,6.125225e-02,3.084167e-02,1.941127e-03,1.424232e-02,6.915262e-01,9.105036e-03,1.645200e-02,6.558562e-03,5.994060e-03,1.277886e-02,3.367153e-02
8.326773e-02,3.406054e-02,6.959701e-03,1.714730e-02,6.672162e-02,3.293744e-02,2.076094e-03,1.290693e-02,6.455298e-01,7.927169e-03,1.513913e-02,5.666494e-03,6.771835e-03,1.692117e-02,4.596706e-02
7.495514e-02,6.134449e-02,9.798966e-03,4.982238e-02,6.183651e-02,3.078092e-02,2.352345e-03,1.091894e-02,5.486423e-01,9.465331e-03,1.234130e-02,4.830513e-03,5.800663e-03,1.389822e-02,1.032120e-01
8.819044e-02,6.526679e-02,1.373647e-02,5.997879e-02,8.486851e-02,2.946607e-02,2.678894e-03,1.549318e-02,4.991376e-01,8.538131e-03,1.147689e-02,4.152384e-03,5.366278e-03,1.977628e-02,9.187330e-02
1.078658e-01,6.541920e-02,1.408247e-02,5.299265e-02,7.773070e-02,2.446241e-02,2.472927e-03,1.624677e-02,4.850516e-01,8.489758e-03,1.055537e-02,3.808173e-03,5.279807e-03,2.366892e-02,1.018735e-01
1.613211e-01,7.766791e-02,3.536047e-02,5.604279e-02,6.744650e-02,2.073924e-02,2.581849e-03,1.531980e-02,3.946434e-01,8.238434e-03,9.832522e-03,4.001971e-03,5.671294e-03,2.128022e-02,1.198524e-01
2.169269e-01,1.002314e-01,6.210684e-02,7.068126e-02,6.581863e-02,2.032860e-02,3.293865e-03,1.481429e-02,2.942734e-01,7.287412e-03,1.061819e-02,4.632299e-03,6.545635e-03,1.811803e-02,1.043232e-01
2.934587e-01,1.025606e-01,6.631990e-02,6.852351e-02,6.420310e-02,2.083732e-02,3.439424e-03,1.346730e-02,2.241413e-01,6.611256e-03,1.281115e-02,7.309015e-03,6.649485e-03,1.595162e-02,9.371628e-02
3.662106e-01,8.908214e-02,4.998768e-02,5.980544e-02,6.946394e-02,2.097316e-02,6.045649e-03,1.432881e-02,1.903290e-01,5.783022e-03,1.550095e-02,1.134199e-02,1.039339e-02,1.522085e-02,7.553350e-02
4.206025e-01,8.030738e-02,4.497288e-02,6.480350e-02,6.724119e-02,1.914996e-02,6.870197e-03,1.450809e-02,1.533497e-01,5.961729e-03,1.562870e-02,1.674397e-02,1.147533e-02,1.405447e-02,6.433047e-02
1.000000e+00,0.000000e+00,0.000000e+00,0.000000e+00,0.000000e+00,0.000000e+00,0.000000e+00,0.000000e+00,0.000000e+00,0.000000e+00,0.000000e+00,0.000000e+00,0.000000e+00,0.000000e+00,0.000000e+00
1.000000e+00,0.000000e+00,0.000000e+00,0.000000e+00,0.000000e+00,0.000000e+00,0.000000e+00,0.000000e+00,0.000000e+00,0.000000e+00,0.000000e+00,0.000000e+00,0.000000e+00,0.000000e+00,0.000000e+00
1.000000e+00,0.000000e+00,0.000000e+00,0.000000e+00,0.000000e+00,0.000000e+00,0.000000e+00,0.000000e+00,0.000000e+00,0.000000e+00,0.000000e+00,0.000000e+00,0.000000e+00,0.000000e+00,0.000000e+00
1.000000e+00,0.000000e+00,0.000000e+00,0.000000e+00,0.000000e+00,0.000000e+00,0.000000e+00,0.000000e+00,0.000000e+00,0.000000e+00,0.000000e+00,0.000000e+00,0.000000e+00,0.000000e+00,0.000000e+00
1.000000e+00,0.000000e+00,0.000000e+00,0.000000e+00,0.000000e+00,0.000000e+00,0.000000e+00,0.000000e+00,0.000000e+00,0.000000e+00,0.000000e+00,0.000000e+00,0.000000e+00,0.000000e+00,0.000000e+00
1.000000e+00,0.000000e+00,0.000000e+00,0.000000e+00,0.000000e+00,0.000000e+00,0.000000e+00,0.000000e+00,0.000000e+00,0.000000e+00,0.000000e+00,0.000000e+00,0.000000e+00,0.000000e+00,0.000000e+00
1.000000e+00,0.000000e+00,0.000000e+00,0.000000e+00,0.000000e+00,0.000000e+00,0.000000e+00,0.000000e+00,0.000000e+00,0.000000e+00,0.000000e+00,0.000000e+00,0.000000e+00,0.000000e+00,0.000000e+00
1.000000e+00,0.000000e+00,0.000000e+00,0.000000e+00,0.000000e+00,0.000000e+00,0.000000e+00,0.000000e+00,0.000000e+00,0.000000e+00,0.000000e+00,0.000000e+00,0.000000e+00,0.000000e+00,0.000000e+00
1.000000e+00,0.000000e+00,0.000000e+00,0.000000e+00,0.000000e+00,0.000000e+00,0.000000e+00,0.000000e+00,0.000000e+00,0.000000e+00,0.000000e+00,0.000000e+00,0.000000e+00,0.000000e+00,0.000000e+00
1.000000e+00,0.000000e+00,0.000000e+00,0.000000e+00,0.000000e+00,0.000000e+00,0.000000e+00,0.000000e+00,0.000000e+00,0.000000e+00,0.000000e+00,0.000000e+00,0.000000e+00,0.000000e+00,0.000000e+00
1.000000e+00,0.000000e+00,0.000000e+00,0.000000e+00,0.000000e+00,0.000000e+00,0.000000e+00,0.000000e+00,0.000000e+00,0.000000e+00,0.000000e+00,0.000000e+00,0.000000e+00,0.000000e+00,0.000000e+00
1.000000e+00,0.000000e+00,0.000000e+00,0.000000e+00,0.000000e+00,0.000000e+00,0.000000e+00,0.000000e+00,0.000000e+00,0.000000e+00,0.000000e+00,0.000000e+00,0.000000e+00,0.000000e+00,0.000000e+00
1.000000e+00,0.000000e+00,0.000000e+00,0.000000e+00,0.000000e+00,0.000000e+00,0.000000e+00,0.000000e+00,0.000000e+00,0.000000e+00,0.000000e+00,0.000000e+00,0.000000e+00,0.000000e+00,0.000000e+00
1.000000e+00,0.000000e+00,0.000000e+00,0.000000e+00,0.000000e+00,0.000000e+00,0.000000e+00,0.000000e+00,0.000000e+00,0.000000e+00,0.000000e+00,0.000000e+00,0.000000e+00,0.000000e+00,0.000000e+00
1.000000e+00,0.000000e+00,0.000000e+00,0.000000e+00,0.000000e+00,0.000000e+00,0.000000e+00,0.000000e+00,0.000000e+00,0.000000e+00,0.000000e+00,0.000000e+00,0.000000e+00,0.000000e+00,0.000000e+00
1.000000e+00,0.000000e+00,0.000000e+00,0.000000e+00,0.000000e+00,0.000000e+00,0.000000e+00,0.000000e+00,0.000000e+00,0.000000e+00,0.000000e+00,0.000000e+00,0.000000e+00,0.000000e+00,0.000000e+00
1.000000e+00,0.000000e+00,0.000000e+00,0.000000e+00,0.000000e+00,0.000000e+00,0.000000e+00,0.000000e+00,0.000000e+00,0.000000e+00,0.000000e+00,0.000000e+00,0.000000e+00,0.000000e+00,0.000000e+00
1.000000e+00,0.000000e+00,0.000000e+00,0.000000e+00,0.000000e+00,0.000000e+00,0.000000e+00,0.000000e+00,0.000000e+00,0.000000e+00,0.000000e+00,0.000000e+00,0.000000e+00,0.000000e+00,0.000000e+00
1.000000e+00,0.000000e+00,0.000000e+00,0.000000e+00,0.000000e+00,0.000000e+00,0.000000e+00,0.000000e+00,0.000000e+00,0.000000e+00,0.000000e+00,0.000000e+00,0.000000e+00,0.000000e+00,0.000000e+00
1.000000e+00,0.000000e+00,0.000000e+00,0.000000e+00,0.000000e+00,0.000000e+00,0.000000e+00,0.000000e+00,0.000000e+00,0.000000e+00,0.000000e+00,0.000000e+00,0.000000e+00,0.000000e+00,0.000000e+00
1.000000e+00,0.000000e+00,0.000000e+00,0.000000e+00,0.000000e+00,0.000000e+00,0.000000e+00,0.000000e+00,0.000000e+00,0.000000e+00,0.000000e+00,0.000000e+00,0.000000e+00,0.000000e+00,0.000000e+00
1.000000e+00,0.000000e+00,0.000000e+00,0.000000e+00,0.000000e+00,0.000000e+00,0.000000e+00,0.000000e+00,0.000000e+00,0.000000e+00,0.000000e+00,0.000000e+00,0.000000e+00,0.000000e+00,0.000000e+00
1.000000e+00,0.000000e+00,0.000000e+00,0.000000e+00,0.000000e+00,0.000000e+00,0.000000e+00,0.000000e+00,0.000000e+00,0.000000e+00,0.000000e+00,0.000000e+00,0.000000e+00,0.000000e+00,0.000000e+00
1.000000e+00,0.000000e+00,0.000000e+00,0.000000e+00,0.000000e+00,0.000000e+00,0.000000e+00,0.000000e+00,0.000000e+00,0.000000e+00,0.000000e+00,0.000000e+00,0.000000e+00,0.000000e+00,0.000000e+00
1.000000e+00,0.000000e+00,0.000000e+00,0.000000e+00,0.000000e+00,0.000000e+00,0.000000e+00,0.000000e+00,0.000000e+00,0.000000e+00,0.000000e+00,0.000000e+00,0.000000e+00,0.000000e+00,0.000000e+00
1.000000e+00,0.000000e+00,0.000000e+00,0.000000e+00,0.000000e+00,0.000000e+00,0.000000e+00,0.000000e+00,0.000000e+00,0.000000e+00,0.000000e+00,0.000000e+00,0.000000e+00,0.000000e+00,0.000000e+00
1.000000e+00,0.000000e+00,0.000000e+00,0.000000e+00,0.000000e+00,0.000000e+00,0.000000e+00,0.000000e+00,0.000000e+00,0.000000e+00,0.000000e+00,0.000000e+00,0.000000e+00,0.000000e+00,0.000000e+00
1.000000e+00,0.000000e+00,0.000000e+00,0.000000e+00,0.000000e+00,0.000000e+00,0.000000e+00,0.000000e+00,0.000000e+00,0.000000e+00,0.000000e+00,0.000000e+00,0.000000e+00,0.000000e+00,0.000000e+00
1.000000e+00,0.000000e+00,0.000000e+00,0.000000e+00,0.000000e+00,0.000000e+00,0.000000e+00,0.000000e+00,0.000000e+00,0.000000e+00,0.000000e+00,0.000000e+00,0.000000e+00,0.000000e+00,0.000000e+00
1.000000e+00,0.000000e+00,0.000000e+00,0.000000e+00,0.000000e+00,0.000000e+00,0.000000e+00,0.000000e+00,0.000000e+00,0.000000e+00,0.000000e+00,0.000000e+00,0.000000e+00,0.000000e+00,0.000000e+00
1.000000e+00,0.000000e+00,0.000000e+00,0.000000e+00,0.000000e+00,0.000000e+00,0.000000e+00,0.000000e+00,0.000000e+00,0.000000e+00,0.000000e+00,0.000000e+00,0.000000e+00,0.000000e+00,0.000000e+00
1.000000e+00,0.000000e+00,0.000000e+00,0.000000e+00,0.000000e+00,0.000000e+00,0.000000e+00,0.000000e+00,0.000000e+00,0.000000e+00,0.000000e+00,0.000000e+00,0.000000e+00,0.000000e+00,0.000000e+00
1.000000e+00,0.000000e+00,0.000000e+00,0.000000e+00,0.000000e+00,0.000000e+00,0.000000e+00,0.000000e+00,0.000000e+00,0.000000e+00,0.000000e+00,0.000000e+00,0.000000e+00,0.000000e+00,0.000000e+00
1.000000e+00,0.000000e+00,0.000000e+00,0.000000e+00,0.000000e+00,0.000000e+00,0.000000e+00,0.000000e+00,0.000000e+00,0.000000e+00,0.000000e+00,0.000000e+00,0.000000e+00,0.000000e+00,0.000000e+00
1.000000e+00,0.000000e+00,0.000000e+00,0.000000e+00,0.000000e+00,0.000000e+00,0.000000e+00,0.000000e+00,0.000000e+00,0.000000e+00,0.000000e+00,0.000000e+00,0.000000e+00,0.000000e+00,0.000000e+00
1.000000e+00,0.000000e+00,0.000000e+00,0.000000e+00,0.000000e+00,0.000000e+00,0.000000e+00,0.000000e+00,0.000000e+00,0.000000e+00,0.000000e+00,0.000000e+00,0.000000e+00,0.000000e+00,0.000000e+00
1.000000e+00,0.000000e+00,0.000000e+00,0.000000e+00,0.000000e+00,0.000000e+00,0.000000e+00,0.000000e+00,0.000000e+00,0.000000e+00,0.000000e+00,0.000000e+00,0.000000e+00,0.000000e+00,0.000000e+00
1.000000e+00,0.000000e+00,0.000000e+00,0.000000e+00,0.000000e+00,0.000000e+00,0.000000e+00,0.000000e+00,0.000000e+00,0.000000e+00,0.000000e+00,0.000000e+00,0.000000e+00,0.000000e+00,0.000000e+00
1.000000e+00,0.000000e+00,0.000000e+00,0.000000e+00,0.000000e+00,0.000000e+00,0.000000e+00,0.000000e+00,0.000000e+00,0.000000e+00,0.000000e+00,0.000000e+00,0.000000e+00,0.000000e+00,0.000000e+00
1.000000e+00,0.000000e+00,0.000000e+00,0.000000e+00,0.000000e+00,0.000000e+00,0.000000e+00,0.000000e+00,0.000000e+00,0.000000e+00,0.000000e+00,0.000000e+00,0.000000e+00,0.000000e+00,0.000000e+00
1.000000e+00,0.000000e+00,0.000000e+00,0.000000e+00,0.000000e+00,0.000000e+00,0.000000e+00,0.000000e+00,0.000000e+00,0.000000e+00,0.000000e+00,0.000000e+00,0.000000e+00,0.000000e+00,0.000000e+00
1.000000e+00,0.000000e+00,0.000000e+00,0.000000e+00,0.000000e+00,0.000000e+00,0.000000e+00,0.000000e+00,0.000000e+00,0.000000e+00,0.000000e+00,0.000000e+00,0.000000e+00,0.000000e+00,0.000000e+00
1.000000e+00,0.000000e+00,0.000000e+00,0.000000e+00,0.000000e+00,0.000000e+00,0.000000e+00,0.000000e+00,0.000000e+00,0.000000e+00,0.000000e+00,0.000000e+00,0.000000e+00,0.000000e+00,0.000000e+00
1.000000e+00,0.000000e+00,0.000000e+00,0.000000e+00,0.000000e+00,0.000000e+00,0.000000e+00,0.000000e+00,0.000000e+00,0.000000e+00,0.000000e+00,0.000000e+00,0.000000e+00,0.000000e+00,0.000000e+00
1.000000e+00,0.000000e+00,0.000000e+00,0.000000e+00,0.000000e+00,0.000000e+00,0.000000e+00,0.000000e+00,0.000000e+00,0.000000e+00,0.000000e+00,0.000000e+00,0.000000e+00,0.000000e+00,0.000000e+00
1.000000e+00,0.000000e+00,0.000000e+00,0.000000e+00,0.000000e+00,0.000000e+00,0.000000e+00,0.000000e+00,0.000000e+00,0.000000e+00,0.000000e+00,0.000000e+00,0.000000e+00,0.000000e+00,0.000000e+00
1.000000e+00,0.000000e+00,0.000000e+00,0.000000e+00,0.000000e+00,0.000000e+00,0.000000e+00,0.000000e+00,0.000000e+00,0.000000e+00,0.000000e+00,0.000000e+00,0.000000e+00,0.000000e+00,0.000000e+00
1.000000e+00,0.000000e+00,0.000000e+00,0.000000e+00,0.000000e+00,0.000000e+00,0.000000e+00,0.000000e+00,0.000000e+00,0.000000e+00,0.000000e+00,0.000000e+00,0.000000e+00,0.000000e+00,0.000000e+00
1.000000e+00,0.000000e+00,0.000000e+00,0.000000e+00,0.000000e+00,0.000000e+00,0.000000e+00,0.000000e+00,0.000000e+00,0.000000e+00,0.000000e+00,0.000000e+00,0.000000e+00,0.000000e+00,0.000000e+00
1.000000e+00,0.000000e+00,0.000000e+00,0.000000e+00,0.000000e+00,0.000000e+00,0.000000e+00,0.000000e+00,0.000000e+00,0.000000e+00,0.000000e+00,0.000000e+00,0.000000e+00,0.000000e+00,0.000000e+00
1.000000e+00,0.000000e+00,0.000000e+00,0.000000e+00,0.000000e+00,0.000000e+00,0.000000e+00,0.000000e+00,0.000000e+00,0.000000e+00,0.000000e+00,0.000000e+00,0.000000e+00,0.000000e+00,0.000000e+00
1.000000e+00,0.000000e+00,0.000000e+00,0.000000e+00,0.000000e+00,0.000000e+00,0.000000e+00,0.000000e+00,0.000000e+00,0.000000e+00,0.000000e+00,0.000000e+00,0.000000e+00,0.000000e+00,0.000000e+00
1.000000e+00,0.000000e+00,0.000000e+00,0.000000e+00,0.000000e+00,0.000000e+00,0.000000e+00,0.000000e+00,0.000000e+00,0.000000e+00,0.000000e+00,0.000000e+00,0.000000e+00,0.000000e+00,0.000000e+00
1.000000e+00,0.000000e+00,0.000000e+00,0.000000e+00,0.000000e+00,0.000000e+00,0.000000e+00,0.000000e+00,0.000000e+00,0.000000e+00,0.000000e+00,0.000000e+00,0.000000e+00,0.000000e+00,0.000000e+00
1.000000e+00,0.000000e+00,0.000000e+00,0.000000e+00,0.000000e+00,0.000000e+00,0.000000e+00,0.000000e+00,0.000000e+00,0.000000e+00,0.000000e+00,0.000000e+00,0.000000e+00,0.000000e+00,0.000000e+00
1.000000e+00,0.000000e+00,0.000000e+00,0.000000e+00,0.000000e+00,0.000000e+00,0.000000e+00,0.000000e+00,0.000000e+00,0.000000e+00,0.000000e+00,0.000000e+00,0.000000e+00,0.000000e+00,0.000000e+00
1.000000e+00,0.000000e+00,0.000000e+00,0.000000e+00,0.000000e+00,0.000000e+00,0.000000e+00,0.000000e+00,0.000000e+00,0.000000e+00,0.000000e+00,0.000000e+00,0.000000e+00,0.000000e+00,0.000000e+00
1.000000e+00,0.000000e+00,0.000000e+00,0.000000e+00,0.000000e+00,0.000000e+00,0.000000e+00,0.000000e+00,0.000000e+00,0.000000e+00,0.000000e+00,0.000000e+00,0.000000e+00,0.000000e+00,0.000000e+00
1.000000e+00,0.000000e+00,0.000000e+00,0.000000e+00,0.000000e+00,0.000000e+00,0.000000e+00,0.000000e+00,0.000000e+00,0.000000e+00,0.000000e+00,0.000000e+00,0.000000e+00,0.000000e+00,0.000000e+00
1.000000e+00,0.000000e+00,0.000000e+00,0.000000e+00,0.000000e+00,0.000000e+00,0.000000e+00,0.000000e+00,0.000000e+00,0.000000e+00,0.000000e+00,0.000000e+00,0.000000e+00,0.000000e+00,0.000000e+00
1.000000e+00,0.000000e+00,0.000000e+00,0.000000e+00,0.000000e+00,0.000000e+00,0.000000e+00,0.000000e+00,0.000000e+00,0.000000e+00,0.000000e+00,0.000000e+00,0.000000e+00,0.000000e+00,0.000000e+00
1.000000e+00,0.000000e+00,0.000000e+00,0.000000e+00,0.000000e+00,0.000000e+00,0.000000e+00,0.000000e+00,0.000000e+00,0.000000e+00,0.000000e+00,0.000000e+00,0.000000e+00,0.000000e+00,0.000000e+00
1.000000e+00,0.000000e+00,0.000000e+00,0.000000e+00,0.000000e+00,0.000000e+00,0.000000e+00,0.000000e+00,0.000000e+00,0.000000e+00,0.000000e+00,0.000000e+00,0.000000e+00,0.000000e+00,0.000000e+00
1.000000e+00,0.000000e+00,0.000000e+00,0.000000e+00,0.000000e+00,0.000000e+00,0.000000e+00,0.000000e+00,0.000000e+00,0.000000e+00,0.000000e+00,0.000000e+00,0.000000e+00,0.000000e+00,0.000000e+00
1.000000e+00,0.000000e+00,0.000000e+00,0.000000e+00,0.000000e+00,0.000000e+00,0.000000e+00,0.000000e+00,0.000000e+00,0.000000e+00,0.000000e+00,0.000000e+00,0.000000e+00,0.000000e+00,0.000000e+00
1.000000e+00,0.000000e+00,0.000000e+00,0.000000e+00,0.000000e+00,0.000000e+00,0.000000e+00,0.000000e+00,0.000000e+00,0.000000e+00,0.000000e+00,0.000000e+00,0.000000e+00,0.000000e+00,0.000000e+00
1.000000e+00,0.000000e+00,0.000000e+00,0.000000e+00,0.000000e+00,0.000000e+00,0.000000e+00,0.000000e+00,0.000000e+00,0.000000e+00,0.000000e+00,0.000000e+00,0.000000e+00,0.000000e+00,0.000000e+00
1.000000e+00,0.000000e+00,0.000000e+00,0.000000e+00,0.000000e+00,0.000000e+00,0.000000e+00,0.000000e+00,0.000000e+00,0.000000e+00,0.000000e+00,0.000000e+00,0.000000e+00,0.000000e+00,0.000000e+00
1.000000e+00,0.000000e+00,0.000000e+00,0.000000e+00,0.000000e+00,0.000000e+00,0.000000e+00,0.000000e+00,0.000000e+00,0.000000e+00,0.000000e+00,0.000000e+00,0.000000e+00,0.000000e+00,0.000000e+00
1.000000e+00,0.000000e+00,0.000000e+00,0.000000e+00,0.000000e+00,0.000000e+00,0.000000e+00,0.000000e+00,0.000000e+00,0.000000e+00,0.000000e+00,0.000000e+00,0.000000e+00,0.000000e+00,0.000000e+00
1.000000e+00,0.000000e+00,0.000000e+00,0.000000e+00,0.000000e+00,0.000000e+00,0.000000e+00,0.000000e+00,0.000000e+00,0.000000e+00,0.000000e+00,0.000000e+00,0.000000e+00,0.000000e+00,0.000000e+00
1.000000e+00,0.000000e+00,0.000000e+00,0.000000e+00,0.000000e+00,0.000000e+00,0.000000e+00,0.000000e+00,0.000000e+00,0.000000e+00,0.000000e+00,0.000000e+00,0.000000e+00,0.000000e+00,0.000000e+00
1.000000e+00,0.000000e+00,0.000000e+00,0.000000e+00,0.000000e+00,0.000000e+00,0.000000e+00,0.000000e+00,0.000000e+00,0.000000e+00,0.000000e+00,0.000000e+00,0.000000e+00,0.000000e+00,0.000000e+00
1.000000e+00,0.000000e+00,0.000000e+00,0.000000e+00,0.000000e+00,0.000000e+00,0.000000e+00,0.000000e+00,0.000000e+00,0.000000e+00,0.000000e+00,0.000000e+00,0.000000e+00,0.000000e+00,0.000000e+00
1.000000e+00,0.000000e+00,0.000000e+00,0.000000e+00,0.000000e+00,0.000000e+00,0.000000e+00,0.000000e+00,0.000000e+00,0.000000e+00,0.000000e+00,0.000000e+00,0.000000e+00,0.000000e+00,0.000000e+00
1.000000e+00,0.000000e+00,0.000000e+00,0.000000e+00,0.000000e+00,0.000000e+00,0.000000e+00,0.000000e+00,0.000000e+00,0.000000e+00,0.000000e+00,0.000000e+00,0.000000e+00,0.000000e+00,0.000000e+00
1.000000e+00,0.000000e+00,0.000000e+00,0.000000e+00,0.000000e+00,0.000000e+00,0.000000e+00,0.000000e+00,0.000000e+00,0.000000e+00,0.000000e+00,0.000000e+00,0.000000e+00,0.000000e+00,0.000000e+00
1.000000e+00,0.000000e+00,0.000000e+00,0.000000e+00,0.000000e+00,0.000000e+00,0.000000e+00,0.000000e+00,0.000000e+00,0.000000e+00,0.000000e+00,0.000000e+00,0.000000e+00,0.000000e+00,0.000000e+00
1.000000e+00,0.000000e+00,0.000000e+00,0.000000e+00,0.000000e+00,0.000000e+00,0.000000e+00,0.000000e+00,0.000000e+00,0.000000e+00,0.000000e+00,0.000000e+00,0.000000e+00,0.000000e+00,0.000000e+00
