1.000000e+00,0.000000e+00,0.000000e+00,0.000000e+00,0.000000e+00,0.000000e+00,0.000000e+00,0.000000e+00,0.000000e+00,0.000000e+00,0.000000e+00,0.000000e+00,0.000000e+00,0.000000e+00,0.000000e+00
1.000000e+00,0.000000e+00,0.000000e+00,0.000000e+00,0.000000e+00,0.000000e+00,0.000000e+00,0.000000e+00,0.000000e+00,0.000000e+00,0.000000e+00,0.000000e+00,0.000000e+00,0.000000e+00,0.000000e+00
1.000000e+00,0.000000e+00,0.000000e+00,0.000000e+00,0.000000e+00,0.000000e+00,0.000000e+00,0.000000e+00,0.000000e+00,0.000000e+00,0.000000e+00,0.000000e+00,0.000000e+00,0.000000e+00,0.000000e+00
1.000000e+00,0.000000e+00,0.000000e+00,0.000000e+00,0.000000e+00,0.000000e+00,0.000000e+00,0.000000e+00,0.000000e+00,0.000000e+00,0.000000e+00,0.000000e+00,0.000000e+00,0.000000e+00,0.000000e+00
1.000000e+00,0.000000e+00,0.000000e+00,0.000000e+00,0.000000e+00,0.000000e+00,0.000000e+00,0.000000e+00,0.000000e+00,0.000000e+00,0.000000e+00,0.000000e+00,0.000000e+00,0.000000e+00,0.000000e+00
1.000000e+00,0.000000e+00,0.000000e+00,0.000000e+00,0.000000e+00,0.000000e+00,0.000000e+00,0.000000e+00,0.000000e+00,0.000000e+00,0.000000e+00,0.000000e+00,0.000000e+00,0.000000e+00,0.000000e+00
1.000000e+00,0.000000e+00,0.000000e+00,0.000000e+00,0.000000e+00,0.000000e+00,0.000000e+00,0.000000e+00,0.000000e+00,0.000000e+00,0.000000e+00,0.000000e+00,0.000000e+00,0.000000e+00,0.000000e+00
1.000000e+00,0.000000e+00,0.000000e+00,0.000000e+00,0.000000e+00,0.000000e+00,0.000000e+00,0.000000e+00,0.000000e+00,0.000000e+00,0.000000e+00,0.000000e+00,0.000000e+00,0.000000e+00,0.000000e+00
1.000000e+00,0.000000e+00,0.000000e+00,0.000000e+00,0.000000e+00,0.000000e+00,0.000000e+00,0.000000e+00,0.000000e+00,0.000000e+00,0.000000e+00,0.000000e+00,0.000000e+00,0.000000e+00,0.000000e+00
1.000000e+00,0.000000e+00,0.000000e+00,0.000000e+00,0.000000e+00,0.000000e+00,0.000000e+00,0.000000e+00,0.000000e+00,0.000000e+00,0.000000e+00,0.000000e+00,0.000000e+00,0.000000e+00,0.000000e+00
1.000000e+00,0.000000e+00,0.000000e+00,0.000000e+00,0.000000e+00,0.000000e+00,0.000000e+00,0.000000e+00,0.000000e+00,0.000000e+00,0.000000e+00,0.000000e+00,0.000000e+00,0.000000e+00,0.000000e+00
1.000000e+00,0.000000e+00,0.000000e+00,0.000000e+00,0.000000e+00,0.000000e+00,0.000000e+00,0.000000e+00,0.000000e+00,0.000000e+00,0.000000e+00,0.000000e+00,0.000000e+00,0.000000e+00,0.000000e+00
1.000000e+00,0.000000e+00,0.000000e+00,0.000000e+00,0.000000e+00,0.000000e+00,0.000000e+00,0.000000e+00,0.000000e+00,0.000000e+00,0.000000e+00,0.000000e+00,0.000000e+00,0.000000e+00,0.000000e+00
1.000000e+00,0.000000e+00,0.000000e+00,0.000000e+00,0.000000e+00,0.000000e+00,0.000000e+00,0.000000e+00,0.000000e+00,0.000000e+00,0.000000e+00,0.000000e+00,0.000000e+00,0.000000e+00,0.000000e+00
1.000000e+00,0.000000e+00,0.000000e+00,0.000000e+00,0.000000e+00,0.000000e+00,0.000000e+00,0.000000e+00,0.000000e+00,0.000000e+00,0.000000e+00,0.000000e+00,0.000000e+00,0.000000e+00,0.000000e+00
1.000000e+00,0.000000e+00,0.000000e+00,0.000000e+00,0.000000e+00,0.000000e+00,0.000000e+00,0.000000e+00,0.000000e+00,0.000000e+00,0.000000e+00,0.000000e+00,0.000000e+00,0.000000e+00,0.000000e+00
1.000000e+00,0.000000e+00,0.000000e+00,0.000000e+00,0.000000e+00,0.000000e+00,0.000000e+00,0.000000e+00,0.000000e+00,0.000000e+00,0.000000e+00,0.000000e+00,0.000000e+00,0.000000e+00,0.000000e+00
1.000000e+00,0.000000e+00,0.000000e+00,0.000000e+00,0.000000e+00,0.000000e+00,0.000000e+00,0.000000e+00,0.000000e+00,0.000000e+00,0.000000e+00,0.000000e+00,0.000000e+00,0.000000e+00,0.000000e+00
1.000000e+00,0.000000e+00,0.000000e+00,0.000000e+00,0.000000e+00,0.000000e+00,0.000000e+00,0.000000e+00,0.000000e+00,0.000000e+00,0.000000e+00,0.000000e+00,0.000000e+00,0.000000e+00,0.000000e+00
1.000000e+00,0.000000e+00,0.000000e+00,0.000000e+00,0.000000e+00,0.000000e+00,0.000000e+00,0.000000e+00,0.000000e+00,0.000000e+00,0.000000e+00,0.000000e+00,0.000000e+00,0.000000e+00,0.000000e+00
1.000000e+00,0.000000e+00,0.000000e+00,0.000000e+00,0.000000e+00,0.000000e+00,0.000000e+00,0.000000e+00,0.000000e+00,0.000000e+00,0.000000e+00,0.000000e+00,0.000000e+00,0.000000e+00,0.000000e+00
1.000000e+00,0.000000e+00,0.000000e+00,0.000000e+00,0.000000e+00,0.000000e+00,0.000000e+00,0.000000e+00,0.000000e+00,0.000000e+00,0.000000e+00,0.000000e+00,0.000000e+00,0.000000e+00,0.000000e+00
1.000000e+00,0.000000e+00,0.000000e+00,0.000000e+00,0.000000e+00,0.000000e+00,0.000000e+00,0.000000e+00,0.000000e+00,0.000000e+00,0.000000e+00,0.000000e+00,0.000000e+00,0.000000e+00,0.000000e+00
1.000000e+00,0.000000e+00,0.000000e+00,0.000000e+00,0.000000e+00,0.000000e+00,0.000000e+00,0.000000e+00,0.000000e+00,0.000000e+00,0.000000e+00,0.000000e+00,0.000000e+00,0.000000e+00,0.000000e+00
1.000000e+00,0.000000e+00,0.000000e+00,0.000000e+00,0.000000e+00,0.000000e+00,0.000000e+00,0.000000e+00,0.000000e+00,0.000000e+00,0.000000e+00,0.000000e+00,0.000000e+00,0.000000e+00,0.000000e+00
1.000000e+00,0.000000e+00,0.000000e+00,0.000000e+00,0.000000e+00,0.000000e+00,0.000000e+00,0.000000e+00,0.000000e+00,0.000000e+00,0.000000e+00,0.000000e+00,0.000000e+00,0.000000e+00,0.000000e+00
1.000000e+00,0.000000e+00,0.000000e+00,0.000000e+00,0.000000e+00,0.000000e+00,0.000000e+00,0.000000e+00,0.000000e+00,0.000000e+00,0.000000e+00,0.000000e+00,0.000000e+00,0.000000e+00,0.000000e+00
1.000000e+00,0.000000e+00,0.000000e+00,0.000000e+00,0.000000e+00,0.000000e+00,0.000000e+00,0.000000e+00,0.000000e+00,0.000000e+00,0.000000e+00,0.000000e+00,0.000000e+00,0.000000e+00,0.000000e+00
1.000000e+00,0.000000e+00,0.000000e+00,0.000000e+00,0.000000e+00,0.000000e+00,0.000000e+00,0.000000e+00,0.000000e+00,0.000000e+00,0.000000e+00,0.000000e+00,0.000000e+00,0.000000e+00,0.000000e+00
1.000000e+00,0.000000e+00,0.000000e+00,0.000000e+00,0.000000e+00,0.000000e+00,0.000000e+00,0.000000e+00,0.000000e+00,0.000000e+00,0.000000e+00,0.000000e+00,0.000000e+00,0.000000e+00,0.000000e+00
1.000000e+00,0.000000e+00,0.000000e+00,0.000000e+00,0.000000e+00,0.000000e+00,0.000000e+00,0.000000e+00,0.000000e+00,0.000000e+00,0.000000e+00,0.000000e+00,0.000000e+00,0.000000e+00,0.000000e+00
1.000000e+00,0.000000e+00,0.000000e+00,0.000000e+00,0.000000e+00,0.000000e+00,0.000000e+00,0.000000e+00,0.000000e+00,0.000000e+00,0.000000e+00,0.000000e+00,0.000000e+00,0.000000e+00,0.000000e+00
1.000000e+00,0.000000e+00,0.000000e+00,0.000000e+00,0.000000e+00,0.000000e+00,0.000000e+00,0.000000e+00,0.000000e+00,0.000000e+00,0.000000e+00,0.000000e+00,0.000000e+00,0.000000e+00,0.000000e+00
1.000000e+00,0.000000e+00,0.000000e+00,0.000000e+00,0.000000e+00,0.000000e+00,0.000000e+00,0.000000e+00,0.000000e+00,0.000000e+00,0.000000e+00,0.000000e+00,0.000000e+00,0.000000e+00,0.000000e+00
1.000000e+00,0.000000e+00,0.000000e+00,0.000000e+00,0.000000e+00,0.000000e+00,0.000000e+00,0.000000e+00,0.000000e+00,0.000000e+00,0.000000e+00,0.000000e+00,0.000000e+00,0.000000e+00,0.000000e+00
1.000000e+00,0.000000e+00,0.000000e+00,0.000000e+00,0.000000e+00,0.000000e+00,0.000000e+00,0.000000e+00,0.000000e+00,0.000000e+00,0.000000e+00,0.000000e+00,0.000000e+00,0.000000e+00,0.000000e+00
1.000000e+00,0.000000e+00,0.000000e+00,0.000000e+00,0.000000e+00,0.000000e+00,0.000000e+00,0.000000e+00,0.000000e+00,0.000000e+00,0.000000e+00,0.000000e+00,0.000000e+00,0.000000e+00,0.000000e+00
1.000000e+00,0.000000e+00,0.000000e+00,0.000000e+00,0.000000e+00,0.000000e+00,0.000000e+00,0.000000e+00,0.000000e+00,0.000000e+00,0.000000e+00,0.000000e+00,0.000000e+00,0.000000e+00,0.000000e+00
1.000000e+00,0.000000e+00,0.000000e+00,0.000000e+00,0.000000e+00,0.000000e+00,0.000000e+00,0.000000e+00,0.000000e+00,0.000000e+00,0.000000e+00,0.000000e+00,0.000000e+00,0.000000e+00,0.000000e+00
1.000000e+00,0.000000e+00,0.000000e+00,0.000000e+00,0.000000e+00,0.000000e+00,0.000000e+00,0.000000e+00,0.000000e+00,0.000000e+00,0.000000e+00,0.000000e+00,0.000000e+00,0.000000e+00,0.000000e+00
1.000000e+00,0.000000e+00,0.000000e+00,0.000000e+00,0.000000e+00,0.000000e+00,0.000000e+00,0.000000e+00,0.000000e+00,0.000000e+00,0.000000e+00,0.000000e+00,0.000000e+00,0.000000e+00,0.000000e+00
1.000000e+00,0.000000e+00,0.000000e+00,0.000000e+00,0.000000e+00,0.000000e+00,0.000000e+00,0.000000e+00,0.000000e+00,0.000000e+00,0.000000e+00,0.000000e+00,0.000000e+00,0.000000e+00,0.000000e+00
1.000000e+00,0.000000e+00,0.000000e+00,0.000000e+00,0.000000e+00,0.000000e+00,0.000000e+00,0.000000e+00,0.000000e+00,0.000000e+00,0.000000e+00,0.000000e+00,0.000000e+00,0.000000e+00,0.000000e+00
1.000000e+00,0.000000e+00,0.000000e+00,0.000000e+00,0.000000e+00,0.000000e+00,0.000000e+00,0.000000e+00,0.000000e+00,0.000000e+00,0.000000e+00,0.000000e+00,0.000000e+00,0.000000e+00,0.000000e+00
1.000000e+00,0.000000e+00,0.000000e+00,0.000000e+00,0.000000e+00,0.000000e+00,0.000000e+00,0.000000e+00,0.000000e+00,0.000000e+00,0.000000e+00,0.000000e+00,0.000000e+00,0.000000e+00,0.000000e+00
1.000000e+00,0.000000e+00,0.000000e+00,0.000000e+00,0.000000e+00,0.000000e+00,0.000000e+00,0.000000e+00,0.000000e+00,0.000000e+00,0.000000e+00,0.000000e+00,0.000000e+00,0.000000e+00,0.000000e+00
1.000000e+00,0.000000e+00,0.000000e+00,0.000000e+00,0.000000e+00,0.000000e+00,0.000000e+00,0.000000e+00,0.000000e+00,0.000000e+00,0.000000e+00,0.000000e+00,0.000000e+00,0.000000e+00,0.000000e+00
1.000000e+00,0.000000e+00,0.000000e+00,0.000000e+00,0.000000e+00,0.000000e+00,0.000000e+00,0.000000e+00,0.000000e+00,0.000000e+00,0.000000e+00,0.000000e+00,0.000000e+00,0.000000e+00,0.000000e+00
1.000000e+00,0.000000e+00,0.000000e+00,0.000000e+00,0.000000e+00,0.000000e+00,0.000000e+00,0.000000e+00,0.000000e+00,0.000000e+00,0.000000e+00,0.000000e+00,0.000000e+00,0.000000e+00,0.000000e+00
1.000000e+00,0.000000e+00,0.000000e+00,0.000000e+00,0.000000e+00,0.000000e+00,0.000000e+00,0.000000e+00,0.000000e+00,0.000000e+00,0.000000e+00,0.000000e+00,0.000000e+00,0.000000e+00,0.000000e+00
1.000000e+00,0.000000e+00,0.000000e+00,0.000000e+00,0.000000e+00,0.000000e+00,0.000000e+00,0.000000e+00,0.000000e+00,0.000000e+00,0.000000e+00,0.000000e+00,0.000000e+00,0.000000e+00,0.000000e+00
1.000000e+00,0.000000e+00,0.000000e+00,0.000000e+00,0.000000e+00,0.000000e+00,0.000000e+00,0.000000e+00,0.000000e+00,0.000000e+00,0.000000e+00,0.000000e+00,0.000000e+00,0.000000e+00,0.000000e+00
1.000000e+00,0.000000e+00,0.000000e+00,0.000000e+00,0.000000e+00,0.000000e+00,0.000000e+00,0.000000e+00,0.000000e+00,0.000000e+00,0.000000e+00,0.000000e+00,0.000000e+00,0.000000e+00,0.000000e+00
1.000000e+00,0.000000e+00,0.000000e+00,0.000000e+00,0.000000e+00,0.000000e+00,0.000000e+00,0.000000e+00,0.000000e+00,0.000000e+00,0.000000e+00,0.000000e+00,0.000000e+00,0.000000e+00,0.000000e+00
1.000000e+00,0.000000e+00,0.000000e+00,0.000000e+00,0.000000e+00,0.000000e+00,0.000000e+00,0.000000e+00,0.000000e+00,0.000000e+00,0.000000e+00,0.000000e+00,0.000000e+00,0.000000e+00,0.000000e+00
1.000000e+00,0.000000e+00,0.000000e+00,0.000000e+00,0.000000e+00,0.000000e+00,0.000000e+00,0.000000e+00,0.000000e+00,0.000000e+00,0.000000e+00,0.000000e+00,0.000000e+00,0.000000e+00,0.000000e+00
1.000000e+00,0.000000e+00,0.000000e+00,0.000000e+00,0.000000e+00,0.000000e+00,0.000000e+00,0.000000e+00,0.000000e+00,0.000000e+00,0.000000e+00,0.000000e+00,0.000000e+00,0.000000e+00,0.000000e+00
1.000000e+00,0.000000e+00,0.000000e+00,0.000000e+00,0.000000e+00,0.000000e+00,0.000000e+00,0.000000e+00,0.000000e+00,0.000000e+00,0.000000e+00,0.000000e+00,0.000000e+00,0.000000e+00,0.000000e+00
1.000000e+00,0.000000e+00,0.000000e+00,0.000000e+00,0.000000e+00,0.000000e+00,0.000000e+00,0.000000e+00,0.000000e+00,0.000000e+00,0.000000e+00,0.000000e+00,0.000000e+00,0.000000e+00,0.000000e+00
1.000000e+00,0.000000e+00,0.000000e+00,0.000000e+00,0.000000e+00,0.000000e+00,0.000000e+00,0.000000e+00,0.000000e+00,0.000000e+00,0.000000e+00,0.000000e+00,0.000000e+00,0.000000e+00,0.000000e+00
1.000000e+00,0.000000e+00,0.000000e+00,0.000000e+00,0.000000e+00,0.000000e+00,0.000000e+00,0.000000e+00,0.000000e+00,0.000000e+00,0.000000e+00,0.000000e+00,0.000000e+00,0.000000e+00,0.000000e+00
1.000000e+00,0.000000e+00,0.000000e+00,0.000000e+00,0.000000e+00,0.000000e+00,0.000000e+00,0.000000e+00,0.000000e+00,0.000000e+00,0.000000e+00,0.000000e+00,0.000000e+00,0.000000e+00,0.000000e+00
1.000000e+00,0.000000e+00,0.000000e+00,0.000000e+00,0.000000e+00,0.000000e+00,0.000000e+00,0.000000e+00,0.000000e+00,0.000000e+00,0.000000e+00,0.000000e+00,0.000000e+00,0.000000e+00,0.000000e+00
1.000000e+00,0.000000e+00,0.000000e+00,0.000000e+00,0.000000e+00,0.000000e+00,0.000000e+00,0.000000e+00,0.000000e+00,0.000000e+00,0.000000e+00,0.000000e+00,0.000000e+00,0.000000e+00,0.000000e+00
1.000000e+00,0.000000e+00,0.000000e+00,0.000000e+00,0.000000e+00,0.000000e+00,0.000000e+00,0.000000e+00,0.000000e+00,0.000000e+00,0.000000e+00,0.000000e+00,0.000000e+00,0.000000e+00,0.000000e+00
1.000000e+00,0.000000e+00,0.000000e+00,0.000000e+00,0.000000e+00,0.000000e+00,0.000000e+00,0.000000e+00,0.000000e+00,0.000000e+00,0.000000e+00,0.000000e+00,0.000000e+00,0.000000e+00,0.000000e+00
1.000000e+00,0.000000e+00,0.000000e+00,0.000000e+00,0.000000e+00,0.000000e+00,0.000000e+00,0.000000e+00,0.000000e+00,0.000000e+00,0.000000e+00,0.000000e+00,0.000000e+00,0.000000e+00,0.000000e+00
1.000000e+00,0.000000e+00,0.000000e+00,0.000000e+00,0.000000e+00,0.000000e+00,0.000000e+00,0.000000e+00,0.000000e+00,0.000000e+00,0.000000e+00,0.000000e+00,0.000000e+00,0.000000e+00,0.000000e+00
1.000000e+00,0.000000e+00,0.000000e+00,0.000000e+00,0.000000e+00,0.000000e+00,0.000000e+00,0.000000e+00,0.000000e+00,0.000000e+00,0.000000e+00,0.000000e+00,0.000000e+00,0.000000e+00,0.000000e+00
1.000000e+00,0.000000e+00,0.000000e+00,0.000000e+00,0.000000e+00,0.000000e+00,0.000000e+00,0.000000e+00,0.000000e+00,0.000000e+00,0.000000e+00,0.000000e+00,0.000000e+00,0.000000e+00,0.000000e+00
1.000000e+00,0.000000e+00,0.000000e+00,0.000000e+00,0.000000e+00,0.000000e+00,0.000000e+00,0.000000e+00,0.000000e+00,0.000000e+00,0.000000e+00,0.000000e+00,0.000000e+00,0.000000e+00,0.000000e+00
1.000000e+00,0.000000e+00,0.000000e+00,0.000000e+00,0.000000e+00,0.000000e+00,0.000000e+00,0.000000e+00,0.000000e+00,0.000000e+00,0.000000e+00,0.000000e+00,0.000000e+00,0.000000e+00,0.000000e+00
3.799506e-01,1.125629e-02,7.334497e-03,2.759762e-02,2.526557e-03,4.022671e-02,1.751811e-03,3.548532e-03,1.093786e-01,1.977743e-02,2.799546e-02,1.842412e-02,1.123697e-02,1.195110e-01,2.194838e-01
2.682365e-01,9.883206e-03,5.555741e-03,2.016725e-02,2.143306e-03,5.441798e-02,1.306998e-03,2.694708e-03,1.145883e-01,4.040946e-02,3.129441e-02,1.399411e-02,1.794751e-02,1.224382e-01,2.949224e-01
1.879710e-01,7.480664e-03,4.307109e-03,1.455518e-02,1.670256e-03,3.921762e-02,9.307577e-04,1.909813e-03,9.343605e-02,9.609407e-02,2.401041e-02,1.021369e-02,1.418486e-02,9.186402e-02,4.121546e-01
1.321995e-01,5.490889e-03,4.131698e-03,1.054852e-02,1.880185e-03,2.871114e-02,7.561991e-04,1.493230e-03,7.275867e-02,1.303655e-01,1.960644e-02,7.921562e-03,1.130322e-02,6.883006e-02,5.040032e-01
9.478152e-02,5.491270e-03,1.199181e-02,9.628419e-03,3.240536e-03,2.348441e-02,8.124413e-04,1.877190e-03,7.310896e-02,2.252615e-01,2.117733e-02,6.282762e-03,1.078918e-02,5.429893e-02,4.577738e-01
6.746572e-02,4.808012e-03,3.402501e-02,8.846904e-03,4.607043e-03,2.220633e-02,9.600022e-04,1.876483e-03,5.699174e-02,2.757609e-01,1.874828e-02,5.893596e-03,1.142590e-02,3.961209e-02,4.467720e-01
4.924252e-02,6.182570e-03,2.868570e-02,8.280756e-03,6.523287e-03,2.464661e-02,8.815097e-04,2.289167e-03,4.886474e-02,2.975363e-01,2.220773e-02,8.211821e-03,1.255149e-02,3.240781e-02,4.514880e-01
3.711794e-02,1.346098e-02,4.175982e-02,9.104799e-03,1.152962e-02,2.530773e-02,9.165271e-04,2.707037e-03,6.670563e-02,2.609823e-01,5.541187e-02,1.079030e-02,2.791954e-02,4.255663e-02,3.937294e-01
2.914410e-02,1.974181e-02,3.888341e-02,9.319844e-03,1.375582e-02,2.249097e-02,8.654777e-04,4.919752e-03,7.630099e-02,2.745107e-01,7.933164e-02,1.215181e-02,3.750693e-02,6.374265e-02,3.173341e-01
2.486721e-02,2.058564e-02,3.305778e-02,9.268405e-03,1.769210e-02,1.941415e-02,9.125285e-04,6.633312e-03,7.415529e-02,3.508562e-01,9.198193e-02,1.221019e-02,3.797943e-02,6.447093e-02,2.359150e-01
2.736681e-02,6.053142e-02,3.794502e-02,9.667274e-03,2.669401e-02,1.732347e-02,8.599379e-04,9.053928e-03,8.499300e-02,3.306196e-01,7.867627e-02,1.024288e-02,3.182662e-02,9.542557e-02,1.787742e-01
2.446280e-02,1.422792e-01,3.813741e-02,9.505477e-03,2.850888e-02,1.366543e-02,6.785536e-04,9.221230e-03,1.568178e-01,2.480161e-01,6.039544e-02,7.602033e-03,2.348989e-02,9.229615e-02,1.449237e-01
2.071647e-02,1.121373e-01,7.472467e-02,1.244590e-01,4.283562e-02,1.067239e-02,7.508807e-04,1.703286e-02,1.700706e-01,1.801822e-01,4.361170e-02,5.417580e-03,1.665273e-02,6.679495e-02,1.139410e-01
1.881187e-02,8.185503e-02,1.923743e-01,1.937023e-01,3.820853e-02,8.130023e-03,6.266782e-04,1.402181e-02,1.372271e-01,1.344818e-01,3.228527e-02,3.976442e-03,1.210903e-02,4.782290e-02,8.436678e-02
2.239469e-02,6.326334e-02,2.065608e-01,2.577142e-01,3.522836e-02,6.440336e-03,6.544794e-04,1.501603e-02,1.450835e-01,1.070699e-01,2.995822e-02,3.361072e-03,9.769083e-03,3.462395e-02,6.286208e-02
6.140336e-02,5.441571e-02,2.080403e-01,2.143006e-01,9.397550e-02,2.395291e-02,6.116012e-03,1.475545e-02,1.214272e-01,8.043298e-02,3.084714e-02,2.938204e-03,8.746743e-03,2.955105e-02,4.909693e-02
7.892480e-02,5.474541e-02,1.884401e-01,1.977974e-01,9.407256e-02,2.513209e-02,7.425952e-03,6.906081e-02,1.249101e-01,5.903561e-02,2.900683e-02,2.966360e-03,8.384002e-03,2.267084e-02,3.742713e-02
1.086350e-01,5.597443e-02,1.626055e-01,1.671883e-01,1.148442e-01,3.513275e-02,8.741335e-03,6.454249e-02,1.437304e-01,4.478136e-02,2.670562e-02,3.385392e-03,8.471981e-03,1.766245e-02,3.759879e-02
9.696043e-02,4.248969e-02,1.277299e-01,1.246477e-01,8.335194e-02,2.775262e-02,6.490905e-03,4.666489e-02,2.690269e-01,3.526293e-02,6.328898e-02,3.878968e-03,1.012425e-02,1.602728e-02,4.630259e-02
8.686693e-02,3.576588e-02,1.019456e-01,9.598414e-02,6.041761e-02,2.180266e-02,4.870508e-03,3.303163e-02,3.432329e-01,2.765524e-02,6.142032e-02,4.154638e-03,8.660877e-03,1.988255e-02,9.430848e-02
7.226013e-02,3.676879e-02,7.801974e-02,8.309064e-02,4.478338e-02,1.612127e-02,3.568997e-03,2.356779e-02,4.363095e-01,2.008148e-02,5.408531e-02,6.003121e-03,8.290564e-03,2.070462e-02,9.634465e-02
1.037275e-01,2.961263e-02,6.032650e-02,6.421738e-02,3.325181e-02,1.360297e-02,2.751724e-03,1.694991e-02,4.133772e-01,1.512397e-02,9.715171e-02,1.312841e-02,1.344133e-02,3.974825e-02,8.358866e-02
9.210651e-02,2.554994e-02,4.875064e-02,5.061141e-02,2.427119e-02,1.118069e-02,2.081889e-03,1.214264e-02,4.293277e-01,1.481108e-02,1.079397e-01,1.304935e-02,1.342715e-02,7.400127e-02,8.074871e-02
8.760451e-02,2.115380e-02,4.119729e-02,4.484683e-02,1.883265e-02,1.050217e-02,1.781345e-03,9.195148e-03,3.929448e-01,1.569484e-02,9.506762e-02,1.102441e-02,1.077650e-02,1.656204e-01,7.375764e-02
7.537301e-02,1.876877e-02,3.109275e-02,3.454769e-02,1.428593e-02,9.627227e-03,1.433334e-03,6.766953e-03,3.763802e-01,2.523013e-02,1.242095e-01,1.205657e-02,9.429054e-03,2.023498e-01,5.844899e-02
5.460303e-02,1.583990e-02,2.197695e-02,2.480076e-02,1.038985e-02,1.080135e-02,1.048020e-03,5.010670e-03,5.011238e-01,2.048909e-02,1.106357e-01,1.433022e-02,8.921226e-03,1.565741e-01,4.345536e-02
4.478849e-02,1.602394e-02,1.630527e-02,1.967817e-02,8.588142e-03,1.191001e-02,9.670774e-04,4.798366e-03,4.239753e-01,3.430049e-02,1.581687e-01,1.542951e-02,9.121899e-03,1.985714e-01,3.737322e-02
3.171362e-02,1.406505e-02,1.152609e-02,1.486199e-02,6.835861e-03,1.508795e-02,7.060726e-04,3.644493e-03,4.585147e-01,3.210997e-02,1.795459e-01,1.488753e-02,7.634168e-03,1.805492e-01,2.831739e-02
2.304342e-02,1.443030e-02,8.355163e-03,1.153462e-02,5.767026e-03,2.256302e-02,5.358230e-04,3.020850e-03,4.614920e-01,2.614970e-02,1.815360e-01,1.722611e-02,6.916260e-03,1.931008e-01,2.432896e-02
2.048331e-02,1.716072e-02,6.509664e-03,1.014896e-02,5.815978e-03,4.841626e-02,4.588463e-04,2.855338e-03,4.609427e-01,2.449091e-02,1.659893e-01,1.563172e-02,7.290607e-03,1.929747e-01,2.083091e-02
1.636075e-02,2.204197e-02,5.068054e-03,7.296519e-03,4.613549e-03,3.980500e-02,3.496303e-04,2.056347e-03,4.234128e-01,1.964337e-02,1.593616e-01,1.270149e-02,5.480721e-03,2.629003e-01,1.890787e-02
2.218034e-02,2.688095e-02,5.565733e-03,5.774280e-03,3.942578e-03,3.119355e-02,3.502657e-04,1.664449e-03,4.498725e-01,1.509374e-02,1.260595e-01,9.716864e-03,4.273456e-03,2.818608e-01,1.557097e-02
1.641035e-02,4.174884e-02,6.238190e-03,4.405346e-03,4.352402e-03,2.978629e-02,2.700454e-04,2.192280e-03,4.695097e-01,1.179468e-02,9.603275e-02,8.081219e-03,3.411229e-03,2.861442e-01,1.962248e-02
1.193759e-02,3.182421e-02,4.506234e-03,3.122932e-03,3.361321e-03,2.105638e-02,1.911825e-04,1.573915e-03,5.136510e-01,8.341449e-03,6.840445e-02,6.264332e-03,2.503342e-03,3.086805e-01,1.458104e-02
9.319513e-03,3.742003e-02,4.613443e-03,2.256503e-03,3.277324e-03,1.522229e-02,1.418212e-04,1.351047e-03,4.929624e-01,5.991447e-03,5.047194e-02,4.859469e-03,1.890790e-03,3.588040e-01,1.141790e-02
1.631694e-02,5.329784e-02,4.394203e-02,5.123646e-03,6.506605e-03,2.177565e-02,2.739773e-04,4.732445e-03,4.853885e-01,4.469865e-03,3.899525e-02,3.656194e-03,2.144811e-03,3.033647e-01,1.001152e-02
1.635966e-02,4.706751e-02,3.881042e-02,4.030080e-03,7.177375e-03,2.188483e-02,2.097949e-04,3.812806e-03,4.094577e-01,3.323011e-03,3.233615e-02,2.724139e-03,1.664082e-03,4.013113e-01,9.831078e-03
1.535475e-02,8.814667e-02,3.330911e-02,3.097988e-03,8.409712e-03,1.689986e-02,1.568722e-04,3.429754e-03,3.297948e-01,2.481266e-03,3.149521e-02,2.230819e-03,1.265899e-03,4.524240e-01,1.150328e-02
1.556881e-02,8.365757e-02,2.614139e-02,2.533434e-03,1.356739e-02,1.260164e-02,1.190046e-04,3.106591e-03,3.096551e-01,1.949535e-03,2.533567e-02,1.757675e-03,1.027232e-03,4.932176e-01,9.761258e-03
1.787878e-02,7.509691e-02,2.393636e-02,3.268888e-03,1.521171e-02,9.912197e-03,1.165394e-04,6.099721e-03,3.110136e-01,1.835349e-03,2.109075e-02,1.379737e-03,8.761085e-04,5.030612e-01,9.222244e-03
2.938680e-02,5.784089e-02,1.828657e-02,4.802355e-03,2.495683e-02,7.629926e-03,1.071718e-04,1.283213e-02,3.728765e-01,1.585939e-03,1.938089e-02,1.021241e-03,6.545968e-04,4.412191e-01,7.418995e-03
3.859957e-02,4.334152e-02,1.352710e-02,4.765938e-03,2.082857e-02,6.295960e-03,9.810818e-05,1.037205e-02,4.453547e-01,1.804954e-03,1.708068e-02,8.989475e-04,5.609620e-04,3.871771e-01,9.293940e-03
4.112786e-02,3.450900e-02,1.231479e-02,4.349537e-03,1.914119e-02,5.854157e-03,1.408882e-04,1.463283e-02,4.744897e-01,1.993544e-03,1.723022e-02,1.174199e-03,5.732824e-04,3.635404e-01,8.928465e-03
4.330535e-02,2.695014e-02,1.032446e-02,3.323568e-03,1.775443e-02,4.781125e-03,1.876251e-04,2.129332e-02,5.346082e-01,2.043178e-03,1.399474e-02,1.064268e-03,4.606533e-04,3.126188e-01,7.290240e-03
5.085450e-02,2.850963e-02,8.316881e-03,4.195592e-03,2.988093e-02,5.185414e-03,2.925852e-04,3.013162e-02,5.733839e-01,2.493216e-03,1.207701e-02,1.589810e-03,5.759809e-04,2.456533e-01,6.859699e-03
5.862293e-02,2.320339e-02,6.251618e-03,3.952881e-03,3.924187e-02,4.061357e-03,2.424352e-04,2.418137e-02,6.398125e-01,3.608165e-03,9.121384e-03,1.211772e-03,4.843350e-04,1.806339e-01,5.370192e-03
7.885017e-02,1.902778e-02,6.607805e-03,5.193185e-03,4.544869e-02,4.557887e-03,3.227296e-04,2.030014e-02,6.636118e-01,4.493945e-03,7.506020e-03,1.251830e-03,6.721461e-04,1.365710e-01,5.584915e-03
7.891065e-02,1.559903e-02,5.082493e-03,4.534968e-03,3.651156e-02,4.125766e-03,3.008221e-04,1.543586e-02,7.160635e-01,5.571876e-03,6.633827e-03,1.333881e-03,6.939190e-04,1.017300e-01,7.471959e-03
8.894850e-02,1.331914e-02,4.169959e-03,5.340138e-03,3.194186e-02,4.724015e-03,3.629131e-04,1.166764e-02,7.458972e-01,4.759824e-03,5.628968e-03,1.598393e-03,7.427949e-04,7.477359e-02,6.125096e-03
1.003825e-01,1.127255e-02,3.431519e-03,4.995064e-03,2.652441e-02,5.076076e-03,4.447442e-04,8.729135e-03,7.617590e-01,4.371666e-03,5.322616e-03,1.832043e-03,8.479173e-04,5.959068e-02,5.420133e-03
9.602731e-02,6.896481e-02,4.060963e-03,1.000494e-01,2.106504e-02,5.605229e-03,5.420244e-04,8.382631e-03,5.619582e-01,6.359806e-03,9.600131e-03,8.139987e-03,1.160515e-02,4.520793e-02,5.243145e-02
7.607330e-02,7.045706e-02,6.783758e-03,1.458588e-01,1.797802e-02,6.821263e-03,5.256491e-04,6.968580e-03,4.151755e-01,1.734821e-02,6.289735e-02,2.339680e-02,4.442558e-02,3.864194e-02,6.664822e-02
6.090026e-02,7.038573e-02,2.809012e-02,1.726237e-01,1.615706e-02,7.070644e-03,7.084368e-04,6.622164e-03,3.282591e-01,2.283081e-02,9.855222e-02,2.117931e-02,5.256238e-02,3.762153e-02,7.643656e-02
6.772842e-02,7.503893e-02,2.365702e-02,1.528358e-01,1.216661e-02,7.334482e-03,8.266058e-04,6.791030e-03,2.622222e-01,2.909434e-02,1.238713e-01,3.795132e-02,6.155849e-02,6.791161e-02,7.101191e-02
1.644684e-01,6.020473e-02,1.929827e-02,1.238490e-01,1.101099e-02,7.343262e-03,8.793920e-04,7.257276e-03,2.057939e-01,2.705955e-02,1.272590e-01,4.011600e-02,6.130364e-02,8.904901e-02,5.510760e-02
1.966087e-01,5.297456e-02,1.894734e-02,1.005256e-01,4.572830e-02,8.743539e-03,1.332273e-03,1.093688e-02,1.544368e-01,2.955280e-02,1.325931e-01,3.468656e-02,6.512990e-02,9.828258e-02,4.952110e-02
1.765356e-01,4.462855e-02,1.786899e-02,8.151429e-02,6.675777e-02,8.432664e-03,1.959208e-03,1.344083e-02,1.167929e-01,4.190788e-02,1.355946e-01,3.393491e-02,8.314551e-02,9.830199e-02,7.918430e-02
2.451850e-01,3.643101e-02,1.586023e-02,5.886498e-02,4.963415e-02,9.264629e-03,2.947254e-03,1.202157e-02,9.202976e-02,3.502133e-02,1.078443e-01,3.404796e-02,8.181470e-02,1.522516e-01,6.678162e-02
2.659364e-01,3.216471e-02,2.661378e-02,4.481012e-02,9.049876e-02,1.015508e-02,5.310753e-03,1.384053e-02,9.221047e-02,3.055442e-02,8.917240e-02,2.974060e-02,8.766568e-02,1.218877e-01,5.943862e-02
2.896773e-01,2.738663e-02,2.562560e-02,3.617444e-02,8.214487e-02,1.106901e-02,6.380599e-03,1.921608e-02,9.167555e-02,3.334989e-02,7.968209e-02,2.617331e-02,8.505809e-02,1.114362e-01,7.495034e-02
3.690594e-01,2.750769e-02,2.227811e-02,2.995534e-02,6.301010e-02,1.239089e-02,6.438895e-03,2.567782e-02,8.304804e-02,3.545847e-02,6.420037e-02,2.519835e-02,6.451125e-02,9.346977e-02,7.779549e-02
4.104084e-01,2.659221e-02,1.765732e-02,2.785983e-02,5.096457e-02,1.217609e-02,5.021425e-03,2.029663e-02,8.288614e-02,3.171945e-02,4.990971e-02,2.361698e-02,5.266112e-02,7.311924e-02,1.151109e-01
4.351193e-01,2.579335e-02,1.495939e-02,3.004476e-02,4.308121e-02,1.773274e-02,6.688881e-03,2.104197e-02,6.653344e-02,2.777689e-02,5.270088e-02,4.127346e-02,6.008704e-02,5.726051e-02,9.990619e-02
4.899614e-01,2.143281e-02,1.194789e-02,2.668593e-02,3.778235e-02,1.891939e-02,6.922503e-03,1.889437e-02,5.370024e-02,2.282630e-02,4.615198e-02,4.935277e-02,6.531220e-02,4.461886e-02,8.549095e-02
1.000000e+00,0.000000e+00,0.000000e+00,0.000000e+00,0.000000e+00,0.000000e+00,0.000000e+00,0.000000e+00,0.000000e+00,0.000000e+00,0.000000e+00,0.000000e+00,0.000000e+00,0.000000e+00,0.000000e+00
4.263002e-01,3.222611e-02,1.838588e-02,1.476932e-01,5.073077e-02,1.809914e-02,5.966918e-03,2.008636e-02,4.530888e-02,1.417448e-02,3.380113e-02,4.406869e-02,5.314301e-02,2.395030e-02,6.606497e-02
4.587568e-01,3.073200e-02,1.659692e-02,1.352381e-01,4.691062e-02,2.231209e-02,5.068673e-03,1.845377e-02,3.665937e-02,1.141214e-02,2.985293e-02,4.740555e-02,5.282817e-02,1.863044e-02,6.914249e-02
1.000000e+00,0.000000e+00,0.000000e+00,0.000000e+00,0.000000e+00,0.000000e+00,0.000000e+00,0.000000e+00,0.000000e+00,0.000000e+00,0.000000e+00,0.000000e+00,0.000000e+00,0.000000e+00,0.000000e+00
4.996506e-01,2.855063e-02,1.855232e-02,8.295096e-02,3.985819e-02,2.109710e-02,6.875473e-03,2.122561e-02,3.268729e-02,1.599853e-02,4.474923e-02,4.227832e-02,6.476658e-02,1.648894e-02,6.427030e-02
4.995388e-01,2.949153e-02,2.028690e-02,6.274637e-02,3.660389e-02,2.178789e-02,8.884940e-03,3.113614e-02,3.054834e-02,1.460098e-02,4.104947e-02,4.045594e-02,8.088111e-02,1.357195e-02,6.841584e-02
1.000000e+00,0.000000e+00,0.000000e+00,0.000000e+00,0.000000e+00,0.000000e+00,0.000000e+00,0.000000e+00,0.000000e+00,0.000000e+00,0.000000e+00,0.000000e+00,0.000000e+00,0.000000e+00,0.000000e+00
1.000000e+00,0.000000e+00,0.000000e+00,0.000000e+00,0.000000e+00,0.000000e+00,0.000000e+00,0.000000e+00,0.000000e+00,0.000000e+00,0.000000e+00,0.000000e+00,0.000000e+00,0.000000e+00,0.000000e+00
1.000000e+00,0.000000e+00,0.000000e+00,0.000000e+00,0.000000e+00,0.000000e+00,0.000000e+00,0.000000e+00,0.000000e+00,0.000000e+00,0.000000e+00,0.000000e+00,0.000000e+00,0.000000e+00,0.000000e+00
3.997964e-01,1.853898e-02,2.026714e-02,2.788240e-02,1.800347e-02,3.480193e-02,1.734605e-02,2.838557e-01,3.696077e-02,6.446053e-03,1.463219e-02,2.411457e-02,6.461907e-02,4.768271e-03,2.796708e-02
3.085039e-01,1.718370e-02,1.729155e-02,2.160485e-02,1.595012e-02,3.101884e-02,1.558664e-02,4.024897e-01,4.324447e-02,4.922942e-03,1.056921e-02,1.783530e-02,6.867750e-02,3.517546e-03,2.160380e-02
2.331432e-01,2.166366e-02,1.551028e-02,1.718090e-02,1.653887e-02,2.819110e-02,1.319961e-02,4.399517e-01,5.988850e-02,3.962770e-03,8.591411e-03,1.380937e-02,1.077422e-01,2.734261e-03,1.789229e-02
1.712238e-01,1.720007e-02,1.203220e-02,1.277211e-02,1.558012e-02,2.095321e-02,1.009895e-02,5.724285e-01,4.896974e-02,3.100478e-03,6.462598e-03,1.021821e-02,8.363210e-02,2.051302e-03,1.327674e-02
1.301359e-01,1.536548e-02,9.065558e-03,9.818168e-03,1.519012e-02,1.648900e-02,9.633366e-03,6.587020e-01,4.392315e-02,2.465308e-03,4.659758e-03,7.676537e-03,6.521491e-02,1.636460e-03,1.002434e-02
1.069538e-01,1.719687e-02,8.461396e-03,8.831285e-03,2.304011e-02,1.426283e-02,8.499647e-03,6.885230e-01,4.827933e-02,2.356314e-03,3.503011e-03,6.095448e-03,5.400188e-02,1.447481e-03,8.547710e-03
8.353280e-02,1.657222e-02,8.079752e-03,8.089252e-03,2.548347e-02,1.184858e-02,7.933586e-03,7.365954e-01,4.038973e-02,2.157931e-03,2.641537e-03,4.758166e-03,4.307885e-02,1.264331e-03,7.574431e-03
7.036610e-02,1.724382e-02,1.022809e-02,7.572545e-03,3.123722e-02,1.127465e-02,9.961108e-03,7.518703e-01,3.654571e-02,2.954127e-03,2.131197e-03,3.752192e-03,3.632634e-02,1.231606e-03,7.305017e-03
8.201465e-02,2.578885e-02,1.490294e-02,9.140950e-03,4.307790e-02,1.546174e-02,1.509327e-02,6.979166e-01,4.767585e-02,3.716799e-03,1.932250e-03,3.471854e-03,3.064885e-02,1.252134e-03,7.905349e-03
1.071175e-01,2.560507e-02,2.145002e-02,1.227260e-02,4.021952e-02,2.529784e-02,1.355730e-02,6.575780e-01,4.813428e-02,4.466661e-03,2.515811e-03,5.403803e-03,2.586189e-02,1.440261e-03,9.079521e-03
1.486110e-01,2.131667e-02,2.235982e-02,1.337239e-02,4.237242e-02,2.480872e-02,1.130516e-02,6.231362e-01,4.214959e-02,4.732136e-03,2.970607e-03,8.158147e-03,1.985718e-02,1.278710e-03,1.357132e-02
1.854185e-01,1.892403e-02,2.654585e-02,1.945881e-02,4.358862e-02,3.033176e-02,1.016236e-02,5.690957e-01,3.888831e-02,5.201996e-03,3.339443e-03,1.073535e-02,1.697491e-02,1.101686e-03,2.023266e-02
1.343151e-01,1.464133e-02,2.112074e-02,1.774024e-02,3.176516e-02,1.198139e-01,7.235967e-03,3.997934e-01,2.884569e-02,5.188187e-03,9.181346e-02,9.237888e-02,1.735497e-02,1.791625e-03,1.620148e-02
9.635493e-02,1.076626e-02,1.641849e-02,1.527552e-02,2.251208e-02,1.250902e-01,5.136194e-03,2.814487e-01,2.114668e-02,4.447287e-03,9.850264e-02,2.744032e-01,1.418556e-02,1.871731e-03,1.244055e-02
7.253680e-02,8.631046e-03,1.399266e-02,1.429133e-02,1.588156e-02,1.287940e-01,3.896296e-03,1.977590e-01,1.534457e-02,3.919387e-03,1.007004e-01,4.019057e-01,1.078022e-02,1.605408e-03,9.961629e-03
5.212796e-02,6.751929e-03,1.226694e-02,1.341717e-02,1.134917e-02,9.516618e-02,2.817099e-03,1.388457e-01,1.117670e-02,3.242990e-03,1.169584e-01,5.191720e-01,7.846428e-03,1.282698e-03,7.578763e-03
3.715741e-02,5.047766e-03,9.202352e-03,1.044005e-02,8.170745e-03,7.041834e-02,2.021716e-03,9.752771e-02,8.047836e-03,2.429499e-03,1.330315e-01,6.041381e-01,5.696683e-03,1.061536e-03,5.608778e-03
2.648948e-02,4.145031e-03,6.717412e-03,7.412696e-03,7.095467e-03,4.989139e-02,1.426806e-03,6.834489e-02,5.864299e-03,1.838529e-03,2.622848e-01,5.491421e-01,4.107523e-03,1.167977e-03,4.071629e-03
2.141031e-02,3.752554e-03,5.355244e-03,5.557877e-03,6.949118e-03,3.569831e-02,1.034141e-03,4.817007e-02,4.427135e-03,2.185744e-03,3.656822e-01,4.920915e-01,2.958928e-03,1.568213e-03,3.158616e-03
1.994550e-02,3.985741e-03,4.615610e-03,4.843255e-03,8.390333e-03,2.603636e-02,8.198569e-04,3.417576e-02,4.145995e-03,2.272173e-03,2.895727e-01,5.916119e-01,2.188900e-03,4.856430e-03,2.539496e-03
1.466691e-02,3.090321e-03,3.415953e-03,3.737356e-03,1.100280e-02,1.849459e-02,6.630603e-04,2.400937e-02,3.925073e-03,2.197788e-03,2.401942e-01,6.540915e-01,1.694532e-03,1.689595e-02,1.920541e-03
1.394727e-02,2.585606e-03,2.514119e-03,3.229717e-03,2.179617e-02,1.380064e-02,7.106881e-04,1.706342e-02,4.404953e-03,2.435676e-03,2.271538e-01,6.504739e-01,1.589360e-03,3.680717e-02,1.487572e-03
1.447125e-02,2.987880e-03,2.095810e-03,3.114381e-03,2.388196e-02,1.123640e-02,1.412289e-03,1.264511e-02,6.421569e-03,3.459102e-03,2.917662e-01,5.821494e-01,1.566899e-03,4.159423e-02,1.197565e-03
1.713357e-02,3.353517e-03,2.869038e-03,4.512572e-03,2.110353e-02,1.699154e-02,3.608835e-03,1.041927e-02,6.778697e-03,4.313637e-03,3.930618e-01,4.701855e-01,1.633910e-03,4.291938e-02,1.115203e-03
1.318449e-02,5.660919e-03,2.480030e-03,5.275866e-03,2.613622e-02,1.395465e-02,2.850126e-03,8.416326e-03,9.355264e-03,4.848014e-03,4.908661e-01,3.688310e-01,2.010715e-03,4.380403e-02,2.326246e-03
2.259429e-02,4.006203e-02,6.007339e-03,6.769010e-03,8.534010e-02,1.477780e-02,2.925821e-03,9.554056e-03,2.693632e-02,9.764137e-03,4.407003e-01,2.673137e-01,2.648330e-03,5.515913e-02,9.447616e-03
4.900554e-02,3.372137e-02,3.134714e-02,8.861376e-03,1.839021e-01,2.040091e-02,3.647871e-03,3.671123e-02,2.666198e-02,1.079857e-02,3.364793e-01,1.933684e-01,2.949610e-03,5.373373e-02,8.410852e-03
6.162557e-02,3.569122e-02,3.331444e-02,1.214697e-02,1.589044e-01,2.254125e-02,4.807386e-03,5.146017e-02,3.093017e-02,2.621779e-02,3.349277e-01,1.553058e-01,4.098780e-03,5.833364e-02,9.694672e-03
7.177757e-02,3.351165e-02,3.244483e-02,1.205197e-02,1.974966e-01,3.570680e-02,5.478827e-03,4.549693e-02,3.083516e-02,3.011790e-02,3.245464e-01,1.158484e-01,3.736154e-03,5.140228e-02,9.548560e-03
7.530865e-02,3.990604e-02,3.671608e-02,1.160975e-02,2.689108e-01,3.924257e-02,5.156327e-03,3.770807e-02,4.291959e-02,2.858549e-02,2.756432e-01,8.450574e-02,3.115116e-03,4.184550e-02,8.827085e-03
7.005358e-02,4.605514e-02,6.175430e-02,1.200189e-02,3.120106e-01,4.514664e-02,1.240209e-02,5.063033e-02,5.742560e-02,2.326622e-02,2.016246e-01,6.495409e-02,3.606488e-03,3.189605e-02,7.172369e-03
6.272320e-02,3.966662e-02,6.382203e-02,1.383218e-02,3.529519e-01,5.417521e-02,1.297305e-02,9.706012e-02,5.106540e-02,1.939191e-02,1.470566e-01,5.188565e-02,3.644089e-03,2.395416e-02,5.797905e-03
6.570020e-02,3.160207e-02,6.449610e-02,1.167713e-02,4.577869e-01,4.360388e-02,1.064246e-02,7.835804e-02,4.246778e-02,1.819838e-02,1.093507e-01,3.939994e-02,3.327060e-03,1.859186e-02,4.797407e-03
8.574352e-02,3.917585e-02,6.507228e-02,1.103508e-02,4.248266e-01,4.590884e-02,8.501890e-03,6.455114e-02,5.604137e-02,2.580611e-02,1.141128e-01,3.505917e-02,3.131259e-03,1.690962e-02,4.124440e-03
1.113862e-01,3.578718e-02,6.259666e-02,1.723126e-02,4.365811e-01,4.106306e-02,6.343926e-03,5.073427e-02,5.770070e-02,3.143352e-02,9.298415e-02,3.140523e-02,3.600141e-03,1.710289e-02,4.049711e-03
1.246589e-01,2.893936e-02,5.502010e-02,2.837769e-02,4.743780e-01,3.516781e-02,5.188451e-03,4.883527e-02,5.003281e-02,3.341367e-02,6.835423e-02,2.727679e-02,3.365623e-03,1.316460e-02,3.826721e-03
1.388561e-01,2.180963e-02,4.286114e-02,2.874020e-02,5.177522e-01,2.895665e-02,4.314684e-03,3.852765e-02,5.365691e-02,2.831113e-02,5.244977e-02,2.641851e-02,2.993671e-03,1.054077e-02,3.810987e-03
2.256617e-01,1.811914e-02,3.422791e-02,2.407154e-02,4.594896e-01,2.402988e-02,3.872534e-03,3.011226e-02,5.920823e-02,2.528056e-02,5.016071e-02,2.701727e-02,3.218039e-03,1.026735e-02,5.263180e-03
2.190206e-01,2.684883e-02,3.187736e-02,9.978902e-02,3.296027e-01,3.381842e-02,3.388668e-03,2.598546e-02,5.286780e-02,2.230194e-02,8.026780e-02,4.735368e-02,5.240084e-03,1.010154e-02,1.153613e-02
3.266206e-01,2.334896e-02,2.612634e-02,7.455309e-02,2.397998e-01,4.173395e-02,3.238628e-03,2.179579e-02,4.297912e-02,2.188162e-02,8.880848e-02,4.311688e-02,9.877488e-03,1.956041e-02,1.655879e-02
3.263189e-01,2.285960e-02,2.179837e-02,5.467893e-02,1.687340e-01,3.700088e-02,2.553926e-03,1.587336e-02,3.269137e-02,4.010527e-02,1.438855e-01,5.049832e-02,2.402844e-02,4.408416e-02,1.488890e-02
3.152727e-01,1.898341e-02,2.055570e-02,4.252530e-02,1.199768e-01,3.064828e-02,2.247683e-03,1.190901e-02,3.293623e-02,4.910833e-02,1.982624e-01,7.797561e-02,1.943872e-02,4.426659e-02,1.589324e-02
2.708623e-01,2.705466e-02,2.139030e-02,3.072317e-02,8.461592e-02,2.326363e-02,1.937586e-03,1.016857e-02,2.882274e-02,4.564743e-02,2.436759e-01,6.995950e-02,1.926507e-02,1.077568e-01,1.485637e-02
2.355665e-01,3.392237e-02,3.463075e-02,2.283305e-02,6.003239e-02,1.915519e-02,1.847514e-03,1.062886e-02,2.441583e-02,5.720671e-02,2.416821e-01,7.108463e-02,2.414297e-02,1.450261e-01,1.782503e-02
2.096764e-01,3.321412e-02,3.194071e-02,1.636128e-02,4.267744e-02,1.553985e-02,1.498360e-03,1.079561e-02,3.242827e-02,5.530137e-02,2.130119e-01,5.469918e-02,1.929392e-02,2.488240e-01,1.473763e-02
1.821483e-01,4.797114e-02,4.756592e-02,1.264086e-02,3.173220e-02,1.713033e-02,1.390902e-03,9.793038e-03,4.551231e-02,4.355343e-02,1.976552e-01,4.587007e-02,1.646416e-02,2.855571e-01,1.501505e-02
1.609794e-01,5.743496e-02,5.523897e-02,1.070640e-02,2.454571e-02,2.610525e-02,1.541856e-03,1.008275e-02,5.282887e-02,4.720918e-02,1.682321e-01,3.907427e-02,1.449714e-02,3.189386e-01,1.258460e-02
1.776398e-01,4.685305e-02,7.811567e-02,2.590206e-02,2.569075e-02,3.753931e-02,5.107484e-03,7.579967e-02,4.961076e-02,3.871040e-02,1.348598e-01,3.501520e-02,1.427801e-02,2.446509e-01,1.022708e-02
1.974963e-01,5.479949e-02,8.351762e-02,4.339946e-02,2.704418e-02,3.605472e-02,4.337620e-03,6.277575e-02,5.866049e-02,3.853490e-02,1.121480e-01,3.715241e-02,1.647915e-02,2.164519e-01,1.114804e-02
2.001822e-01,4.585652e-02,8.468484e-02,3.854783e-02,2.562689e-02,3.313990e-02,3.290649e-03,4.574373e-02,7.440686e-02,5.168580e-02,9.574236e-02,3.583936e-02,2.222143e-02,1.637484e-01,7.928336e-02
1.900667e-01,5.161278e-02,8.369449e-02,3.024380e-02,2.913915e-02,2.733054e-02,2.648770e-03,3.637615e-02,1.013796e-01,5.372354e-02,8.045319e-02,2.708595e-02,2.244375e-02,1.891128e-01,7.468884e-02
2.259768e-01,4.650739e-02,7.148380e-02,2.451231e-02,2.667483e-02,3.165324e-02,2.333893e-03,3.461350e-02,9.524427e-02,4.976735e-02,6.231052e-02,2.034632e-02,1.765460e-02,2.249574e-01,6.596380e-02
2.667400e-01,6.304693e-02,6.056825e-02,2.026265e-02,2.996048e-02,2.629211e-02,2.053149e-03,3.908038e-02,9.644905e-02,4.454628e-02,4.590196e-02,1.524103e-02,1.323731e-02,2.138968e-01,6.272370e-02
2.075611e-01,1.527307e-01,4.868969e-02,6.539617e-02,2.941865e-02,2.008308e-02,2.244698e-03,2.963945e-02,8.455098e-02,4.618943e-02,3.450162e-02,1.164638e-02,1.003024e-02,1.578523e-01,9.946556e-02
2.448042e-01,1.313440e-01,6.090701e-02,6.155105e-02,3.530201e-02,2.171563e-02,2.528814e-03,2.667972e-02,7.986800e-02,4.044690e-02,3.482020e-02,1.330755e-02,9.395736e-03,1.344879e-01,1.028413e-01
1.959431e-01,1.047636e-01,5.462412e-02,6.314375e-02,2.665813e-02,1.781199e-02,1.912264e-03,1.924027e-02,7.542995e-02,4.106516e-02,3.075591e-02,1.321571e-02,9.788578e-03,1.010634e-01,2.445840e-01
1.381797e-01,8.913732e-02,5.688462e-02,1.840296e-01,1.934746e-02,1.362441e-02,1.366065e-03,1.400986e-02,1.093291e-01,3.759149e-02,4.958593e-02,1.046232e-02,8.893931e-03,7.145942e-02,1.960989e-01
9.761551e-02,7.122216e-02,6.098604e-02,1.918469e-01,1.415185e-02,1.045496e-02,1.054563e-03,1.187829e-02,1.135546e-01,3.696924e-02,1.495493e-01,1.804692e-02,1.315381e-02,5.574384e-02,1.537720e-01
6.891649e-02,5.218997e-02,4.596275e-02,1.439413e-01,1.098176e-02,8.963030e-03,8.013473e-04,8.791601e-03,9.333533e-02,2.806415e-02,2.665667e-01,2.061746e-02,5.733724e-02,8.322613e-02,1.103048e-01
5.094701e-02,3.755687e-02,3.250657e-02,1.073690e-01,9.763305e-03,6.796230e-03,6.610983e-04,6.449667e-03,7.512154e-02,2.320633e-02,3.587825e-01,2.248063e-02,5.160496e-02,1.326776e-01,8.407659e-02
3.918024e-02,2.727825e-02,2.329402e-02,9.230781e-02,9.977078e-03,7.906188e-03,6.398316e-04,4.936696e-03,6.465377e-02,3.002095e-02,4.062411e-01,1.877929e-02,4.036683e-02,1.719160e-01,6.250197e-02
3.087865e-02,2.033653e-02,1.749580e-02,7.184272e-02,1.020512e-02,1.170845e-02,5.520397e-04,3.957710e-03,5.458588e-02,2.931279e-02,4.413992e-01,1.784327e-02,3.116705e-02,2.120156e-01,4.669910e-02
2.195284e-02,1.518815e-02,1.462932e-02,5.079348e-02,9.474451e-03,8.785315e-03,4.083892e-04,2.870550e-03,8.039123e-02,2.335143e-02,4.614029e-01,2.178489e-02,2.398828e-02,2.307426e-01,3.423621e-02
1.573993e-02,1.108200e-02,1.330501e-02,3.579089e-02,8.082742e-03,7.211682e-03,3.013643e-04,2.071019e-03,8.300522e-02,1.920364e-02,4.026581e-01,1.870975e-02,1.838818e-02,3.397982e-01,2.465221e-02
1.124818e-02,7.880566e-03,9.516206e-03,2.511737e-02,5.784034e-03,5.826992e-03,2.170151e-04,1.489870e-03,6.048739e-02,1.953975e-02,4.259737e-01,1.379883e-02,1.339064e-02,3.821142e-01,1.761513e-02
7.994350e-03,5.624817e-03,7.067715e-03,1.766374e-02,4.114001e-03,4.697209e-03,1.560738e-04,1.057512e-03,4.456323e-02,1.562315e-02,3.759208e-01,1.139246e-02,9.689672e-03,4.818991e-01,1.253610e-02
5.724211e-03,4.092320e-03,6.791916e-03,1.243770e-02,2.989090e-03,5.555153e-03,1.152642e-04,8.307702e-04,3.793447e-02,1.300020e-02,3.428698e-01,9.029142e-03,7.272677e-03,5.424518e-01,8.905426e-03
4.068612e-03,2.935918e-03,4.961115e-03,8.735498e-03,2.167141e-03,4.638704e-03,8.746508e-05,6.025466e-04,2.944843e-02,1.106781e-02,3.409897e-01,7.649723e-03,5.288526e-03,5.710523e-01,6.306512e-03
2.917823e-03,2.986938e-03,6.263725e-03,6.240964e-03,2.176790e-03,4.201977e-03,7.097591e-05,5.228283e-04,3.916644e-02,1.018571e-02,3.248954e-01,7.391763e-03,3.803335e-03,5.845687e-01,4.606507e-03
2.295298e-03,2.376338e-03,7.170211e-02,6.500857e-03,2.804924e-03,7.650188e-03,1.205889e-04,6.418189e-03,1.130234e-01,9.438192e-03,2.593164e-01,5.589353e-03,2.762021e-03,5.065907e-01,3.411431e-03
2.328293e-03,2.129336e-03,1.861152e-01,9.021590e-03,3.401652e-03,9.405002e-03,1.543223e-04,7.492034e-03,1.555518e-01,1.219667e-02,2.047293e-01,4.043094e-03,2.117052e-03,3.984823e-01,2.832445e-03
3.016620e-03,2.533233e-03,1.941028e-01,8.421412e-03,3.411463e-03,1.680268e-02,1.647097e-04,7.565926e-03,1.924035e-01,1.606713e-02,1.740051e-01,2.933895e-03,1.822292e-03,3.742016e-01,2.547706e-03
2.861235e-03,2.428587e-03,1.560633e-01,7.297280e-03,3.157972e-03,1.736442e-02,1.312406e-04,5.551858e-03,2.191359e-01,2.081569e-02,1.411805e-01,2.103926e-03,1.409962e-03,4.168389e-01,3.659169e-03
5.021270e-03,2.902416e-03,1.528367e-01,6.112874e-03,3.466096e-03,1.505006e-02,1.338504e-04,4.339897e-03,1.913936e-01,2.561270e-02,1.197751e-01,1.564303e-03,1.124911e-03,4.673757e-01,3.290508e-03
6.018931e-03,2.704386e-03,1.114993e-01,5.543592e-03,3.492622e-03,1.237111e-02,1.179205e-04,3.237473e-03,2.173105e-01,2.403450e-02,1.054287e-01,1.356728e-03,8.969324e-04,5.025316e-01,3.455722e-03
7.384696e-03,2.418653e-03,8.634403e-02,4.920321e-03,3.448312e-03,1.011295e-02,9.765966e-05,2.797326e-03,2.376792e-01,2.150908e-02,8.433209e-02,1.273522e-03,7.262406e-04,5.337521e-01,3.203766e-03
8.113563e-03,2.169378e-03,6.288531e-02,5.460815e-03,3.118854e-03,8.067435e-03,8.456681e-05,2.342909e-03,2.491117e-01,1.988644e-02,8.208395e-02,1.409331e-03,6.414168e-04,5.516949e-01,2.929415e-03
1.602957e-02,4.227353e-03,7.594299e-02,3.593988e-02,6.660191e-03,1.200525e-02,1.809137e-04,3.812007e-03,2.590418e-01,5.619480e-02,7.491212e-02,2.158673e-03,1.232706e-03,4.457032e-01,5.958558e-03
2.136163e-02,4.819862e-03,6.886864e-02,3.295100e-02,5.997804e-03,1.079429e-02,1.661573e-04,3.700667e-03,3.120242e-01,6.215958e-02,6.693974e-02,2.435375e-03,1.154091e-03,3.929640e-01,1.366288e-02
2.739874e-02,1.679408e-02,5.660983e-02,2.559205e-02,6.036928e-03,1.396581e-02,1.566712e-04,3.300648e-03,3.995216e-01,5.693416e-02,5.595236e-02,2.018282e-03,9.351117e-04,3.232619e-01,1.152176e-02
2.707953e-02,1.763827e-02,4.447798e-02,1.954972e-02,5.205255e-03,1.858036e-02,1.416487e-04,3.541974e-03,4.889452e-01,4.435793e-02,4.453026e-02,1.618853e-03,8.480663e-04,2.740915e-01,9.393340e-03
2.745959e-02,1.805014e-02,3.700515e-02,1.465664e-02,4.474980e-03,3.593770e-02,1.368132e-04,4.834314e-03,5.006494e-01,3.383183e-02,3.796224e-02,1.261707e-03,7.262722e-04,2.753992e-01,7.613973e-03
2.714443e-02,1.764103e-02,3.278882e-02,2.071539e-02,6.607592e-03,3.612813e-02,1.342593e-04,7.550945e-03,5.354920e-01,2.691193e-02,3.413551e-02,1.466483e-03,9.896596e-04,2.275262e-01,2.476758e-02
2.523801e-02,1.473289e-02,2.551327e-02,1.557938e-02,8.132057e-03,2.871729e-02,1.212587e-04,1.313363e-02,6.255924e-01,1.986960e-02,2.671492e-02,1.181240e-03,9.364591e-04,1.752365e-01,1.930107e-02
2.197062e-02,1.654135e-02,1.987582e-02,1.142418e-02,9.252825e-03,3.346656e-02,1.200376e-04,1.576986e-02,6.832770e-01,1.487808e-02,2.104115e-02,1.054723e-03,1.068403e-03,1.353919e-01,1.486754e-02
2.254435e-02,1.411320e-02,1.606352e-02,8.500521e-03,8.633415e-03,3.118780e-02,1.195206e-04,3.912867e-02,6.961027e-01,1.152003e-02,2.107105e-02,9.248537e-04,9.428654e-04,1.177559e-01,1.139162e-02
2.187922e-02,1.109668e-02,1.640503e-02,6.690369e-03,8.525626e-03,2.805438e-02,1.363289e-04,5.985155e-02,7.110921e-01,9.191089e-03,2.050393e-02,7.667464e-04,7.158982e-04,9.670208e-02,8.389050e-03
2.516549e-02,8.561952e-03,1.520837e-02,5.125871e-03,8.554643e-03,2.179257e-02,2.350401e-04,6.207169e-02,6.925151e-01,7.287454e-03,3.636076e-02,7.012140e-04,6.739008e-04,1.093562e-01,6.389718e-03
2.864224e-02,6.561536e-03,1.440483e-02,3.932921e-03,7.354126e-03,1.707307e-02,2.558754e-04,6.569800e-02,7.031710e-01,6.139582e-03,3.163182e-02,5.743835e-04,5.769213e-04,1.086688e-01,5.314854e-03
4.028584e-02,6.390763e-03,1.731543e-02,3.841236e-03,1.051986e-02,1.504897e-02,7.083545e-04,7.545850e-02,6.368250e-01,5.899248e-03,4.947961e-02,8.042679e-04,8.664185e-04,1.312250e-01,5.331527e-03
5.128914e-02,7.775404e-03,1.810017e-02,4.108512e-03,9.606684e-03,1.447995e-02,7.709051e-04,7.036902e-02,5.396388e-01,6.231202e-03,5.039274e-02,9.052312e-04,1.114793e-03,2.187625e-01,6.455073e-03
5.094149e-02,8.641670e-03,1.680049e-02,3.421441e-03,9.186085e-03,1.196035e-02,6.711942e-04,5.677266e-02,4.930506e-01,5.519116e-03,4.435031e-02,7.821008e-04,9.920497e-04,2.908369e-01,6.073602e-03
6.234996e-02,2.264933e-02,1.356419e-02,3.974891e-03,1.592860e-02,1.151128e-02,6.561804e-04,4.701530e-02,4.204496e-01,5.443626e-03,3.770621e-02,9.094763e-04,9.693992e-04,3.488787e-01,7.993253e-03
6.649350e-02,4.236123e-02,1.099960e-02,4.885917e-03,2.168829e-02,1.259563e-02,7.032633e-04,4.239039e-02,3.472548e-01,4.815303e-03,3.280419e-02,1.018845e-03,1.028702e-03,4.013574e-01,9.603008e-03
9.378317e-02,5.361574e-02,9.470915e-03,5.323315e-03,2.584535e-02,1.952373e-02,1.149586e-03,3.947497e-02,2.991571e-01,5.131912e-03,4.307839e-02,1.572338e-03,1.332822e-03,3.901936e-01,1.134705e-02
1.421683e-01,6.901996e-02,8.042458e-03,7.033553e-03,3.158681e-02,3.083720e-02,1.775098e-03,3.966969e-02,2.559629e-01,4.603173e-03,3.505611e-02,2.254140e-03,1.735660e-03,3.563180e-01,1.393689e-02
2.131191e-01,6.953439e-02,7.382586e-03,7.553348e-03,2.852637e-02,3.323976e-02,2.346872e-03,3.760859e-02,2.263244e-01,4.266184e-03,3.052297e-02,3.664264e-03,2.510118e-03,3.171048e-01,1.629627e-02
2.962361e-01,7.785591e-02,7.669946e-03,7.817444e-03,2.524862e-02,3.540098e-02,3.461224e-03,4.512274e-02,1.879415e-01,3.707071e-03,2.489217e-02,4.715728e-03,3.156221e-03,2.597229e-01,1.705158e-02
3.672980e-01,8.352715e-02,7.557726e-03,6.930706e-03,2.059851e-02,3.408654e-02,3.914596e-03,4.578784e-02,1.597372e-01,3.073200e-03,2.168716e-02,5.235096e-03,3.437356e-03,2.209784e-01,1.615052e-02
4.751791e-01,7.243239e-02,7.737256e-03,6.727103e-03,1.598505e-02,2.681381e-02,4.028948e-03,3.648951e-02,1.298353e-01,3.295173e-03,1.714412e-02,7.484820e-03,4.256900e-03,1.747182e-01,1.787234e-02
1.000000e+00,0.000000e+00,0.000000e+00,0.000000e+00,0.000000e+00,0.000000e+00,0.000000e+00,0.000000e+00,0.000000e+00,0.000000e+00,0.000000e+00,0.000000e+00,0.000000e+00,0.000000e+00,0.000000e+00
1.000000e+00,0.000000e+00,0.000000e+00,0.000000e+00,0.000000e+00,0.000000e+00,0.000000e+00,0.000000e+00,0.000000e+00,0.000000e+00,0.000000e+00,0.000000e+00,0.000000e+00,0.000000e+00,0.000000e+00
1.000000e+00,0.000000e+00,0.000000e+00,0.000000e+00,0.000000e+00,0.000000e+00,0.000000e+00,0.000000e+00,0.000000e+00,0.000000e+00,0.000000e+00,0.000000e+00,0.000000e+00,0.000000e+00,0.000000e+00
1.000000e+00,0.000000e+00,0.000000e+00,0.000000e+00,0.000000e+00,0.000000e+00,0.000000e+00,0.000000e+00,0.000000e+00,0.000000e+00,0.000000e+00,0.000000e+00,0.000000e+00,0.000000e+00,0.000000e+00
1.000000e+00,0.000000e+00,0.000000e+00,0.000000e+00,0.000000e+00,0.000000e+00,0.000000e+00,0.000000e+00,0.000000e+00,0.000000e+00,0.000000e+00,0.000000e+00,0.000000e+00,0.000000e+00,0.000000e+00
4.995505e-01,2.634582e-02,5.914410e-03,7.553188e-02,4.026522e-03,1.243443e-02,1.659892e-03,9.844149e-03,1.421832e-01,2.134339e-02,2.107966e-02,1.350909e-02,2.493458e-02,2.513315e-02,1.165093e-01
3.691987e-01,2.551523e-02,8.430202e-03,1.045679e-01,3.889343e-03,1.170265e-02,1.332319e-03,9.458099e-03,1.740724e-01,3.017026e-02,3.652824e-02,1.229997e-02,4.079681e-02,2.029978e-02,1.517380e-01
2.643723e-01,2.843843e-02,8.990958e-03,8.639498e-02,9.018226e-03,1.382074e-02,1.066203e-03,7.624738e-03,1.766882e-01,3.599567e-02,5.631680e-02,1.075117e-02,5.020186e-02,4.850605e-02,2.018136e-01
1.862971e-01,2.157209e-02,7.136529e-03,6.186991e-02,9.133133e-03,1.198043e-02,8.225889e-04,5.543848e-03,1.353139e-01,2.804825e-02,6.658234e-02,8.500858e-03,4.248811e-02,6.430683e-02,3.504040e-01
1.312151e-01,1.601146e-02,5.372033e-03,4.402927e-02,7.166226e-03,9.375116e-03,7.152016e-04,4.034942e-03,1.229577e-01,2.022157e-02,5.010631e-02,6.259907e-03,3.086846e-02,6.828676e-02,4.833800e-01
9.208760e-02,1.177747e-02,4.330380e-03,3.163275e-02,5.336384e-03,7.484660e-03,6.723316e-04,4.369909e-03,2.286551e-01,1.445194e-02,3.698646e-02,4.633460e-03,2.328831e-02,7.176288e-02,4.625303e-01
6.473076e-02,1.058053e-02,4.112501e-03,2.333047e-02,3.924187e-03,5.945750e-03,6.309824e-04,5.508153e-03,2.447394e-01,1.062542e-02,2.789900e-02,3.779010e-03,1.872043e-02,6.806019e-02,5.074132e-01
4.649240e-02,1.229768e-02,4.503001e-03,1.694627e-02,2.951568e-03,4.880705e-03,5.233806e-04,5.937366e-03,2.070416e-01,8.858076e-03,2.162757e-02,2.964427e-03,1.479084e-02,5.260031e-02,5.975848e-01
3.310441e-02,1.014030e-02,7.649495e-03,1.578409e-02,2.382508e-03,3.708158e-03,4.505955e-04,8.254669e-03,3.122137e-01,6.460443e-03,1.618546e-02,2.224862e-03,1.160415e-02,3.966836e-02,5.301688e-01
2.510109e-02,7.811965e-03,3.795325e-02,1.341310e-02,3.101696e-03,2.911441e-03,4.199026e-04,6.727286e-03,2.271403e-01,4.634821e-03,1.208727e-02,1.667271e-03,9.229261e-03,2.935685e-02,6.184446e-01
1.821550e-02,5.926700e-03,3.826104e-02,1.022359e-02,4.331709e-03,2.241013e-03,4.436860e-04,6.977476e-03,1.644781e-01,3.502510e-03,9.079192e-03,1.394181e-03,8.958785e-03,2.164068e-02,7.043259e-01
1.455645e-02,5.056260e-03,4.545799e-02,8.857207e-03,9.087002e-03,2.311245e-03,6.623418e-04,1.930136e-02,1.203479e-01,2.904936e-03,7.057430e-03,1.213165e-03,9.009703e-03,1.781278e-02,7.363642e-01
1.217194e-02,6.085766e-03,3.803625e-02,8.167760e-03,9.766957e-03,2.047207e-03,7.670319e-04,2.693888e-02,8.937725e-02,2.451925e-03,6.032449e-03,1.039173e-03,1.130044e-02,1.378115e-02,7.720358e-01
1.181291e-02,6.408981e-03,6.160164e-02,8.043444e-03,2.160096e-02,2.501480e-03,1.589017e-03,3.732860e-02,6.915274e-02,2.008851e-03,5.153659e-03,8.970671e-04,1.466053e-02,1.111068e-02,7.461295e-01
2.568672e-02,3.589348e-02,1.028974e-01,9.951063e-03,4.137594e-02,5.192650e-03,1.751741e-03,3.393149e-02,6.382833e-02,2.612180e-03,5.069359e-03,1.339902e-03,1.573669e-02,9.022417e-03,6.457105e-01
4.001483e-02,4.167682e-02,9.777981e-02,9.987106e-03,4.531610e-02,5.787586e-03,2.191099e-03,4.163775e-02,5.961525e-02,7.140995e-03,8.039416e-03,1.664548e-03,2.232251e-02,9.645034e-03,6.071811e-01
5.239026e-02,4.658911e-02,1.004058e-01,1.326029e-02,5.473063e-02,9.229766e-03,4.132092e-03,6.067837e-02,6.342842e-02,1.051741e-02,9.435473e-03,2.511475e-03,3.641907e-02,1.069013e-02,5.255817e-01
7.636917e-02,6.212721e-02,8.535485e-02,1.641796e-02,7.346638e-02,1.591476e-02,7.831417e-03,4.684560e-02,8.114812e-02,1.290448e-02,8.683017e-03,2.679736e-03,4.684764e-02,8.680378e-03,4.547292e-01
8.479422e-02,7.103295e-02,7.605678e-02,2.060070e-02,9.247394e-02,2.244624e-02,1.516168e-02,5.004403e-02,8.364742e-02,1.653116e-02,9.867948e-03,3.425442e-03,5.350312e-02,7.424145e-03,3.929902e-01
1.768523e-01,7.116470e-02,5.935477e-02,2.319152e-02,7.650766e-02,2.552504e-02,2.318991e-02,4.318024e-02,8.439708e-02,2.110685e-02,1.168080e-02,9.081993e-03,5.838006e-02,8.183602e-03,3.082034e-01
1.984929e-01,7.177275e-02,4.671966e-02,2.043320e-02,7.029334e-02,2.851151e-02,2.232026e-02,5.706311e-02,1.000144e-01,3.745247e-02,1.281507e-02,1.072366e-02,5.990129e-02,8.797132e-03,2.546893e-01
2.459725e-01,7.921393e-02,3.580242e-02,2.009594e-02,6.173042e-02,2.602055e-02,2.234822e-02,6.763253e-02,1.126032e-01,3.858216e-02,1.213581e-02,1.517741e-02,5.511581e-02,8.275988e-03,1.992932e-01
2.530099e-01,7.061214e-02,2.957160e-02,1.547788e-02,5.699912e-02,2.399227e-02,1.712272e-02,5.282214e-02,9.563156e-02,4.406735e-02,9.856943e-03,1.305322e-02,5.936587e-02,8.729714e-03,2.496876e-01
2.432032e-01,6.359792e-02,2.462765e-02,1.240706e-02,5.912252e-02,2.397978e-02,1.375374e-02,4.131180e-02,8.523972e-02,4.119622e-02,8.458606e-03,1.153540e-02,8.080845e-02,8.385794e-03,2.823721e-01
2.902580e-01,5.511568e-02,1.985626e-02,1.164319e-02,6.950917e-02,2.509108e-02,1.299649e-02,3.401425e-02,8.034120e-02,3.217878e-02,7.433445e-03,1.262737e-02,1.225727e-01,6.842237e-03,2.195201e-01
2.956266e-01,4.377962e-02,2.279437e-02,9.697929e-03,7.353841e-02,2.087110e-02,1.606773e-02,2.843339e-02,6.468763e-02,2.448363e-02,6.162007e-03,1.399357e-02,1.940445e-01,5.779020e-03,1.800406e-01
3.180288e-01,3.532977e-02,2.515540e-02,7.989436e-03,6.729947e-02,1.843389e-02,2.975613e-02,2.512783e-02,5.537134e-02,1.874187e-02,5.511250e-03,1.705051e-02,2.324488e-01,5.632050e-03,1.381235e-01
3.133780e-01,2.941724e-02,1.889347e-02,7.381568e-03,5.342906e-02,1.058474e-01,2.213687e-02,1.925044e-02,4.220068e-02,1.836081e-02,4.671896e-02,2.292433e-02,1.728950e-01,1.415169e-02,1.130146e-01
2.718305e-01,2.323539e-02,1.426285e-02,6.106711e-03,4.085151e-02,1.418672e-01,1.613047e-02,1.568632e-02,3.146642e-02,2.935231e-02,9.584720e-02,4.573508e-02,1.482109e-01,3.101828e-02,8.839887e-02
3.302616e-01,1.878600e-02,1.464157e-02,8.816489e-03,2.953901e-02,1.111414e-01,1.194572e-02,1.202124e-02,2.999221e-02,3.345914e-02,1.178578e-01,4.737260e-02,1.132875e-01,5.210668e-02,6.877097e-02
3.212542e-01,1.532083e-02,1.202515e-02,7.546326e-03,2.174627e-02,8.745383e-02,9.118629e-03,9.341931e-03,5.650226e-02,2.778081e-02,1.245411e-01,4.271637e-02,8.532379e-02,1.145232e-01,6.480537e-02
3.141218e-01,1.514676e-02,1.013344e-02,6.255973e-03,1.736015e-02,6.705393e-02,6.803382e-03,7.541964e-03,1.138654e-01,2.078893e-02,1.030712e-01,3.442277e-02,6.310201e-02,1.597324e-01,6.059998e-02
2.394371e-01,1.811682e-02,2.086766e-02,4.066549e-02,3.926473e-02,5.929103e-02,5.071736e-03,2.008163e-02,2.227211e-01,1.714220e-02,7.952692e-02,2.954116e-02,4.532178e-02,1.189605e-01,4.399022e-02
1.956292e-01,2.567466e-02,1.921649e-02,3.211248e-02,3.600556e-02,5.096966e-02,3.821864e-03,1.666672e-02,2.923426e-01,1.411105e-02,8.015174e-02,4.950452e-02,3.387792e-02,1.144322e-01,3.548341e-02
1.610329e-01,3.908689e-02,1.992628e-02,2.377468e-02,3.304558e-02,4.104926e-02,2.793358e-03,1.351485e-02,3.442279e-01,1.148605e-02,7.862224e-02,4.135595e-02,2.509774e-02,1.350774e-01,2.990903e-02
1.244762e-01,3.465321e-02,1.576459e-02,1.693956e-02,2.497460e-02,3.219962e-02,2.008139e-03,1.093634e-02,4.071636e-01,8.710724e-03,8.974229e-02,3.319339e-02,1.871025e-02,1.579227e-01,2.260488e-02
9.424417e-02,3.116988e-02,1.309874e-02,1.290198e-02,2.084600e-02,2.494742e-02,1.427747e-03,8.598445e-03,5.043470e-01,6.751370e-03,7.928592e-02,2.771806e-02,1.349304e-02,1.439981e-01,1.717215e-02
7.396229e-02,4.298512e-02,1.724380e-02,1.064456e-02,2.155243e-02,1.933851e-02,1.038256e-03,1.303491e-02,5.510865e-01,5.667164e-03,6.157577e-02,2.213704e-02,9.938360e-03,1.347288e-01,1.506646e-02
6.106992e-02,5.235210e-02,1.443542e-02,7.915156e-03,1.787394e-02,1.476038e-02,7.502024e-04,1.333131e-02,5.683209e-01,4.730903e-03,4.846000e-02,1.733668e-02,7.464359e-03,1.585907e-01,1.260803e-02
5.891735e-02,7.014726e-02,1.109065e-02,5.904422e-03,1.816960e-02,1.201527e-02,6.014793e-04,1.279395e-02,5.885684e-01,3.973105e-03,3.764811e-02,1.265266e-02,6.056074e-03,1.507270e-01,1.073464e-02
6.955539e-02,6.056602e-02,1.814191e-02,2.041902e-02,3.435520e-02,1.119039e-02,5.776736e-04,1.765747e-02,5.896595e-01,4.073555e-03,3.222305e-02,1.032615e-02,6.742439e-03,1.126666e-01,1.184564e-02
8.717730e-02,5.040023e-02,1.447688e-02,1.732886e-02,4.092675e-02,9.754810e-03,5.057179e-04,2.147526e-02,6.081892e-01,3.960505e-03,2.726284e-02,8.333035e-03,5.702001e-03,9.299139e-02,1.151528e-02
9.718774e-02,4.124701e-02,1.172749e-02,1.618544e-02,4.108755e-02,8.694714e-03,4.352571e-04,1.685876e-02,6.359701e-01,6.694186e-03,2.342740e-02,6.382799e-03,5.582945e-03,7.296596e-02,1.555271e-02
9.272708e-02,3.262451e-02,1.100389e-02,1.312213e-02,3.855034e-02,1.063192e-02,3.751112e-04,1.318755e-02,6.172533e-01,9.179614e-03,2.618685e-02,5.149097e-03,6.973519e-03,6.670032e-02,5.633483e-02
9.695913e-02,2.774425e-02,1.148882e-02,1.140418e-02,3.318444e-02,1.076721e-02,6.115882e-04,1.900497e-02,5.829266e-01,9.827839e-03,2.700964e-02,5.013824e-03,7.162191e-03,1.054846e-01,5.141075e-02
1.087022e-01,2.720157e-02,6.151103e-02,3.506033e-02,2.933668e-02,1.045180e-02,1.304792e-03,1.791879e-02,5.130609e-01,1.373445e-02,2.434975e-02,5.065602e-03,6.518293e-03,9.061581e-02,5.516804e-02
1.577823e-01,3.400784e-02,5.601347e-02,4.001853e-02,3.489383e-02,1.041054e-02,1.803663e-03,1.505543e-02,4.705761e-01,1.647114e-02,2.044072e-02,5.193005e-03,7.054052e-03,7.839455e-02,5.188495e-02
1.814752e-01,5.560583e-02,4.338385e-02,4.255684e-02,3.073610e-02,8.712456e-03,1.453441e-03,1.097598e-02,4.735413e-01,1.718367e-02,1.636141e-02,4.235589e-03,8.924335e-03,6.039343e-02,4.446059e-02
2.222012e-01,9.172639e-02,3.450980e-02,4.140257e-02,2.964411e-02,7.553172e-03,1.192827e-03,8.309165e-03,4.338699e-01,1.527252e-02,1.348153e-02,3.434871e-03,8.338327e-03,5.147543e-02,3.758813e-02
2.547190e-01,9.885189e-02,2.518772e-02,3.794203e-02,6.155980e-02,1.696731e-02,1.447268e-03,1.221651e-02,3.752183e-01,1.265280e-02,1.121375e-02,3.159321e-03,7.766592e-03,4.999582e-02,3.110184e-02
2.607673e-01,9.160210e-02,2.420376e-02,4.478077e-02,6.509631e-02,1.659180e-02,1.798179e-03,1.529286e-02,3.691389e-01,1.325603e-02,1.106104e-02,3.349011e-03,7.112176e-03,4.099194e-02,3.495784e-02
3.277199e-01,9.527692e-02,2.129544e-02,4.493563e-02,5.864733e-02,1.562464e-02,2.179496e-03,1.253387e-02,3.112624e-01,1.294468e-02,1.061625e-02,4.067146e-03,7.984544e-03,3.443974e-02,4.047194e-02
2.964464e-01,1.026670e-01,2.198699e-02,8.817287e-02,4.676088e-02,1.212262e-02,1.784138e-03,9.533990e-03,2.636369e-01,2.849132e-02,9.595625e-03,4.820906e-03,7.471020e-03,2.489417e-02,8.161511e-02
4.007394e-01,9.276699e-02,1.674782e-02,7.547402e-02,4.234532e-02,1.256817e-02,1.902019e-03,8.467030e-03,2.100729e-01,2.164676e-02,8.592728e-03,8.027407e-03,8.474150e-03,1.924400e-02,7.293133e-02
1.000000e+00,0.000000e+00,0.000000e+00,0.000000e+00,0.000000e+00,0.000000e+00,0.000000e+00,0.000000e+00,0.000000e+00,0.000000e+00,0.000000e+00,0.000000e+00,0.000000e+00,0.000000e+00,0.000000e+00
1.000000e+00,0.000000e+00,0.000000e+00,0.000000e+00,0.000000e+00,0.000000e+00,0.000000e+00,0.000000e+00,0.000000e+00,0.000000e+00,0.000000e+00,0.000000e+00,0.000000e+00,0.000000e+00,0.000000e+00
1.000000e+00,0.000000e+00,0.000000e+00,0.000000e+00,0.000000e+00,0.000000e+00,0.000000e+00,0.000000e+00,0.000000e+00,0.000000e+00,0.000000e+00,0.000000e+00,0.000000e+00,0.000000e+00,0.000000e+00
1.000000e+00,0.000000e+00,0.000000e+00,0.000000e+00,0.000000e+00,0.000000e+00,0.000000e+00,0.000000e+00,0.000000e+00,0.000000e+00,0.000000e+00,0.000000e+00,0.000000e+00,0.000000e+00,0.000000e+00
1.000000e+00,0.000000e+00,0.000000e+00,0.000000e+00,0.000000e+00,0.000000e+00,0.000000e+00,0.000000e+00,0.000000e+00,0.000000e+00,0.000000e+00,0.000000e+00,0.000000e+00,0.000000e+00,0.000000e+00
1.000000e+00,0.000000e+00,0.000000e+00,0.000000e+00,0.000000e+00,0.000000e+00,0.000000e+00,0.000000e+00,0.000000e+00,0.000000e+00,0.000000e+00,0.000000e+00,0.000000e+00,0.000000e+00,0.000000e+00
4.200466e-01,1.833510e-01,3.582335e-02,6.986730e-02,1.594314e-02,2.008850e-02,2.472478e-03,7.571956e-03,5.445906e-02,5.418767e-03,9.776744e-02,1.769573e-02,1.086813e-02,1.499696e-02,4.362951e-02
3.009773e-01,2.122995e-01,4.114488e-02,7.262159e-02,1.242453e-02,1.551882e-02,1.818833e-03,6.298102e-03,4.157842e-02,4.626492e-03,2.025985e-01,1.459040e-02,1.089388e-02,2.895045e-02,3.365816e-02
2.522165e-01,1.736022e-01,3.259055e-02,7.895008e-02,1.045942e-02,1.761494e-02,1.486001e-03,6.127880e-03,3.493378e-02,5.200305e-03,2.843812e-01,1.646810e-02,1.057223e-02,5.027802e-02,2.511865e-02
1.864656e-01,1.277850e-01,2.500153e-02,6.715259e-02,1.014553e-02,1.636551e-02,1.214041e-03,4.779725e-03,2.870367e-02,4.982963e-03,4.207573e-01,1.964148e-02,9.151984e-03,5.934541e-02,1.850761e-02
1.319202e-01,9.025447e-02,1.780767e-02,4.808200e-02,7.428800e-03,1.429621e-02,9.020056e-04,3.472105e-03,2.545479e-02,4.618829e-03,5.064381e-01,1.805108e-02,7.205341e-03,1.104151e-01,1.365337e-02
9.296086e-02,6.333540e-02,1.261881e-02,3.402939e-02,5.341837e-03,1.065163e-02,6.429418e-04,2.557980e-03,1.882275e-02,3.440449e-03,5.484823e-01,1.541082e-02,5.309230e-03,1.767464e-01,9.649216e-03
6.576311e-02,4.473345e-02,9.168802e-03,2.419406e-02,6.055036e-03,8.692589e-03,4.735738e-04,1.946923e-03,1.430318e-02,2.896789e-03,5.815820e-01,1.293384e-02,4.452381e-03,2.158031e-01,7.001098e-03
4.646971e-02,3.147028e-02,6.520719e-03,1.706608e-02,7.283992e-03,7.532727e-03,3.544728e-04,1.460514e-03,1.382907e-02,2.383289e-03,4.957085e-01,1.306068e-02,3.330816e-03,3.485011e-01,5.028075e-03
3.275171e-02,2.216011e-02,4.707860e-03,1.203132e-02,8.062619e-03,6.402158e-03,2.663441e-04,1.065392e-03,1.851057e-02,1.908106e-03,4.420255e-01,1.218531e-02,2.452272e-03,4.318296e-01,3.641114e-03
2.310371e-02,1.712734e-02,4.034922e-03,8.671835e-03,9.254314e-03,5.618966e-03,2.021700e-04,7.843692e-04,1.174149e-01,2.515124e-03,3.787494e-01,1.144000e-02,1.770330e-03,4.155362e-01,3.776456e-03
1.638964e-02,1.209115e-02,2.940180e-03,6.122677e-03,7.096715e-03,4.846186e-03,1.456245e-04,5.597190e-04,9.342281e-02,2.249830e-03,3.601007e-01,9.336740e-03,1.331473e-03,4.806284e-01,2.738111e-03
1.149885e-02,9.158372e-03,2.395585e-03,4.462736e-03,5.738307e-03,3.642927e-03,1.036080e-04,3.943313e-04,1.982778e-01,2.192511e-03,3.085700e-01,8.360303e-03,9.499183e-04,4.416675e-01,2.587236e-03
8.079444e-03,6.576670e-03,2.216695e-03,3.176857e-03,4.205193e-03,2.860248e-03,7.605177e-05,2.946455e-04,3.209172e-01,1.971111e-03,2.375464e-01,6.709502e-03,7.004914e-04,4.027876e-01,1.881974e-03
5.679839e-03,4.674307e-03,1.708966e-03,2.237729e-03,3.052883e-03,2.200357e-03,5.403227e-05,2.131306e-04,3.566169e-01,1.557881e-03,1.913632e-01,5.280942e-03,5.063973e-04,4.234962e-01,1.357155e-03
4.045738e-03,5.133666e-03,2.331590e-03,1.697936e-03,2.235542e-03,2.277389e-03,4.346106e-05,2.281733e-04,4.796594e-01,1.557575e-03,1.503603e-01,3.889147e-03,3.671244e-04,3.450975e-01,1.075446e-03
2.880862e-03,3.666853e-03,1.738999e-03,1.248209e-03,1.614050e-03,1.717454e-03,3.123652e-05,1.694470e-04,6.083776e-01,1.832378e-03,1.076795e-01,2.783037e-03,2.610383e-04,2.650552e-01,9.441107e-04
2.330401e-03,2.621987e-03,1.457096e-03,9.847386e-04,1.164517e-03,4.530363e-03,3.285191e-05,2.516323e-04,6.820211e-01,2.094812e-03,8.031473e-02,2.029102e-03,1.933614e-04,2.191530e-01,8.202620e-04
2.092926e-03,2.026323e-03,4.319080e-03,1.309459e-03,1.050826e-03,6.518130e-03,4.127711e-05,4.654906e-04,7.464793e-01,2.361281e-03,5.881952e-02,1.475318e-03,1.753570e-04,1.721304e-01,7.353190e-04
1.881692e-03,1.555234e-03,3.819162e-03,1.241204e-03,8.708460e-04,5.560216e-03,3.337486e-05,5.872701e-04,7.898346e-01,1.953488e-03,4.407344e-02,1.057889e-03,1.359997e-04,1.468152e-01,5.804423e-04
5.533498e-03,2.223247e-03,2.588529e-02,7.251983e-03,1.907056e-03,7.032216e-03,6.349987e-05,2.591799e-03,7.932129e-01,1.758814e-03,4.078141e-02,8.155877e-04,1.281353e-04,1.101513e-01,6.632838e-04
7.915260e-03,1.972924e-03,2.199290e-02,5.689591e-03,3.005899e-03,6.573609e-03,5.719496e-05,2.885320e-03,7.942516e-01,1.763127e-03,5.434629e-02,6.519721e-04,1.410393e-04,9.759033e-02,1.162915e-03
1.045862e-02,1.647652e-03,2.078508e-02,5.572237e-03,4.775510e-03,6.449199e-03,5.262075e-05,5.391412e-03,7.791212e-01,1.859734e-03,8.088019e-02,5.577640e-04,1.601652e-04,8.105376e-02,1.234864e-03
1.597062e-02,1.575880e-03,1.722892e-02,4.235393e-03,5.238969e-03,5.601369e-03,5.325132e-05,4.146201e-03,7.751878e-01,2.260294e-03,8.843759e-02,4.422757e-04,1.470030e-04,7.623754e-02,3.236799e-03
1.425796e-02,1.167182e-03,1.320534e-02,3.131439e-03,3.942163e-03,4.123495e-03,4.071328e-05,3.366428e-03,8.211555e-01,2.042839e-03,7.068352e-02,3.329595e-04,1.189866e-04,5.964294e-02,2.788443e-03
1.638212e-02,9.235773e-04,1.039116e-02,2.532295e-03,3.621702e-03,3.948587e-03,3.639246e-05,3.187884e-03,8.187362e-01,1.709442e-03,8.309881e-02,3.767401e-04,1.482308e-04,5.225667e-02,2.650206e-03
2.764852e-02,1.144648e-03,1.868806e-02,1.399328e-02,4.112849e-03,4.144304e-03,9.938900e-05,1.627684e-02,7.848754e-01,2.431212e-03,6.638892e-02,7.366695e-04,2.953815e-04,5.573422e-02,3.430396e-03
3.649839e-02,1.140041e-03,4.129773e-02,1.810679e-02,4.122388e-03,3.559900e-03,1.475725e-04,1.951091e-02,7.741818e-01,2.822035e-03,4.837584e-02,7.642010e-04,3.053563e-04,4.531535e-02,3.851726e-03
4.322216e-02,3.185523e-03,8.023685e-02,3.158830e-02,8.241079e-03,4.423132e-03,2.066699e-04,1.927151e-02,7.171626e-01,2.961646e-03,3.818095e-02,1.055439e-03,3.115423e-04,4.130666e-02,8.645904e-03
5.310853e-02,4.014737e-03,8.778340e-02,2.438538e-02,8.785171e-03,4.687285e-03,1.663833e-04,1.553745e-02,6.696544e-01,4.760026e-03,2.978114e-02,1.128535e-03,5.108215e-04,3.947098e-02,5.622567e-02
5.898052e-02,5.113212e-03,1.275899e-01,2.498375e-02,1.547782e-02,5.195884e-03,1.635933e-04,1.467492e-02,5.784625e-01,4.913854e-03,2.370140e-02,1.500944e-03,7.957802e-04,4.086722e-02,9.757873e-02
6.214749e-02,5.082173e-03,1.909350e-01,4.111800e-02,3.338755e-02,4.372115e-03,1.993627e-04,2.227262e-02,4.962336e-01,5.213827e-03,1.763502e-02,1.489338e-03,6.663778e-04,3.976507e-02,7.948250e-02
5.649911e-02,5.378394e-03,2.592654e-01,9.121912e-02,3.398472e-02,4.004631e-03,2.050023e-04,2.708899e-02,3.823637e-01,6.116451e-03,1.286871e-02,1.420714e-03,5.465702e-04,3.897191e-02,8.006658e-02
6.996700e-02,5.387404e-03,2.745640e-01,9.047385e-02,2.663019e-02,4.100992e-03,3.146415e-04,3.161943e-02,3.390370e-01,9.664819e-03,9.848029e-03,1.491998e-03,5.216636e-04,5.170875e-02,8.467027e-02
8.569489e-02,6.294481e-03,2.509849e-01,7.091931e-02,1.951772e-02,5.415659e-03,3.695612e-04,2.309410e-02,2.705952e-01,1.124730e-02,7.744769e-03,1.306662e-03,5.354098e-04,1.214316e-01,1.248484e-01
1.324622e-01,6.258674e-03,2.203929e-01,5.707248e-02,1.565117e-02,6.938346e-03,3.572614e-04,1.708700e-02,2.335728e-01,9.538420e-03,6.504798e-03,1.187092e-03,6.756193e-04,1.701397e-01,1.221615e-01
2.119873e-01,1.173687e-02,1.721459e-01,6.108376e-02,1.582120e-02,1.064929e-02,5.693565e-04,1.353873e-02,2.146003e-01,9.675191e-03,6.588945e-03,2.105853e-03,1.064958e-03,1.366355e-01,1.317969e-01
2.511771e-01,1.208968e-02,1.353449e-01,7.269265e-02,1.781787e-02,1.098359e-02,6.811672e-04,1.207282e-02,1.877544e-01,1.738820e-02,7.384857e-03,3.729610e-03,1.308317e-03,1.094400e-01,1.601350e-01
2.166335e-01,2.026891e-02,1.327226e-01,1.508808e-01,2.491963e-02,9.195324e-03,7.314241e-04,1.184697e-02,1.743645e-01,1.759383e-02,7.732278e-03,3.941879e-03,1.263400e-03,8.269230e-02,1.452128e-01
2.404419e-01,2.149528e-02,1.226054e-01,1.165961e-01,2.241110e-02,1.059450e-02,7.852950e-04,1.281552e-02,1.958532e-01,2.599975e-02,7.099839e-03,3.769649e-03,1.292444e-03,6.713592e-02,1.511041e-01
1.948739e-01,2.385130e-02,1.062664e-01,1.463086e-01,2.011441e-02,8.904550e-03,6.470726e-04,1.230140e-02,2.296533e-01,2.370736e-02,8.639561e-03,5.202685e-03,3.158128e-03,5.914468e-02,1.572268e-01
3.068572e-01,2.165700e-02,7.874881e-02,1.303392e-01,2.551695e-02,1.050414e-02,6.644488e-04,1.064684e-02,1.876307e-01,2.148457e-02,1.925237e-02,9.030341e-03,4.720431e-03,4.936437e-02,1.235826e-01
4.050322e-01,2.065118e-02,5.739794e-02,1.042830e-01,2.997147e-02,1.303752e-02,8.650591e-04,1.324829e-02,1.569841e-01,1.975274e-02,1.830833e-02,1.252390e-02,5.724860e-03,4.276967e-02,9.944972e-02
4.730912e-01,2.062996e-02,4.167230e-02,8.010621e-02,2.678987e-02,1.210590e-02,1.208370e-03,1.259047e-02,1.637475e-01,1.755114e-02,1.679689e-02,1.197938e-02,5.343396e-03,3.934870e-02,7.703871e-02
1.000000e+00,0.000000e+00,0.000000e+00,0.000000e+00,0.000000e+00,0.000000e+00,0.000000e+00,0.000000e+00,0.000000e+00,0.000000e+00,0.000000e+00,0.000000e+00,0.000000e+00,0.000000e+00,0.000000e+00
1.000000e+00,0.000000e+00,0.000000e+00,0.000000e+00,0.000000e+00,0.000000e+00,0.000000e+00,0.000000e+00,0.000000e+00,0.000000e+00,0.000000e+00,0.000000e+00,0.000000e+00,0.000000e+00,0.000000e+00
4.750853e-01,2.073527e-02,2.553508e-02,4.057158e-02,6.028318e-02,2.296096e-02,8.702018e-03,6.858952e-02,1.611048e-01,1.333747e-02,1.338870e-02,1.400829e-02,7.685846e-03,2.450294e-02,4.350897e-02
4.573120e-01,2.687718e-02,2.325992e-02,3.216452e-02,5.959588e-02,2.716380e-02,1.647518e-02,9.154928e-02,1.569232e-01,1.367825e-02,1.235272e-02,1.409843e-02,1.071517e-02,2.048388e-02,3.735057e-02
4.555332e-01,4.681990e-02,2.109521e-02,2.726490e-02,5.364743e-02,2.912286e-02,1.364343e-02,8.144543e-02,1.470822e-01,1.715489e-02,1.394528e-02,1.807630e-02,1.141300e-02,2.101112e-02,4.274486e-02
1.000000e+00,0.000000e+00,0.000000e+00,0.000000e+00,0.000000e+00,0.000000e+00,0.000000e+00,0.000000e+00,0.000000e+00,0.000000e+00,0.000000e+00,0.000000e+00,0.000000e+00,0.000000e+00,0.000000e+00
1.000000e+00,0.000000e+00,0.000000e+00,0.000000e+00,0.000000e+00,0.000000e+00,0.000000e+00,0.000000e+00,0.000000e+00,0.000000e+00,0.000000e+00,0.000000e+00,0.000000e+00,0.000000e+00,0.000000e+00
1.000000e+00,0.000000e+00,0.000000e+00,0.000000e+00,0.000000e+00,0.000000e+00,0.000000e+00,0.000000e+00,0.000000e+00,0.000000e+00,0.000000e+00,0.000000e+00,0.000000e+00,0.000000e+00,0.000000e+00
1.000000e+00,0.000000e+00,0.000000e+00,0.000000e+00,0.000000e+00,0.000000e+00,0.000000e+00,0.000000e+00,0.000000e+00,0.000000e+00,0.000000e+00,0.000000e+00,0.000000e+00,0.000000e+00,0.000000e+00
1.000000e+00,0.000000e+00,0.000000e+00,0.000000e+00,0.000000e+00,0.000000e+00,0.000000e+00,0.000000e+00,0.000000e+00,0.000000e+00,0.000000e+00,0.000000e+00,0.000000e+00,0.000000e+00,0.000000e+00
1.000000e+00,0.000000e+00,0.000000e+00,0.000000e+00,0.000000e+00,0.000000e+00,0.000000e+00,0.000000e+00,0.000000e+00,0.000000e+00,0.000000e+00,0.000000e+00,0.000000e+00,0.000000e+00,0.000000e+00
1.000000e+00,0.000000e+00,0.000000e+00,0.000000e+00,0.000000e+00,0.000000e+00,0.000000e+00,0.000000e+00,0.000000e+00,0.000000e+00,0.000000e+00,0.000000e+00,0.000000e+00,0.000000e+00,0.000000e+00
3.726556e-01,3.177304e-02,9.824995e-02,1.374127e-01,1.648738e-02,3.934070e-02,5.528865e-03,1.825308e-02,2.891822e-02,1.627485e-02,5.344148e-02,2.303731e-02,9.069046e-03,8.464231e-02,6.491540e-02
3.348511e-01,3.073442e-02,1.411172e-01,1.261251e-01,1.433760e-02,4.158709e-02,4.159463e-03,1.341329e-02,3.101374e-02,1.898626e-02,6.225992e-02,2.032963e-02,9.255081e-03,8.544751e-02,6.638262e-02
2.957914e-01,2.964717e-02,1.452965e-01,2.028484e-01,1.232554e-02,3.303095e-02,3.126542e-03,1.046310e-02,3.717890e-02,1.748573e-02,6.074669e-02,1.776044e-02,8.075971e-03,6.687440e-02,5.934839e-02
3.805804e-01,2.344074e-02,1.101123e-01,1.547174e-01,9.847001e-03,2.715603e-02,2.759559e-03,8.566863e-03,6.854848e-02,1.388564e-02,6.386055e-02,1.901113e-02,1.089570e-02,5.302143e-02,5.359687e-02
3.738979e-01,1.947415e-02,8.165766e-02,1.200332e-01,9.251699e-03,2.266419e-02,2.504125e-03,8.896042e-03,1.706203e-01,1.138649e-02,5.733847e-02,1.871132e-02,1.150539e-02,4.531609e-02,4.674307e-02
3.638990e-01,1.489568e-02,5.945314e-02,8.855553e-02,8.250359e-03,2.273521e-02,2.264579e-03,7.289950e-03,2.544017e-01,9.094034e-03,5.244996e-02,1.830321e-02,1.585110e-02,3.925142e-02,4.330521e-02
3.614001e-01,1.149959e-02,4.226797e-02,6.502206e-02,8.806281e-03,2.260210e-02,2.112886e-03,5.867016e-03,3.218848e-01,7.317756e-03,4.532949e-02,1.811677e-02,1.785796e-02,3.121715e-02,3.869822e-02
2.836092e-01,9.629833e-03,2.993384e-02,4.936276e-02,7.097951e-03,1.765986e-02,1.644204e-03,4.721385e-03,4.660731e-01,6.471202e-03,3.416249e-02,1.502507e-02,1.675354e-02,2.298506e-02,3.487061e-02
3.000795e-01,1.135621e-02,2.199311e-02,3.923827e-02,8.586286e-03,1.661938e-02,2.318712e-03,4.963409e-03,4.692042e-01,7.263649e-03,2.854406e-02,1.679461e-02,1.970502e-02,2.053719e-02,3.279632e-02
3.134856e-01,1.174606e-02,1.700899e-02,3.075170e-02,9.774400e-03,1.416989e-02,3.736750e-03,6.212342e-03,4.707875e-01,8.307017e-03,2.349488e-02,1.502949e-02,1.849145e-02,2.472857e-02,3.227534e-02
3.393188e-01,1.457297e-02,1.224739e-02,2.601137e-02,9.218353e-03,1.209135e-02,3.204430e-03,6.025293e-03,4.562628e-01,1.091976e-02,2.021809e-02,1.297273e-02,2.104344e-02,2.235891e-02,3.353428e-02
4.060748e-01,1.478490e-02,8.946496e-03,2.527291e-02,1.314943e-02,1.156105e-02,3.315347e-03,5.871181e-03,3.854496e-01,1.029160e-02,1.863831e-02,1.213310e-02,2.613977e-02,2.409164e-02,3.427996e-02
4.089803e-01,2.140689e-02,6.744348e-03,3.018450e-02,1.995590e-02,1.209803e-02,2.936733e-03,5.811394e-03,3.627500e-01,1.305191e-02,1.761481e-02,1.143564e-02,2.829699e-02,2.359996e-02,3.513262e-02
4.031610e-01,3.626989e-02,5.159143e-03,3.520706e-02,2.702467e-02,1.825921e-02,2.491645e-03,5.633291e-03,3.374511e-01,1.303122e-02,1.441499e-02,9.927250e-03,3.320888e-02,2.367838e-02,3.508221e-02
3.985023e-01,5.877682e-02,4.175573e-03,4.351525e-02,2.691222e-02,1.552953e-02,1.946184e-03,4.985293e-03,2.934980e-01,1.759404e-02,1.188478e-02,9.042070e-03,2.965220e-02,1.953925e-02,6.444642e-02
4.225222e-01,6.806169e-02,3.306865e-03,3.751386e-02,3.569977e-02,2.292835e-02,1.745511e-03,6.460555e-03,2.720622e-01,1.316939e-02,9.333011e-03,7.513188e-03,2.333708e-02,1.952193e-02,5.682444e-02
3.935693e-01,1.065912e-01,2.724986e-03,3.150950e-02,4.068269e-02,3.949146e-02,1.619824e-03,2.264800e-02,2.485260e-01,9.751682e-03,7.161031e-03,6.202324e-03,1.835663e-02,2.101394e-02,5.015138e-02
3.309028e-01,1.528733e-01,2.270946e-03,2.547924e-02,4.317237e-02,6.081188e-02,1.553525e-03,2.370510e-02,2.611156e-01,7.124634e-03,5.635460e-03,4.960006e-03,1.763251e-02,1.972684e-02,4.303585e-02
2.711971e-01,2.331650e-01,2.988444e-03,2.383241e-02,4.694405e-02,5.718299e-02,3.563839e-03,4.976549e-02,2.217002e-01,5.658009e-03,4.683013e-03,4.243817e-03,1.464828e-02,1.585651e-02,4.457079e-02
2.172281e-01,2.809771e-01,4.486093e-03,2.090137e-02,4.822956e-02,4.781325e-02,8.202918e-03,9.777500e-02,1.885378e-01,4.428660e-03,3.963615e-03,3.331272e-03,1.548193e-02,1.275793e-02,4.588535e-02
1.859289e-01,3.149300e-01,6.235834e-03,2.007688e-02,3.906735e-02,4.745629e-02,1.086396e-02,1.107176e-01,1.837794e-01,5.586806e-03,3.512506e-03,3.505972e-03,1.617897e-02,9.514567e-03,4.264493e-02
1.681999e-01,3.112593e-01,6.651824e-03,2.082963e-02,3.278016e-02,4.986532e-02,1.700150e-02,1.091725e-01,1.960802e-01,6.906174e-03,3.570500e-03,4.317905e-03,2.663774e-02,7.026362e-03,3.970087e-02
1.509203e-01,2.838176e-01,1.022442e-02,2.776791e-02,2.779031e-02,9.952850e-02,1.921546e-02,7.902519e-02,1.755721e-01,1.595725e-02,4.423825e-03,7.258692e-03,3.612060e-02,5.859711e-03,5.651811e-02
1.546637e-01,2.482877e-01,1.058744e-02,2.660035e-02,2.440294e-02,1.310022e-01,1.685511e-02,5.613003e-02,1.675987e-01,1.584301e-02,5.079556e-03,1.062789e-02,4.596245e-02,6.421071e-03,7.993789e-02
1.641084e-01,2.221712e-01,1.163232e-02,4.048543e-02,2.520670e-02,1.193884e-01,1.402080e-02,4.186640e-02,1.643256e-01,3.065715e-02,7.134265e-03,1.219276e-02,5.718879e-02,5.322778e-03,8.429916e-02
1.193615e-01,1.574278e-01,2.678765e-02,6.475368e-02,2.402394e-02,8.861809e-02,1.398831e-02,4.816736e-02,1.774693e-01,4.727301e-02,3.327607e-02,1.789729e-02,7.682021e-02,4.694931e-03,9.944085e-02
8.914165e-02,1.113246e-01,2.144070e-02,5.133901e-02,2.572039e-02,7.264537e-02,1.740199e-02,3.693264e-02,1.551908e-01,4.143041e-02,3.633703e-02,2.956450e-02,1.672805e-01,4.029154e-03,1.402213e-01
6.466066e-02,7.856196e-02,1.569394e-02,4.726398e-02,2.199251e-02,5.327979e-02,1.332303e-02,2.698674e-02,1.417110e-01,2.974403e-02,2.942996e-02,2.345323e-02,3.091927e-01,3.163348e-03,1.415431e-01
4.698327e-02,5.561513e-02,1.128733e-02,3.740329e-02,1.763522e-02,4.474668e-02,1.004543e-02,1.957701e-02,1.380182e-01,2.188078e-02,2.470340e-02,2.029545e-02,4.224720e-01,2.543346e-03,1.267934e-01
3.520357e-02,3.934790e-02,8.241369e-03,2.758964e-02,1.395905e-02,4.018577e-02,7.764393e-03,1.489175e-02,1.245445e-01,1.638591e-02,2.271116e-02,2.343413e-02,5.018954e-01,2.295970e-03,1.215495e-01
2.751347e-02,2.825824e-02,7.257525e-03,2.779362e-02,1.150308e-02,3.128936e-02,7.033631e-03,1.645538e-02,2.099531e-01,1.255900e-02,1.919864e-02,2.033495e-02,4.256348e-01,2.333297e-03,1.528819e-01
2.296503e-02,2.136918e-02,6.056569e-03,2.186269e-02,1.034562e-02,2.477883e-02,6.192379e-03,2.000096e-02,1.962508e-01,1.037134e-02,2.075044e-02,2.359942e-02,4.240614e-01,2.551115e-03,1.888443e-01
3.459360e-02,1.705076e-02,8.777112e-03,1.791247e-02,1.053834e-02,1.997224e-02,5.821683e-03,9.010245e-02,1.501620e-01,8.696359e-03,1.965019e-02,2.337665e-02,3.804338e-01,2.883373e-03,2.100290e-01
1.008940e-01,1.837259e-02,1.062432e-02,1.682929e-02,1.179121e-02,1.771672e-02,6.023733e-03,1.144073e-01,1.352138e-01,8.418094e-03,1.623918e-02,2.427244e-02,3.478251e-01,2.727046e-03,1.686451e-01
1.806898e-01,2.826858e-02,1.120382e-02,2.097457e-02,1.226687e-02,2.066866e-02,5.781592e-03,9.179868e-02,1.227498e-01,7.622015e-03,1.435179e-02,2.437181e-02,3.221323e-01,2.690254e-03,1.344296e-01
3.199314e-01,2.635953e-02,1.026642e-02,2.701513e-02,1.499075e-02,2.684823e-02,5.664919e-03,8.234933e-02,9.806651e-02,6.236804e-03,1.373588e-02,2.513937e-02,2.404889e-01,2.401697e-03,1.005051e-01
4.212726e-01,2.396586e-02,1.054458e-02,2.859237e-02,1.779908e-02,3.202413e-02,5.414231e-03,7.010734e-02,7.805333e-02,5.253646e-03,1.482595e-02,2.752979e-02,1.848016e-01,2.717802e-03,7.709769e-02
4.461208e-01,2.093749e-02,1.205591e-02,2.755495e-02,2.387519e-02,2.845406e-02,5.171243e-03,6.428190e-02,6.193436e-02,4.890488e-03,1.246980e-02,2.297621e-02,2.013499e-01,2.759786e-03,6.516799e-02
1.000000e+00,0.000000e+00,0.000000e+00,0.000000e+00,0.000000e+00,0.000000e+00,0.000000e+00,0.000000e+00,0.000000e+00,0.000000e+00,0.000000e+00,0.000000e+00,0.000000e+00,0.000000e+00,0.000000e+00
1.000000e+00,0.000000e+00,0.000000e+00,0.000000e+00,0.000000e+00,0.000000e+00,0.000000e+00,0.000000e+00,0.000000e+00,0.000000e+00,0.000000e+00,0.000000e+00,0.000000e+00,0.000000e+00,0.000000e+00
1.000000e+00,0.000000e+00,0.000000e+00,0.000000e+00,0.000000e+00,0.000000e+00,0.000000e+00,0.000000e+00,0.000000e+00,0.000000e+00,0.000000e+00,0.000000e+00,0.000000e+00,0.000000e+00,0.000000e+00
1.000000e+00,0.000000e+00,0.000000e+00,0.000000e+00,0.000000e+00,0.000000e+00,0.000000e+00,0.000000e+00,0.000000e+00,0.000000e+00,0.000000e+00,0.000000e+00,0.000000e+00,0.000000e+00,0.000000e+00
1.000000e+00,0.000000e+00,0.000000e+00,0.000000e+00,0.000000e+00,0.000000e+00,0.000000e+00,0.000000e+00,0.000000e+00,0.000000e+00,0.000000e+00,0.000000e+00,0.000000e+00,0.000000e+00,0.000000e+00
1.000000e+00,0.000000e+00,0.000000e+00,0.000000e+00,0.000000e+00,0.000000e+00,0.000000e+00,0.000000e+00,0.000000e+00,0.000000e+00,0.000000e+00,0.000000e+00,0.000000e+00,0.000000e+00,0.000000e+00
1.000000e+00,0.000000e+00,0.000000e+00,0.000000e+00,0.000000e+00,0.000000e+00,0.000000e+00,0.000000e+00,0.000000e+00,0.000000e+00,0.000000e+00,0.000000e+00,0.000000e+00,0.000000e+00,0.000000e+00
1.000000e+00,0.000000e+00,0.000000e+00,0.000000e+00,0.000000e+00,0.000000e+00,0.000000e+00,0.000000e+00,0.000000e+00,0.000000e+00,0.000000e+00,0.000000e+00,0.000000e+00,0.000000e+00,0.000000e+00
1.000000e+00,0.000000e+00,0.000000e+00,0.000000e+00,0.000000e+00,0.000000e+00,0.000000e+00,0.000000e+00,0.000000e+00,0.000000e+00,0.000000e+00,0.000000e+00,0.000000e+00,0.000000e+00,0.000000e+00
4.844899e-01,6.639335e-02,3.373669e-02,1.436531e-01,2.058971e-02,2.847230e-02,9.995460e-03,1.141096e-02,3.984642e-02,6.020902e-03,1.650346e-02,6.286433e-02,3.743082e-02,5.306653e-03,3.328587e-02
4.610682e-01,5.654278e-02,2.736939e-02,1.303416e-01,2.083134e-02,2.650047e-02,8.728557e-03,1.061612e-02,3.695150e-02,5.873709e-03,2.391016e-02,8.735092e-02,6.339274e-02,7.139680e-03,3.338276e-02
1.000000e+00,0.000000e+00,0.000000e+00,0.000000e+00,0.000000e+00,0.000000e+00,0.000000e+00,0.000000e+00,0.000000e+00,0.000000e+00,0.000000e+00,0.000000e+00,0.000000e+00,0.000000e+00,0.000000e+00
1.000000e+00,0.000000e+00,0.000000e+00,0.000000e+00,0.000000e+00,0.000000e+00,0.000000e+00,0.000000e+00,0.000000e+00,0.000000e+00,0.000000e+00,0.000000e+00,0.000000e+00,0.000000e+00,0.000000e+00
1.000000e+00,0.000000e+00,0.000000e+00,0.000000e+00,0.000000e+00,0.000000e+00,0.000000e+00,0.000000e+00,0.000000e+00,0.000000e+00,0.000000e+00,0.000000e+00,0.000000e+00,0.000000e+00,0.000000e+00
1.000000e+00,0.000000e+00,0.000000e+00,0.000000e+00,0.000000e+00,0.000000e+00,0.000000e+00,0.000000e+00,0.000000e+00,0.000000e+00,0.000000e+00,0.000000e+00,0.000000e+00,0.000000e+00,0.000000e+00
1.000000e+00,0.000000e+00,0.000000e+00,0.000000e+00,0.000000e+00,0.000000e+00,0.000000e+00,0.000000e+00,0.000000e+00,0.000000e+00,0.000000e+00,0.000000e+00,0.000000e+00,0.000000e+00,0.000000e+00
1.000000e+00,0.000000e+00,0.000000e+00,0.000000e+00,0.000000e+00,0.000000e+00,0.000000e+00,0.000000e+00,0.000000e+00,0.000000e+00,0.000000e+00,0.000000e+00,0.000000e+00,0.000000e+00,0.000000e+00
1.000000e+00,0.000000e+00,0.000000e+00,0.000000e+00,0.000000e+00,0.000000e+00,0.000000e+00,0.000000e+00,0.000000e+00,0.000000e+00,0.000000e+00,0.000000e+00,0.000000e+00,0.000000e+00,0.000000e+00
1.000000e+00,0.000000e+00,0.000000e+00,0.000000e+00,0.000000e+00,0.000000e+00,0.000000e+00,0.000000e+00,0.000000e+00,0.000000e+00,0.000000e+00,0.000000e+00,0.000000e+00,0.000000e+00,0.000000e+00
1.000000e+00,0.000000e+00,0.000000e+00,0.000000e+00,0.000000e+00,0.000000e+00,0.000000e+00,0.000000e+00,0.000000e+00,0.000000e+00,0.000000e+00,0.000000e+00,0.000000e+00,0.000000e+00,0.000000e+00
1.000000e+00,0.000000e+00,0.000000e+00,0.000000e+00,0.000000e+00,0.000000e+00,0.000000e+00,0.000000e+00,0.000000e+00,0.000000e+00,0.000000e+00,0.000000e+00,0.000000e+00,0.000000e+00,0.000000e+00
1.000000e+00,0.000000e+00,0.000000e+00,0.000000e+00,0.000000e+00,0.000000e+00,0.000000e+00,0.000000e+00,0.000000e+00,0.000000e+00,0.000000e+00,0.000000e+00,0.000000e+00,0.000000e+00,0.000000e+00
4.668134e-01,4.713228e-02,1.512519e-02,2.734844e-02,2.708900e-02,3.162336e-02,3.079668e-03,2.372219e-02,1.198496e-01,4.535564e-02,2.700334e-02,8.614310e-02,2.327777e-02,1.839021e-02,3.804689e-02
3.775716e-01,6.919162e-02,1.728232e-02,6.643885e-02,2.629371e-02,3.545072e-02,3.161272e-03,3.332593e-02,1.605895e-01,4.411915e-02,2.708378e-02,6.732295e-02,2.023697e-02,1.652933e-02,3.540237e-02
3.501908e-01,6.411779e-02,1.638554e-02,6.330189e-02,4.541191e-02,4.082629e-02,5.502510e-03,2.818641e-02,2.005478e-01,3.916094e-02,2.644759e-02,5.110942e-02,1.704956e-02,1.443224e-02,3.732924e-02
3.503665e-01,5.970887e-02,1.860877e-02,8.862874e-02,5.736712e-02,3.658582e-02,6.762910e-03,2.511987e-02,2.006667e-01,3.339609e-02,2.181019e-02,3.878212e-02,1.401262e-02,1.370176e-02,3.448190e-02
4.169236e-01,6.193854e-02,1.608302e-02,7.748667e-02,5.398292e-02,3.079980e-02,6.136292e-03,1.930233e-02,1.725271e-01,2.828852e-02,1.694235e-02,3.087817e-02,1.169652e-02,1.347016e-02,4.354404e-02
4.698718e-01,6.023666e-02,1.285760e-02,6.961060e-02,4.872974e-02,2.833075e-02,5.208294e-03,1.607730e-02,1.547529e-01,2.298026e-02,1.451841e-02,2.970773e-02,1.122376e-02,1.140924e-02,4.448495e-02
4.830732e-01,9.014187e-02,1.164168e-02,5.579765e-02,4.993164e-02,2.481036e-02,4.604895e-03,1.852019e-02,1.444263e-01,1.832005e-02,1.200526e-02,2.450334e-02,9.481777e-03,1.160639e-02,4.113542e-02
1.000000e+00,0.000000e+00,0.000000e+00,0.000000e+00,0.000000e+00,0.000000e+00,0.000000e+00,0.000000e+00,0.000000e+00,0.000000e+00,0.000000e+00,0.000000e+00,0.000000e+00,0.000000e+00,0.000000e+00
4.969524e-01,1.193528e-01,8.096699e-03,3.431527e-02,5.389984e-02,2.099767e-02,4.230617e-03,3.172231e-02,1.519813e-01,1.062946e-02,8.204699e-03,1.575952e-02,6.723773e-03,9.661440e-03,2.747223e-02
4.406754e-01,1.444862e-01,6.423737e-03,2.699450e-02,5.224272e-02,2.367015e-02,3.766990e-03,3.994270e-02,1.950903e-01,8.814342e-03,6.988422e-03,1.322813e-02,5.962961e-03,8.996105e-03,2.271736e-02
3.543185e-01,1.706005e-01,5.528724e-03,2.115465e-02,5.485854e-02,2.597404e-02,3.783497e-03,6.706195e-02,2.433433e-01,7.316203e-03,5.576630e-03,1.042566e-02,5.108095e-03,7.521234e-03,1.742845e-02
2.870587e-01,1.920449e-01,4.608088e-03,1.609199e-02,5.145398e-02,3.394075e-02,3.570223e-03,6.913084e-02,2.979614e-01,6.095441e-03,4.858547e-03,8.528728e-03,4.600771e-03,6.394227e-03,1.366152e-02
2.278347e-01,2.569456e-01,3.747073e-03,1.187021e-02,4.340224e-02,4.848634e-02,3.190648e-03,5.726908e-02,3.106312e-01,5.731680e-03,4.036961e-03,7.320651e-03,4.106862e-03,4.976766e-03,1.044998e-02
2.007795e-01,3.212083e-01,3.254095e-03,8.857687e-03,3.549647e-02,5.912243e-02,2.799833e-03,4.674659e-02,2.873713e-01,5.994177e-03,3.545815e-03,7.613298e-03,4.460813e-03,4.305778e-03,8.443991e-03
2.084845e-01,3.467113e-01,2.682094e-03,7.129828e-03,2.905036e-02,6.809062e-02,2.564086e-03,3.606117e-02,2.678963e-01,5.724531e-03,3.014339e-03,6.571892e-03,4.837122e-03,3.493400e-03,7.688472e-03
2.818477e-01,3.252675e-01,2.237122e-03,6.157309e-03,2.371926e-02,7.473993e-02,2.219465e-03,2.632751e-02,2.249407e-01,5.802177e-03,3.296818e-03,6.492807e-03,5.816157e-03,2.957782e-03,8.177731e-03
3.707573e-01,2.922015e-01,1.908345e-03,5.793806e-03,1.926587e-02,6.974428e-02,2.041257e-03,1.938250e-02,1.845670e-01,6.006790e-03,3.472384e-03,6.873613e-03,6.172564e-03,2.613671e-03,9.199128e-03
4.783314e-01,2.430010e-01,1.744443e-03,5.373229e-03,1.527056e-02,5.647369e-02,1.800864e-03,1.432966e-02,1.480053e-01,5.717984e-03,3.980707e-03,7.232463e-03,6.360233e-03,2.531643e-03,9.846797e-03
1.000000e+00,0.000000e+00,0.000000e+00,0.000000e+00,0.000000e+00,0.000000e+00,0.000000e+00,0.000000e+00,0.000000e+00,0.000000e+00,0.000000e+00,0.000000e+00,0.000000e+00,0.000000e+00,0.000000e+00
1.000000e+00,0.000000e+00,0.000000e+00,0.000000e+00,0.000000e+00,0.000000e+00,0.000000e+00,0.000000e+00,0.000000e+00,0.000000e+00,0.000000e+00,0.000000e+00,0.000000e+00,0.000000e+00,0.000000e+00
1.000000e+00,0.000000e+00,0.000000e+00,0.000000e+00,0.000000e+00,0.000000e+00,0.000000e+00,0.000000e+00,0.000000e+00,0.000000e+00,0.000000e+00,0.000000e+00,0.000000e+00,0.000000e+00,0.000000e+00
1.000000e+00,0.000000e+00,0.000000e+00,0.000000e+00,0.000000e+00,0.000000e+00,0.000000e+00,0.000000e+00,0.000000e+00,0.000000e+00,0.000000e+00,0.000000e+00,0.000000e+00,0.000000e+00,0.000000e+00
1.000000e+00,0.000000e+00,0.000000e+00,0.000000e+00,0.000000e+00,0.000000e+00,0.000000e+00,0.000000e+00,0.000000e+00,0.000000e+00,0.000000e+00,0.000000e+00,0.000000e+00,0.000000e+00,0.000000e+00
1.000000e+00,0.000000e+00,0.000000e+00,0.000000e+00,0.000000e+00,0.000000e+00,0.000000e+00,0.000000e+00,0.000000e+00,0.000000e+00,0.000000e+00,0.000000e+00,0.000000e+00,0.000000e+00,0.000000e+00
1.000000e+00,0.000000e+00,0.000000e+00,0.000000e+00,0.000000e+00,0.000000e+00,0.000000e+00,0.000000e+00,0.000000e+00,0.000000e+00,0.000000e+00,0.000000e+00,0.000000e+00,0.000000e+00,0.000000e+00
1.000000e+00,0.000000e+00,0.000000e+00,0.000000e+00,0.000000e+00,0.000000e+00,0.000000e+00,0.000000e+00,0.000000e+00,0.000000e+00,0.000000e+00,0.000000e+00,0.000000e+00,0.000000e+00,0.000000e+00
1.000000e+00,0.000000e+00,0.000000e+00,0.000000e+00,0.000000e+00,0.000000e+00,0.000000e+00,0.000000e+00,0.000000e+00,0.000000e+00,0.000000e+00,0.000000e+00,0.000000e+00,0.000000e+00,0.000000e+00
1.000000e+00,0.000000e+00,0.000000e+00,0.000000e+00,0.000000e+00,0.000000e+00,0.000000e+00,0.000000e+00,0.000000e+00,0.000000e+00,0.000000e+00,0.000000e+00,0.000000e+00,0.000000e+00,0.000000e+00
1.000000e+00,0.000000e+00,0.000000e+00,0.000000e+00,0.000000e+00,0.000000e+00,0.000000e+00,0.000000e+00,0.000000e+00,0.000000e+00,0.000000e+00,0.000000e+00,0.000000e+00,0.000000e+00,0.000000e+00
1.000000e+00,0.000000e+00,0.000000e+00,0.000000e+00,0.000000e+00,0.000000e+00,0.000000e+00,0.000000e+00,0.000000e+00,0.000000e+00,0.000000e+00,0.000000e+00,0.000000e+00,0.000000e+00,0.000000e+00
1.000000e+00,0.000000e+00,0.000000e+00,0.000000e+00,0.000000e+00,0.000000e+00,0.000000e+00,0.000000e+00,0.000000e+00,0.000000e+00,0.000000e+00,0.000000e+00,0.000000e+00,0.000000e+00,0.000000e+00
1.000000e+00,0.000000e+00,0.000000e+00,0.000000e+00,0.000000e+00,0.000000e+00,0.000000e+00,0.000000e+00,0.000000e+00,0.000000e+00,0.000000e+00,0.000000e+00,0.000000e+00,0.000000e+00,0.000000e+00
1.000000e+00,0.000000e+00,0.000000e+00,0.000000e+00,0.000000e+00,0.000000e+00,0.000000e+00,0.000000e+00,0.000000e+00,0.000000e+00,0.000000e+00,0.000000e+00,0.000000e+00,0.000000e+00,0.000000e+00
1.000000e+00,0.000000e+00,0.000000e+00,0.000000e+00,0.000000e+00,0.000000e+00,0.000000e+00,0.000000e+00,0.000000e+00,0.000000e+00,0.000000e+00,0.000000e+00,0.000000e+00,0.000000e+00,0.000000e+00
1.000000e+00,0.000000e+00,0.000000e+00,0.000000e+00,0.000000e+00,0.000000e+00,0.000000e+00,0.000000e+00,0.000000e+00,0.000000e+00,0.000000e+00,0.000000e+00,0.000000e+00,0.000000e+00,0.000000e+00
1.000000e+00,0.000000e+00,0.000000e+00,0.000000e+00,0.000000e+00,0.000000e+00,0.000000e+00,0.000000e+00,0.000000e+00,0.000000e+00,0.000000e+00,0.000000e+00,0.000000e+00,0.000000e+00,0.000000e+00
1.000000e+00,0.000000e+00,0.000000e+00,0.000000e+00,0.000000e+00,0.000000e+00,0.000000e+00,0.000000e+00,0.000000e+00,0.000000e+00,0.000000e+00,0.000000e+00,0.000000e+00,0.000000e+00,0.000000e+00
1.000000e+00,0.000000e+00,0.000000e+00,0.000000e+00,0.000000e+00,0.000000e+00,0.000000e+00,0.000000e+00,0.000000e+00,0.000000e+00,0.000000e+00,0.000000e+00,0.000000e+00,0.000000e+00,0.000000e+00
1.000000e+00,0.000000e+00,0.000000e+00,0.000000e+00,0.000000e+00,0.000000e+00,0.000000e+00,0.000000e+00,0.000000e+00,0.000000e+00,0.000000e+00,0.000000e+00,0.000000e+00,0.000000e+00,0.000000e+00
1.000000e+00,0.000000e+00,0.000000e+00,0.000000e+00,0.000000e+00,0.000000e+00,0.000000e+00,0.000000e+00,0.000000e+00,0.000000e+00,0.000000e+00,0.000000e+00,0.000000e+00,0.000000e+00,0.000000e+00
1.000000e+00,0.000000e+00,0.000000e+00,0.000000e+00,0.000000e+00,0.000000e+00,0.000000e+00,0.000000e+00,0.000000e+00,0.000000e+00,0.000000e+00,0.000000e+00,0.000000e+00,0.000000e+00,0.000000e+00
1.000000e+00,0.000000e+00,0.000000e+00,0.000000e+00,0.000000e+00,0.000000e+00,0.000000e+00,0.000000e+00,0.000000e+00,0.000000e+00,0.000000e+00,0.000000e+00,0.000000e+00,0.000000e+00,0.000000e+00
1.000000e+00,0.000000e+00,0.000000e+00,0.000000e+00,0.000000e+00,0.000000e+00,0.000000e+00,0.000000e+00,0.000000e+00,0.000000e+00,0.000000e+00,0.000000e+00,0.000000e+00,0.000000e+00,0.000000e+00
1.000000e+00,0.000000e+00,0.000000e+00,0.000000e+00,0.000000e+00,0.000000e+00,0.000000e+00,0.000000e+00,0.000000e+00,0.000000e+00,0.000000e+00,0.000000e+00,0.000000e+00,0.000000e+00,0.000000e+00
1.000000e+00,0.000000e+00,0.000000e+00,0.000000e+00,0.000000e+00,0.000000e+00,0.000000e+00,0.000000e+00,0.000000e+00,0.000000e+00,0.000000e+00,0.000000e+00,0.000000e+00,0.000000e+00,0.000000e+00
1.000000e+00,0.000000e+00,0.000000e+00,0.000000e+00,0.000000e+00,0.000000e+00,0.000000e+00,0.000000e+00,0.000000e+00,0.000000e+00,0.000000e+00,0.000000e+00,0.000000e+00,0.000000e+00,0.000000e+00
1.000000e+00,0.000000e+00,0.000000e+00,0.000000e+00,0.000000e+00,0.000000e+00,0.000000e+00,0.000000e+00,0.000000e+00,0.000000e+00,0.000000e+00,0.000000e+00,0.000000e+00,0.000000e+00,0.000000e+00
1.000000e+00,0.000000e+00,0.000000e+00,0.000000e+00,0.000000e+00,0.000000e+00,0.000000e+00,0.000000e+00,0.000000e+00,0.000000e+00,0.000000e+00,0.000000e+00,0.000000e+00,0.000000e+00,0.000000e+00
1.000000e+00,0.000000e+00,0.000000e+00,0.000000e+00,0.000000e+00,0.000000e+00,0.000000e+00,0.000000e+00,0.000000e+00,0.000000e+00,0.000000e+00,0.000000e+00,0.000000e+00,0.000000e+00,0.000000e+00
1.000000e+00,0.000000e+00,0.000000e+00,0.000000e+00,0.000000e+00,0.000000e+00,0.000000e+00,0.000000e+00,0.000000e+00,0.000000e+00,0.000000e+00,0.000000e+00,0.000000e+00,0.000000e+00,0.000000e+00
1.000000e+00,0.000000e+00,0.000000e+00,0.000000e+00,0.000000e+00,0.000000e+00,0.000000e+00,0.000000e+00,0.000000e+00,0.000000e+00,0.000000e+00,0.000000e+00,0.000000e+00,0.000000e+00,0.000000e+00
1.000000e+00,0.000000e+00,0.000000e+00,0.000000e+00,0.000000e+00,0.000000e+00,0.000000e+00,0.000000e+00,0.000000e+00,0.000000e+00,0.000000e+00,0.000000e+00,0.000000e+00,0.000000e+00,0.000000e+00
1.000000e+00,0.000000e+00,0.000000e+00,0.000000e+00,0.000000e+00,0.000000e+00,0.000000e+00,0.000000e+00,0.000000e+00,0.000000e+00,0.000000e+00,0.000000e+00,0.000000e+00,0.000000e+00,0.000000e+00
1.000000e+00,0.000000e+00,0.000000e+00,0.000000e+00,0.000000e+00,0.000000e+00,0.000000e+00,0.000000e+00,0.000000e+00,0.000000e+00,0.000000e+00,0.000000e+00,0.000000e+00,0.000000e+00,0.000000e+00
1.000000e+00,0.000000e+00,0.000000e+00,0.000000e+00,0.000000e+00,0.000000e+00,0.000000e+00,0.000000e+00,0.000000e+00,0.000000e+00,0.000000e+00,0.000000e+00,0.000000e+00,0.000000e+00,0.000000e+00
1.000000e+00,0.000000e+00,0.000000e+00,0.000000e+00,0.000000e+00,0.000000e+00,0.000000e+00,0.000000e+00,0.000000e+00,0.000000e+00,0.000000e+00,0.000000e+00,0.000000e+00,0.000000e+00,0.000000e+00
1.000000e+00,0.000000e+00,0.000000e+00,0.000000e+00,0.000000e+00,0.000000e+00,0.000000e+00,0.000000e+00,0.000000e+00,0.000000e+00,0.000000e+00,0.000000e+00,0.000000e+00,0.000000e+00,0.000000e+00
1.000000e+00,0.000000e+00,0.000000e+00,0.000000e+00,0.000000e+00,0.000000e+00,0.000000e+00,0.000000e+00,0.000000e+00,0.000000e+00,0.000000e+00,0.000000e+00,0.000000e+00,0.000000e+00,0.000000e+00
1.000000e+00,0.000000e+00,0.000000e+00,0.000000e+00,0.000000e+00,0.000000e+00,0.000000e+00,0.000000e+00,0.000000e+00,0.000000e+00,0.000000e+00,0.000000e+00,0.000000e+00,0.000000e+00,0.000000e+00
1.000000e+00,0.000000e+00,0.000000e+00,0.000000e+00,0.000000e+00,0.000000e+00,0.000000e+00,0.000000e+00,0.000000e+00,0.000000e+00,0.000000e+00,0.000000e+00,0.000000e+00,0.000000e+00,0.000000e+00
1.000000e+00,0.000000e+00,0.000000e+00,0.000000e+00,0.000000e+00,0.000000e+00,0.000000e+00,0.000000e+00,0.000000e+00,0.000000e+00,0.000000e+00,0.000000e+00,0.000000e+00,0.000000e+00,0.000000e+00
1.000000e+00,0.000000e+00,0.000000e+00,0.000000e+00,0.000000e+00,0.000000e+00,0.000000e+00,0.000000e+00,0.000000e+00,0.000000e+00,0.000000e+00,0.000000e+00,0.000000e+00,0.000000e+00,0.000000e+00
1.000000e+00,0.000000e+00,0.000000e+00,0.000000e+00,0.000000e+00,0.000000e+00,0.000000e+00,0.000000e+00,0.000000e+00,0.000000e+00,0.000000e+00,0.000000e+00,0.000000e+00,0.000000e+00,0.000000e+00
1.000000e+00,0.000000e+00,0.000000e+00,0.000000e+00,0.000000e+00,0.000000e+00,0.000000e+00,0.000000e+00,0.000000e+00,0.000000e+00,0.000000e+00,0.000000e+00,0.000000e+00,0.000000e+00,0.000000e+00
1.000000e+00,0.000000e+00,0.000000e+00,0.000000e+00,0.000000e+00,0.000000e+00,0.000000e+00,0.000000e+00,0.000000e+00,0.000000e+00,0.000000e+00,0.000000e+00,0.000000e+00,0.000000e+00,0.000000e+00
1.000000e+00,0.000000e+00,0.000000e+00,0.000000e+00,0.000000e+00,0.000000e+00,0.000000e+00,0.000000e+00,0.000000e+00,0.000000e+00,0.000000e+00,0.000000e+00,0.000000e+00,0.000000e+00,0.000000e+00
4.367412e-01,5.493288e-02,4.375879e-02,1.498015e-01,1.578833e-02,4.006670e-02,1.054781e-02,1.681436e-02,2.211829e-02,4.159399e-03,2.345791e-02,6.246694e-02,6.340785e-02,6.890151e-03,4.904795e-02
3.479607e-01,5.844155e-02,9.861319e-02,2.118918e-01,1.597603e-02,3.410315e-02,8.481598e-03,1.793167e-02,2.180557e-02,3.753042e-03,2.097777e-02,5.467333e-02,5.136290e-02,6.046648e-03,4.798112e-02
4.359094e-01,5.081232e-02,8.132054e-02,1.721285e-01,1.724526e-02,3.215189e-02,7.619035e-03,1.610827e-02,1.919196e-02,3.306846e-03,1.968223e-02,4.700770e-02,4.572493e-02,6.067469e-03,4.572373e-02
3.992640e-01,4.961288e-02,8.354298e-02,2.256173e-01,1.748740e-02,3.143161e-02,6.835985e-03,1.602750e-02,1.725208e-02,2.782210e-03,1.816406e-02,4.730961e-02,3.869370e-02,5.236723e-03,4.074202e-02
4.109197e-01,4.250842e-02,1.013512e-01,2.214231e-01,1.655626e-02,2.867079e-02,5.883846e-03,1.464025e-02,1.400210e-02,2.430779e-03,2.087938e-02,4.945439e-02,3.224905e-02,4.751473e-03,3.427939e-02
4.604154e-01,3.636257e-02,1.162450e-01,1.845275e-01,1.365659e-02,2.674229e-02,5.144278e-03,1.269507e-02,1.134083e-02,2.463967e-03,1.987547e-02,4.561254e-02,2.784179e-02,4.356648e-03,3.272007e-02
1.000000e+00,0.000000e+00,0.000000e+00,0.000000e+00,0.000000e+00,0.000000e+00,0.000000e+00,0.000000e+00,0.000000e+00,0.000000e+00,0.000000e+00,0.000000e+00,0.000000e+00,0.000000e+00,0.000000e+00
1.000000e+00,0.000000e+00,0.000000e+00,0.000000e+00,0.000000e+00,0.000000e+00,0.000000e+00,0.000000e+00,0.000000e+00,0.000000e+00,0.000000e+00,0.000000e+00,0.000000e+00,0.000000e+00,0.000000e+00
1.000000e+00,0.000000e+00,0.000000e+00,0.000000e+00,0.000000e+00,0.000000e+00,0.000000e+00,0.000000e+00,0.000000e+00,0.000000e+00,0.000000e+00,0.000000e+00,0.000000e+00,0.000000e+00,0.000000e+00
1.000000e+00,0.000000e+00,0.000000e+00,0.000000e+00,0.000000e+00,0.000000e+00,0.000000e+00,0.000000e+00,0.000000e+00,0.000000e+00,0.000000e+00,0.000000e+00,0.000000e+00,0.000000e+00,0.000000e+00
1.000000e+00,0.000000e+00,0.000000e+00,0.000000e+00,0.000000e+00,0.000000e+00,0.000000e+00,0.000000e+00,0.000000e+00,0.000000e+00,0.000000e+00,0.000000e+00,0.000000e+00,0.000000e+00,0.000000e+00
1.000000e+00,0.000000e+00,0.000000e+00,0.000000e+00,0.000000e+00,0.000000e+00,0.000000e+00,0.000000e+00,0.000000e+00,0.000000e+00,0.000000e+00,0.000000e+00,0.000000e+00,0.000000e+00,0.000000e+00
1.000000e+00,0.000000e+00,0.000000e+00,0.000000e+00,0.000000e+00,0.000000e+00,0.000000e+00,0.000000e+00,0.000000e+00,0.000000e+00,0.000000e+00,0.000000e+00,0.000000e+00,0.000000e+00,0.000000e+00
1.000000e+00,0.000000e+00,0.000000e+00,0.000000e+00,0.000000e+00,0.000000e+00,0.000000e+00,0.000000e+00,0.000000e+00,0.000000e+00,0.000000e+00,0.000000e+00,0.000000e+00,0.000000e+00,0.000000e+00
1.000000e+00,0.000000e+00,0.000000e+00,0.000000e+00,0.000000e+00,0.000000e+00,0.000000e+00,0.000000e+00,0.000000e+00,0.000000e+00,0.000000e+00,0.000000e+00,0.000000e+00,0.000000e+00,0.000000e+00
