1.000000e+00,0.000000e+00,0.000000e+00,0.000000e+00,0.000000e+00,0.000000e+00,0.000000e+00,0.000000e+00,0.000000e+00,0.000000e+00,0.000000e+00,0.000000e+00,0.000000e+00,0.000000e+00,0.000000e+00
1.000000e+00,0.000000e+00,0.000000e+00,0.000000e+00,0.000000e+00,0.000000e+00,0.000000e+00,0.000000e+00,0.000000e+00,0.000000e+00,0.000000e+00,0.000000e+00,0.000000e+00,0.000000e+00,0.000000e+00
1.000000e+00,0.000000e+00,0.000000e+00,0.000000e+00,0.000000e+00,0.000000e+00,0.000000e+00,0.000000e+00,0.000000e+00,0.000000e+00,0.000000e+00,0.000000e+00,0.000000e+00,0.000000e+00,0.000000e+00
1.000000e+00,0.000000e+00,0.000000e+00,0.000000e+00,0.000000e+00,0.000000e+00,0.000000e+00,0.000000e+00,0.000000e+00,0.000000e+00,0.000000e+00,0.000000e+00,0.000000e+00,0.000000e+00,0.000000e+00
1.000000e+00,0.000000e+00,0.000000e+00,0.000000e+00,0.000000e+00,0.000000e+00,0.000000e+00,0.000000e+00,0.000000e+00,0.000000e+00,0.000000e+00,0.000000e+00,0.000000e+00,0.000000e+00,0.000000e+00
1.000000e+00,0.000000e+00,0.000000e+00,0.000000e+00,0.000000e+00,0.000000e+00,0.000000e+00,0.000000e+00,0.000000e+00,0.000000e+00,0.000000e+00,0.000000e+00,0.000000e+00,0.000000e+00,0.000000e+00
1.000000e+00,0.000000e+00,0.000000e+00,0.000000e+00,0.000000e+00,0.000000e+00,0.000000e+00,0.000000e+00,0.000000e+00,0.000000e+00,0.000000e+00,0.000000e+00,0.000000e+00,0.000000e+00,0.000000e+00
1.000000e+00,0.000000e+00,0.000000e+00,0.000000e+00,0.000000e+00,0.000000e+00,0.000000e+00,0.000000e+00,0.000000e+00,0.000000e+00,0.000000e+00,0.000000e+00,0.000000e+00,0.000000e+00,0.000000e+00
1.000000e+00,0.000000e+00,0.000000e+00,0.000000e+00,0.000000e+00,0.000000e+00,0.000000e+00,0.000000e+00,0.000000e+00,0.000000e+00,0.000000e+00,0.000000e+00,0.000000e+00,0.000000e+00,0.000000e+00
1.000000e+00,0.000000e+00,0.000000e+00,0.000000e+00,0.000000e+00,0.000000e+00,0.000000e+00,0.000000e+00,0.000000e+00,0.000000e+00,0.000000e+00,0.000000e+00,0.000000e+00,0.000000e+00,0.000000e+00
1.000000e+00,0.000000e+00,0.000000e+00,0.000000e+00,0.000000e+00,0.000000e+00,0.000000e+00,0.000000e+00,0.000000e+00,0.000000e+00,0.000000e+00,0.000000e+00,0.000000e+00,0.000000e+00,0.000000e+00
1.000000e+00,0.000000e+00,0.000000e+00,0.000000e+00,0.000000e+00,0.000000e+00,0.000000e+00,0.000000e+00,0.000000e+00,0.000000e+00,0.000000e+00,0.000000e+00,0.000000e+00,0.000000e+00,0.000000e+00
1.000000e+00,0.000000e+00,0.000000e+00,0.000000e+00,0.000000e+00,0.000000e+00,0.000000e+00,0.000000e+00,0.000000e+00,0.000000e+00,0.000000e+00,0.000000e+00,0.000000e+00,0.000000e+00,0.000000e+00
1.000000e+00,0.000000e+00,0.000000e+00,0.000000e+00,0.000000e+00,0.000000e+00,0.000000e+00,0.000000e+00,0.000000e+00,0.000000e+00,0.000000e+00,0.000000e+00,0.000000e+00,0.000000e+00,0.000000e+00
1.000000e+00,0.000000e+00,0.000000e+00,0.000000e+00,0.000000e+00,0.000000e+00,0.000000e+00,0.000000e+00,0.000000e+00,0.000000e+00,0.000000e+00,0.000000e+00,0.000000e+00,0.000000e+00,0.000000e+00
1.000000e+00,0.000000e+00,0.000000e+00,0.000000e+00,0.000000e+00,0.000000e+00,0.000000e+00,0.000000e+00,0.000000e+00,0.000000e+00,0.000000e+00,0.000000e+00,0.000000e+00,0.000000e+00,0.000000e+00
1.000000e+00,0.000000e+00,0.000000e+00,0.000000e+00,0.000000e+00,0.000000e+00,0.000000e+00,0.000000e+00,0.000000e+00,0.000000e+00,0.000000e+00,0.000000e+00,0.000000e+00,0.000000e+00,0.000000e+00
1.000000e+00,0.000000e+00,0.000000e+00,0.000000e+00,0.000000e+00,0.000000e+00,0.000000e+00,0.000000e+00,0.000000e+00,0.000000e+00,0.000000e+00,0.000000e+00,0.000000e+00,0.000000e+00,0.000000e+00
1.000000e+00,0.000000e+00,0.000000e+00,0.000000e+00,0.000000e+00,0.000000e+00,0.000000e+00,0.000000e+00,0.000000e+00,0.000000e+00,0.000000e+00,0.000000e+00,0.000000e+00,0.000000e+00,0.000000e+00
1.000000e+00,0.000000e+00,0.000000e+00,0.000000e+00,0.000000e+00,0.000000e+00,0.000000e+00,0.000000e+00,0.000000e+00,0.000000e+00,0.000000e+00,0.000000e+00,0.000000e+00,0.000000e+00,0.000000e+00
1.000000e+00,0.000000e+00,0.000000e+00,0.000000e+00,0.000000e+00,0.000000e+00,0.000000e+00,0.000000e+00,0.000000e+00,0.000000e+00,0.000000e+00,0.000000e+00,0.000000e+00,0.000000e+00,0.000000e+00
1.000000e+00,0.000000e+00,0.000000e+00,0.000000e+00,0.000000e+00,0.000000e+00,0.000000e+00,0.000000e+00,0.000000e+00,0.000000e+00,0.000000e+00,0.000000e+00,0.000000e+00,0.000000e+00,0.000000e+00
1.000000e+00,0.000000e+00,0.000000e+00,0.000000e+00,0.000000e+00,0.000000e+00,0.000000e+00,0.000000e+00,0.000000e+00,0.000000e+00,0.000000e+00,0.000000e+00,0.000000e+00,0.000000e+00,0.000000e+00
1.000000e+00,0.000000e+00,0.000000e+00,0.000000e+00,0.000000e+00,0.000000e+00,0.000000e+00,0.000000e+00,0.000000e+00,0.000000e+00,0.000000e+00,0.000000e+00,0.000000e+00,0.000000e+00,0.000000e+00
1.000000e+00,0.000000e+00,0.000000e+00,0.000000e+00,0.000000e+00,0.000000e+00,0.000000e+00,0.000000e+00,0.000000e+00,0.000000e+00,0.000000e+00,0.000000e+00,0.000000e+00,0.000000e+00,0.000000e+00
1.000000e+00,0.000000e+00,0.000000e+00,0.000000e+00,0.000000e+00,0.000000e+00,0.000000e+00,0.000000e+00,0.000000e+00,0.000000e+00,0.000000e+00,0.000000e+00,0.000000e+00,0.000000e+00,0.000000e+00
1.000000e+00,0.000000e+00,0.000000e+00,0.000000e+00,0.000000e+00,0.000000e+00,0.000000e+00,0.000000e+00,0.000000e+00,0.000000e+00,0.000000e+00,0.000000e+00,0.000000e+00,0.000000e+00,0.000000e+00
1.000000e+00,0.000000e+00,0.000000e+00,0.000000e+00,0.000000e+00,0.000000e+00,0.000000e+00,0.000000e+00,0.000000e+00,0.000000e+00,0.000000e+00,0.000000e+00,0.000000e+00,0.000000e+00,0.000000e+00
1.000000e+00,0.000000e+00,0.000000e+00,0.000000e+00,0.000000e+00,0.000000e+00,0.000000e+00,0.000000e+00,0.000000e+00,0.000000e+00,0.000000e+00,0.000000e+00,0.000000e+00,0.000000e+00,0.000000e+00
1.000000e+00,0.000000e+00,0.000000e+00,0.000000e+00,0.000000e+00,0.000000e+00,0.000000e+00,0.000000e+00,0.000000e+00,0.000000e+00,0.000000e+00,0.000000e+00,0.000000e+00,0.000000e+00,0.000000e+00
1.000000e+00,0.000000e+00,0.000000e+00,0.000000e+00,0.000000e+00,0.000000e+00,0.000000e+00,0.000000e+00,0.000000e+00,0.000000e+00,0.000000e+00,0.000000e+00,0.000000e+00,0.000000e+00,0.000000e+00
1.000000e+00,0.000000e+00,0.000000e+00,0.000000e+00,0.000000e+00,0.000000e+00,0.000000e+00,0.000000e+00,0.000000e+00,0.000000e+00,0.000000e+00,0.000000e+00,0.000000e+00,0.000000e+00,0.000000e+00
1.000000e+00,0.000000e+00,0.000000e+00,0.000000e+00,0.000000e+00,0.000000e+00,0.000000e+00,0.000000e+00,0.000000e+00,0.000000e+00,0.000000e+00,0.000000e+00,0.000000e+00,0.000000e+00,0.000000e+00
1.000000e+00,0.000000e+00,0.000000e+00,0.000000e+00,0.000000e+00,0.000000e+00,0.000000e+00,0.000000e+00,0.000000e+00,0.000000e+00,0.000000e+00,0.000000e+00,0.000000e+00,0.000000e+00,0.000000e+00
1.000000e+00,0.000000e+00,0.000000e+00,0.000000e+00,0.000000e+00,0.000000e+00,0.000000e+00,0.000000e+00,0.000000e+00,0.000000e+00,0.000000e+00,0.000000e+00,0.000000e+00,0.000000e+00,0.000000e+00
1.000000e+00,0.000000e+00,0.000000e+00,0.000000e+00,0.000000e+00,0.000000e+00,0.000000e+00,0.000000e+00,0.000000e+00,0.000000e+00,0.000000e+00,0.000000e+00,0.000000e+00,0.000000e+00,0.000000e+00
1.000000e+00,0.000000e+00,0.000000e+00,0.000000e+00,0.000000e+00,0.000000e+00,0.000000e+00,0.000000e+00,0.000000e+00,0.000000e+00,0.000000e+00,0.000000e+00,0.000000e+00,0.000000e+00,0.000000e+00
1.000000e+00,0.000000e+00,0.000000e+00,0.000000e+00,0.000000e+00,0.000000e+00,0.000000e+00,0.000000e+00,0.000000e+00,0.000000e+00,0.000000e+00,0.000000e+00,0.000000e+00,0.000000e+00,0.000000e+00
1.000000e+00,0.000000e+00,0.000000e+00,0.000000e+00,0.000000e+00,0.000000e+00,0.000000e+00,0.000000e+00,0.000000e+00,0.000000e+00,0.000000e+00,0.000000e+00,0.000000e+00,0.000000e+00,0.000000e+00
1.000000e+00,0.000000e+00,0.000000e+00,0.000000e+00,0.000000e+00,0.000000e+00,0.000000e+00,0.000000e+00,0.000000e+00,0.000000e+00,0.000000e+00,0.000000e+00,0.000000e+00,0.000000e+00,0.000000e+00
1.000000e+00,0.000000e+00,0.000000e+00,0.000000e+00,0.000000e+00,0.000000e+00,0.000000e+00,0.000000e+00,0.000000e+00,0.000000e+00,0.000000e+00,0.000000e+00,0.000000e+00,0.000000e+00,0.000000e+00
1.000000e+00,0.000000e+00,0.000000e+00,0.000000e+00,0.000000e+00,0.000000e+00,0.000000e+00,0.000000e+00,0.000000e+00,0.000000e+00,0.000000e+00,0.000000e+00,0.000000e+00,0.000000e+00,0.000000e+00
1.000000e+00,0.000000e+00,0.000000e+00,0.000000e+00,0.000000e+00,0.000000e+00,0.000000e+00,0.000000e+00,0.000000e+00,0.000000e+00,0.000000e+00,0.000000e+00,0.000000e+00,0.000000e+00,0.000000e+00
1.000000e+00,0.000000e+00,0.000000e+00,0.000000e+00,0.000000e+00,0.000000e+00,0.000000e+00,0.000000e+00,0.000000e+00,0.000000e+00,0.000000e+00,0.000000e+00,0.000000e+00,0.000000e+00,0.000000e+00
1.000000e+00,0.000000e+00,0.000000e+00,0.000000e+00,0.000000e+00,0.000000e+00,0.000000e+00,0.000000e+00,0.000000e+00,0.000000e+00,0.000000e+00,0.000000e+00,0.000000e+00,0.000000e+00,0.000000e+00
1.000000e+00,0.000000e+00,0.000000e+00,0.000000e+00,0.000000e+00,0.000000e+00,0.000000e+00,0.000000e+00,0.000000e+00,0.000000e+00,0.000000e+00,0.000000e+00,0.000000e+00,0.000000e+00,0.000000e+00
1.000000e+00,0.000000e+00,0.000000e+00,0.000000e+00,0.000000e+00,0.000000e+00,0.000000e+00,0.000000e+00,0.000000e+00,0.000000e+00,0.000000e+00,0.000000e+00,0.000000e+00,0.000000e+00,0.000000e+00
1.000000e+00,0.000000e+00,0.000000e+00,0.000000e+00,0.000000e+00,0.000000e+00,0.000000e+00,0.000000e+00,0.000000e+00,0.000000e+00,0.000000e+00,0.000000e+00,0.000000e+00,0.000000e+00,0.000000e+00
1.000000e+00,0.000000e+00,0.000000e+00,0.000000e+00,0.000000e+00,0.000000e+00,0.000000e+00,0.000000e+00,0.000000e+00,0.000000e+00,0.000000e+00,0.000000e+00,0.000000e+00,0.000000e+00,0.000000e+00
1.000000e+00,0.000000e+00,0.000000e+00,0.000000e+00,0.000000e+00,0.000000e+00,0.000000e+00,0.000000e+00,0.000000e+00,0.000000e+00,0.000000e+00,0.000000e+00,0.000000e+00,0.000000e+00,0.000000e+00
1.000000e+00,0.000000e+00,0.000000e+00,0.000000e+00,0.000000e+00,0.000000e+00,0.000000e+00,0.000000e+00,0.000000e+00,0.000000e+00,0.000000e+00,0.000000e+00,0.000000e+00,0.000000e+00,0.000000e+00
1.000000e+00,0.000000e+00,0.000000e+00,0.000000e+00,0.000000e+00,0.000000e+00,0.000000e+00,0.000000e+00,0.000000e+00,0.000000e+00,0.000000e+00,0.000000e+00,0.000000e+00,0.000000e+00,0.000000e+00
1.000000e+00,0.000000e+00,0.000000e+00,0.000000e+00,0.000000e+00,0.000000e+00,0.000000e+00,0.000000e+00,0.000000e+00,0.000000e+00,0.000000e+00,0.000000e+00,0.000000e+00,0.000000e+00,0.000000e+00
1.000000e+00,0.000000e+00,0.000000e+00,0.000000e+00,0.000000e+00,0.000000e+00,0.000000e+00,0.000000e+00,0.000000e+00,0.000000e+00,0.000000e+00,0.000000e+00,0.000000e+00,0.000000e+00,0.000000e+00
1.000000e+00,0.000000e+00,0.000000e+00,0.000000e+00,0.000000e+00,0.000000e+00,0.000000e+00,0.000000e+00,0.000000e+00,0.000000e+00,0.000000e+00,0.000000e+00,0.000000e+00,0.000000e+00,0.000000e+00
1.000000e+00,0.000000e+00,0.000000e+00,0.000000e+00,0.000000e+00,0.000000e+00,0.000000e+00,0.000000e+00,0.000000e+00,0.000000e+00,0.000000e+00,0.000000e+00,0.000000e+00,0.000000e+00,0.000000e+00
1.000000e+00,0.000000e+00,0.000000e+00,0.000000e+00,0.000000e+00,0.000000e+00,0.000000e+00,0.000000e+00,0.000000e+00,0.000000e+00,0.000000e+00,0.000000e+00,0.000000e+00,0.000000e+00,0.000000e+00
1.000000e+00,0.000000e+00,0.000000e+00,0.000000e+00,0.000000e+00,0.000000e+00,0.000000e+00,0.000000e+00,0.000000e+00,0.000000e+00,0.000000e+00,0.000000e+00,0.000000e+00,0.000000e+00,0.000000e+00
1.000000e+00,0.000000e+00,0.000000e+00,0.000000e+00,0.000000e+00,0.000000e+00,0.000000e+00,0.000000e+00,0.000000e+00,0.000000e+00,0.000000e+00,0.000000e+00,0.000000e+00,0.000000e+00,0.000000e+00
1.000000e+00,0.000000e+00,0.000000e+00,0.000000e+00,0.000000e+00,0.000000e+00,0.000000e+00,0.000000e+00,0.000000e+00,0.000000e+00,0.000000e+00,0.000000e+00,0.000000e+00,0.000000e+00,0.000000e+00
1.000000e+00,0.000000e+00,0.000000e+00,0.000000e+00,0.000000e+00,0.000000e+00,0.000000e+00,0.000000e+00,0.000000e+00,0.000000e+00,0.000000e+00,0.000000e+00,0.000000e+00,0.000000e+00,0.000000e+00
1.000000e+00,0.000000e+00,0.000000e+00,0.000000e+00,0.000000e+00,0.000000e+00,0.000000e+00,0.000000e+00,0.000000e+00,0.000000e+00,0.000000e+00,0.000000e+00,0.000000e+00,0.000000e+00,0.000000e+00
1.000000e+00,0.000000e+00,0.000000e+00,0.000000e+00,0.000000e+00,0.000000e+00,0.000000e+00,0.000000e+00,0.000000e+00,0.000000e+00,0.000000e+00,0.000000e+00,0.000000e+00,0.000000e+00,0.000000e+00
1.000000e+00,0.000000e+00,0.000000e+00,0.000000e+00,0.000000e+00,0.000000e+00,0.000000e+00,0.000000e+00,0.000000e+00,0.000000e+00,0.000000e+00,0.000000e+00,0.000000e+00,0.000000e+00,0.000000e+00
4.211807e-01,1.209257e-02,7.718206e-03,2.911215e-01,4.812137e-03,1.603272e-02,2.532877e-03,5.958452e-03,3.647740e-03,2.163303e-03,1.294949e-01,6.535432e-02,2.865732e-02,2.102667e-03,7.130609e-03
2.976070e-01,8.595372e-03,5.474819e-03,2.214012e-01,4.214590e-03,1.441356e-02,1.887888e-03,5.663411e-03,4.143290e-03,2.742396e-03,3.077131e-01,8.661896e-02,3.173193e-02,2.593695e-03,5.198806e-03
2.098506e-01,6.073655e-03,3.959800e-03,1.646274e-01,5.771823e-03,7.440849e-02,1.561701e-03,4.496331e-03,4.107141e-03,2.553395e-03,3.773789e-01,1.146061e-01,2.452353e-02,2.251409e-03,3.829716e-03
1.503057e-01,4.350164e-03,2.950952e-03,1.325743e-01,1.878480e-02,6.635695e-02,1.367528e-03,4.179551e-03,7.485543e-03,2.437315e-03,3.495165e-01,2.362182e-01,1.813137e-02,2.400509e-03,2.940635e-03
1.054640e-01,3.064936e-03,2.100700e-03,9.792349e-02,1.065530e-01,4.712991e-02,9.902819e-04,3.033311e-03,1.376550e-02,2.034561e-03,3.487709e-01,2.518879e-01,1.323495e-02,1.963805e-03,2.082885e-03
7.400719e-02,2.183506e-03,1.558263e-03,7.101358e-02,1.627770e-01,3.373637e-02,7.676603e-04,2.342077e-03,1.607036e-02,1.708809e-03,3.420014e-01,2.775286e-01,1.051687e-02,2.277825e-03,1.510412e-03
5.194424e-02,2.165738e-03,1.569213e-03,5.226202e-02,1.715927e-01,2.544185e-02,8.540524e-04,2.489531e-03,7.431869e-02,1.383296e-03,3.060729e-01,2.920191e-01,9.692303e-03,6.988252e-03,1.206098e-03
3.652020e-02,2.630639e-03,1.923494e-03,3.726665e-02,2.052765e-01,1.963260e-02,1.104760e-03,3.699157e-03,1.934045e-01,1.124053e-03,2.384406e-01,2.432240e-01,7.602483e-03,7.189728e-03,9.607101e-04
2.657069e-02,3.195411e-03,3.360481e-03,2.772591e-02,1.956948e-01,2.259227e-02,9.705537e-04,1.100175e-02,1.870901e-01,1.267263e-03,1.833785e-01,3.122797e-01,1.188106e-02,1.213134e-02,8.602901e-04
2.046586e-02,2.595616e-03,4.611486e-03,2.043327e-02,2.310258e-01,3.979041e-02,1.589239e-03,6.140213e-02,1.892703e-01,1.426192e-03,1.418878e-01,2.587622e-01,1.397610e-02,1.199203e-02,7.714543e-04
1.709973e-02,1.897396e-03,4.566895e-03,1.534155e-02,1.739989e-01,1.452607e-01,4.496053e-03,1.517163e-01,1.379568e-01,1.603781e-03,1.107447e-01,2.051627e-01,2.056163e-02,8.917695e-03,6.751257e-04
1.703159e-02,2.899373e-03,3.953442e-03,1.187846e-02,1.356632e-01,1.284540e-01,6.358768e-03,1.856820e-01,1.847089e-01,3.329499e-03,9.090029e-02,1.906780e-01,3.076704e-02,7.056848e-03,6.386646e-04
2.014219e-02,4.281200e-03,3.647952e-03,9.765446e-03,1.069434e-01,1.197335e-01,6.985270e-03,1.678793e-01,2.556710e-01,3.601777e-03,8.249195e-02,1.781460e-01,3.443434e-02,5.554103e-03,7.226606e-04
1.613162e-02,4.131624e-03,3.291202e-03,7.172490e-03,8.434585e-02,8.575369e-02,5.816947e-03,1.317442e-01,4.028429e-01,2.916043e-03,6.628793e-02,1.459239e-01,3.902083e-02,4.042130e-03,5.787944e-04
1.375636e-02,3.979437e-03,4.665038e-03,5.829013e-03,7.101966e-02,6.245714e-02,5.957665e-03,1.165452e-01,4.974743e-01,2.749217e-03,5.447221e-02,1.130933e-01,4.435224e-02,3.057219e-03,5.919591e-04
1.424138e-02,4.583478e-03,4.495387e-03,6.856072e-03,7.839017e-02,4.761439e-02,6.186900e-03,9.600789e-02,5.681449e-01,3.185514e-03,4.069161e-02,8.982122e-02,3.641584e-02,2.362215e-03,1.002983e-03
1.985864e-02,7.303404e-03,4.126814e-03,6.219546e-03,1.235283e-01,3.952422e-02,6.026390e-03,7.604496e-02,5.858901e-01,2.946680e-03,2.998876e-02,6.805479e-02,2.716063e-02,1.793107e-03,1.533786e-03
2.064740e-02,1.001975e-02,3.425831e-03,4.826257e-03,1.389017e-01,3.323964e-02,5.541100e-03,6.346145e-02,6.221238e-01,2.363457e-03,2.210277e-02,5.057437e-02,1.988496e-02,1.348045e-03,1.539425e-03
2.254954e-02,1.138452e-02,4.605097e-03,1.792681e-02,1.732496e-01,2.409788e-02,5.160929e-03,1.033856e-01,5.622227e-01,2.185851e-03,1.581505e-02,3.625180e-02,1.489484e-02,9.848906e-04,5.284871e-03
3.109416e-02,1.384324e-02,4.585611e-03,1.510216e-02,1.597247e-01,2.481600e-02,5.487900e-03,1.094142e-01,5.664890e-01,3.681153e-03,1.147105e-02,2.594707e-02,1.138194e-02,7.750100e-04,1.618679e-02
4.793498e-02,1.654071e-02,3.920177e-03,1.287084e-02,1.462480e-01,2.506576e-02,5.712565e-03,1.014439e-01,5.811641e-01,3.116852e-03,8.490435e-03,2.009898e-02,8.697482e-03,6.470828e-04,1.804801e-02
1.017503e-01,2.049513e-02,3.060824e-03,1.068933e-02,1.321342e-01,2.743615e-02,5.229938e-03,8.320019e-02,5.656353e-01,2.838542e-03,6.404249e-03,1.571622e-02,6.828391e-03,6.840725e-04,1.789715e-02
1.317788e-01,1.815449e-02,3.531992e-03,1.110728e-02,1.634016e-01,2.415559e-02,1.107073e-02,1.112982e-01,4.824185e-01,2.912422e-03,4.874195e-03,1.322141e-02,5.647411e-03,6.035707e-04,1.582383e-02
1.668158e-01,2.447419e-02,6.622182e-03,2.972323e-02,1.475935e-01,2.779300e-02,1.247250e-02,1.187698e-01,3.994555e-01,5.970219e-03,4.594153e-03,1.185949e-02,5.930732e-03,7.155198e-04,3.721014e-02
1.966101e-01,2.733027e-02,5.794969e-03,2.977866e-02,1.392660e-01,3.104260e-02,1.321565e-02,1.227699e-01,3.771736e-01,5.179840e-03,3.822875e-03,9.062603e-03,4.864216e-03,5.913434e-04,3.349737e-02
2.812979e-01,2.919875e-02,4.266731e-03,2.708325e-02,1.289841e-01,3.482676e-02,1.263581e-02,9.069115e-02,3.448617e-01,4.172551e-03,3.759466e-03,7.603504e-03,4.266574e-03,6.015976e-04,2.575018e-02
2.761760e-01,5.953100e-02,4.983632e-03,8.955079e-02,1.246482e-01,2.881651e-02,1.397239e-02,7.994144e-02,2.771332e-01,4.636940e-03,3.599975e-03,7.226837e-03,3.997067e-03,6.133433e-04,2.517274e-02
3.040174e-01,6.215059e-02,4.506125e-03,9.211047e-02,1.291242e-01,2.820045e-02,1.712614e-02,6.261296e-02,2.597973e-01,3.814980e-03,3.440088e-03,6.957683e-03,4.137068e-03,6.522096e-04,2.135231e-02
2.952616e-01,5.674948e-02,4.529869e-03,7.842588e-02,1.250421e-01,3.238734e-02,3.589747e-02,8.231100e-02,2.523377e-01,3.723530e-03,3.142430e-03,6.627955e-03,5.465299e-03,6.508955e-04,1.744744e-02
3.407136e-01,5.652731e-02,4.444612e-03,6.780961e-02,1.055276e-01,4.013430e-02,3.444476e-02,7.004264e-02,2.405306e-01,3.049056e-03,3.166940e-03,7.957143e-03,8.846885e-03,9.678178e-04,1.583710e-02
3.243534e-01,5.105331e-02,6.075323e-03,9.682053e-02,1.006631e-01,4.486954e-02,6.516542e-02,6.484564e-02,1.787026e-01,3.153072e-03,5.091318e-03,1.516850e-02,2.461144e-02,2.675776e-03,1.675099e-02
4.118715e-01,3.761633e-02,6.134030e-03,7.465535e-02,7.391491e-02,7.217591e-02,5.835067e-02,5.094489e-02,1.273520e-01,2.388907e-03,4.994880e-03,1.974114e-02,4.464256e-02,2.299378e-03,1.291755e-02
4.905233e-01,2.805075e-02,6.171808e-03,5.527844e-02,5.489364e-02,8.714312e-02,5.606481e-02,3.986056e-02,9.107734e-02,1.912686e-03,4.456417e-03,2.235371e-02,4.903406e-02,2.272864e-03,1.090645e-02
1.000000e+00,0.000000e+00,0.000000e+00,0.000000e+00,0.000000e+00,0.000000e+00,0.000000e+00,0.000000e+00,0.000000e+00,0.000000e+00,0.000000e+00,0.000000e+00,0.000000e+00,0.000000e+00,0.000000e+00
1.000000e+00,0.000000e+00,0.000000e+00,0.000000e+00,0.000000e+00,0.000000e+00,0.000000e+00,0.000000e+00,0.000000e+00,0.000000e+00,0.000000e+00,0.000000e+00,0.000000e+00,0.000000e+00,0.000000e+00
4.847421e-01,1.333840e-02,6.887545e-03,2.211319e-02,2.931872e-02,1.170483e-01,1.352441e-01,2.359382e-02,3.803843e-02,1.758600e-03,6.980929e-03,2.654044e-02,8.445164e-02,1.615480e-03,8.328384e-03
4.189714e-01,1.111035e-02,5.067631e-03,1.673245e-02,2.771293e-02,9.370346e-02,1.261386e-01,1.740371e-02,2.948465e-02,1.943092e-03,7.312657e-03,2.252723e-02,2.083215e-01,1.730526e-03,1.183985e-02
4.556817e-01,1.076159e-02,3.920779e-03,1.495402e-02,2.345551e-02,8.049487e-02,9.852692e-02,1.284223e-02,2.364261e-02,2.182812e-03,7.001441e-03,2.286269e-02,2.296513e-01,1.699666e-03,1.232183e-02
4.704762e-01,1.198549e-02,6.469111e-03,2.356227e-02,1.945532e-02,6.516679e-02,7.100862e-02,9.643385e-03,2.774788e-02,3.084710e-03,7.247671e-03,2.381703e-02,2.428450e-01,1.980113e-03,1.551040e-02
4.365173e-01,1.075336e-02,5.183492e-03,1.934125e-02,1.654205e-02,4.993374e-02,5.055736e-02,7.886235e-03,2.961406e-02,2.833001e-03,7.824298e-03,2.182071e-02,3.200853e-01,2.448445e-03,1.865943e-02
4.758875e-01,9.324377e-03,4.402232e-03,1.530600e-02,1.410797e-02,4.041082e-02,3.569419e-02,6.226694e-03,4.028036e-02,2.165832e-03,7.411860e-03,1.923368e-02,3.113320e-01,2.693657e-03,1.552285e-02
4.279123e-01,1.205254e-02,1.726596e-02,3.798497e-02,1.197932e-02,4.175857e-02,2.529054e-02,1.036547e-02,7.013511e-02,2.120242e-03,8.414537e-03,1.559394e-02,3.020292e-01,2.594404e-03,1.450290e-02
4.714051e-01,1.121625e-02,1.898451e-02,3.237552e-02,1.044891e-02,3.619571e-02,1.797810e-02,1.437505e-02,8.236083e-02,2.053683e-03,9.899083e-03,1.640386e-02,2.613682e-01,2.613263e-03,1.232196e-02
3.423343e-01,3.669816e-02,6.565154e-02,6.919223e-02,8.287333e-03,7.740971e-02,1.277969e-02,1.459101e-02,1.321831e-01,3.494814e-03,1.071995e-02,1.328002e-02,1.957716e-01,2.108333e-03,1.549815e-02
2.600061e-01,3.458917e-02,6.484424e-02,5.681080e-02,1.194115e-02,1.675323e-01,1.070325e-02,1.834013e-02,1.782615e-01,3.331691e-03,1.392263e-02,1.113423e-02,1.516904e-01,1.772563e-03,1.511987e-02
1.840799e-01,7.567529e-02,4.662456e-02,5.072095e-02,1.165041e-02,1.334936e-01,7.928016e-03,1.585380e-02,3.300423e-01,2.575675e-03,1.110949e-02,8.149548e-03,1.076218e-01,1.414021e-03,1.306064e-02
1.298015e-01,1.410339e-01,3.646789e-02,6.877940e-02,1.167735e-02,1.040513e-01,5.792651e-03,1.541654e-02,3.819005e-01,2.689796e-03,8.633541e-03,5.819108e-03,7.655510e-02,1.097181e-03,1.028428e-02
9.236815e-02,1.496155e-01,2.846699e-02,7.125569e-02,1.464593e-02,7.549810e-02,4.239885e-03,1.498942e-02,4.702155e-01,2.958189e-03,6.845688e-03,4.189037e-03,5.571189e-02,8.308910e-04,8.169169e-03
7.126703e-02,1.162260e-01,3.862917e-02,1.517334e-01,2.249501e-02,5.391067e-02,3.148091e-03,7.174526e-02,4.119750e-01,2.825581e-03,6.225186e-03,3.139311e-03,3.950505e-02,6.542440e-04,6.520989e-03
6.854999e-02,9.469098e-02,6.653304e-02,2.274281e-01,3.725792e-02,4.025270e-02,2.494225e-03,6.371450e-02,3.461128e-01,3.362490e-03,1.115317e-02,2.936859e-03,2.859596e-02,6.300641e-04,6.287264e-03
6.033070e-02,7.302700e-02,1.859620e-01,2.347411e-01,3.402681e-02,2.939902e-02,1.898355e-03,5.540827e-02,2.613467e-01,3.832268e-03,2.685266e-02,3.001521e-03,2.304657e-02,7.399912e-04,6.387003e-03
4.435477e-02,5.298926e-02,3.662025e-01,2.100731e-01,2.547134e-02,2.115541e-02,1.405392e-03,3.917108e-02,1.859700e-01,3.773277e-03,2.341340e-02,2.377904e-03,1.680576e-02,8.096883e-04,6.027055e-03
3.320115e-02,3.912331e-02,4.798181e-01,1.669249e-01,1.917403e-02,1.558573e-02,1.056075e-03,2.785964e-02,1.405017e-01,6.140150e-03,2.414041e-02,1.939354e-03,1.251083e-02,2.214353e-03,2.981021e-02
2.403157e-02,3.297716e-02,4.600053e-01,1.216624e-01,1.496041e-02,1.153202e-02,1.031800e-03,1.983323e-02,1.866941e-01,1.300710e-02,2.852955e-02,1.763215e-03,9.994024e-03,1.028956e-02,6.368863e-02
1.711534e-02,3.010111e-02,3.564205e-01,8.777898e-02,1.163559e-02,8.545844e-03,8.630461e-04,1.435124e-02,3.228824e-01,1.661594e-02,2.769600e-02,1.701428e-03,9.249580e-03,1.503494e-02,8.000816e-02
1.378822e-02,1.225648e-01,2.602715e-01,7.007270e-02,9.274623e-03,6.528661e-03,6.527087e-04,1.021662e-02,3.538020e-01,1.828001e-02,4.415772e-02,1.839504e-03,1.121821e-02,1.269776e-02,6.463499e-02
1.453383e-02,1.959776e-01,2.240793e-01,6.837061e-02,8.322234e-03,6.182601e-03,5.258424e-04,7.257862e-03,3.044495e-01,2.253894e-02,3.797477e-02,1.807795e-03,8.970642e-03,1.827712e-02,8.073135e-02
1.963842e-02,1.707145e-01,2.175888e-01,8.516378e-02,1.491727e-02,9.778371e-03,1.400457e-03,5.901213e-03,2.606914e-01,2.764792e-02,4.970595e-02,2.057029e-03,8.580665e-03,2.514221e-02,1.010720e-01
1.760813e-02,1.361805e-01,2.134449e-01,1.644473e-01,1.181011e-02,7.900761e-03,1.083166e-03,4.393334e-03,2.150405e-01,3.343261e-02,4.246271e-02,2.035766e-03,7.026033e-03,2.453921e-02,1.185949e-01
1.791830e-02,1.006837e-01,1.706368e-01,1.485935e-01,9.511843e-03,7.314653e-03,9.347178e-04,3.323828e-03,1.821505e-01,4.340148e-02,8.825953e-02,2.840508e-03,1.370914e-02,3.952502e-02,1.711965e-01
3.275511e-02,7.627070e-02,1.214103e-01,1.135814e-01,7.366949e-03,6.433172e-03,7.673274e-04,2.847868e-03,1.777166e-01,7.636688e-02,9.692571e-02,4.807377e-03,2.026220e-02,6.637757e-02,1.961108e-01
1.068136e-01,6.297211e-02,8.726664e-02,8.310473e-02,6.658421e-03,6.841701e-03,8.472834e-04,3.092604e-03,1.437339e-01,7.913560e-02,8.096786e-02,8.577763e-03,1.982823e-02,9.895721e-02,2.112024e-01
1.487249e-01,5.038686e-02,7.729729e-02,6.755950e-02,1.208877e-02,8.859162e-03,2.380276e-03,3.247587e-02,1.196842e-01,6.670875e-02,9.091879e-02,1.874493e-02,6.199611e-02,8.116992e-02,1.610047e-01
1.868242e-01,4.357747e-02,5.845782e-02,5.222958e-02,1.765091e-02,1.030479e-02,2.519402e-03,2.765276e-02,1.356056e-01,5.728994e-02,1.010715e-01,2.874807e-02,7.233066e-02,6.915631e-02,1.365810e-01
2.235388e-01,3.733188e-02,4.703874e-02,4.155216e-02,2.564498e-02,1.173725e-02,3.074100e-03,2.668317e-02,1.252395e-01,9.489989e-02,9.397674e-02,3.247556e-02,6.849041e-02,5.466244e-02,1.136545e-01
1.876672e-01,2.939659e-02,3.909269e-02,3.231490e-02,5.849094e-02,1.015173e-02,3.719640e-03,7.375859e-02,1.235802e-01,1.363553e-01,7.876408e-02,2.817413e-02,6.162799e-02,4.250050e-02,9.440553e-02
1.664364e-01,2.523011e-02,3.134571e-02,2.479875e-02,7.530431e-02,8.642145e-03,3.416885e-03,9.639938e-02,1.165139e-01,1.795327e-01,7.120824e-02,3.360002e-02,6.316677e-02,3.190497e-02,7.249963e-02
1.213571e-01,1.871615e-02,2.897434e-02,2.181845e-02,6.849848e-02,6.582278e-03,2.638826e-03,2.567047e-01,8.563244e-02,1.797636e-01,5.481342e-02,2.648611e-02,5.197168e-02,2.329624e-02,5.274628e-02
1.046077e-01,1.839326e-02,2.933898e-02,1.898649e-02,9.044464e-02,6.127162e-03,2.251241e-03,2.442468e-01,7.448113e-02,2.370685e-01,4.520670e-02,2.673798e-02,4.318785e-02,1.866015e-02,4.026148e-02
9.224257e-02,1.914645e-02,2.764373e-02,1.687945e-02,1.058362e-01,6.196359e-03,2.439739e-03,2.185846e-01,9.154856e-02,2.582217e-01,4.249778e-02,2.823399e-02,4.378784e-02,1.540568e-02,3.133542e-02
7.097963e-02,1.446291e-02,2.469021e-02,1.325883e-02,9.666232e-02,5.474833e-03,3.094613e-03,3.847458e-01,8.017479e-02,1.852757e-01,3.155245e-02,2.321655e-02,3.273164e-02,1.123663e-02,2.244314e-02
5.749344e-02,1.123507e-02,2.254435e-02,1.024278e-02,7.775045e-02,4.547183e-03,3.113868e-03,5.276784e-01,6.477630e-02,1.305651e-01,2.318359e-02,1.819804e-02,2.450585e-02,8.085339e-03,1.608030e-02
4.352693e-02,8.670554e-03,2.768041e-02,8.905068e-03,7.175135e-02,3.778682e-03,3.978609e-03,6.157906e-01,5.825892e-02,9.204384e-02,1.674964e-02,1.361459e-02,1.795136e-02,5.756699e-03,1.154275e-02
3.567774e-02,7.839124e-03,2.234519e-02,6.876077e-03,6.067543e-02,3.709029e-03,1.038410e-02,6.606610e-01,7.451403e-02,6.544487e-02,1.235085e-02,1.149254e-02,1.505732e-02,4.483563e-03,8.489196e-03
3.070969e-02,8.020753e-03,1.819475e-02,5.439708e-03,6.142825e-02,5.321704e-03,1.745223e-02,6.268274e-01,1.358375e-01,4.757258e-02,9.835711e-03,9.702374e-03,1.365378e-02,3.535181e-03,6.468532e-03
2.588344e-02,6.836148e-03,1.393387e-02,5.001291e-03,5.381401e-02,6.540327e-03,1.385460e-02,6.680657e-01,1.359659e-01,3.430245e-02,8.322169e-03,7.884233e-03,1.129799e-02,3.683819e-03,4.614126e-03
2.409675e-02,6.171111e-03,1.012666e-02,3.816273e-03,4.235396e-02,7.393470e-03,1.233640e-02,7.071874e-01,1.276152e-01,2.655192e-02,6.647699e-03,9.081827e-03,8.931202e-03,4.389948e-03,3.300178e-03
2.359581e-02,5.202028e-03,7.958717e-03,3.055250e-03,3.161457e-02,7.070496e-03,1.049399e-02,7.563061e-01,1.032990e-01,2.091205e-02,6.079119e-03,1.088495e-02,7.081528e-03,4.095201e-03,2.351306e-03
7.204651e-02,1.004963e-02,7.815862e-03,3.044223e-03,2.784171e-02,1.142366e-02,1.281770e-02,6.912030e-01,1.040797e-01,1.971699e-02,7.610579e-03,1.403555e-02,1.045070e-02,5.070006e-03,2.794182e-03
8.947901e-02,1.145898e-02,7.153413e-03,2.759788e-03,2.830009e-02,1.053595e-02,1.236028e-02,6.998330e-01,9.056734e-02,1.434289e-02,6.871159e-03,1.064795e-02,9.206294e-03,4.272180e-03,2.211656e-03
9.362839e-02,9.075901e-03,7.487318e-03,3.184315e-03,2.515698e-02,1.229700e-02,1.266345e-02,7.345863e-01,6.565485e-02,1.036040e-02,5.328291e-03,7.868257e-03,7.683245e-03,3.277618e-03,1.747724e-03
1.288787e-01,7.064709e-03,6.894461e-03,3.839551e-03,2.004244e-02,1.715611e-02,1.237798e-02,7.270163e-01,4.858131e-02,7.395277e-03,4.040993e-03,6.495399e-03,6.130173e-03,2.407128e-03,1.679546e-03
1.541089e-01,5.460458e-03,7.692455e-03,4.588897e-03,1.557290e-02,2.319957e-02,1.490037e-02,7.156911e-01,3.576258e-02,5.275808e-03,3.086430e-03,5.796711e-03,5.412597e-03,1.799564e-03,1.651615e-03
1.935660e-01,4.248980e-03,8.044213e-03,4.608472e-03,1.171411e-02,2.262353e-02,1.457195e-02,6.951665e-01,2.575414e-02,3.831267e-03,2.427409e-03,5.170502e-03,5.025137e-03,1.382072e-03,1.865668e-03
1.641686e-01,3.164134e-03,7.772528e-03,4.647020e-03,8.710314e-03,1.875184e-02,3.935394e-02,7.182494e-01,1.826291e-02,3.008175e-03,1.933463e-03,4.624811e-03,4.495843e-03,1.025446e-03,1.831504e-03
1.723195e-01,2.607277e-03,7.214856e-03,4.013901e-03,6.747338e-03,2.698753e-02,5.442110e-02,6.703846e-01,1.311302e-02,3.053182e-03,1.055793e-02,7.492968e-03,1.722249e-02,1.165879e-03,2.698350e-03
2.686030e-01,2.173644e-03,5.987332e-03,3.272334e-03,5.111085e-03,3.076213e-02,4.898758e-02,4.863469e-01,9.328338e-03,2.400246e-03,3.351967e-02,1.705673e-02,8.112264e-02,1.859843e-03,3.468506e-03
3.142102e-01,3.138964e-03,4.799631e-03,2.836203e-03,4.417598e-03,3.286330e-02,4.214074e-02,3.480117e-01,7.347581e-03,2.144070e-03,4.187559e-02,2.464518e-02,1.517077e-01,8.609412e-03,1.125210e-02
2.347398e-01,2.662043e-03,3.528442e-03,2.099030e-03,3.329860e-03,2.435717e-02,3.072926e-02,2.438902e-01,5.791122e-03,1.679412e-03,3.146351e-02,2.852740e-02,3.536672e-01,2.236642e-02,1.116917e-02
1.746178e-01,2.488840e-03,3.001559e-03,1.770233e-03,2.906010e-03,1.796957e-02,2.419077e-02,1.715037e-01,1.035623e-02,1.532144e-03,2.447842e-02,3.492716e-02,4.790106e-01,3.843386e-02,1.281310e-02
1.681072e-01,7.196023e-03,1.218408e-01,5.354125e-03,3.749556e-03,1.812667e-02,1.884523e-02,1.256968e-01,1.331015e-02,4.184900e-03,3.329914e-02,2.791667e-02,4.010137e-01,3.237764e-02,1.898139e-02
1.621661e-01,7.485278e-03,9.408746e-02,9.921310e-03,4.808845e-03,1.603395e-02,1.432219e-02,9.066761e-02,1.865620e-01,5.696365e-03,3.495466e-02,2.051905e-02,2.955005e-01,3.469494e-02,2.257977e-02
1.439224e-01,9.939404e-03,7.196254e-02,9.247869e-03,5.348157e-03,1.320893e-02,1.023820e-02,6.404499e-02,2.992646e-01,5.631957e-03,5.301570e-02,1.575218e-02,2.125725e-01,4.973523e-02,3.611549e-02
1.098571e-01,2.578143e-02,6.392267e-02,8.175513e-03,4.491738e-03,1.337666e-02,7.226427e-03,4.508192e-02,4.080624e-01,6.475728e-03,4.662345e-02,1.147959e-02,1.496093e-01,5.218772e-02,4.764850e-02
8.004388e-02,2.770279e-02,1.342158e-01,4.153304e-02,4.267030e-03,1.079582e-02,5.104741e-03,3.190664e-02,4.168251e-01,6.710338e-03,3.612095e-02,8.390713e-03,1.050757e-01,3.864262e-02,5.266495e-02
5.736819e-02,2.165999e-02,3.214492e-01,4.097041e-02,3.392019e-03,7.881316e-03,3.587089e-03,2.251511e-02,3.073114e-01,7.420564e-03,2.626998e-02,5.947693e-03,7.369357e-02,2.877121e-02,7.176222e-02
4.198225e-02,2.890378e-02,3.134036e-01,3.682430e-02,2.788925e-03,5.878135e-03,2.527133e-03,1.585745e-02,3.000917e-01,8.830156e-03,2.014363e-02,4.294647e-03,5.191724e-02,2.408804e-02,1.424691e-01
3.652656e-02,2.343070e-02,2.799190e-01,2.723995e-02,2.266324e-03,4.612163e-03,1.794984e-03,1.113437e-02,2.316279e-01,8.648667e-03,1.522318e-02,3.153307e-03,3.687839e-02,4.780512e-02,2.697394e-01
2.674902e-02,2.241441e-02,2.560954e-01,1.290191e-01,2.175657e-03,3.567110e-03,1.299377e-03,8.142354e-03,1.731287e-01,8.363896e-03,1.144003e-02,2.353772e-03,2.604475e-02,3.467752e-02,2.945289e-01
1.944279e-02,1.999637e-02,2.091484e-01,1.453721e-01,1.791574e-03,2.754724e-03,9.242852e-04,5.801471e-03,1.299905e-01,1.427073e-02,1.119783e-02,1.914215e-03,1.884427e-02,2.717036e-02,3.913804e-01
1.707514e-02,1.543474e-02,1.515634e-01,1.040912e-01,1.441974e-03,2.021605e-03,6.620493e-04,4.102949e-03,1.026036e-01,1.864810e-02,8.933441e-03,1.574121e-03,1.340111e-02,4.202502e-02,5.164216e-01
1.343188e-02,1.396958e-02,1.172181e-01,7.908588e-02,1.416649e-03,1.623597e-03,4.919139e-04,2.991581e-03,9.503301e-02,2.422086e-02,7.136854e-03,1.342625e-03,9.604874e-03,4.136267e-02,5.910699e-01
1.503325e-02,1.122509e-02,8.694296e-02,5.666760e-02,1.367362e-03,1.450148e-03,3.897137e-04,2.252707e-03,7.318200e-02,3.292756e-02,5.915691e-03,1.361697e-03,6.943134e-03,6.316407e-02,6.411771e-01
2.707253e-02,2.204312e-02,1.019060e-01,9.599660e-02,3.882616e-03,2.534438e-03,5.320982e-04,3.335776e-03,7.043238e-02,2.935618e-02,5.722252e-03,2.084860e-03,5.728974e-03,5.359061e-02,5.757815e-01
2.447997e-02,1.819726e-02,7.622376e-02,6.926738e-02,2.959711e-03,2.416671e-03,4.780669e-04,2.463644e-03,5.691504e-02,2.880187e-02,4.948991e-03,2.185615e-03,4.223921e-03,9.707004e-02,6.093680e-01
1.112648e-01,3.168739e-02,6.397513e-02,6.343047e-02,3.615264e-03,3.857670e-03,8.560862e-04,2.942138e-03,5.009302e-02,2.332359e-02,6.040544e-03,5.997596e-03,5.112128e-03,8.413706e-02,5.436671e-01
1.777663e-01,2.483531e-02,5.131204e-02,4.999492e-02,3.166050e-03,7.001160e-03,8.222347e-04,2.792454e-03,5.134501e-02,2.238650e-02,1.993539e-02,1.231263e-02,3.029387e-02,6.172653e-02,4.843096e-01
1.382084e-01,1.820011e-02,3.921510e-02,3.705937e-02,2.502113e-03,8.267928e-03,6.122498e-04,2.592988e-03,4.327399e-02,2.014207e-02,8.636304e-02,1.803173e-02,1.348240e-01,4.380819e-02,4.068987e-01
1.903552e-01,1.475752e-02,4.467557e-02,3.813476e-02,5.817185e-03,1.161068e-02,7.938000e-04,8.301491e-03,3.891280e-02,3.115889e-02,9.958020e-02,1.817984e-02,1.413129e-01,3.169179e-02,3.247173e-01
1.873340e-01,1.176659e-02,4.513112e-02,3.472803e-02,8.644715e-03,1.379182e-02,7.260675e-04,8.085355e-03,3.250823e-02,4.879964e-02,1.156886e-01,1.719485e-02,1.251530e-01,2.635767e-02,3.240903e-01
1.608694e-01,9.355430e-03,3.717884e-02,2.573938e-02,1.025398e-02,1.330145e-02,1.077080e-03,9.040267e-03,2.570771e-02,5.653553e-02,1.585652e-01,2.005805e-02,1.346967e-01,2.686003e-02,3.107610e-01
1.240850e-01,7.910050e-03,9.779654e-02,3.396524e-02,2.176575e-02,2.046181e-02,2.313450e-03,1.437017e-02,2.587312e-02,5.339034e-02,1.280633e-01,1.915380e-02,1.198650e-01,2.936325e-02,3.016233e-01
9.453247e-02,8.179504e-03,9.227727e-02,3.316921e-02,2.654001e-02,2.097808e-02,2.608132e-03,3.399122e-02,4.525331e-02,7.009019e-02,1.134726e-01,2.608541e-02,1.189203e-01,2.670712e-02,2.871952e-01
8.258541e-02,8.031491e-03,7.144158e-02,2.637320e-02,2.746980e-02,1.646596e-02,3.294718e-03,4.054480e-02,4.365245e-02,5.857920e-02,9.077200e-02,3.821225e-02,1.179086e-01,3.104693e-02,3.436217e-01
7.383233e-02,8.757638e-03,5.681231e-02,2.130069e-02,3.481109e-02,1.899373e-02,4.873754e-03,4.772612e-02,3.971848e-02,4.767753e-02,7.011478e-02,8.939790e-02,1.718578e-01,2.913467e-02,2.849912e-01
6.374912e-02,1.901701e-02,4.131439e-02,1.672545e-02,3.622186e-02,3.304654e-02,4.911608e-03,4.100786e-02,4.387015e-02,3.501573e-02,5.168012e-02,1.230845e-01,2.411980e-01,2.399757e-02,2.251601e-01
5.847715e-02,2.536386e-02,4.293874e-02,7.408126e-02,3.596189e-02,3.401507e-02,5.286917e-03,6.553242e-02,1.169392e-01,2.668030e-02,4.465802e-02,9.085128e-02,1.986533e-01,1.761385e-02,1.629467e-01
5.690714e-02,2.346094e-02,3.401937e-02,5.952992e-02,3.867738e-02,3.638220e-02,5.088012e-03,7.298441e-02,9.917621e-02,2.005617e-02,3.555017e-02,8.860560e-02,2.794413e-01,1.362680e-02,1.364944e-01
6.708992e-02,2.219023e-02,2.547806e-02,4.320631e-02,3.040453e-02,3.518793e-02,5.223843e-03,7.469706e-02,7.676663e-02,1.444439e-02,2.651615e-02,7.187368e-02,3.968487e-01,1.032410e-02,9.974845e-02
7.931730e-02,2.036028e-02,2.285214e-02,3.153101e-02,2.560423e-02,2.922534e-02,5.627853e-03,1.630059e-01,6.101667e-02,1.062213e-02,2.109441e-02,6.424792e-02,3.853354e-01,7.863034e-03,7.229646e-02
1.513116e-01,1.688877e-02,1.738024e-02,2.505746e-02,2.202951e-02,2.807258e-02,4.528100e-03,1.270816e-01,4.644327e-02,7.962414e-03,1.570845e-02,4.881558e-02,4.238771e-01,6.613369e-03,5.822998e-02
2.184721e-01,1.967058e-02,2.298871e-02,4.440535e-02,1.830968e-02,2.686815e-02,3.940245e-03,1.046333e-01,4.245457e-02,1.157107e-02,1.267038e-02,3.676986e-02,3.514233e-01,6.490902e-03,7.933181e-02
2.428340e-01,2.233345e-02,2.912191e-02,4.024079e-02,1.635194e-02,2.244443e-02,4.710422e-03,1.129658e-01,4.014610e-02,1.149168e-02,1.128535e-02,3.006962e-02,3.322362e-01,5.840076e-03,7.792833e-02
1.961618e-01,3.153296e-02,2.978402e-02,2.956586e-02,1.389499e-02,1.956363e-02,4.126721e-03,8.356029e-02,4.111325e-02,1.237654e-02,8.616138e-03,2.179190e-02,2.743612e-01,5.269893e-03,2.282809e-01
1.910462e-01,4.327650e-02,3.400818e-02,2.493757e-02,2.003830e-02,1.999562e-02,5.086387e-03,6.596765e-02,6.041203e-02,1.009806e-02,6.988863e-03,1.647765e-02,2.309761e-01,4.260625e-03,2.664303e-01
1.802903e-01,7.329610e-02,5.124154e-02,2.244714e-02,2.880449e-02,1.888809e-02,7.884296e-03,6.300117e-02,9.127539e-02,8.350363e-03,5.526704e-03,1.222226e-02,2.139595e-01,3.541423e-03,2.192712e-01
1.487466e-01,9.328279e-02,8.621666e-02,1.756144e-02,4.344786e-02,2.237232e-02,1.706484e-02,6.334890e-02,1.278620e-01,7.954986e-03,4.159207e-03,8.859182e-03,1.931516e-01,2.791863e-03,1.631798e-01
1.382610e-01,9.137259e-02,1.194868e-01,2.100489e-02,5.369055e-02,2.311150e-02,2.016045e-02,8.298296e-02,1.290609e-01,7.336995e-03,3.140619e-03,6.465873e-03,1.742874e-01,2.193818e-03,1.274437e-01
1.383396e-01,7.525556e-02,1.863076e-01,3.227698e-02,6.184740e-02,1.875289e-02,1.958091e-02,1.165043e-01,1.059393e-01,7.329701e-03,2.602180e-03,5.261078e-03,1.281809e-01,2.231047e-03,9.959066e-02
1.122986e-01,5.901655e-02,2.252657e-01,2.885938e-02,5.902991e-02,1.461190e-02,2.148735e-02,2.223658e-01,7.942735e-02,5.454914e-03,1.984706e-03,3.854394e-03,9.127162e-02,1.740317e-03,7.333151e-02
9.538823e-02,4.548362e-02,3.245226e-01,3.244548e-02,4.551215e-02,1.472270e-02,1.800928e-02,2.361403e-01,5.650127e-02,4.413488e-03,1.707074e-03,3.037190e-03,6.573590e-02,1.386538e-03,5.499426e-02
1.190989e-01,3.566644e-02,2.645031e-01,2.477770e-02,3.590221e-02,8.033861e-02,3.459723e-02,2.127519e-01,4.008345e-02,3.449418e-03,1.375737e-03,2.595412e-03,1.037014e-01,1.099203e-03,4.005929e-02
1.594023e-01,2.768853e-02,1.970339e-01,1.988540e-02,3.039033e-02,1.036739e-01,9.032747e-02,1.932827e-01,2.884766e-02,2.666912e-03,1.101202e-03,2.355120e-03,1.131036e-01,9.734994e-04,2.926748e-02
2.522484e-01,2.097281e-02,1.441170e-01,1.573925e-02,2.589497e-02,1.106787e-01,1.253269e-01,1.515190e-01,2.136519e-02,2.244521e-03,1.090633e-03,3.856614e-03,1.025819e-01,8.538310e-04,2.151031e-02
3.480282e-01,1.593313e-02,1.037545e-01,1.235918e-02,2.087214e-02,1.021578e-01,1.536008e-01,1.205565e-01,1.668993e-02,1.947432e-03,9.960219e-04,4.118515e-03,8.241774e-02,7.212217e-04,1.584684e-02
4.305018e-01,1.263134e-02,7.747091e-02,9.903570e-03,1.712926e-02,8.276202e-02,1.668100e-01,1.037054e-01,1.290825e-02,2.113609e-03,1.090528e-03,5.314916e-03,6.387336e-02,7.911765e-04,1.299384e-02
1.000000e+00,0.000000e+00,0.000000e+00,0.000000e+00,0.000000e+00,0.000000e+00,0.000000e+00,0.000000e+00,0.000000e+00,0.000000e+00,0.000000e+00,0.000000e+00,0.000000e+00,0.000000e+00,0.000000e+00
1.000000e+00,0.000000e+00,0.000000e+00,0.000000e+00,0.000000e+00,0.000000e+00,0.000000e+00,0.000000e+00,0.000000e+00,0.000000e+00,0.000000e+00,0.000000e+00,0.000000e+00,0.000000e+00,0.000000e+00
1.000000e+00,0.000000e+00,0.000000e+00,0.000000e+00,0.000000e+00,0.000000e+00,0.000000e+00,0.000000e+00,0.000000e+00,0.000000e+00,0.000000e+00,0.000000e+00,0.000000e+00,0.000000e+00,0.000000e+00
1.000000e+00,0.000000e+00,0.000000e+00,0.000000e+00,0.000000e+00,0.000000e+00,0.000000e+00,0.000000e+00,0.000000e+00,0.000000e+00,0.000000e+00,0.000000e+00,0.000000e+00,0.000000e+00,0.000000e+00
1.000000e+00,0.000000e+00,0.000000e+00,0.000000e+00,0.000000e+00,0.000000e+00,0.000000e+00,0.000000e+00,0.000000e+00,0.000000e+00,0.000000e+00,0.000000e+00,0.000000e+00,0.000000e+00,0.000000e+00
1.000000e+00,0.000000e+00,0.000000e+00,0.000000e+00,0.000000e+00,0.000000e+00,0.000000e+00,0.000000e+00,0.000000e+00,0.000000e+00,0.000000e+00,0.000000e+00,0.000000e+00,0.000000e+00,0.000000e+00
1.000000e+00,0.000000e+00,0.000000e+00,0.000000e+00,0.000000e+00,0.000000e+00,0.000000e+00,0.000000e+00,0.000000e+00,0.000000e+00,0.000000e+00,0.000000e+00,0.000000e+00,0.000000e+00,0.000000e+00
1.000000e+00,0.000000e+00,0.000000e+00,0.000000e+00,0.000000e+00,0.000000e+00,0.000000e+00,0.000000e+00,0.000000e+00,0.000000e+00,0.000000e+00,0.000000e+00,0.000000e+00,0.000000e+00,0.000000e+00
1.000000e+00,0.000000e+00,0.000000e+00,0.000000e+00,0.000000e+00,0.000000e+00,0.000000e+00,0.000000e+00,0.000000e+00,0.000000e+00,0.000000e+00,0.000000e+00,0.000000e+00,0.000000e+00,0.000000e+00
1.000000e+00,0.000000e+00,0.000000e+00,0.000000e+00,0.000000e+00,0.000000e+00,0.000000e+00,0.000000e+00,0.000000e+00,0.000000e+00,0.000000e+00,0.000000e+00,0.000000e+00,0.000000e+00,0.000000e+00
4.202704e-01,2.584206e-02,7.667839e-03,5.032814e-02,6.063213e-03,4.094202e-02,1.363147e-01,1.599900e-02,7.612734e-02,2.712904e-02,1.070093e-02,3.472993e-02,3.467721e-02,2.561999e-03,1.106462e-01
4.507401e-01,2.532566e-02,6.546402e-03,4.857859e-02,6.485999e-03,3.496689e-02,1.187561e-01,1.539479e-02,6.481573e-02,2.440723e-02,1.159423e-02,3.252854e-02,3.666449e-02,3.005100e-03,1.201901e-01
1.000000e+00,0.000000e+00,0.000000e+00,0.000000e+00,0.000000e+00,0.000000e+00,0.000000e+00,0.000000e+00,0.000000e+00,0.000000e+00,0.000000e+00,0.000000e+00,0.000000e+00,0.000000e+00,0.000000e+00
1.000000e+00,0.000000e+00,0.000000e+00,0.000000e+00,0.000000e+00,0.000000e+00,0.000000e+00,0.000000e+00,0.000000e+00,0.000000e+00,0.000000e+00,0.000000e+00,0.000000e+00,0.000000e+00,0.000000e+00
1.000000e+00,0.000000e+00,0.000000e+00,0.000000e+00,0.000000e+00,0.000000e+00,0.000000e+00,0.000000e+00,0.000000e+00,0.000000e+00,0.000000e+00,0.000000e+00,0.000000e+00,0.000000e+00,0.000000e+00
1.000000e+00,0.000000e+00,0.000000e+00,0.000000e+00,0.000000e+00,0.000000e+00,0.000000e+00,0.000000e+00,0.000000e+00,0.000000e+00,0.000000e+00,0.000000e+00,0.000000e+00,0.000000e+00,0.000000e+00
1.000000e+00,0.000000e+00,0.000000e+00,0.000000e+00,0.000000e+00,0.000000e+00,0.000000e+00,0.000000e+00,0.000000e+00,0.000000e+00,0.000000e+00,0.000000e+00,0.000000e+00,0.000000e+00,0.000000e+00
1.000000e+00,0.000000e+00,0.000000e+00,0.000000e+00,0.000000e+00,0.000000e+00,0.000000e+00,0.000000e+00,0.000000e+00,0.000000e+00,0.000000e+00,0.000000e+00,0.000000e+00,0.000000e+00,0.000000e+00
1.000000e+00,0.000000e+00,0.000000e+00,0.000000e+00,0.000000e+00,0.000000e+00,0.000000e+00,0.000000e+00,0.000000e+00,0.000000e+00,0.000000e+00,0.000000e+00,0.000000e+00,0.000000e+00,0.000000e+00
1.000000e+00,0.000000e+00,0.000000e+00,0.000000e+00,0.000000e+00,0.000000e+00,0.000000e+00,0.000000e+00,0.000000e+00,0.000000e+00,0.000000e+00,0.000000e+00,0.000000e+00,0.000000e+00,0.000000e+00
1.000000e+00,0.000000e+00,0.000000e+00,0.000000e+00,0.000000e+00,0.000000e+00,0.000000e+00,0.000000e+00,0.000000e+00,0.000000e+00,0.000000e+00,0.000000e+00,0.000000e+00,0.000000e+00,0.000000e+00
1.000000e+00,0.000000e+00,0.000000e+00,0.000000e+00,0.000000e+00,0.000000e+00,0.000000e+00,0.000000e+00,0.000000e+00,0.000000e+00,0.000000e+00,0.000000e+00,0.000000e+00,0.000000e+00,0.000000e+00
1.000000e+00,0.000000e+00,0.000000e+00,0.000000e+00,0.000000e+00,0.000000e+00,0.000000e+00,0.000000e+00,0.000000e+00,0.000000e+00,0.000000e+00,0.000000e+00,0.000000e+00,0.000000e+00,0.000000e+00
1.000000e+00,0.000000e+00,0.000000e+00,0.000000e+00,0.000000e+00,0.000000e+00,0.000000e+00,0.000000e+00,0.000000e+00,0.000000e+00,0.000000e+00,0.000000e+00,0.000000e+00,0.000000e+00,0.000000e+00
1.000000e+00,0.000000e+00,0.000000e+00,0.000000e+00,0.000000e+00,0.000000e+00,0.000000e+00,0.000000e+00,0.000000e+00,0.000000e+00,0.000000e+00,0.000000e+00,0.000000e+00,0.000000e+00,0.000000e+00
1.000000e+00,0.000000e+00,0.000000e+00,0.000000e+00,0.000000e+00,0.000000e+00,0.000000e+00,0.000000e+00,0.000000e+00,0.000000e+00,0.000000e+00,0.000000e+00,0.000000e+00,0.000000e+00,0.000000e+00
1.000000e+00,0.000000e+00,0.000000e+00,0.000000e+00,0.000000e+00,0.000000e+00,0.000000e+00,0.000000e+00,0.000000e+00,0.000000e+00,0.000000e+00,0.000000e+00,0.000000e+00,0.000000e+00,0.000000e+00
1.000000e+00,0.000000e+00,0.000000e+00,0.000000e+00,0.000000e+00,0.000000e+00,0.000000e+00,0.000000e+00,0.000000e+00,0.000000e+00,0.000000e+00,0.000000e+00,0.000000e+00,0.000000e+00,0.000000e+00
1.000000e+00,0.000000e+00,0.000000e+00,0.000000e+00,0.000000e+00,0.000000e+00,0.000000e+00,0.000000e+00,0.000000e+00,0.000000e+00,0.000000e+00,0.000000e+00,0.000000e+00,0.000000e+00,0.000000e+00
1.000000e+00,0.000000e+00,0.000000e+00,0.000000e+00,0.000000e+00,0.000000e+00,0.000000e+00,0.000000e+00,0.000000e+00,0.000000e+00,0.000000e+00,0.000000e+00,0.000000e+00,0.000000e+00,0.000000e+00
1.000000e+00,0.000000e+00,0.000000e+00,0.000000e+00,0.000000e+00,0.000000e+00,0.000000e+00,0.000000e+00,0.000000e+00,0.000000e+00,0.000000e+00,0.000000e+00,0.000000e+00,0.000000e+00,0.000000e+00
1.000000e+00,0.000000e+00,0.000000e+00,0.000000e+00,0.000000e+00,0.000000e+00,0.000000e+00,0.000000e+00,0.000000e+00,0.000000e+00,0.000000e+00,0.000000e+00,0.000000e+00,0.000000e+00,0.000000e+00
4.659293e-01,2.410576e-02,1.041837e-01,1.338514e-01,1.224937e-02,1.927321e-02,1.901713e-03,1.836046e-02,4.878230e-02,1.383619e-02,4.143851e-02,2.442926e-02,2.539993e-02,6.326100e-03,5.993282e-02
4.165027e-01,2.491459e-02,1.334768e-01,1.097229e-01,2.152442e-02,1.598891e-02,3.822362e-03,5.064528e-02,5.359006e-02,1.244375e-02,3.860322e-02,2.151776e-02,2.363761e-02,6.441984e-03,6.716770e-02
3.025234e-01,2.268739e-02,9.954329e-02,3.109170e-01,3.185973e-02,1.206048e-02,3.176506e-03,4.483838e-02,4.628026e-02,8.991125e-03,3.120779e-02,1.580266e-02,1.779548e-02,4.677055e-03,4.763947e-02
2.158912e-01,1.707780e-02,8.950137e-02,4.779244e-01,2.824110e-02,8.763004e-03,2.362893e-03,3.371626e-02,3.423064e-02,6.497207e-03,2.485006e-02,1.122284e-02,1.283359e-02,3.343242e-03,3.354439e-02
1.750496e-01,1.591083e-02,8.244509e-02,5.396571e-01,2.833683e-02,7.376484e-03,1.899707e-03,2.564866e-02,3.885528e-02,7.839313e-03,2.974602e-02,8.933554e-03,1.046114e-02,2.603220e-03,2.523718e-02
2.168440e-01,2.751398e-02,8.339611e-02,4.394531e-01,5.485127e-02,1.694887e-02,3.497690e-03,2.302834e-02,4.751075e-02,9.295158e-03,3.637596e-02,7.584514e-03,8.938586e-03,2.352489e-03,2.240920e-02
2.618811e-01,4.358052e-02,8.430470e-02,3.442851e-01,7.747782e-02,2.704896e-02,5.421977e-03,3.268853e-02,4.567961e-02,8.899472e-03,2.920458e-02,6.676575e-03,8.646598e-03,3.450083e-03,2.075441e-02
2.067142e-01,5.148831e-02,8.790062e-02,2.863995e-01,1.072411e-01,2.684537e-02,7.571142e-03,1.224203e-01,4.417454e-02,7.044428e-03,2.130746e-02,4.951115e-03,6.291277e-03,2.576987e-03,1.707364e-02
2.060756e-01,4.850475e-02,9.886136e-02,2.574421e-01,1.058418e-01,2.510241e-02,6.949546e-03,1.595611e-01,4.524795e-02,6.970676e-03,1.547268e-02,3.761960e-03,4.691278e-03,1.987875e-03,1.352889e-02
3.296897e-01,4.067587e-02,8.557449e-02,1.988908e-01,8.976552e-02,1.903405e-02,5.475562e-03,1.412327e-01,4.690011e-02,7.755176e-03,1.184364e-02,3.353560e-03,3.827596e-03,2.256132e-03,1.372517e-02
3.675987e-01,3.755896e-02,1.384691e-01,1.639968e-01,7.081180e-02,1.588452e-02,4.156625e-03,1.175750e-01,4.030826e-02,7.004592e-03,9.439043e-03,3.096322e-03,3.301634e-03,2.380172e-03,1.841851e-02
3.998157e-01,5.013307e-02,1.253360e-01,1.764828e-01,5.991547e-02,1.625071e-02,5.221854e-03,9.225273e-02,3.255423e-02,6.182276e-03,7.835511e-03,4.307907e-03,3.345538e-03,2.099063e-03,1.826724e-02
3.758262e-01,5.032450e-02,1.555462e-01,1.803087e-01,6.385449e-02,1.382236e-02,6.359363e-03,8.979402e-02,2.463729e-02,5.804821e-03,6.856094e-03,4.573999e-03,3.199704e-03,1.838636e-03,1.725380e-02
4.749045e-01,5.336893e-02,1.290907e-01,1.370523e-01,6.580483e-02,1.266893e-02,5.736375e-03,6.935525e-02,1.877551e-02,4.949699e-03,5.575944e-03,4.525886e-03,3.093521e-03,1.703231e-03,1.339447e-02
1.000000e+00,0.000000e+00,0.000000e+00,0.000000e+00,0.000000e+00,0.000000e+00,0.000000e+00,0.000000e+00,0.000000e+00,0.000000e+00,0.000000e+00,0.000000e+00,0.000000e+00,0.000000e+00,0.000000e+00
4.856001e-01,1.122672e-01,8.698934e-02,1.498415e-01,4.860732e-02,1.108845e-02,4.758368e-03,3.870017e-02,1.130959e-02,4.519382e-03,4.989853e-03,7.232470e-03,3.943091e-03,3.218226e-03,2.693506e-02
4.132852e-01,1.813297e-01,7.187994e-02,1.604357e-01,3.743155e-02,9.472037e-03,3.571014e-03,2.783968e-02,1.318353e-02,1.102174e-02,1.146005e-02,6.914045e-03,4.325565e-03,4.133715e-03,4.371658e-02
4.593958e-01,1.830614e-01,5.423480e-02,1.370817e-01,3.338689e-02,1.008901e-02,2.979228e-03,2.394837e-02,1.377817e-02,1.173665e-02,1.638536e-02,7.572058e-03,5.501248e-03,4.377469e-03,3.647185e-02
3.573757e-01,1.389388e-01,3.915028e-02,1.643792e-01,2.463345e-02,9.285567e-03,2.185337e-03,1.728523e-02,1.529397e-02,1.616466e-02,1.538085e-01,8.506859e-03,8.035930e-03,1.162598e-02,3.333060e-02
2.511016e-01,1.007544e-01,2.887036e-02,2.513178e-01,1.810201e-02,7.388331e-03,1.541451e-03,1.223852e-02,1.462485e-02,1.303967e-02,2.381243e-01,1.096447e-02,1.904306e-02,8.610304e-03,2.427891e-02
1.763459e-01,7.071781e-02,2.060589e-02,1.966995e-01,1.339833e-02,5.856777e-03,1.096982e-03,8.677724e-03,1.137294e-02,1.382723e-02,4.024308e-01,1.695162e-02,3.594226e-02,8.631661e-03,1.744442e-02
1.234798e-01,4.953475e-02,1.480437e-02,1.458907e-01,1.126456e-02,4.336316e-03,7.733236e-04,6.156607e-03,8.084990e-03,1.189356e-02,5.405619e-01,2.330597e-02,3.853488e-02,8.891482e-03,1.248667e-02
8.653352e-02,3.470367e-02,1.099617e-02,1.044355e-01,1.345024e-02,2.282829e-02,6.294954e-04,4.840435e-03,6.382197e-03,1.037402e-02,6.289756e-01,2.419297e-02,3.477805e-02,7.871827e-03,9.007909e-03
6.067476e-02,2.431110e-02,8.174350e-03,7.583965e-02,3.020668e-02,1.245297e-01,1.120518e-03,5.998057e-03,5.022663e-03,8.228584e-03,5.857633e-01,2.600808e-02,3.088939e-02,6.203149e-03,7.030062e-03
4.260221e-02,1.704270e-02,6.506858e-03,5.891431e-02,6.134307e-02,1.191355e-01,1.302591e-03,6.231121e-03,6.805401e-03,7.417452e-03,5.628555e-01,6.499465e-02,3.363508e-02,5.756013e-03,5.457508e-03
3.272642e-02,1.379242e-02,7.742249e-03,4.337773e-02,5.791434e-02,1.007787e-01,2.323268e-03,1.000533e-02,3.055667e-02,7.912171e-03,4.324634e-01,1.947681e-01,5.400985e-02,6.962967e-03,4.666286e-03
2.672069e-02,1.471520e-02,8.190245e-03,3.151774e-02,6.341749e-02,8.547099e-02,2.539961e-03,1.364291e-02,6.326364e-02,9.131037e-03,3.432367e-01,2.601826e-01,6.480101e-02,8.444694e-03,4.725071e-03
2.500233e-02,1.555399e-02,9.665666e-03,2.367343e-02,5.707350e-02,7.503827e-02,2.963534e-03,3.894898e-02,1.037578e-01,3.035436e-02,2.570300e-01,2.697083e-01,7.550222e-02,9.017118e-03,6.710421e-03
3.051154e-02,3.369788e-02,2.201168e-02,2.136332e-02,4.864251e-02,8.804675e-02,3.564996e-03,6.459433e-02,1.326225e-01,3.931536e-02,1.936221e-01,2.178225e-01,8.377302e-02,9.399402e-03,1.101217e-02
4.737801e-02,3.496947e-02,1.972091e-02,1.924646e-02,4.345407e-02,1.198528e-01,3.370260e-03,5.745613e-02,1.171650e-01,4.394021e-02,1.466374e-01,2.341046e-01,8.949006e-02,1.064938e-02,1.256528e-02
8.663821e-02,3.580940e-02,1.645984e-02,1.876203e-02,3.804427e-02,1.079192e-01,3.607189e-03,5.661545e-02,9.972940e-02,4.824217e-02,1.127942e-01,2.825196e-01,7.160230e-02,9.937547e-03,1.131915e-02
1.110066e-01,3.469630e-02,1.552316e-02,1.750098e-02,4.688863e-02,9.496751e-02,5.242063e-03,5.681527e-02,1.063605e-01,4.375336e-02,8.990615e-02,3.015685e-01,5.662588e-02,8.516883e-03,1.062821e-02
1.787993e-01,3.094365e-02,1.625929e-02,1.500130e-02,5.906470e-02,8.268539e-02,8.505328e-03,5.460238e-02,8.833829e-02,3.401756e-02,6.849337e-02,3.022609e-01,4.418140e-02,7.090926e-03,9.756167e-03
1.557667e-01,2.602612e-02,1.939375e-02,1.155069e-02,5.876195e-02,7.386234e-02,1.147173e-02,5.851071e-02,6.937753e-02,2.800393e-02,5.113241e-02,3.817267e-01,4.023975e-02,6.326844e-03,7.848807e-03
1.519021e-01,2.845993e-02,2.439805e-02,9.916551e-03,8.171272e-02,7.205628e-02,1.762778e-02,8.247010e-02,6.571768e-02,2.380009e-02,3.816783e-02,3.559140e-01,3.566986e-02,5.389702e-03,6.797294e-03
1.713028e-01,2.787673e-02,3.864241e-02,2.651897e-02,8.646712e-02,6.985617e-02,1.753997e-02,1.276136e-01,6.877068e-02,1.877660e-02,3.216765e-02,2.680045e-01,3.301758e-02,5.423989e-03,8.021191e-03
2.065160e-01,2.449275e-02,3.240725e-02,2.452496e-02,1.208143e-01,5.977580e-02,3.407261e-02,1.099238e-01,7.577801e-02,1.426784e-02,2.883193e-02,2.269716e-01,2.904113e-02,5.511595e-03,7.070481e-03
2.040832e-01,2.929723e-02,3.395095e-02,2.412059e-02,1.552445e-01,4.668110e-02,4.192808e-02,1.265567e-01,7.891227e-02,1.216409e-02,2.309328e-02,1.875834e-01,2.608312e-02,4.686830e-03,5.614632e-03
2.654903e-01,3.763792e-02,2.667430e-02,2.544919e-02,1.460562e-01,4.483810e-02,3.697375e-02,9.545434e-02,8.856982e-02,1.311093e-02,2.143707e-02,1.645209e-01,2.378566e-02,4.444052e-03,5.557364e-03
3.111020e-01,4.901136e-02,2.145677e-02,2.312998e-02,1.437388e-01,4.350543e-02,2.917864e-02,7.074862e-02,9.460071e-02,1.456304e-02,2.343000e-02,1.436313e-01,2.177556e-02,4.760300e-03,5.367434e-03
3.773995e-01,5.854514e-02,2.274390e-02,2.101697e-02,1.309980e-01,3.717647e-02,2.162962e-02,5.178444e-02,8.822496e-02,1.149354e-02,2.840443e-02,1.210072e-01,1.871450e-02,4.682807e-03,6.178504e-03
4.056298e-01,5.510848e-02,2.737946e-02,5.844325e-02,1.237883e-01,2.822592e-02,1.664976e-02,4.876470e-02,7.848524e-02,9.311304e-03,2.419088e-02,9.357234e-02,1.740511e-02,3.855462e-03,9.189997e-03
4.651663e-01,5.374299e-02,5.014322e-02,4.603977e-02,1.220508e-01,2.357461e-02,1.258132e-02,3.697120e-02,6.337830e-02,8.398721e-03,2.124441e-02,7.000869e-02,1.442887e-02,3.677430e-03,8.593401e-03
1.000000e+00,0.000000e+00,0.000000e+00,0.000000e+00,0.000000e+00,0.000000e+00,0.000000e+00,0.000000e+00,0.000000e+00,0.000000e+00,0.000000e+00,0.000000e+00,0.000000e+00,0.000000e+00,0.000000e+00
1.000000e+00,0.000000e+00,0.000000e+00,0.000000e+00,0.000000e+00,0.000000e+00,0.000000e+00,0.000000e+00,0.000000e+00,0.000000e+00,0.000000e+00,0.000000e+00,0.000000e+00,0.000000e+00,0.000000e+00
1.000000e+00,0.000000e+00,0.000000e+00,0.000000e+00,0.000000e+00,0.000000e+00,0.000000e+00,0.000000e+00,0.000000e+00,0.000000e+00,0.000000e+00,0.000000e+00,0.000000e+00,0.000000e+00,0.000000e+00
4.849435e-01,2.093276e-02,2.908168e-02,4.069826e-02,3.535702e-02,1.627086e-02,4.469683e-03,1.440027e-02,2.432089e-02,4.896879e-03,1.566381e-01,1.422767e-01,1.144162e-02,4.520809e-03,9.750910e-03
3.915282e-01,1.884586e-02,2.090098e-02,3.556496e-02,2.800865e-02,1.468353e-02,3.593594e-03,1.232836e-02,1.003993e-01,4.748107e-03,1.659883e-01,1.762823e-01,1.187351e-02,3.918170e-03,1.133624e-02
3.288260e-01,2.306968e-02,1.526227e-02,3.630044e-02,2.214729e-02,1.682893e-02,2.806116e-03,1.067574e-02,1.432581e-01,9.176714e-03,1.537102e-01,1.999829e-01,1.095544e-02,5.453626e-03,2.154651e-02
2.778867e-01,1.816612e-02,1.977685e-02,1.885862e-01,2.095987e-02,1.368815e-02,2.253156e-03,1.378579e-02,1.348815e-01,8.512759e-03,1.200372e-01,1.489083e-01,8.946625e-03,4.715607e-03,1.889512e-02
2.784328e-01,1.753486e-02,2.157427e-02,2.241410e-01,1.745767e-02,1.611071e-02,1.992131e-03,1.081919e-02,1.172107e-01,7.401970e-03,1.255756e-01,1.301289e-01,7.372165e-03,5.028942e-03,1.921911e-02
2.543198e-01,2.174016e-02,2.216488e-02,2.445500e-01,1.667034e-02,1.583403e-02,1.762076e-03,1.123564e-02,1.463995e-01,5.964573e-03,1.170216e-01,1.123896e-01,6.676008e-03,5.242010e-03,1.802981e-02
2.820089e-01,2.661690e-02,1.742049e-02,2.018307e-01,2.102447e-02,1.746228e-02,2.046988e-03,2.188403e-02,1.681729e-01,5.443922e-03,1.195423e-01,8.994493e-02,6.700478e-03,5.052296e-03,1.484845e-02
3.117940e-01,3.625100e-02,1.324500e-02,1.541885e-01,2.252532e-02,1.505808e-02,1.906272e-03,2.510213e-02,1.988914e-01,5.506585e-03,1.003395e-01,8.524263e-02,9.843715e-03,6.056430e-03,1.404949e-02
3.158870e-01,3.168371e-02,1.192738e-02,1.489852e-01,2.594783e-02,1.298634e-02,2.459910e-03,6.777700e-02,1.976942e-01,5.043613e-03,7.990357e-02,7.212276e-02,1.102142e-02,5.198090e-03,1.136201e-02
3.568211e-01,2.629574e-02,1.195631e-02,1.200998e-01,4.334757e-02,1.354141e-02,2.958534e-03,6.024514e-02,2.032886e-01,4.669395e-03,6.558472e-02,6.451846e-02,1.112491e-02,5.337696e-03,1.021060e-02
3.445085e-01,2.161459e-02,1.021234e-02,1.131214e-01,5.691294e-02,1.341948e-02,4.261788e-03,8.755825e-02,1.956234e-01,4.136703e-03,5.405254e-02,6.879877e-02,1.255643e-02,4.613647e-03,8.609179e-03
3.949336e-01,1.818677e-02,1.721877e-02,1.130922e-01,4.605792e-02,1.411838e-02,4.660964e-03,9.766694e-02,1.483066e-01,3.844404e-03,4.527330e-02,7.009979e-02,1.397700e-02,4.437026e-03,8.126371e-03
4.866348e-01,1.605688e-02,2.159809e-02,1.012343e-01,3.552174e-02,1.783446e-02,4.491643e-03,7.760438e-02,1.085021e-01,3.745769e-03,3.774486e-02,6.365428e-02,1.248155e-02,4.151560e-03,8.743613e-03
1.000000e+00,0.000000e+00,0.000000e+00,0.000000e+00,0.000000e+00,0.000000e+00,0.000000e+00,0.000000e+00,0.000000e+00,0.000000e+00,0.000000e+00,0.000000e+00,0.000000e+00,0.000000e+00,0.000000e+00
4.990511e-01,1.221680e-02,1.150272e-01,1.133054e-01,2.395703e-02,1.700421e-02,3.772448e-03,6.401551e-02,5.803475e-02,3.102139e-03,2.540894e-02,4.416766e-02,9.629663e-03,3.081565e-03,8.225547e-03
4.373872e-01,9.491610e-03,1.539402e-01,1.638218e-01,2.312196e-02,1.343535e-02,3.521661e-03,7.906444e-02,4.363263e-02,2.496850e-03,2.048270e-02,3.319459e-02,7.431170e-03,2.625117e-03,6.352702e-03
3.605432e-01,6.935436e-03,1.642606e-01,2.727401e-01,1.739068e-02,1.022232e-02,3.061436e-03,7.914916e-02,3.141093e-02,2.124296e-03,1.524753e-02,2.455448e-02,5.582035e-03,2.134425e-03,4.643303e-03
3.641435e-01,5.090698e-03,1.727698e-01,3.008368e-01,1.287502e-02,9.344512e-03,3.049301e-03,6.718694e-02,2.234635e-02,1.890549e-03,1.156951e-02,1.898904e-02,4.550994e-03,1.844283e-03,3.512731e-03
3.173019e-01,3.824846e-03,1.715747e-01,3.744982e-01,9.911278e-03,7.566514e-03,2.641997e-03,6.445114e-02,1.592091e-02,1.782255e-03,8.625210e-03,1.429232e-02,3.574529e-03,1.417782e-03,2.616493e-03
2.537630e-01,2.856980e-03,1.787594e-01,4.527999e-01,8.492529e-03,5.566462e-03,2.276645e-03,5.944658e-02,1.159883e-02,1.864211e-03,6.423585e-03,1.040404e-02,2.718312e-03,1.058502e-03,1.971049e-03
2.124214e-01,2.272921e-03,1.730213e-01,5.191799e-01,8.006020e-03,4.447881e-03,1.922658e-03,5.102196e-02,8.680753e-03,1.941817e-03,4.865304e-03,7.613568e-03,2.135448e-03,8.231142e-04,1.646085e-03
1.739289e-01,1.842156e-03,1.705477e-01,5.785294e-01,6.642081e-03,3.491455e-03,1.472585e-03,4.293859e-02,6.386600e-03,1.611180e-03,3.592840e-03,5.523376e-03,1.651871e-03,5.999712e-04,1.241355e-03
2.488011e-01,2.982226e-03,1.809358e-01,4.879946e-01,6.844617e-03,5.651785e-03,1.432481e-03,3.563450e-02,6.692286e-03,3.622485e-03,4.926725e-03,6.505354e-03,3.340523e-03,9.797756e-04,3.655631e-03
3.049025e-01,4.486302e-03,1.822160e-01,4.142248e-01,6.327956e-03,6.571960e-03,1.485586e-03,2.923904e-02,7.524258e-03,8.255110e-03,9.351987e-03,1.093408e-02,6.823682e-03,1.824802e-03,5.831983e-03
2.220101e-01,7.266570e-03,1.415472e-01,5.473474e-01,5.036196e-03,4.865202e-03,1.074155e-03,2.112969e-02,6.654433e-03,6.518314e-03,1.443703e-02,9.320923e-03,6.850609e-03,1.444684e-03,4.497609e-03
1.738445e-01,5.899223e-03,1.518658e-01,5.885522e-01,4.358933e-03,3.902203e-03,7.966523e-04,1.555170e-02,5.717426e-03,6.131006e-03,2.366125e-02,8.078901e-03,6.829144e-03,1.212894e-03,3.598132e-03
1.812923e-01,7.352411e-03,1.776380e-01,5.400243e-01,5.582716e-03,4.342539e-03,7.802518e-04,1.209361e-02,5.535909e-03,6.947951e-03,3.965363e-02,7.057657e-03,6.490961e-03,1.462140e-03,3.745702e-03
3.302333e-01,9.675005e-03,1.533699e-01,3.921594e-01,7.233048e-03,7.452596e-03,1.010133e-03,1.087530e-02,1.068971e-02,6.663845e-03,4.311509e-02,7.294338e-03,7.827355e-03,3.358329e-03,9.042520e-03
4.572592e-01,1.468081e-02,1.142568e-01,2.833861e-01,7.543170e-03,7.618259e-03,1.087068e-03,8.612799e-03,2.237282e-02,5.785381e-03,3.680032e-02,7.989360e-03,8.697985e-03,4.830122e-03,1.907979e-02
4.334882e-01,3.400272e-02,9.170218e-02,2.553280e-01,7.328461e-03,1.096256e-02,1.383583e-03,7.304167e-03,4.467049e-02,9.558952e-03,2.983000e-02,1.056927e-02,1.013970e-02,7.184397e-03,4.654739e-02
1.000000e+00,0.000000e+00,0.000000e+00,0.000000e+00,0.000000e+00,0.000000e+00,0.000000e+00,0.000000e+00,0.000000e+00,0.000000e+00,0.000000e+00,0.000000e+00,0.000000e+00,0.000000e+00,0.000000e+00
1.000000e+00,0.000000e+00,0.000000e+00,0.000000e+00,0.000000e+00,0.000000e+00,0.000000e+00,0.000000e+00,0.000000e+00,0.000000e+00,0.000000e+00,0.000000e+00,0.000000e+00,0.000000e+00,0.000000e+00
4.993801e-01,3.171274e-02,5.591381e-02,2.504306e-01,1.087564e-02,1.451115e-02,1.765336e-03,7.351054e-03,3.913046e-02,7.319087e-03,2.129057e-02,1.238824e-02,1.145195e-02,5.288483e-03,3.119077e-02
4.312930e-01,2.679943e-02,4.866686e-02,2.218276e-01,1.169747e-02,1.875054e-02,1.746968e-03,5.525914e-03,8.954616e-02,1.491967e-02,3.876991e-02,1.019041e-02,1.243772e-02,5.237856e-03,6.259060e-02
4.785082e-01,2.566861e-02,3.717201e-02,1.868334e-01,1.156130e-02,2.016083e-02,1.973048e-03,7.060801e-03,9.279441e-02,1.342964e-02,3.682371e-02,9.747099e-03,1.183182e-02,5.156783e-03,6.127832e-02
1.000000e+00,0.000000e+00,0.000000e+00,0.000000e+00,0.000000e+00,0.000000e+00,0.000000e+00,0.000000e+00,0.000000e+00,0.000000e+00,0.000000e+00,0.000000e+00,0.000000e+00,0.000000e+00,0.000000e+00
1.000000e+00,0.000000e+00,0.000000e+00,0.000000e+00,0.000000e+00,0.000000e+00,0.000000e+00,0.000000e+00,0.000000e+00,0.000000e+00,0.000000e+00,0.000000e+00,0.000000e+00,0.000000e+00,0.000000e+00
1.000000e+00,0.000000e+00,0.000000e+00,0.000000e+00,0.000000e+00,0.000000e+00,0.000000e+00,0.000000e+00,0.000000e+00,0.000000e+00,0.000000e+00,0.000000e+00,0.000000e+00,0.000000e+00,0.000000e+00
1.000000e+00,0.000000e+00,0.000000e+00,0.000000e+00,0.000000e+00,0.000000e+00,0.000000e+00,0.000000e+00,0.000000e+00,0.000000e+00,0.000000e+00,0.000000e+00,0.000000e+00,0.000000e+00,0.000000e+00
4.846678e-01,1.695523e-02,4.478412e-02,5.935629e-02,1.179076e-02,1.431141e-01,2.030092e-02,9.737542e-02,2.333927e-02,3.526378e-03,1.083413e-02,1.204325e-02,4.636886e-02,2.548308e-03,2.299514e-02
4.907086e-01,1.466346e-02,3.857254e-02,4.628824e-02,1.112582e-02,1.694343e-01,1.911892e-02,9.401448e-02,1.926294e-02,2.780581e-03,9.027340e-03,1.807667e-02,4.498338e-02,2.494226e-03,1.944844e-02
4.447794e-01,1.380210e-02,4.146844e-02,4.005503e-02,9.726293e-03,1.808640e-01,2.202941e-02,1.250011e-01,1.617073e-02,3.170073e-03,8.001812e-03,1.676735e-02,5.655412e-02,2.233400e-03,1.937678e-02
4.354995e-01,1.108963e-02,3.371146e-02,3.214458e-02,9.306150e-03,1.546147e-01,1.989192e-02,2.029351e-01,1.478511e-02,2.406444e-03,5.947195e-03,1.388398e-02,4.450787e-02,1.735726e-03,1.754061e-02
3.995200e-01,8.929018e-03,2.879087e-02,2.530940e-02,8.176901e-03,1.211781e-01,1.856782e-02,3.035422e-01,1.147538e-02,2.205915e-03,4.869821e-03,1.351831e-02,3.415662e-02,1.504438e-03,1.825518e-02
3.473558e-01,1.634879e-02,4.049598e-02,4.810854e-02,7.583926e-03,9.158492e-02,1.567203e-02,2.268526e-01,1.335572e-02,1.780653e-02,2.006564e-02,2.448262e-02,4.751713e-02,1.919310e-03,8.085037e-02
4.082175e-01,1.427246e-02,3.095814e-02,4.949693e-02,8.043015e-03,7.678766e-02,2.286430e-02,1.662465e-01,1.199289e-02,1.349243e-02,3.835267e-02,2.976731e-02,6.199327e-02,2.403882e-03,6.511115e-02
4.570494e-01,1.245859e-02,2.439612e-02,5.051989e-02,8.112206e-03,6.237252e-02,1.837988e-02,1.214433e-01,1.518028e-02,1.103562e-02,3.868241e-02,3.695221e-02,8.608569e-02,2.973526e-03,5.435838e-02
4.584567e-01,9.272494e-03,1.745488e-02,3.857173e-02,7.453050e-03,5.197305e-02,1.394379e-02,8.605857e-02,1.621035e-02,8.735333e-03,4.205137e-02,4.656091e-02,1.605007e-01,3.080108e-03,3.967698e-02
4.627876e-01,7.375467e-03,1.255920e-02,2.865354e-02,7.555773e-03,4.727973e-02,1.203086e-02,6.143723e-02,2.315818e-02,6.614785e-03,4.267422e-02,5.507700e-02,2.010027e-01,2.698982e-03,2.909473e-02
4.164821e-01,8.241392e-03,3.169640e-02,3.471890e-02,1.071234e-02,3.809706e-02,9.352971e-03,8.470349e-02,3.887168e-02,6.975054e-03,3.873856e-02,6.858169e-02,1.870200e-01,2.696785e-03,2.311155e-02
3.683921e-01,9.927315e-03,5.358753e-02,1.154544e-01,9.798418e-03,3.506914e-02,6.861372e-03,6.297490e-02,3.964708e-02,6.359328e-03,3.418764e-02,8.524796e-02,1.518827e-01,2.327400e-03,1.828280e-02
3.357086e-01,2.260438e-02,4.358530e-02,8.762804e-02,1.708460e-02,2.806443e-02,5.263594e-03,4.895833e-02,1.440957e-01,8.133743e-03,2.834995e-02,9.138010e-02,1.226759e-01,1.960364e-03,1.450699e-02
2.536249e-01,2.798948e-02,3.351748e-02,6.368195e-02,3.590810e-02,2.039143e-02,3.820862e-03,6.415093e-02,2.851104e-01,7.592145e-03,2.607609e-02,7.474241e-02,9.098827e-02,1.734215e-03,1.067137e-02
2.356807e-01,3.733774e-02,2.580236e-02,4.856267e-02,3.770560e-02,1.510417e-02,2.889442e-03,5.880909e-02,3.607997e-01,6.792106e-03,2.317567e-02,6.885189e-02,6.863409e-02,1.559809e-03,8.295025e-03
1.772233e-01,3.468719e-02,2.098260e-02,4.240462e-02,2.798197e-02,1.147460e-02,2.056619e-03,6.848040e-02,4.616967e-01,5.976340e-03,2.402612e-02,5.753553e-02,5.746547e-02,1.462307e-03,6.546292e-03
1.359497e-01,3.133461e-02,2.050816e-02,3.222289e-02,2.367333e-02,8.701905e-03,1.495205e-03,1.202878e-01,4.850253e-01,5.122044e-03,2.545276e-02,5.068819e-02,5.307985e-02,1.384387e-03,5.073877e-03
1.022468e-01,2.476042e-02,1.943954e-02,3.587963e-02,4.647538e-02,6.505618e-03,1.124542e-03,1.743563e-01,4.837400e-01,3.905375e-03,2.140991e-02,3.625621e-02,3.916850e-02,1.081966e-03,3.649760e-03
8.851752e-02,2.569598e-02,4.336983e-02,6.434396e-02,4.889560e-02,5.454304e-03,9.618388e-04,1.646556e-01,4.555123e-01,3.705719e-03,2.523796e-02,3.737352e-02,3.217271e-02,1.243222e-03,2.859915e-03
7.316525e-02,3.335984e-02,3.244471e-02,5.183416e-02,4.932947e-02,4.227085e-03,9.131419e-04,1.599795e-01,5.113071e-01,3.143268e-03,2.356525e-02,2.998834e-02,2.350838e-02,1.076063e-03,2.158441e-03
6.634597e-02,3.235991e-02,2.365035e-02,4.097296e-02,4.308152e-02,5.007715e-03,7.945721e-04,1.634105e-01,5.439062e-01,7.780404e-03,2.957595e-02,2.337371e-02,1.684686e-02,1.067238e-03,1.826063e-03
5.686250e-02,2.949822e-02,1.727093e-02,3.175673e-02,4.514115e-02,5.731237e-03,8.202543e-04,1.349083e-01,6.102067e-01,7.497405e-03,2.651019e-02,1.867975e-02,1.249418e-02,1.060424e-03,1.562082e-03
6.609010e-02,2.498183e-02,1.429969e-02,2.850131e-02,3.829708e-02,7.329398e-03,2.064945e-03,1.787956e-01,5.556780e-01,8.128203e-03,3.372167e-02,2.872108e-02,1.061621e-02,1.221076e-03,1.553855e-03
8.305917e-02,2.847382e-02,1.385952e-02,2.693372e-02,3.782004e-02,6.902658e-03,2.745847e-03,2.203917e-01,5.053738e-01,9.457815e-03,2.876964e-02,2.517486e-02,8.237092e-03,1.289825e-03,1.510479e-03
1.208019e-01,3.048165e-02,1.985227e-02,2.582840e-02,3.922852e-02,6.392987e-03,3.982650e-03,2.676862e-01,4.192078e-01,1.017702e-02,2.421459e-02,2.273445e-02,6.426937e-03,1.371906e-03,1.612780e-03
2.249750e-01,3.000627e-02,2.054952e-02,2.279063e-02,3.469785e-02,8.370098e-03,6.022792e-03,2.201318e-01,3.349712e-01,3.971878e-02,2.616831e-02,2.217601e-02,5.663969e-03,1.441356e-03,2.316370e-03
3.177789e-01,2.534153e-02,2.244494e-02,2.945964e-02,3.102975e-02,9.091752e-03,1.018027e-02,1.913003e-01,2.639607e-01,4.145626e-02,2.545153e-02,2.260354e-02,5.336548e-03,1.533536e-03,3.030713e-03
4.395851e-01,2.012196e-02,1.946397e-02,2.767503e-02,2.615932e-02,8.528581e-03,1.078249e-02,1.521497e-01,2.042339e-01,3.569020e-02,2.220407e-02,2.027171e-02,6.209353e-03,1.891655e-03,5.032931e-03
1.000000e+00,0.000000e+00,0.000000e+00,0.000000e+00,0.000000e+00,0.000000e+00,0.000000e+00,0.000000e+00,0.000000e+00,0.000000e+00,0.000000e+00,0.000000e+00,0.000000e+00,0.000000e+00,0.000000e+00
1.000000e+00,0.000000e+00,0.000000e+00,0.000000e+00,0.000000e+00,0.000000e+00,0.000000e+00,0.000000e+00,0.000000e+00,0.000000e+00,0.000000e+00,0.000000e+00,0.000000e+00,0.000000e+00,0.000000e+00
1.000000e+00,0.000000e+00,0.000000e+00,0.000000e+00,0.000000e+00,0.000000e+00,0.000000e+00,0.000000e+00,0.000000e+00,0.000000e+00,0.000000e+00,0.000000e+00,0.000000e+00,0.000000e+00,0.000000e+00
1.000000e+00,0.000000e+00,0.000000e+00,0.000000e+00,0.000000e+00,0.000000e+00,0.000000e+00,0.000000e+00,0.000000e+00,0.000000e+00,0.000000e+00,0.000000e+00,0.000000e+00,0.000000e+00,0.000000e+00
1.000000e+00,0.000000e+00,0.000000e+00,0.000000e+00,0.000000e+00,0.000000e+00,0.000000e+00,0.000000e+00,0.000000e+00,0.000000e+00,0.000000e+00,0.000000e+00,0.000000e+00,0.000000e+00,0.000000e+00
1.000000e+00,0.000000e+00,0.000000e+00,0.000000e+00,0.000000e+00,0.000000e+00,0.000000e+00,0.000000e+00,0.000000e+00,0.000000e+00,0.000000e+00,0.000000e+00,0.000000e+00,0.000000e+00,0.000000e+00
1.000000e+00,0.000000e+00,0.000000e+00,0.000000e+00,0.000000e+00,0.000000e+00,0.000000e+00,0.000000e+00,0.000000e+00,0.000000e+00,0.000000e+00,0.000000e+00,0.000000e+00,0.000000e+00,0.000000e+00
1.000000e+00,0.000000e+00,0.000000e+00,0.000000e+00,0.000000e+00,0.000000e+00,0.000000e+00,0.000000e+00,0.000000e+00,0.000000e+00,0.000000e+00,0.000000e+00,0.000000e+00,0.000000e+00,0.000000e+00
1.000000e+00,0.000000e+00,0.000000e+00,0.000000e+00,0.000000e+00,0.000000e+00,0.000000e+00,0.000000e+00,0.000000e+00,0.000000e+00,0.000000e+00,0.000000e+00,0.000000e+00,0.000000e+00,0.000000e+00
1.000000e+00,0.000000e+00,0.000000e+00,0.000000e+00,0.000000e+00,0.000000e+00,0.000000e+00,0.000000e+00,0.000000e+00,0.000000e+00,0.000000e+00,0.000000e+00,0.000000e+00,0.000000e+00,0.000000e+00
1.000000e+00,0.000000e+00,0.000000e+00,0.000000e+00,0.000000e+00,0.000000e+00,0.000000e+00,0.000000e+00,0.000000e+00,0.000000e+00,0.000000e+00,0.000000e+00,0.000000e+00,0.000000e+00,0.000000e+00
1.000000e+00,0.000000e+00,0.000000e+00,0.000000e+00,0.000000e+00,0.000000e+00,0.000000e+00,0.000000e+00,0.000000e+00,0.000000e+00,0.000000e+00,0.000000e+00,0.000000e+00,0.000000e+00,0.000000e+00
1.000000e+00,0.000000e+00,0.000000e+00,0.000000e+00,0.000000e+00,0.000000e+00,0.000000e+00,0.000000e+00,0.000000e+00,0.000000e+00,0.000000e+00,0.000000e+00,0.000000e+00,0.000000e+00,0.000000e+00
1.000000e+00,0.000000e+00,0.000000e+00,0.000000e+00,0.000000e+00,0.000000e+00,0.000000e+00,0.000000e+00,0.000000e+00,0.000000e+00,0.000000e+00,0.000000e+00,0.000000e+00,0.000000e+00,0.000000e+00
1.000000e+00,0.000000e+00,0.000000e+00,0.000000e+00,0.000000e+00,0.000000e+00,0.000000e+00,0.000000e+00,0.000000e+00,0.000000e+00,0.000000e+00,0.000000e+00,0.000000e+00,0.000000e+00,0.000000e+00
4.407464e-01,2.975304e-02,1.452597e-02,2.261242e-02,1.255376e-02,2.286770e-02,2.269259e-03,1.414120e-02,1.338536e-01,2.532185e-02,1.037773e-01,3.510324e-02,1.222196e-02,1.024619e-01,2.779047e-02
3.709908e-01,3.650086e-02,1.634906e-02,7.617190e-02,2.165767e-02,2.152581e-02,2.400380e-03,1.984264e-02,1.452041e-01,2.202426e-02,1.025395e-01,3.577303e-02,1.318833e-02,9.071118e-02,2.512046e-02
3.245545e-01,4.899066e-02,1.498882e-02,6.309907e-02,2.576176e-02,3.392132e-02,2.043145e-03,2.237058e-02,2.281010e-01,1.847946e-02,8.022158e-02,2.796278e-02,1.072071e-02,7.593939e-02,2.284516e-02
2.619254e-01,4.768429e-02,1.472832e-02,9.063490e-02,2.956157e-02,3.352748e-02,1.854470e-03,6.009327e-02,2.612187e-01,1.452415e-02,7.038088e-02,2.606122e-02,1.366057e-02,5.591436e-02,1.823046e-02
2.704200e-01,5.048608e-02,3.772347e-02,7.080380e-02,3.338605e-02,4.120731e-02,2.333810e-03,7.283337e-02,2.215353e-01,1.201330e-02,6.670569e-02,2.962155e-02,1.485332e-02,5.786438e-02,1.821260e-02
3.152530e-01,4.266492e-02,7.811873e-02,6.025337e-02,3.735314e-02,3.454672e-02,2.998346e-03,6.637317e-02,1.863522e-01,9.790545e-03,5.863848e-02,2.906603e-02,1.389823e-02,4.945781e-02,1.523542e-02
3.717371e-01,3.948322e-02,8.723410e-02,4.896740e-02,3.389163e-02,3.177727e-02,3.094553e-03,5.815181e-02,1.732534e-01,7.358908e-03,4.781253e-02,2.667839e-02,1.258242e-02,4.432139e-02,1.365602e-02
1.000000e+00,0.000000e+00,0.000000e+00,0.000000e+00,0.000000e+00,0.000000e+00,0.000000e+00,0.000000e+00,0.000000e+00,0.000000e+00,0.000000e+00,0.000000e+00,0.000000e+00,0.000000e+00,0.000000e+00
1.000000e+00,0.000000e+00,0.000000e+00,0.000000e+00,0.000000e+00,0.000000e+00,0.000000e+00,0.000000e+00,0.000000e+00,0.000000e+00,0.000000e+00,0.000000e+00,0.000000e+00,0.000000e+00,0.000000e+00
1.000000e+00,0.000000e+00,0.000000e+00,0.000000e+00,0.000000e+00,0.000000e+00,0.000000e+00,0.000000e+00,0.000000e+00,0.000000e+00,0.000000e+00,0.000000e+00,0.000000e+00,0.000000e+00,0.000000e+00
1.000000e+00,0.000000e+00,0.000000e+00,0.000000e+00,0.000000e+00,0.000000e+00,0.000000e+00,0.000000e+00,0.000000e+00,0.000000e+00,0.000000e+00,0.000000e+00,0.000000e+00,0.000000e+00,0.000000e+00
1.000000e+00,0.000000e+00,0.000000e+00,0.000000e+00,0.000000e+00,0.000000e+00,0.000000e+00,0.000000e+00,0.000000e+00,0.000000e+00,0.000000e+00,0.000000e+00,0.000000e+00,0.000000e+00,0.000000e+00
1.000000e+00,0.000000e+00,0.000000e+00,0.000000e+00,0.000000e+00,0.000000e+00,0.000000e+00,0.000000e+00,0.000000e+00,0.000000e+00,0.000000e+00,0.000000e+00,0.000000e+00,0.000000e+00,0.000000e+00
1.000000e+00,0.000000e+00,0.000000e+00,0.000000e+00,0.000000e+00,0.000000e+00,0.000000e+00,0.000000e+00,0.000000e+00,0.000000e+00,0.000000e+00,0.000000e+00,0.000000e+00,0.000000e+00,0.000000e+00
1.000000e+00,0.000000e+00,0.000000e+00,0.000000e+00,0.000000e+00,0.000000e+00,0.000000e+00,0.000000e+00,0.000000e+00,0.000000e+00,0.000000e+00,0.000000e+00,0.000000e+00,0.000000e+00,0.000000e+00
4.512181e-01,1.854466e-02,2.772080e-02,2.063201e-01,6.309221e-03,1.447687e-02,2.287498e-03,1.460798e-02,8.622533e-02,1.546155e-02,5.453905e-02,4.800154e-02,2.063236e-02,7.437018e-03,2.621799e-02
4.036720e-01,1.706625e-02,2.211612e-02,1.923396e-01,5.534608e-03,1.194310e-02,1.760621e-03,1.152685e-02,1.363422e-01,1.335498e-02,9.077673e-02,4.085073e-02,1.769261e-02,1.158319e-02,2.344036e-02
3.122860e-01,2.133043e-02,1.821961e-02,1.468331e-01,6.223480e-03,5.061209e-02,1.630453e-03,1.078625e-02,1.879770e-01,1.278128e-02,1.353408e-01,3.265559e-02,1.682660e-02,1.819973e-02,2.829751e-02
2.368705e-01,2.339229e-02,3.783935e-02,2.125576e-01,6.441090e-03,6.283890e-02,1.407087e-03,1.459884e-02,1.927886e-01,1.083688e-02,1.231932e-01,2.579534e-02,1.405926e-02,1.606321e-02,2.131798e-02
1.995827e-01,4.690582e-02,7.548542e-02,1.817373e-01,7.011848e-03,5.659633e-02,1.300811e-03,1.835002e-02,2.045393e-01,1.015591e-02,1.317645e-01,2.033209e-02,1.067108e-02,1.622148e-02,1.934533e-02
1.659970e-01,1.584538e-01,9.570379e-02,1.450011e-01,7.851431e-03,4.397387e-02,9.975592e-04,1.629011e-02,1.845212e-01,1.071595e-02,1.100436e-01,1.619676e-02,8.094205e-03,1.401366e-02,2.214602e-02
1.470831e-01,1.858416e-01,1.086711e-01,1.267203e-01,1.021889e-02,4.146422e-02,8.281713e-04,1.825432e-02,1.798394e-01,1.672375e-02,1.018143e-01,1.307423e-02,6.826141e-03,1.601724e-02,2.662325e-02
1.067725e-01,1.491285e-01,1.293564e-01,2.539651e-01,9.830720e-03,3.042191e-02,6.432811e-04,1.402598e-02,1.506985e-01,1.502346e-02,7.312307e-02,9.409828e-03,5.267623e-03,1.171131e-02,4.062182e-02
9.258331e-02,1.387328e-01,2.330695e-01,2.191636e-01,1.193339e-02,2.398354e-02,6.005556e-04,1.271747e-02,1.307855e-01,1.587374e-02,5.564292e-02,7.113112e-03,4.281086e-03,9.787835e-03,4.373162e-02
9.769964e-02,1.371420e-01,2.909725e-01,1.823576e-01,3.156463e-02,2.197429e-02,1.547863e-03,9.715722e-03,1.083599e-01,1.704785e-02,4.441310e-02,6.075821e-03,4.627130e-03,8.332270e-03,3.816961e-02
1.243593e-01,1.463540e-01,2.555215e-01,1.816518e-01,3.829845e-02,2.074180e-02,2.035848e-03,9.925836e-03,9.667252e-02,1.950707e-02,3.690883e-02,7.302504e-03,5.374503e-03,9.708446e-03,4.563748e-02
1.949433e-01,1.659987e-01,1.992184e-01,1.411877e-01,3.918307e-02,2.008620e-02,2.503953e-03,1.730727e-02,1.069376e-01,1.731184e-02,3.291154e-02,8.358436e-03,4.801871e-03,1.092201e-02,3.832794e-02
2.861744e-01,1.614235e-01,1.498827e-01,1.128505e-01,3.883760e-02,1.989991e-02,2.764228e-03,1.823936e-02,1.043552e-01,1.558801e-02,2.721943e-02,9.997416e-03,4.637305e-03,1.293193e-02,3.519848e-02
3.533620e-01,1.444367e-01,1.102070e-01,9.086302e-02,4.366818e-02,2.368050e-02,2.662741e-03,1.591200e-02,9.816658e-02,1.956655e-02,2.737090e-02,1.315577e-02,5.223077e-03,1.479466e-02,3.693029e-02
4.193195e-01,1.321739e-01,7.937268e-02,7.461993e-02,4.026968e-02,2.551527e-02,2.202949e-03,1.341781e-02,8.630946e-02,1.599216e-02,2.853686e-02,1.637114e-02,6.450319e-03,1.547125e-02,4.397717e-02
4.291396e-01,1.854233e-01,5.700217e-02,5.742720e-02,3.486264e-02,2.130490e-02,1.846755e-03,1.081830e-02,7.635354e-02,1.250744e-02,2.654822e-02,1.670974e-02,5.950700e-03,1.634334e-02,4.776214e-02
4.478587e-01,1.663642e-01,4.522077e-02,7.994677e-02,2.987938e-02,1.907540e-02,2.231428e-03,1.220261e-02,6.328697e-02,9.576946e-03,2.813694e-02,2.928790e-02,8.515190e-03,1.343185e-02,4.498492e-02
1.000000e+00,0.000000e+00,0.000000e+00,0.000000e+00,0.000000e+00,0.000000e+00,0.000000e+00,0.000000e+00,0.000000e+00,0.000000e+00,0.000000e+00,0.000000e+00,0.000000e+00,0.000000e+00,0.000000e+00
1.000000e+00,0.000000e+00,0.000000e+00,0.000000e+00,0.000000e+00,0.000000e+00,0.000000e+00,0.000000e+00,0.000000e+00,0.000000e+00,0.000000e+00,0.000000e+00,0.000000e+00,0.000000e+00,0.000000e+00
1.000000e+00,0.000000e+00,0.000000e+00,0.000000e+00,0.000000e+00,0.000000e+00,0.000000e+00,0.000000e+00,0.000000e+00,0.000000e+00,0.000000e+00,0.000000e+00,0.000000e+00,0.000000e+00,0.000000e+00
1.000000e+00,0.000000e+00,0.000000e+00,0.000000e+00,0.000000e+00,0.000000e+00,0.000000e+00,0.000000e+00,0.000000e+00,0.000000e+00,0.000000e+00,0.000000e+00,0.000000e+00,0.000000e+00,0.000000e+00
4.044471e-01,9.209462e-02,2.951181e-02,1.062464e-01,1.457125e-02,2.082646e-02,1.846507e-03,4.716550e-03,7.096343e-02,2.033862e-02,2.125899e-02,1.423225e-02,7.385979e-03,1.162848e-02,1.799316e-01
2.903735e-01,9.755182e-02,8.569081e-02,2.396016e-01,1.124166e-02,1.541567e-02,1.441989e-03,3.424520e-03,5.548374e-02,1.582173e-02,1.549447e-02,1.024065e-02,5.357804e-03,8.269031e-03,1.445910e-01
2.435552e-01,8.204138e-02,1.171889e-01,3.076001e-01,8.872887e-03,1.206748e-02,1.173178e-03,2.479688e-03,4.354157e-02,1.689411e-02,1.349592e-02,7.699525e-03,4.276367e-03,6.190438e-03,1.329232e-01
2.615752e-01,7.572797e-02,1.319155e-01,2.400337e-01,8.294280e-03,1.046301e-02,1.060919e-03,1.919099e-03,3.422196e-02,1.624546e-02,1.139357e-02,6.331387e-03,3.922897e-03,8.052495e-03,1.888426e-01
2.797680e-01,7.674768e-02,1.157421e-01,2.112547e-01,8.956671e-03,9.536668e-03,1.423889e-03,1.765531e-03,2.797541e-02,1.538008e-02,9.843647e-03,6.549079e-03,4.148030e-03,9.230105e-03,2.216784e-01
2.128383e-01,6.771591e-02,1.679117e-01,2.935370e-01,6.957541e-03,7.357013e-03,1.106160e-03,1.371541e-03,2.080229e-02,1.171168e-02,7.597480e-03,5.453294e-03,3.294460e-03,7.165795e-03,1.851798e-01
1.682412e-01,5.224098e-02,2.734787e-01,2.993992e-01,5.534381e-03,5.765312e-03,8.711252e-04,1.075963e-03,1.663848e-02,9.344649e-03,6.657522e-03,4.989860e-03,2.769253e-03,6.054322e-03,1.469391e-01
3.529034e-01,4.535696e-02,2.081537e-01,2.224741e-01,7.380507e-03,7.071105e-03,1.327782e-03,1.692810e-03,1.312942e-02,6.863351e-03,6.691761e-03,6.258545e-03,4.926336e-03,6.468572e-03,1.093016e-01
4.216073e-01,5.784132e-02,1.527235e-01,1.985635e-01,1.012421e-02,8.369109e-03,2.158665e-03,3.718287e-03,1.069514e-02,5.601509e-03,8.781653e-03,1.318596e-02,7.264849e-03,7.526499e-03,9.183841e-02
1.000000e+00,0.000000e+00,0.000000e+00,0.000000e+00,0.000000e+00,0.000000e+00,0.000000e+00,0.000000e+00,0.000000e+00,0.000000e+00,0.000000e+00,0.000000e+00,0.000000e+00,0.000000e+00,0.000000e+00
1.000000e+00,0.000000e+00,0.000000e+00,0.000000e+00,0.000000e+00,0.000000e+00,0.000000e+00,0.000000e+00,0.000000e+00,0.000000e+00,0.000000e+00,0.000000e+00,0.000000e+00,0.000000e+00,0.000000e+00
1.000000e+00,0.000000e+00,0.000000e+00,0.000000e+00,0.000000e+00,0.000000e+00,0.000000e+00,0.000000e+00,0.000000e+00,0.000000e+00,0.000000e+00,0.000000e+00,0.000000e+00,0.000000e+00,0.000000e+00
1.000000e+00,0.000000e+00,0.000000e+00,0.000000e+00,0.000000e+00,0.000000e+00,0.000000e+00,0.000000e+00,0.000000e+00,0.000000e+00,0.000000e+00,0.000000e+00,0.000000e+00,0.000000e+00,0.000000e+00
1.000000e+00,0.000000e+00,0.000000e+00,0.000000e+00,0.000000e+00,0.000000e+00,0.000000e+00,0.000000e+00,0.000000e+00,0.000000e+00,0.000000e+00,0.000000e+00,0.000000e+00,0.000000e+00,0.000000e+00
1.000000e+00,0.000000e+00,0.000000e+00,0.000000e+00,0.000000e+00,0.000000e+00,0.000000e+00,0.000000e+00,0.000000e+00,0.000000e+00,0.000000e+00,0.000000e+00,0.000000e+00,0.000000e+00,0.000000e+00
1.000000e+00,0.000000e+00,0.000000e+00,0.000000e+00,0.000000e+00,0.000000e+00,0.000000e+00,0.000000e+00,0.000000e+00,0.000000e+00,0.000000e+00,0.000000e+00,0.000000e+00,0.000000e+00,0.000000e+00
1.000000e+00,0.000000e+00,0.000000e+00,0.000000e+00,0.000000e+00,0.000000e+00,0.000000e+00,0.000000e+00,0.000000e+00,0.000000e+00,0.000000e+00,0.000000e+00,0.000000e+00,0.000000e+00,0.000000e+00
1.000000e+00,0.000000e+00,0.000000e+00,0.000000e+00,0.000000e+00,0.000000e+00,0.000000e+00,0.000000e+00,0.000000e+00,0.000000e+00,0.000000e+00,0.000000e+00,0.000000e+00,0.000000e+00,0.000000e+00
1.000000e+00,0.000000e+00,0.000000e+00,0.000000e+00,0.000000e+00,0.000000e+00,0.000000e+00,0.000000e+00,0.000000e+00,0.000000e+00,0.000000e+00,0.000000e+00,0.000000e+00,0.000000e+00,0.000000e+00
1.000000e+00,0.000000e+00,0.000000e+00,0.000000e+00,0.000000e+00,0.000000e+00,0.000000e+00,0.000000e+00,0.000000e+00,0.000000e+00,0.000000e+00,0.000000e+00,0.000000e+00,0.000000e+00,0.000000e+00
1.000000e+00,0.000000e+00,0.000000e+00,0.000000e+00,0.000000e+00,0.000000e+00,0.000000e+00,0.000000e+00,0.000000e+00,0.000000e+00,0.000000e+00,0.000000e+00,0.000000e+00,0.000000e+00,0.000000e+00
1.000000e+00,0.000000e+00,0.000000e+00,0.000000e+00,0.000000e+00,0.000000e+00,0.000000e+00,0.000000e+00,0.000000e+00,0.000000e+00,0.000000e+00,0.000000e+00,0.000000e+00,0.000000e+00,0.000000e+00
1.000000e+00,0.000000e+00,0.000000e+00,0.000000e+00,0.000000e+00,0.000000e+00,0.000000e+00,0.000000e+00,0.000000e+00,0.000000e+00,0.000000e+00,0.000000e+00,0.000000e+00,0.000000e+00,0.000000e+00
1.000000e+00,0.000000e+00,0.000000e+00,0.000000e+00,0.000000e+00,0.000000e+00,0.000000e+00,0.000000e+00,0.000000e+00,0.000000e+00,0.000000e+00,0.000000e+00,0.000000e+00,0.000000e+00,0.000000e+00
4.213079e-01,1.134698e-02,2.058573e-01,4.518222e-02,2.957679e-03,1.409620e-02,8.457010e-04,7.806189e-03,1.356388e-02,1.040639e-02,8.551516e-03,1.155754e-02,7.582229e-03,9.808516e-02,1.408532e-01
3.035449e-01,9.281846e-03,1.463620e-01,3.271994e-02,2.264753e-03,1.121730e-02,6.349041e-04,5.717348e-03,2.064617e-02,1.572503e-02,1.509771e-02,1.739155e-02,7.310618e-03,8.618776e-02,3.258981e-01
2.227842e-01,1.818624e-02,1.553110e-01,6.310733e-02,4.813267e-03,2.113315e-02,5.927850e-04,4.718886e-03,2.085514e-02,1.318378e-02,9.811355e-02,1.571050e-02,1.063478e-02,8.573743e-02,2.651179e-01
1.752730e-01,2.110195e-02,2.137222e-01,6.427405e-02,4.806001e-03,2.388673e-02,5.235261e-04,3.820870e-03,1.729010e-02,1.646745e-02,9.594762e-02,1.249388e-02,1.202078e-02,7.572328e-02,2.626486e-01
1.550509e-01,2.160313e-02,2.337042e-01,4.956761e-02,5.141434e-03,2.449274e-02,1.007335e-03,4.050876e-03,1.946339e-02,7.484983e-02,1.094726e-01,1.144156e-02,1.842439e-02,7.109147e-02,2.006384e-01
1.457191e-01,1.767119e-02,1.650937e-01,3.602862e-02,4.160511e-03,2.205196e-02,7.866403e-04,3.397526e-03,2.279862e-02,7.281249e-02,1.629693e-01,1.600162e-02,1.937314e-02,7.038220e-02,2.407534e-01
1.164690e-01,1.420146e-02,1.161316e-01,2.825427e-02,3.627938e-03,1.716472e-02,6.386513e-04,2.780953e-03,2.196734e-02,6.376078e-02,2.361309e-01,3.062971e-02,2.436406e-02,6.131012e-02,2.625684e-01
8.749415e-02,1.232408e-02,8.156623e-02,2.083695e-02,3.245504e-03,1.309817e-02,4.739123e-04,2.048636e-03,2.897586e-02,5.764048e-02,3.970863e-01,2.695608e-02,1.951552e-02,4.780300e-02,2.009352e-01
7.534317e-02,1.306668e-02,5.768101e-02,1.716758e-02,3.570754e-03,1.232779e-02,3.788587e-04,2.070821e-03,5.684249e-02,5.454977e-02,4.438627e-01,3.471914e-02,2.038970e-02,4.214726e-02,1.658823e-01
6.659006e-02,1.078003e-02,4.079823e-02,1.569920e-02,8.793411e-03,1.721115e-02,6.450257e-04,3.157474e-03,7.888041e-02,4.605703e-02,4.621305e-01,3.312760e-02,3.078433e-02,3.589365e-02,1.494519e-01
5.143224e-02,8.826347e-03,2.928142e-02,1.746678e-02,9.840898e-03,1.619235e-02,1.148173e-03,5.924759e-03,7.934142e-02,3.825923e-02,4.621165e-01,2.868287e-02,3.377943e-02,3.276722e-02,1.849403e-01
4.167875e-02,1.725976e-02,2.151298e-02,1.672921e-02,1.217441e-02,1.186889e-02,1.021069e-03,6.812040e-03,1.898142e-01,3.293789e-02,4.050167e-01,2.158650e-02,2.751927e-02,3.052577e-02,1.635426e-01
4.050139e-02,2.149393e-02,1.595823e-02,1.531751e-02,1.170343e-02,9.698797e-03,1.161275e-03,8.868712e-03,1.956297e-01,5.802304e-02,3.864350e-01,2.399293e-02,2.569360e-02,3.017070e-02,1.553517e-01
4.243986e-02,6.540528e-02,1.258466e-02,1.397981e-02,1.134255e-02,7.801904e-03,1.317594e-03,9.079210e-03,2.889881e-01,4.656104e-02,3.156834e-01,2.078454e-02,2.119911e-02,2.609047e-02,1.167424e-01
3.585664e-02,8.757868e-02,1.630810e-02,1.086634e-02,1.815726e-02,6.133663e-03,1.453168e-03,5.518651e-02,3.378866e-01,3.589718e-02,2.487808e-01,1.584808e-02,1.619750e-02,2.839917e-02,8.545034e-02
4.567207e-02,8.619870e-02,8.588961e-02,1.624811e-02,2.445474e-02,6.301720e-03,2.261430e-03,7.806543e-02,3.380218e-01,2.702971e-02,1.811627e-01,1.224316e-02,1.183342e-02,2.415890e-02,6.045856e-02
5.492885e-02,1.236625e-01,9.077826e-02,1.377260e-02,2.928086e-02,5.785027e-03,2.318146e-03,6.856696e-02,3.674547e-01,2.109437e-02,1.348988e-01,9.892528e-03,8.765697e-03,2.600195e-02,4.279873e-02
5.295063e-02,1.706485e-01,7.398300e-02,1.066967e-02,3.140827e-02,6.975262e-03,2.214604e-03,8.609723e-02,3.714826e-01,1.781831e-02,9.919617e-02,7.280001e-03,6.645727e-03,3.186481e-02,3.076521e-02
5.127659e-02,2.056587e-01,6.128240e-02,7.948197e-03,3.428136e-02,1.096408e-02,2.523136e-03,8.088028e-02,3.801514e-01,1.585961e-02,7.377674e-02,5.420540e-03,5.132409e-03,4.273942e-02,2.210520e-02
5.325251e-02,2.779430e-01,4.965530e-02,6.402992e-03,4.106070e-02,1.168818e-02,2.277331e-03,8.405595e-02,3.324192e-01,1.676625e-02,5.333254e-02,4.382252e-03,4.065484e-03,4.590436e-02,1.679402e-02
5.016228e-02,2.445163e-01,4.861451e-02,6.454303e-03,7.331064e-02,1.385838e-02,3.156410e-03,1.323579e-01,2.890957e-01,4.025716e-02,3.916765e-02,3.553350e-03,3.442788e-03,3.939592e-02,1.265676e-02
5.910502e-02,2.339706e-01,4.802162e-02,6.050320e-03,9.470267e-02,1.217044e-02,3.121717e-03,1.570812e-01,2.421916e-01,6.558275e-02,2.875108e-02,3.150129e-03,2.833383e-03,3.300269e-02,1.026481e-02
7.147667e-02,2.627189e-01,4.484470e-02,6.275828e-03,1.040661e-01,1.010019e-02,2.581166e-03,1.313214e-01,1.971019e-01,8.278856e-02,2.299754e-02,3.192177e-03,2.688212e-03,4.905324e-02,8.793391e-03
9.780778e-02,2.651047e-01,4.220548e-02,6.288506e-03,1.003533e-01,8.924183e-03,2.049183e-03,1.048782e-01,1.693002e-01,8.808542e-02,1.997734e-02,3.551951e-03,2.789076e-03,7.992781e-02,8.756774e-03
1.851880e-01,2.255843e-01,3.709812e-02,1.053457e-02,8.409641e-02,9.000793e-03,2.349108e-03,9.037480e-02,1.256583e-01,6.827091e-02,1.941889e-02,5.722495e-03,3.367351e-03,1.197632e-01,1.357267e-02
2.803527e-01,1.877925e-01,3.539956e-02,2.137158e-02,8.288563e-02,8.795612e-03,3.678828e-03,7.275414e-02,1.002138e-01,5.328482e-02,1.898188e-02,8.819120e-03,4.469682e-03,1.067015e-01,1.449867e-02
3.621088e-01,1.665315e-01,3.532236e-02,1.852545e-02,7.819030e-02,9.141493e-03,3.683466e-03,5.354074e-02,9.216537e-02,4.126811e-02,1.758052e-02,9.092677e-03,4.264840e-03,9.524864e-02,1.333572e-02
4.629881e-01,1.244875e-01,3.255722e-02,4.187241e-02,6.361434e-02,8.832009e-03,3.945498e-03,4.423888e-02,7.250533e-02,3.060209e-02,1.622292e-02,1.019014e-02,4.552724e-03,6.925965e-02,1.413123e-02
1.000000e+00,0.000000e+00,0.000000e+00,0.000000e+00,0.000000e+00,0.000000e+00,0.000000e+00,0.000000e+00,0.000000e+00,0.000000e+00,0.000000e+00,0.000000e+00,0.000000e+00,0.000000e+00,0.000000e+00
1.000000e+00,0.000000e+00,0.000000e+00,0.000000e+00,0.000000e+00,0.000000e+00,0.000000e+00,0.000000e+00,0.000000e+00,0.000000e+00,0.000000e+00,0.000000e+00,0.000000e+00,0.000000e+00,0.000000e+00
1.000000e+00,0.000000e+00,0.000000e+00,0.000000e+00,0.000000e+00,0.000000e+00,0.000000e+00,0.000000e+00,0.000000e+00,0.000000e+00,0.000000e+00,0.000000e+00,0.000000e+00,0.000000e+00,0.000000e+00
1.000000e+00,0.000000e+00,0.000000e+00,0.000000e+00,0.000000e+00,0.000000e+00,0.000000e+00,0.000000e+00,0.000000e+00,0.000000e+00,0.000000e+00,0.000000e+00,0.000000e+00,0.000000e+00,0.000000e+00
1.000000e+00,0.000000e+00,0.000000e+00,0.000000e+00,0.000000e+00,0.000000e+00,0.000000e+00,0.000000e+00,0.000000e+00,0.000000e+00,0.000000e+00,0.000000e+00,0.000000e+00,0.000000e+00,0.000000e+00
1.000000e+00,0.000000e+00,0.000000e+00,0.000000e+00,0.000000e+00,0.000000e+00,0.000000e+00,0.000000e+00,0.000000e+00,0.000000e+00,0.000000e+00,0.000000e+00,0.000000e+00,0.000000e+00,0.000000e+00
1.000000e+00,0.000000e+00,0.000000e+00,0.000000e+00,0.000000e+00,0.000000e+00,0.000000e+00,0.000000e+00,0.000000e+00,0.000000e+00,0.000000e+00,0.000000e+00,0.000000e+00,0.000000e+00,0.000000e+00
1.000000e+00,0.000000e+00,0.000000e+00,0.000000e+00,0.000000e+00,0.000000e+00,0.000000e+00,0.000000e+00,0.000000e+00,0.000000e+00,0.000000e+00,0.000000e+00,0.000000e+00,0.000000e+00,0.000000e+00
1.000000e+00,0.000000e+00,0.000000e+00,0.000000e+00,0.000000e+00,0.000000e+00,0.000000e+00,0.000000e+00,0.000000e+00,0.000000e+00,0.000000e+00,0.000000e+00,0.000000e+00,0.000000e+00,0.000000e+00
1.000000e+00,0.000000e+00,0.000000e+00,0.000000e+00,0.000000e+00,0.000000e+00,0.000000e+00,0.000000e+00,0.000000e+00,0.000000e+00,0.000000e+00,0.000000e+00,0.000000e+00,0.000000e+00,0.000000e+00
1.000000e+00,0.000000e+00,0.000000e+00,0.000000e+00,0.000000e+00,0.000000e+00,0.000000e+00,0.000000e+00,0.000000e+00,0.000000e+00,0.000000e+00,0.000000e+00,0.000000e+00,0.000000e+00,0.000000e+00
1.000000e+00,0.000000e+00,0.000000e+00,0.000000e+00,0.000000e+00,0.000000e+00,0.000000e+00,0.000000e+00,0.000000e+00,0.000000e+00,0.000000e+00,0.000000e+00,0.000000e+00,0.000000e+00,0.000000e+00
1.000000e+00,0.000000e+00,0.000000e+00,0.000000e+00,0.000000e+00,0.000000e+00,0.000000e+00,0.000000e+00,0.000000e+00,0.000000e+00,0.000000e+00,0.000000e+00,0.000000e+00,0.000000e+00,0.000000e+00
1.000000e+00,0.000000e+00,0.000000e+00,0.000000e+00,0.000000e+00,0.000000e+00,0.000000e+00,0.000000e+00,0.000000e+00,0.000000e+00,0.000000e+00,0.000000e+00,0.000000e+00,0.000000e+00,0.000000e+00
1.000000e+00,0.000000e+00,0.000000e+00,0.000000e+00,0.000000e+00,0.000000e+00,0.000000e+00,0.000000e+00,0.000000e+00,0.000000e+00,0.000000e+00,0.000000e+00,0.000000e+00,0.000000e+00,0.000000e+00
1.000000e+00,0.000000e+00,0.000000e+00,0.000000e+00,0.000000e+00,0.000000e+00,0.000000e+00,0.000000e+00,0.000000e+00,0.000000e+00,0.000000e+00,0.000000e+00,0.000000e+00,0.000000e+00,0.000000e+00
1.000000e+00,0.000000e+00,0.000000e+00,0.000000e+00,0.000000e+00,0.000000e+00,0.000000e+00,0.000000e+00,0.000000e+00,0.000000e+00,0.000000e+00,0.000000e+00,0.000000e+00,0.000000e+00,0.000000e+00
1.000000e+00,0.000000e+00,0.000000e+00,0.000000e+00,0.000000e+00,0.000000e+00,0.000000e+00,0.000000e+00,0.000000e+00,0.000000e+00,0.000000e+00,0.000000e+00,0.000000e+00,0.000000e+00,0.000000e+00
1.000000e+00,0.000000e+00,0.000000e+00,0.000000e+00,0.000000e+00,0.000000e+00,0.000000e+00,0.000000e+00,0.000000e+00,0.000000e+00,0.000000e+00,0.000000e+00,0.000000e+00,0.000000e+00,0.000000e+00
1.000000e+00,0.000000e+00,0.000000e+00,0.000000e+00,0.000000e+00,0.000000e+00,0.000000e+00,0.000000e+00,0.000000e+00,0.000000e+00,0.000000e+00,0.000000e+00,0.000000e+00,0.000000e+00,0.000000e+00
1.000000e+00,0.000000e+00,0.000000e+00,0.000000e+00,0.000000e+00,0.000000e+00,0.000000e+00,0.000000e+00,0.000000e+00,0.000000e+00,0.000000e+00,0.000000e+00,0.000000e+00,0.000000e+00,0.000000e+00
1.000000e+00,0.000000e+00,0.000000e+00,0.000000e+00,0.000000e+00,0.000000e+00,0.000000e+00,0.000000e+00,0.000000e+00,0.000000e+00,0.000000e+00,0.000000e+00,0.000000e+00,0.000000e+00,0.000000e+00
1.000000e+00,0.000000e+00,0.000000e+00,0.000000e+00,0.000000e+00,0.000000e+00,0.000000e+00,0.000000e+00,0.000000e+00,0.000000e+00,0.000000e+00,0.000000e+00,0.000000e+00,0.000000e+00,0.000000e+00
1.000000e+00,0.000000e+00,0.000000e+00,0.000000e+00,0.000000e+00,0.000000e+00,0.000000e+00,0.000000e+00,0.000000e+00,0.000000e+00,0.000000e+00,0.000000e+00,0.000000e+00,0.000000e+00,0.000000e+00
1.000000e+00,0.000000e+00,0.000000e+00,0.000000e+00,0.000000e+00,0.000000e+00,0.000000e+00,0.000000e+00,0.000000e+00,0.000000e+00,0.000000e+00,0.000000e+00,0.000000e+00,0.000000e+00,0.000000e+00
1.000000e+00,0.000000e+00,0.000000e+00,0.000000e+00,0.000000e+00,0.000000e+00,0.000000e+00,0.000000e+00,0.000000e+00,0.000000e+00,0.000000e+00,0.000000e+00,0.000000e+00,0.000000e+00,0.000000e+00
1.000000e+00,0.000000e+00,0.000000e+00,0.000000e+00,0.000000e+00,0.000000e+00,0.000000e+00,0.000000e+00,0.000000e+00,0.000000e+00,0.000000e+00,0.000000e+00,0.000000e+00,0.000000e+00,0.000000e+00
1.000000e+00,0.000000e+00,0.000000e+00,0.000000e+00,0.000000e+00,0.000000e+00,0.000000e+00,0.000000e+00,0.000000e+00,0.000000e+00,0.000000e+00,0.000000e+00,0.000000e+00,0.000000e+00,0.000000e+00
1.000000e+00,0.000000e+00,0.000000e+00,0.000000e+00,0.000000e+00,0.000000e+00,0.000000e+00,0.000000e+00,0.000000e+00,0.000000e+00,0.000000e+00,0.000000e+00,0.000000e+00,0.000000e+00,0.000000e+00
1.000000e+00,0.000000e+00,0.000000e+00,0.000000e+00,0.000000e+00,0.000000e+00,0.000000e+00,0.000000e+00,0.000000e+00,0.000000e+00,0.000000e+00,0.000000e+00,0.000000e+00,0.000000e+00,0.000000e+00
1.000000e+00,0.000000e+00,0.000000e+00,0.000000e+00,0.000000e+00,0.000000e+00,0.000000e+00,0.000000e+00,0.000000e+00,0.000000e+00,0.000000e+00,0.000000e+00,0.000000e+00,0.000000e+00,0.000000e+00
1.000000e+00,0.000000e+00,0.000000e+00,0.000000e+00,0.000000e+00,0.000000e+00,0.000000e+00,0.000000e+00,0.000000e+00,0.000000e+00,0.000000e+00,0.000000e+00,0.000000e+00,0.000000e+00,0.000000e+00
1.000000e+00,0.000000e+00,0.000000e+00,0.000000e+00,0.000000e+00,0.000000e+00,0.000000e+00,0.000000e+00,0.000000e+00,0.000000e+00,0.000000e+00,0.000000e+00,0.000000e+00,0.000000e+00,0.000000e+00
1.000000e+00,0.000000e+00,0.000000e+00,0.000000e+00,0.000000e+00,0.000000e+00,0.000000e+00,0.000000e+00,0.000000e+00,0.000000e+00,0.000000e+00,0.000000e+00,0.000000e+00,0.000000e+00,0.000000e+00
1.000000e+00,0.000000e+00,0.000000e+00,0.000000e+00,0.000000e+00,0.000000e+00,0.000000e+00,0.000000e+00,0.000000e+00,0.000000e+00,0.000000e+00,0.000000e+00,0.000000e+00,0.000000e+00,0.000000e+00
1.000000e+00,0.000000e+00,0.000000e+00,0.000000e+00,0.000000e+00,0.000000e+00,0.000000e+00,0.000000e+00,0.000000e+00,0.000000e+00,0.000000e+00,0.000000e+00,0.000000e+00,0.000000e+00,0.000000e+00
1.000000e+00,0.000000e+00,0.000000e+00,0.000000e+00,0.000000e+00,0.000000e+00,0.000000e+00,0.000000e+00,0.000000e+00,0.000000e+00,0.000000e+00,0.000000e+00,0.000000e+00,0.000000e+00,0.000000e+00
1.000000e+00,0.000000e+00,0.000000e+00,0.000000e+00,0.000000e+00,0.000000e+00,0.000000e+00,0.000000e+00,0.000000e+00,0.000000e+00,0.000000e+00,0.000000e+00,0.000000e+00,0.000000e+00,0.000000e+00
1.000000e+00,0.000000e+00,0.000000e+00,0.000000e+00,0.000000e+00,0.000000e+00,0.000000e+00,0.000000e+00,0.000000e+00,0.000000e+00,0.000000e+00,0.000000e+00,0.000000e+00,0.000000e+00,0.000000e+00
1.000000e+00,0.000000e+00,0.000000e+00,0.000000e+00,0.000000e+00,0.000000e+00,0.000000e+00,0.000000e+00,0.000000e+00,0.000000e+00,0.000000e+00,0.000000e+00,0.000000e+00,0.000000e+00,0.000000e+00
1.000000e+00,0.000000e+00,0.000000e+00,0.000000e+00,0.000000e+00,0.000000e+00,0.000000e+00,0.000000e+00,0.000000e+00,0.000000e+00,0.000000e+00,0.000000e+00,0.000000e+00,0.000000e+00,0.000000e+00
1.000000e+00,0.000000e+00,0.000000e+00,0.000000e+00,0.000000e+00,0.000000e+00,0.000000e+00,0.000000e+00,0.000000e+00,0.000000e+00,0.000000e+00,0.000000e+00,0.000000e+00,0.000000e+00,0.000000e+00
1.000000e+00,0.000000e+00,0.000000e+00,0.000000e+00,0.000000e+00,0.000000e+00,0.000000e+00,0.000000e+00,0.000000e+00,0.000000e+00,0.000000e+00,0.000000e+00,0.000000e+00,0.000000e+00,0.000000e+00
1.000000e+00,0.000000e+00,0.000000e+00,0.000000e+00,0.000000e+00,0.000000e+00,0.000000e+00,0.000000e+00,0.000000e+00,0.000000e+00,0.000000e+00,0.000000e+00,0.000000e+00,0.000000e+00,0.000000e+00
1.000000e+00,0.000000e+00,0.000000e+00,0.000000e+00,0.000000e+00,0.000000e+00,0.000000e+00,0.000000e+00,0.000000e+00,0.000000e+00,0.000000e+00,0.000000e+00,0.000000e+00,0.000000e+00,0.000000e+00
