1.000000e+00,0.000000e+00,0.000000e+00,0.000000e+00,0.000000e+00,0.000000e+00,0.000000e+00,0.000000e+00,0.000000e+00,0.000000e+00,0.000000e+00,0.000000e+00,0.000000e+00,0.000000e+00,0.000000e+00
1.000000e+00,0.000000e+00,0.000000e+00,0.000000e+00,0.000000e+00,0.000000e+00,0.000000e+00,0.000000e+00,0.000000e+00,0.000000e+00,0.000000e+00,0.000000e+00,0.000000e+00,0.000000e+00,0.000000e+00
1.000000e+00,0.000000e+00,0.000000e+00,0.000000e+00,0.000000e+00,0.000000e+00,0.000000e+00,0.000000e+00,0.000000e+00,0.000000e+00,0.000000e+00,0.000000e+00,0.000000e+00,0.000000e+00,0.000000e+00
1.000000e+00,0.000000e+00,0.000000e+00,0.000000e+00,0.000000e+00,0.000000e+00,0.000000e+00,0.000000e+00,0.000000e+00,0.000000e+00,0.000000e+00,0.000000e+00,0.000000e+00,0.000000e+00,0.000000e+00
1.000000e+00,0.000000e+00,0.000000e+00,0.000000e+00,0.000000e+00,0.000000e+00,0.000000e+00,0.000000e+00,0.000000e+00,0.000000e+00,0.000000e+00,0.000000e+00,0.000000e+00,0.000000e+00,0.000000e+00
1.000000e+00,0.000000e+00,0.000000e+00,0.000000e+00,0.000000e+00,0.000000e+00,0.000000e+00,0.000000e+00,0.000000e+00,0.000000e+00,0.000000e+00,0.000000e+00,0.000000e+00,0.000000e+00,0.000000e+00
1.000000e+00,0.000000e+00,0.000000e+00,0.000000e+00,0.000000e+00,0.000000e+00,0.000000e+00,0.000000e+00,0.000000e+00,0.000000e+00,0.000000e+00,0.000000e+00,0.000000e+00,0.000000e+00,0.000000e+00
1.000000e+00,0.000000e+00,0.000000e+00,0.000000e+00,0.000000e+00,0.000000e+00,0.000000e+00,0.000000e+00,0.000000e+00,0.000000e+00,0.000000e+00,0.000000e+00,0.000000e+00,0.000000e+00,0.000000e+00
1.000000e+00,0.000000e+00,0.000000e+00,0.000000e+00,0.000000e+00,0.000000e+00,0.000000e+00,0.000000e+00,0.000000e+00,0.000000e+00,0.000000e+00,0.000000e+00,0.000000e+00,0.000000e+00,0.000000e+00
1.000000e+00,0.000000e+00,0.000000e+00,0.000000e+00,0.000000e+00,0.000000e+00,0.000000e+00,0.000000e+00,0.000000e+00,0.000000e+00,0.000000e+00,0.000000e+00,0.000000e+00,0.000000e+00,0.000000e+00
1.000000e+00,0.000000e+00,0.000000e+00,0.000000e+00,0.000000e+00,0.000000e+00,0.000000e+00,0.000000e+00,0.000000e+00,0.000000e+00,0.000000e+00,0.000000e+00,0.000000e+00,0.000000e+00,0.000000e+00
1.000000e+00,0.000000e+00,0.000000e+00,0.000000e+00,0.000000e+00,0.000000e+00,0.000000e+00,0.000000e+00,0.000000e+00,0.000000e+00,0.000000e+00,0.000000e+00,0.000000e+00,0.000000e+00,0.000000e+00
1.000000e+00,0.000000e+00,0.000000e+00,0.000000e+00,0.000000e+00,0.000000e+00,0.000000e+00,0.000000e+00,0.000000e+00,0.000000e+00,0.000000e+00,0.000000e+00,0.000000e+00,0.000000e+00,0.000000e+00
1.000000e+00,0.000000e+00,0.000000e+00,0.000000e+00,0.000000e+00,0.000000e+00,0.000000e+00,0.000000e+00,0.000000e+00,0.000000e+00,0.000000e+00,0.000000e+00,0.000000e+00,0.000000e+00,0.000000e+00
1.000000e+00,0.000000e+00,0.000000e+00,0.000000e+00,0.000000e+00,0.000000e+00,0.000000e+00,0.000000e+00,0.000000e+00,0.000000e+00,0.000000e+00,0.000000e+00,0.000000e+00,0.000000e+00,0.000000e+00
1.000000e+00,0.000000e+00,0.000000e+00,0.000000e+00,0.000000e+00,0.000000e+00,0.000000e+00,0.000000e+00,0.000000e+00,0.000000e+00,0.000000e+00,0.000000e+00,0.000000e+00,0.000000e+00,0.000000e+00
1.000000e+00,0.000000e+00,0.000000e+00,0.000000e+00,0.000000e+00,0.000000e+00,0.000000e+00,0.000000e+00,0.000000e+00,0.000000e+00,0.000000e+00,0.000000e+00,0.000000e+00,0.000000e+00,0.000000e+00
1.000000e+00,0.000000e+00,0.000000e+00,0.000000e+00,0.000000e+00,0.000000e+00,0.000000e+00,0.000000e+00,0.000000e+00,0.000000e+00,0.000000e+00,0.000000e+00,0.000000e+00,0.000000e+00,0.000000e+00
1.000000e+00,0.000000e+00,0.000000e+00,0.000000e+00,0.000000e+00,0.000000e+00,0.000000e+00,0.000000e+00,0.000000e+00,0.000000e+00,0.000000e+00,0.000000e+00,0.000000e+00,0.000000e+00,0.000000e+00
1.000000e+00,0.000000e+00,0.000000e+00,0.000000e+00,0.000000e+00,0.000000e+00,0.000000e+00,0.000000e+00,0.000000e+00,0.000000e+00,0.000000e+00,0.000000e+00,0.000000e+00,0.000000e+00,0.000000e+00
1.000000e+00,0.000000e+00,0.000000e+00,0.000000e+00,0.000000e+00,0.000000e+00,0.000000e+00,0.000000e+00,0.000000e+00,0.000000e+00,0.000000e+00,0.000000e+00,0.000000e+00,0.000000e+00,0.000000e+00
1.000000e+00,0.000000e+00,0.000000e+00,0.000000e+00,0.000000e+00,0.000000e+00,0.000000e+00,0.000000e+00,0.000000e+00,0.000000e+00,0.000000e+00,0.000000e+00,0.000000e+00,0.000000e+00,0.000000e+00
1.000000e+00,0.000000e+00,0.000000e+00,0.000000e+00,0.000000e+00,0.000000e+00,0.000000e+00,0.000000e+00,0.000000e+00,0.000000e+00,0.000000e+00,0.000000e+00,0.000000e+00,0.000000e+00,0.000000e+00
1.000000e+00,0.000000e+00,0.000000e+00,0.000000e+00,0.000000e+00,0.000000e+00,0.000000e+00,0.000000e+00,0.000000e+00,0.000000e+00,0.000000e+00,0.000000e+00,0.000000e+00,0.000000e+00,0.000000e+00
1.000000e+00,0.000000e+00,0.000000e+00,0.000000e+00,0.000000e+00,0.000000e+00,0.000000e+00,0.000000e+00,0.000000e+00,0.000000e+00,0.000000e+00,0.000000e+00,0.000000e+00,0.000000e+00,0.000000e+00
1.000000e+00,0.000000e+00,0.000000e+00,0.000000e+00,0.000000e+00,0.000000e+00,0.000000e+00,0.000000e+00,0.000000e+00,0.000000e+00,0.000000e+00,0.000000e+00,0.000000e+00,0.000000e+00,0.000000e+00
1.000000e+00,0.000000e+00,0.000000e+00,0.000000e+00,0.000000e+00,0.000000e+00,0.000000e+00,0.000000e+00,0.000000e+00,0.000000e+00,0.000000e+00,0.000000e+00,0.000000e+00,0.000000e+00,0.000000e+00
1.000000e+00,0.000000e+00,0.000000e+00,0.000000e+00,0.000000e+00,0.000000e+00,0.000000e+00,0.000000e+00,0.000000e+00,0.000000e+00,0.000000e+00,0.000000e+00,0.000000e+00,0.000000e+00,0.000000e+00
1.000000e+00,0.000000e+00,0.000000e+00,0.000000e+00,0.000000e+00,0.000000e+00,0.000000e+00,0.000000e+00,0.000000e+00,0.000000e+00,0.000000e+00,0.000000e+00,0.000000e+00,0.000000e+00,0.000000e+00
1.000000e+00,0.000000e+00,0.000000e+00,0.000000e+00,0.000000e+00,0.000000e+00,0.000000e+00,0.000000e+00,0.000000e+00,0.000000e+00,0.000000e+00,0.000000e+00,0.000000e+00,0.000000e+00,0.000000e+00
1.000000e+00,0.000000e+00,0.000000e+00,0.000000e+00,0.000000e+00,0.000000e+00,0.000000e+00,0.000000e+00,0.000000e+00,0.000000e+00,0.000000e+00,0.000000e+00,0.000000e+00,0.000000e+00,0.000000e+00
1.000000e+00,0.000000e+00,0.000000e+00,0.000000e+00,0.000000e+00,0.000000e+00,0.000000e+00,0.000000e+00,0.000000e+00,0.000000e+00,0.000000e+00,0.000000e+00,0.000000e+00,0.000000e+00,0.000000e+00
1.000000e+00,0.000000e+00,0.000000e+00,0.000000e+00,0.000000e+00,0.000000e+00,0.000000e+00,0.000000e+00,0.000000e+00,0.000000e+00,0.000000e+00,0.000000e+00,0.000000e+00,0.000000e+00,0.000000e+00
1.000000e+00,0.000000e+00,0.000000e+00,0.000000e+00,0.000000e+00,0.000000e+00,0.000000e+00,0.000000e+00,0.000000e+00,0.000000e+00,0.000000e+00,0.000000e+00,0.000000e+00,0.000000e+00,0.000000e+00
1.000000e+00,0.000000e+00,0.000000e+00,0.000000e+00,0.000000e+00,0.000000e+00,0.000000e+00,0.000000e+00,0.000000e+00,0.000000e+00,0.000000e+00,0.000000e+00,0.000000e+00,0.000000e+00,0.000000e+00
1.000000e+00,0.000000e+00,0.000000e+00,0.000000e+00,0.000000e+00,0.000000e+00,0.000000e+00,0.000000e+00,0.000000e+00,0.000000e+00,0.000000e+00,0.000000e+00,0.000000e+00,0.000000e+00,0.000000e+00
1.000000e+00,0.000000e+00,0.000000e+00,0.000000e+00,0.000000e+00,0.000000e+00,0.000000e+00,0.000000e+00,0.000000e+00,0.000000e+00,0.000000e+00,0.000000e+00,0.000000e+00,0.000000e+00,0.000000e+00
1.000000e+00,0.000000e+00,0.000000e+00,0.000000e+00,0.000000e+00,0.000000e+00,0.000000e+00,0.000000e+00,0.000000e+00,0.000000e+00,0.000000e+00,0.000000e+00,0.000000e+00,0.000000e+00,0.000000e+00
1.000000e+00,0.000000e+00,0.000000e+00,0.000000e+00,0.000000e+00,0.000000e+00,0.000000e+00,0.000000e+00,0.000000e+00,0.000000e+00,0.000000e+00,0.000000e+00,0.000000e+00,0.000000e+00,0.000000e+00
1.000000e+00,0.000000e+00,0.000000e+00,0.000000e+00,0.000000e+00,0.000000e+00,0.000000e+00,0.000000e+00,0.000000e+00,0.000000e+00,0.000000e+00,0.000000e+00,0.000000e+00,0.000000e+00,0.000000e+00
1.000000e+00,0.000000e+00,0.000000e+00,0.000000e+00,0.000000e+00,0.000000e+00,0.000000e+00,0.000000e+00,0.000000e+00,0.000000e+00,0.000000e+00,0.000000e+00,0.000000e+00,0.000000e+00,0.000000e+00
1.000000e+00,0.000000e+00,0.000000e+00,0.000000e+00,0.000000e+00,0.000000e+00,0.000000e+00,0.000000e+00,0.000000e+00,0.000000e+00,0.000000e+00,0.000000e+00,0.000000e+00,0.000000e+00,0.000000e+00
1.000000e+00,0.000000e+00,0.000000e+00,0.000000e+00,0.000000e+00,0.000000e+00,0.000000e+00,0.000000e+00,0.000000e+00,0.000000e+00,0.000000e+00,0.000000e+00,0.000000e+00,0.000000e+00,0.000000e+00
1.000000e+00,0.000000e+00,0.000000e+00,0.000000e+00,0.000000e+00,0.000000e+00,0.000000e+00,0.000000e+00,0.000000e+00,0.000000e+00,0.000000e+00,0.000000e+00,0.000000e+00,0.000000e+00,0.000000e+00
1.000000e+00,0.000000e+00,0.000000e+00,0.000000e+00,0.000000e+00,0.000000e+00,0.000000e+00,0.000000e+00,0.000000e+00,0.000000e+00,0.000000e+00,0.000000e+00,0.000000e+00,0.000000e+00,0.000000e+00
1.000000e+00,0.000000e+00,0.000000e+00,0.000000e+00,0.000000e+00,0.000000e+00,0.000000e+00,0.000000e+00,0.000000e+00,0.000000e+00,0.000000e+00,0.000000e+00,0.000000e+00,0.000000e+00,0.000000e+00
1.000000e+00,0.000000e+00,0.000000e+00,0.000000e+00,0.000000e+00,0.000000e+00,0.000000e+00,0.000000e+00,0.000000e+00,0.000000e+00,0.000000e+00,0.000000e+00,0.000000e+00,0.000000e+00,0.000000e+00
1.000000e+00,0.000000e+00,0.000000e+00,0.000000e+00,0.000000e+00,0.000000e+00,0.000000e+00,0.000000e+00,0.000000e+00,0.000000e+00,0.000000e+00,0.000000e+00,0.000000e+00,0.000000e+00,0.000000e+00
1.000000e+00,0.000000e+00,0.000000e+00,0.000000e+00,0.000000e+00,0.000000e+00,0.000000e+00,0.000000e+00,0.000000e+00,0.000000e+00,0.000000e+00,0.000000e+00,0.000000e+00,0.000000e+00,0.000000e+00
1.000000e+00,0.000000e+00,0.000000e+00,0.000000e+00,0.000000e+00,0.000000e+00,0.000000e+00,0.000000e+00,0.000000e+00,0.000000e+00,0.000000e+00,0.000000e+00,0.000000e+00,0.000000e+00,0.000000e+00
1.000000e+00,0.000000e+00,0.000000e+00,0.000000e+00,0.000000e+00,0.000000e+00,0.000000e+00,0.000000e+00,0.000000e+00,0.000000e+00,0.000000e+00,0.000000e+00,0.000000e+00,0.000000e+00,0.000000e+00
1.000000e+00,0.000000e+00,0.000000e+00,0.000000e+00,0.000000e+00,0.000000e+00,0.000000e+00,0.000000e+00,0.000000e+00,0.000000e+00,0.000000e+00,0.000000e+00,0.000000e+00,0.000000e+00,0.000000e+00
1.000000e+00,0.000000e+00,0.000000e+00,0.000000e+00,0.000000e+00,0.000000e+00,0.000000e+00,0.000000e+00,0.000000e+00,0.000000e+00,0.000000e+00,0.000000e+00,0.000000e+00,0.000000e+00,0.000000e+00
1.000000e+00,0.000000e+00,0.000000e+00,0.000000e+00,0.000000e+00,0.000000e+00,0.000000e+00,0.000000e+00,0.000000e+00,0.000000e+00,0.000000e+00,0.000000e+00,0.000000e+00,0.000000e+00,0.000000e+00
1.000000e+00,0.000000e+00,0.000000e+00,0.000000e+00,0.000000e+00,0.000000e+00,0.000000e+00,0.000000e+00,0.000000e+00,0.000000e+00,0.000000e+00,0.000000e+00,0.000000e+00,0.000000e+00,0.000000e+00
1.000000e+00,0.000000e+00,0.000000e+00,0.000000e+00,0.000000e+00,0.000000e+00,0.000000e+00,0.000000e+00,0.000000e+00,0.000000e+00,0.000000e+00,0.000000e+00,0.000000e+00,0.000000e+00,0.000000e+00
1.000000e+00,0.000000e+00,0.000000e+00,0.000000e+00,0.000000e+00,0.000000e+00,0.000000e+00,0.000000e+00,0.000000e+00,0.000000e+00,0.000000e+00,0.000000e+00,0.000000e+00,0.000000e+00,0.000000e+00
1.000000e+00,0.000000e+00,0.000000e+00,0.000000e+00,0.000000e+00,0.000000e+00,0.000000e+00,0.000000e+00,0.000000e+00,0.000000e+00,0.000000e+00,0.000000e+00,0.000000e+00,0.000000e+00,0.000000e+00
1.000000e+00,0.000000e+00,0.000000e+00,0.000000e+00,0.000000e+00,0.000000e+00,0.000000e+00,0.000000e+00,0.000000e+00,0.000000e+00,0.000000e+00,0.000000e+00,0.000000e+00,0.000000e+00,0.000000e+00
1.000000e+00,0.000000e+00,0.000000e+00,0.000000e+00,0.000000e+00,0.000000e+00,0.000000e+00,0.000000e+00,0.000000e+00,0.000000e+00,0.000000e+00,0.000000e+00,0.000000e+00,0.000000e+00,0.000000e+00
3.529437e-01,1.837485e-02,4.034497e-03,5.944802e-02,9.695029e-02,1.103067e-01,2.905011e-02,4.752805e-03,1.522291e-02,2.641366e-02,3.040670e-02,2.479693e-02,1.485161e-01,6.013131e-03,7.276960e-02
2.499887e-01,1.514181e-02,3.254805e-03,7.573903e-02,7.037169e-02,1.265274e-01,2.632995e-02,4.066818e-03,1.636736e-02,7.033539e-02,3.634212e-02,1.951737e-02,1.925457e-01,6.069921e-03,8.740190e-02
1.763900e-01,1.589039e-02,3.739905e-03,1.165660e-01,5.568659e-02,1.093241e-01,2.210301e-02,5.099331e-03,9.468294e-02,5.959468e-02,4.065191e-02,1.666017e-02,1.833035e-01,6.753579e-03,9.355402e-02
1.249252e-01,1.368375e-02,4.976078e-03,1.218732e-01,4.130466e-02,8.555359e-02,1.596877e-02,4.290575e-03,9.086989e-02,6.222488e-02,6.149327e-02,1.879289e-02,2.318476e-01,6.719814e-03,1.154759e-01
8.812226e-02,1.062127e-02,5.555710e-03,1.148039e-01,3.242595e-02,6.699777e-02,1.141966e-02,3.703418e-03,7.025168e-02,5.449041e-02,7.012044e-02,1.855142e-02,2.616293e-01,5.677999e-03,1.856288e-01
6.458122e-02,8.233134e-03,5.190960e-03,8.700270e-02,7.018530e-02,4.792092e-02,9.269332e-03,1.001672e-02,8.637312e-02,4.543875e-02,8.692287e-02,1.974102e-02,2.667521e-01,4.915868e-03,1.874560e-01
4.832973e-02,7.450148e-03,6.859351e-03,7.050313e-02,8.648723e-02,4.029140e-02,9.087043e-03,1.576504e-02,8.749714e-02,6.481395e-02,8.674103e-02,1.665771e-02,2.247661e-01,5.915792e-03,2.288352e-01
3.584266e-02,2.114869e-02,5.143415e-02,1.396737e-01,8.367521e-02,4.804911e-02,6.928998e-03,1.164548e-02,1.044127e-01,5.386079e-02,6.679128e-02,1.788146e-02,1.763341e-01,4.748874e-03,1.775728e-01
2.674566e-02,1.863904e-02,4.451962e-02,1.113596e-01,6.936809e-02,5.488268e-02,5.562596e-03,9.439541e-03,9.664971e-02,4.746654e-02,8.029027e-02,3.164730e-02,2.302040e-01,5.050888e-03,1.681745e-01
2.515787e-02,1.835316e-02,4.331580e-02,9.550580e-02,5.174874e-02,4.771096e-02,4.113782e-03,7.391207e-03,1.199647e-01,4.817674e-02,8.135413e-02,6.434242e-02,2.467142e-01,5.322767e-03,1.408277e-01
2.681335e-02,1.660818e-02,3.143882e-02,7.232574e-02,3.814137e-02,3.986331e-02,3.191835e-03,7.170948e-03,1.228464e-01,3.566967e-02,7.714021e-02,6.595381e-02,3.400081e-01,4.956074e-03,1.178723e-01
2.168594e-02,1.580775e-02,2.454774e-02,7.747724e-02,2.953069e-02,3.190827e-02,2.754343e-03,7.127747e-03,1.112663e-01,2.680810e-02,6.450231e-02,5.682628e-02,4.334632e-01,4.192944e-03,9.210111e-02
2.133939e-02,2.586748e-02,1.808329e-02,6.895660e-02,2.179996e-02,3.052061e-02,2.477467e-03,7.961193e-03,1.364999e-01,1.964516e-02,5.286250e-02,9.544630e-02,4.192434e-01,3.939651e-03,7.535706e-02
1.594371e-02,2.654457e-02,1.304728e-02,5.165638e-02,1.739047e-02,2.373846e-02,1.932332e-03,6.429109e-03,1.589679e-01,1.454416e-02,4.125243e-02,7.630201e-02,4.809019e-01,3.266303e-03,6.808309e-02
1.137480e-02,2.705769e-02,9.689195e-03,3.698790e-02,1.487873e-02,1.806017e-02,1.429992e-03,1.159455e-02,1.569526e-01,1.091137e-02,3.105620e-02,6.158020e-02,5.166669e-01,3.226678e-03,8.853309e-02
9.111104e-03,4.309274e-02,1.089074e-02,3.228074e-02,4.342014e-02,2.146546e-02,1.577786e-03,1.223844e-02,2.048741e-01,9.977225e-03,2.339651e-02,6.466042e-02,4.088229e-01,3.071014e-03,1.111207e-01
1.936258e-02,6.072596e-02,1.839615e-02,3.968777e-02,4.296977e-02,2.368035e-02,2.097560e-03,1.196852e-02,2.136938e-01,7.781326e-03,2.360228e-02,7.174489e-02,3.497158e-01,6.591301e-03,1.079820e-01
2.948182e-02,4.902070e-02,1.559233e-02,3.053943e-02,7.959521e-02,2.143235e-02,2.556017e-03,1.214592e-02,1.805456e-01,7.149966e-03,2.333608e-02,7.480966e-02,3.772420e-01,8.869917e-03,8.768298e-02
3.145056e-02,4.755740e-02,1.295042e-02,2.417603e-02,1.075419e-01,1.724461e-02,4.841735e-03,1.532502e-02,1.742907e-01,6.853177e-03,2.001821e-02,6.501490e-02,3.964165e-01,7.298247e-03,6.902061e-02
5.869599e-02,7.038943e-02,1.542857e-02,2.626721e-02,1.166393e-01,1.597513e-02,6.649122e-03,1.730676e-02,1.857614e-01,8.455233e-03,1.631868e-02,6.940264e-02,3.221933e-01,7.080432e-03,6.343672e-02
8.303126e-02,6.400371e-02,1.579272e-02,2.332176e-02,1.132739e-01,1.482435e-02,7.262892e-03,1.424327e-02,1.473296e-01,7.286465e-03,1.305457e-02,6.549561e-02,2.663503e-01,6.942232e-03,1.577874e-01
8.236797e-02,4.863915e-02,1.429614e-02,1.859343e-02,1.104751e-01,1.406142e-02,7.575077e-03,1.211418e-02,1.134630e-01,6.049402e-03,1.067560e-02,6.217405e-02,2.394436e-01,6.488983e-03,2.535829e-01
1.368075e-01,4.975117e-02,1.717320e-02,2.035694e-02,1.194377e-01,1.335234e-02,9.411242e-03,1.270304e-02,9.546899e-02,5.701754e-03,8.853920e-03,6.523475e-02,2.102896e-01,6.150340e-03,2.293075e-01
1.464638e-01,6.500407e-02,2.928251e-02,1.614448e-02,1.149008e-01,1.320226e-02,1.270697e-02,3.158494e-02,8.439472e-02,5.354720e-03,8.372477e-03,8.274436e-02,1.747034e-01,5.430581e-03,2.097100e-01
1.807048e-01,9.265158e-02,3.777225e-02,1.461476e-02,1.034116e-01,1.355919e-02,1.325348e-02,4.071875e-02,7.030307e-02,5.477677e-03,7.792002e-03,8.737979e-02,1.392211e-01,4.971362e-03,1.881686e-01
2.258924e-01,8.789960e-02,3.167097e-02,1.172579e-02,8.630910e-02,1.236956e-02,1.919438e-02,3.582331e-02,5.868430e-02,7.792898e-03,6.767884e-03,1.426751e-01,1.268282e-01,4.228222e-03,1.421382e-01
2.518463e-01,7.561713e-02,2.508679e-02,9.778013e-03,7.691561e-02,1.206260e-02,2.226070e-02,2.849112e-02,5.650967e-02,9.393563e-03,6.410262e-03,1.762699e-01,1.294890e-01,3.730084e-03,1.161393e-01
2.283737e-01,6.122289e-02,2.360255e-02,7.283021e-03,6.216358e-02,1.026942e-02,1.906892e-02,3.450867e-02,4.609083e-02,7.722812e-03,5.398270e-03,2.218913e-01,1.811903e-01,2.876766e-03,8.833703e-02
1.898492e-01,5.461216e-02,2.219304e-02,5.373200e-03,4.763600e-02,8.125980e-03,1.718530e-02,3.581557e-02,3.705915e-02,6.201370e-03,4.187772e-03,3.233950e-01,1.793340e-01,2.364492e-03,6.666781e-02
1.410134e-01,4.040284e-02,2.674247e-02,3.977661e-03,4.164768e-02,6.151539e-03,2.359257e-02,8.724369e-02,2.943934e-02,4.881977e-03,3.378062e-03,3.728195e-01,1.638116e-01,1.884582e-03,5.301321e-02
1.002122e-01,2.918703e-02,3.957442e-02,3.031978e-03,3.518506e-02,4.769636e-03,2.839535e-02,9.001911e-02,2.378525e-02,5.336748e-03,3.386922e-03,4.142353e-01,1.633797e-01,1.679559e-03,5.782171e-02
7.124568e-02,2.127627e-02,4.717837e-02,3.205581e-03,3.514939e-02,4.877706e-03,2.814868e-02,1.437617e-01,1.887852e-02,7.441713e-03,4.366424e-03,3.699037e-01,1.877810e-01,1.714261e-03,5.507100e-02
5.184477e-02,1.545197e-02,8.566664e-02,3.276068e-03,3.460339e-02,3.915351e-03,7.060765e-02,1.542726e-01,1.476663e-02,1.086172e-02,3.975080e-03,3.094658e-01,1.730960e-01,1.432107e-03,6.676430e-02
4.086135e-02,1.165328e-02,9.008349e-02,2.723262e-03,3.645157e-02,4.942262e-03,1.272217e-01,1.222536e-01,1.435263e-02,2.383415e-02,3.731360e-03,2.709497e-01,1.751760e-01,1.970142e-03,7.379542e-02
3.758078e-02,8.730729e-03,8.732018e-02,2.371388e-03,3.274627e-02,4.482355e-03,1.128092e-01,9.844101e-02,1.261066e-02,3.823472e-02,4.309163e-03,2.303032e-01,1.918711e-01,1.024978e-02,1.279395e-01
2.986596e-02,6.144718e-03,6.798887e-02,2.951449e-03,2.963712e-02,3.535489e-03,8.177215e-02,2.297206e-01,9.162647e-03,3.996168e-02,6.887109e-03,1.702062e-01,1.905201e-01,1.017180e-02,1.214740e-01
2.732609e-02,4.383519e-03,5.048965e-02,3.545741e-03,2.356387e-02,4.387620e-03,5.841254e-02,1.684008e-01,7.000019e-03,3.604697e-02,1.479816e-02,1.316636e-01,2.743196e-01,8.689027e-03,1.869729e-01
2.642541e-02,3.254420e-03,4.839638e-02,1.197776e-02,2.233102e-02,8.224349e-03,4.207550e-02,1.354493e-01,6.202419e-03,3.706044e-02,2.132753e-02,1.186769e-01,3.080488e-01,6.591400e-03,2.039584e-01
2.172560e-02,2.379504e-03,3.591496e-02,1.041433e-02,1.833352e-02,7.685747e-03,3.120406e-02,1.063108e-01,5.439767e-03,3.993594e-02,2.393984e-02,1.437728e-01,3.661923e-01,4.782617e-03,1.819681e-01
1.609104e-02,1.754524e-03,2.538432e-02,7.968772e-03,1.346405e-02,6.419444e-03,2.258488e-02,7.606737e-02,6.999969e-03,4.092698e-02,2.613469e-02,2.168167e-01,3.918580e-01,3.406637e-03,1.441226e-01
1.532554e-02,1.531501e-03,2.457934e-02,1.447246e-02,1.237836e-02,7.026469e-03,1.658740e-02,6.160170e-02,9.946064e-03,3.760755e-02,4.163316e-02,2.019824e-01,4.131519e-01,2.735149e-03,1.394409e-01
1.333697e-02,1.273008e-03,1.844331e-02,1.175652e-02,1.441515e-02,5.161176e-03,1.301731e-02,4.548353e-02,1.231055e-02,3.213611e-02,5.213162e-02,1.694328e-01,4.252960e-01,2.112871e-03,1.836930e-01
1.566462e-02,1.056438e-03,1.485844e-02,1.168004e-02,5.180928e-02,3.934341e-03,1.248079e-02,5.367240e-02,2.283729e-02,2.791582e-02,4.920158e-02,1.379564e-01,3.791340e-01,2.097740e-03,2.157007e-01
2.016712e-02,1.131396e-03,1.180389e-02,1.024844e-02,7.472366e-02,3.119318e-03,1.421497e-02,6.338224e-02,3.529935e-02,2.452693e-02,4.645210e-02,1.198299e-01,3.728428e-01,2.085286e-03,2.001726e-01
1.901765e-02,1.379665e-03,9.500745e-03,9.317746e-03,8.447181e-02,3.380232e-03,1.098628e-02,2.011482e-01,4.536583e-02,1.985284e-02,4.098469e-02,1.056609e-01,3.058974e-01,1.734541e-03,1.413014e-01
4.257545e-02,3.017971e-03,9.439040e-03,1.143507e-02,1.304275e-01,5.210123e-03,2.186005e-02,1.850810e-01,1.109492e-01,1.534862e-02,3.589062e-02,8.855595e-02,2.373613e-01,1.850766e-03,1.009974e-01
5.367576e-02,4.466322e-03,1.828245e-02,3.638974e-02,1.853338e-01,5.339441e-03,2.861826e-02,2.024462e-01,1.029084e-01,1.123137e-02,2.960392e-02,6.640922e-02,1.824641e-01,1.501380e-03,7.132971e-02
8.879279e-02,7.934206e-03,2.705703e-02,4.569308e-02,2.193508e-01,6.314305e-03,2.566263e-02,1.768244e-01,1.062033e-01,1.312228e-02,2.521861e-02,5.084476e-02,1.354159e-01,2.569969e-03,6.899585e-02
1.235920e-01,1.060780e-02,3.001494e-02,4.605556e-02,2.386984e-01,7.581617e-03,2.384763e-02,1.489611e-01,1.031368e-01,1.264945e-02,2.278676e-02,3.855585e-02,1.086187e-01,3.214621e-03,8.167885e-02
1.403433e-01,1.059577e-02,8.331080e-02,7.239384e-02,2.288010e-01,7.165162e-03,1.999559e-02,1.325364e-01,9.300106e-02,1.123866e-02,1.846603e-02,2.985867e-02,8.082977e-02,3.182461e-03,6.828149e-02
1.349854e-01,2.150022e-02,9.076080e-02,6.410845e-02,2.327751e-01,7.825114e-03,1.671122e-02,9.365645e-02,9.764642e-02,9.440527e-03,1.449228e-02,2.169896e-02,6.921037e-02,3.435203e-03,1.217535e-01
1.252371e-01,2.705891e-02,1.170632e-01,5.708821e-02,2.834792e-01,7.620454e-03,1.302218e-02,6.641503e-02,7.950707e-02,7.430706e-03,1.073739e-02,1.567638e-02,5.521110e-02,3.654259e-03,1.307989e-01
1.017413e-01,2.482221e-02,8.686901e-02,6.591882e-02,3.896639e-01,8.570991e-03,1.738081e-02,7.640786e-02,6.505504e-02,6.141024e-03,8.788317e-03,1.217489e-02,4.037680e-02,2.719155e-03,9.336988e-02
9.871566e-02,2.555530e-02,6.957561e-02,5.830756e-02,4.281322e-01,8.889696e-03,1.564790e-02,9.894583e-02,7.178569e-02,5.420236e-03,8.179917e-03,1.028753e-02,3.047511e-02,2.312371e-03,6.776939e-02
9.073928e-02,2.600908e-02,5.681131e-02,4.536723e-02,5.307597e-01,7.391425e-03,1.205138e-02,7.429051e-02,6.290340e-02,4.319077e-03,6.542036e-03,9.078788e-03,2.239783e-02,1.869580e-03,4.946933e-02
1.850780e-01,3.146009e-02,4.428247e-02,4.508470e-02,4.644560e-01,1.171685e-02,1.063546e-02,5.894026e-02,5.772556e-02,4.624126e-03,9.949441e-03,1.029610e-02,2.107196e-02,2.231820e-03,4.244716e-02
2.779079e-01,2.671793e-02,3.515697e-02,3.900018e-02,4.257518e-01,1.177279e-02,9.592554e-03,4.826618e-02,4.833842e-02,4.390426e-03,9.145059e-03,9.648396e-03,1.805732e-02,2.571543e-03,3.368250e-02
4.140306e-01,2.482393e-02,2.609767e-02,3.179260e-02,3.155085e-01,1.606410e-02,8.298655e-03,3.736421e-02,3.978612e-02,7.365943e-03,1.030225e-02,1.252974e-02,1.403868e-02,6.278677e-03,3.571836e-02
1.000000e+00,0.000000e+00,0.000000e+00,0.000000e+00,0.000000e+00,0.000000e+00,0.000000e+00,0.000000e+00,0.000000e+00,0.000000e+00,0.000000e+00,0.000000e+00,0.000000e+00,0.000000e+00,0.000000e+00
1.000000e+00,0.000000e+00,0.000000e+00,0.000000e+00,0.000000e+00,0.000000e+00,0.000000e+00,0.000000e+00,0.000000e+00,0.000000e+00,0.000000e+00,0.000000e+00,0.000000e+00,0.000000e+00,0.000000e+00
1.000000e+00,0.000000e+00,0.000000e+00,0.000000e+00,0.000000e+00,0.000000e+00,0.000000e+00,0.000000e+00,0.000000e+00,0.000000e+00,0.000000e+00,0.000000e+00,0.000000e+00,0.000000e+00,0.000000e+00
1.000000e+00,0.000000e+00,0.000000e+00,0.000000e+00,0.000000e+00,0.000000e+00,0.000000e+00,0.000000e+00,0.000000e+00,0.000000e+00,0.000000e+00,0.000000e+00,0.000000e+00,0.000000e+00,0.000000e+00
1.000000e+00,0.000000e+00,0.000000e+00,0.000000e+00,0.000000e+00,0.000000e+00,0.000000e+00,0.000000e+00,0.000000e+00,0.000000e+00,0.000000e+00,0.000000e+00,0.000000e+00,0.000000e+00,0.000000e+00
3.823327e-01,2.950335e-02,3.149208e-02,1.297697e-02,8.884636e-02,4.182978e-02,3.417782e-03,7.008150e-03,6.490251e-02,2.236517e-02,1.930985e-02,1.133157e-02,8.109798e-03,1.115482e-01,1.650258e-01
2.693708e-01,2.208148e-02,2.809978e-02,9.190104e-03,6.226268e-02,3.000452e-02,2.441637e-03,4.934494e-03,5.928319e-02,2.014066e-02,2.745044e-02,8.534244e-03,6.078398e-03,2.957546e-01,1.543729e-01
1.896838e-01,1.652471e-02,4.598701e-02,7.720560e-03,4.433518e-02,2.185549e-02,1.909975e-03,3.532447e-03,5.820458e-02,3.658228e-02,7.669907e-02,7.154222e-03,5.125333e-03,3.689517e-01,1.157337e-01
1.358137e-01,1.203172e-02,3.559184e-02,6.176419e-03,3.159462e-02,1.614971e-02,1.421853e-03,2.596798e-03,5.161097e-02,4.003613e-02,1.293942e-01,5.695573e-03,3.839486e-03,4.433264e-01,8.472054e-02
9.714895e-02,8.958624e-03,2.733710e-02,4.665745e-03,2.243687e-02,1.212455e-02,1.047314e-03,1.895791e-03,6.454144e-02,5.454844e-02,1.435000e-01,4.762688e-03,2.821603e-03,4.916361e-01,6.257480e-02
6.914915e-02,6.899489e-03,2.304124e-02,3.927605e-03,1.631666e-02,9.703957e-03,8.255469e-04,1.416911e-03,1.029294e-01,6.388158e-02,1.218184e-01,4.025369e-03,2.135632e-03,5.224258e-01,5.150336e-02
4.862602e-02,5.011861e-03,1.660590e-02,2.813640e-03,1.148091e-02,7.194923e-03,6.135759e-04,1.003639e-03,8.765509e-02,7.146025e-02,1.034554e-01,3.072041e-03,1.644466e-03,6.014879e-01,3.787441e-02
3.484381e-02,5.701156e-03,1.223172e-02,3.055695e-03,8.344006e-03,6.849268e-03,4.905538e-04,8.137116e-04,1.296747e-01,8.890226e-02,9.434626e-02,6.012647e-03,2.594267e-03,5.779816e-01,2.815838e-02
2.456666e-02,6.761995e-03,8.726771e-03,2.609979e-03,6.607941e-03,6.650740e-03,3.676959e-04,6.361949e-04,2.961247e-01,7.808463e-02,8.040535e-02,5.376152e-03,2.140470e-03,4.605493e-01,2.039149e-02
1.723179e-02,5.563496e-03,6.194605e-03,1.935899e-03,4.762727e-03,5.007335e-03,2.640840e-04,4.640168e-04,4.089373e-01,5.736041e-02,6.158506e-02,3.966210e-03,1.590231e-03,4.103310e-01,1.480587e-02
1.208851e-02,4.292354e-03,4.397326e-03,1.423444e-03,3.438867e-03,3.742956e-03,1.863286e-04,3.272308e-04,5.067629e-01,4.206609e-02,4.995474e-02,2.854401e-03,1.198772e-03,3.561958e-01,1.107026e-02
8.583643e-03,4.987927e-03,4.318152e-03,2.080941e-03,3.128655e-03,3.169201e-03,1.356559e-04,4.304150e-04,6.157001e-01,3.322332e-02,3.736879e-02,2.043555e-03,9.764646e-04,2.731034e-01,1.074986e-02
6.329412e-03,4.062342e-03,3.985483e-03,6.272179e-03,2.795007e-03,2.781609e-03,1.050569e-04,4.681760e-04,6.834387e-01,2.741662e-02,2.748082e-02,1.516218e-03,1.009499e-03,2.116322e-01,2.070671e-02
5.440379e-03,3.038547e-03,3.124130e-03,6.069234e-03,2.979127e-03,2.299624e-03,8.184262e-05,3.709510e-04,7.156355e-01,2.028701e-02,2.185652e-02,1.084087e-03,8.503589e-04,1.905999e-01,2.628282e-02
4.448621e-03,2.282189e-03,2.971610e-03,5.228245e-03,2.893435e-03,2.120350e-03,6.723978e-05,3.248903e-04,6.995473e-01,1.496256e-02,1.756339e-02,8.058976e-04,8.695284e-04,2.079918e-01,3.792296e-02
3.724331e-03,1.708725e-03,2.495532e-03,3.864313e-03,3.889215e-03,2.112074e-03,5.551727e-05,2.529391e-04,6.414515e-01,1.115452e-02,1.750291e-02,6.085244e-04,8.723467e-04,2.638890e-01,4.641860e-02
3.199485e-03,1.381934e-03,2.021529e-03,2.790214e-03,3.517163e-03,1.671807e-03,4.429641e-05,1.874314e-04,5.471898e-01,8.340473e-03,1.872975e-02,5.256208e-04,6.977336e-04,3.516293e-01,5.807352e-02
2.783819e-03,1.394478e-03,1.947306e-03,2.409156e-03,2.618675e-03,2.068798e-03,4.462109e-05,1.514247e-04,4.958647e-01,6.772548e-03,1.389927e-02,4.015075e-04,7.757603e-04,4.076660e-01,6.120189e-02
2.778233e-03,1.558414e-03,4.388856e-03,3.582930e-03,2.095541e-03,1.914269e-03,5.330179e-05,1.762546e-04,5.090374e-01,6.190814e-03,1.185796e-02,3.250568e-04,9.443560e-04,3.923113e-01,6.278516e-02
3.175859e-03,1.385987e-03,3.702990e-03,2.966434e-03,1.629337e-03,2.369474e-03,5.202723e-05,1.951371e-04,4.299793e-01,4.616100e-03,9.293395e-03,2.658201e-04,8.425937e-04,4.914437e-01,4.808182e-02
2.760992e-03,1.208902e-03,3.057695e-03,2.150045e-03,1.302077e-03,1.856732e-03,3.895042e-05,1.462132e-04,3.619537e-01,3.736427e-03,7.629883e-03,2.304736e-04,7.151507e-04,5.754437e-01,3.776904e-02
2.432869e-03,9.695392e-04,3.605036e-03,1.715017e-03,1.103850e-03,1.763188e-03,3.059521e-05,1.414722e-04,3.187715e-01,3.095507e-03,7.452765e-03,2.631804e-04,7.860842e-04,6.293221e-01,2.854729e-02
6.164839e-03,9.311746e-04,9.425707e-03,3.839505e-03,2.106302e-03,2.118919e-03,3.575341e-05,3.071620e-03,2.732331e-01,3.381487e-03,1.366783e-02,5.280885e-04,1.113644e-03,6.587016e-01,2.168037e-02
1.088732e-02,1.017564e-03,1.706396e-02,9.070935e-03,6.372858e-03,2.620233e-03,4.655130e-05,4.785337e-03,2.590212e-01,5.910865e-03,2.578830e-02,1.341166e-03,1.753190e-03,6.367527e-01,1.756774e-02
9.091215e-03,8.342312e-04,1.488022e-02,6.964194e-03,6.198842e-03,2.206295e-03,4.674859e-05,3.689972e-03,2.071155e-01,8.753434e-03,5.456122e-02,1.173919e-03,1.443988e-03,6.694789e-01,1.356135e-02
7.663355e-03,7.724701e-04,1.142914e-02,5.210279e-03,5.557820e-03,1.870315e-03,5.166799e-05,3.109728e-03,1.795029e-01,1.124870e-02,6.882857e-02,1.448954e-03,1.631641e-03,6.904634e-01,1.121107e-02
8.026795e-03,7.532070e-04,9.382243e-03,3.876843e-03,4.977523e-03,1.659851e-03,8.335635e-05,2.501460e-03,1.427812e-01,3.850132e-02,1.152307e-01,1.388833e-03,1.428629e-03,6.609185e-01,8.489531e-03
6.515545e-03,8.985994e-04,6.974176e-03,2.871823e-03,3.853120e-03,1.967899e-03,8.398412e-05,1.969344e-03,1.303730e-01,3.643773e-02,1.052528e-01,1.682032e-03,1.237537e-03,6.928893e-01,6.993166e-03
7.983778e-03,2.877872e-03,8.358410e-03,3.406414e-03,6.404621e-03,2.923850e-03,1.255543e-04,2.281065e-03,1.926917e-01,5.184614e-02,8.624167e-02,1.987300e-03,1.328280e-03,6.253765e-01,6.166864e-03
1.070983e-02,5.016576e-03,9.030286e-03,5.399957e-03,1.303975e-02,3.519535e-03,1.953732e-04,3.480908e-03,2.346763e-01,1.156798e-01,6.733187e-02,1.827036e-03,1.433245e-03,5.200409e-01,8.618703e-03
1.408469e-02,5.033124e-03,7.481529e-03,4.629254e-03,1.672576e-02,3.020220e-03,1.604773e-04,3.796551e-03,3.598360e-01,1.049277e-01,5.200471e-02,1.591900e-03,1.366613e-03,4.161925e-01,9.148979e-03
2.645183e-02,5.738280e-03,9.070175e-03,7.170463e-03,2.633687e-02,3.640110e-03,1.886614e-04,6.240123e-03,4.448653e-01,1.009708e-01,3.992688e-02,1.674400e-03,1.745445e-03,3.103603e-01,1.562033e-02
3.186172e-02,1.299019e-02,1.339791e-02,1.480926e-02,2.710815e-02,3.527254e-03,2.127976e-04,7.256404e-03,5.117542e-01,8.938422e-02,3.275275e-02,2.363341e-03,2.662252e-03,2.299354e-01,1.998421e-02
2.819386e-02,1.499514e-02,1.709889e-02,1.109937e-01,2.736012e-02,3.905458e-03,2.292167e-04,6.670976e-03,4.952018e-01,7.246144e-02,3.480225e-02,2.485811e-03,4.173068e-03,1.627720e-01,1.865635e-02
5.676566e-02,1.617296e-02,1.810375e-02,2.149853e-01,3.035260e-02,7.891654e-03,4.081493e-04,7.005212e-03,3.988614e-01,6.483682e-02,3.543520e-02,4.512605e-03,5.323705e-03,1.191992e-01,2.014579e-02
6.555562e-02,1.637666e-02,1.591993e-02,2.195129e-01,3.336582e-02,9.515975e-03,6.349746e-04,6.460416e-03,3.470702e-01,1.001410e-01,3.786818e-02,6.855241e-03,9.453852e-03,8.823653e-02,4.303279e-02
7.498091e-02,2.178062e-02,1.651856e-02,1.733129e-01,3.174514e-02,1.204314e-02,7.145599e-04,6.545943e-03,2.870378e-01,2.075761e-01,3.872165e-02,6.215752e-03,9.784303e-03,6.777748e-02,4.524523e-02
1.366425e-01,2.127241e-02,2.726092e-02,1.574457e-01,4.411293e-02,1.532027e-02,1.985068e-03,1.166729e-02,2.254882e-01,2.121207e-01,3.507819e-02,7.490223e-03,1.254775e-02,5.140302e-02,4.016483e-02
2.376158e-01,2.454971e-02,2.681067e-02,1.215965e-01,4.000580e-02,1.666385e-02,2.148748e-03,1.232240e-02,1.714387e-01,2.207065e-01,2.933880e-02,8.192549e-03,1.195832e-02,3.975731e-02,3.689432e-02
2.452850e-01,3.061607e-02,2.274422e-02,8.807234e-02,3.955403e-02,1.569059e-02,1.830760e-03,1.240443e-02,1.413002e-01,3.027294e-01,2.526298e-02,6.073883e-03,8.930438e-03,3.063466e-02,2.887102e-02
2.941128e-01,4.262166e-02,2.284492e-02,8.340125e-02,3.799931e-02,1.907871e-02,2.069331e-03,1.158583e-02,1.310231e-01,2.624153e-01,2.077902e-02,7.165201e-03,7.628014e-03,2.659670e-02,3.067882e-02
2.532903e-01,8.522354e-02,1.943347e-02,6.387190e-02,3.383505e-02,3.145544e-02,1.978101e-03,1.925108e-02,1.520493e-01,2.310726e-01,2.269220e-02,1.696073e-02,1.268685e-02,2.458180e-02,3.161760e-02
2.168799e-01,1.605132e-01,1.551722e-02,4.625027e-02,3.306362e-02,3.180110e-02,1.911588e-03,2.178448e-02,1.592608e-01,2.176252e-01,1.725270e-02,1.329428e-02,9.994960e-03,3.012236e-02,2.472831e-02
1.935242e-01,1.875738e-01,1.494814e-02,4.255101e-02,4.248617e-02,4.587571e-02,2.504341e-03,3.117893e-02,1.387454e-01,1.917552e-01,1.531762e-02,1.717934e-02,1.588339e-02,2.460077e-02,3.587593e-02
2.531063e-01,2.188390e-01,1.177653e-02,3.125841e-02,3.930065e-02,3.511069e-02,2.144888e-03,2.751037e-02,1.164852e-01,1.582345e-01,1.236258e-02,1.485982e-02,1.244699e-02,3.495967e-02,3.160448e-02
2.285087e-01,1.823997e-01,1.200149e-02,3.117967e-02,2.990475e-02,5.058537e-02,1.919117e-03,2.066303e-02,8.688185e-02,2.003828e-01,1.914293e-02,1.691180e-02,1.581302e-02,2.752672e-02,7.617910e-02
1.639644e-01,1.370632e-01,1.129114e-02,3.006933e-02,2.216788e-02,4.445038e-02,1.632476e-03,1.475629e-02,6.425846e-02,3.061870e-01,3.130031e-02,2.699376e-02,4.628806e-02,2.023294e-02,7.934433e-02
1.200555e-01,9.670255e-02,8.141572e-03,2.200091e-02,1.602956e-02,3.924360e-02,1.257550e-03,1.041156e-02,4.736480e-02,4.545741e-01,3.283407e-02,2.082279e-02,3.772616e-02,1.718232e-02,7.565291e-02
9.075908e-02,6.884227e-02,6.088316e-03,1.600663e-02,1.182532e-02,3.416155e-02,1.006216e-03,7.414538e-03,3.877719e-02,4.879363e-01,4.493772e-02,1.869117e-02,4.248023e-02,3.268680e-02,9.838662e-02
9.164463e-02,4.905662e-02,5.009600e-03,1.141654e-02,8.935593e-03,2.865408e-02,8.507913e-04,5.409169e-03,3.418338e-02,4.377525e-01,4.327967e-02,1.381995e-02,3.274482e-02,1.007124e-01,1.365303e-01
7.372371e-02,3.502588e-02,4.366204e-03,8.149787e-03,6.707347e-03,2.401302e-02,6.698027e-04,3.857568e-03,2.582189e-02,4.480818e-01,3.671937e-02,1.029047e-02,2.407172e-02,1.420535e-01,1.564480e-01
5.237525e-02,2.517908e-02,3.624542e-03,5.733220e-03,4.955887e-03,1.908401e-02,4.995841e-04,2.705238e-03,1.848594e-02,4.564030e-01,5.903707e-02,7.944592e-03,1.781382e-02,1.359126e-01,1.902462e-01
3.677348e-02,1.769757e-02,2.713364e-03,4.028220e-03,3.568648e-03,1.496066e-02,3.526226e-04,1.894671e-03,1.311527e-02,5.458583e-01,5.917755e-02,6.551818e-03,1.298761e-02,1.395510e-01,1.407693e-01
2.676369e-02,1.363668e-02,9.805226e-03,2.869587e-03,2.876347e-03,1.368438e-02,2.831978e-04,1.356176e-03,1.035611e-02,6.262619e-01,5.692103e-02,5.668983e-03,1.077808e-02,1.136363e-01,1.051023e-01
1.926313e-02,9.767295e-03,7.134373e-03,2.025809e-03,2.307364e-03,9.900528e-03,2.071933e-04,9.631859e-04,1.350656e-02,6.744907e-01,4.923467e-02,4.466099e-03,8.404709e-03,1.198946e-01,7.843375e-02
1.380640e-02,7.579671e-03,5.550826e-03,1.445691e-03,2.060598e-03,7.018614e-03,1.501878e-04,6.828607e-04,3.567695e-02,6.670789e-01,4.698892e-02,3.803690e-03,8.717370e-03,1.323355e-01,6.710380e-02
1.072528e-02,8.782331e-03,4.666487e-03,1.106338e-03,2.268188e-03,6.127445e-03,1.161322e-04,5.577152e-04,4.904616e-02,6.116832e-01,5.323061e-02,2.969196e-03,7.940816e-03,1.581141e-01,8.266600e-02
8.769704e-03,1.933649e-02,5.758457e-03,9.568196e-04,2.201697e-03,5.099333e-02,9.957187e-05,6.239608e-04,7.510445e-02,4.635482e-01,7.738210e-02,2.900083e-03,8.038081e-03,1.949775e-01,8.930953e-02
9.277115e-03,2.659560e-02,6.329398e-02,1.986477e-03,2.001403e-03,5.324586e-02,4.855733e-04,2.320335e-03,1.006956e-01,3.580081e-01,8.963087e-02,2.711865e-03,8.435429e-03,1.788262e-01,1.024855e-01
1.091999e-02,5.015580e-02,6.472167e-02,2.896190e-03,5.337154e-03,4.569429e-02,3.827018e-04,2.451337e-03,2.094419e-01,2.790934e-01,7.630847e-02,2.681745e-03,8.962436e-03,1.525761e-01,8.837681e-02
1.154423e-02,1.062531e-01,5.440122e-02,4.499674e-03,1.697173e-02,3.435358e-02,3.314910e-04,2.897865e-03,2.516954e-01,2.289944e-01,7.942297e-02,3.384078e-03,9.390794e-03,1.291066e-01,6.675278e-02
1.089745e-02,9.824120e-02,1.221004e-01,2.022845e-02,1.611539e-02,2.713860e-02,3.052550e-04,4.081191e-03,2.697428e-01,1.763150e-01,6.418613e-02,3.212992e-03,7.862918e-03,1.145844e-01,6.498773e-02
1.446269e-02,7.837663e-02,1.241760e-01,5.627249e-02,1.963905e-02,2.163009e-02,3.058826e-04,1.593394e-02,3.179435e-01,1.320985e-01,5.720108e-02,3.773668e-03,8.574863e-03,1.004193e-01,4.919231e-02
2.821755e-02,8.317766e-02,1.297414e-01,5.558221e-02,3.789975e-02,1.980656e-02,3.116028e-04,1.589892e-02,3.113233e-01,1.057423e-01,5.127551e-02,4.727867e-03,8.790539e-03,1.006734e-01,4.683138e-02
5.562196e-02,8.208635e-02,1.202853e-01,5.772838e-02,5.295700e-02,3.533222e-02,9.046607e-04,1.309842e-02,2.643712e-01,8.167493e-02,4.747467e-02,4.286000e-03,7.987023e-03,1.020304e-01,7.416158e-02
5.679229e-02,1.195204e-01,1.190847e-01,6.996895e-02,4.306850e-02,3.125674e-02,9.143053e-04,1.143273e-02,2.365831e-01,7.133732e-02,4.337321e-02,4.061323e-03,7.333375e-03,9.050020e-02,9.477292e-02
7.091033e-02,1.651827e-01,8.957207e-02,5.614579e-02,3.585177e-02,3.951295e-02,1.220344e-03,1.331407e-02,2.263785e-01,6.037232e-02,3.711421e-02,4.130200e-03,8.280504e-03,9.071019e-02,1.013040e-01
8.069541e-02,1.916170e-01,7.022619e-02,5.929453e-02,3.267081e-02,6.406803e-02,1.353151e-03,1.627624e-02,2.308040e-01,4.567044e-02,2.843094e-02,3.798316e-03,8.365496e-03,6.975948e-02,9.696993e-02
1.523498e-01,1.776715e-01,5.197164e-02,5.765589e-02,3.076933e-02,7.747233e-02,1.310122e-03,1.516699e-02,2.227487e-01,3.632195e-02,2.691690e-02,4.798769e-03,7.432140e-03,5.176474e-02,8.564919e-02
1.396660e-01,1.656508e-01,3.945465e-02,7.002442e-02,5.431541e-02,1.034597e-01,1.989164e-03,7.900042e-02,1.862193e-01,2.585599e-02,2.154307e-02,4.314890e-03,6.380596e-03,3.911277e-02,6.301274e-02
1.849118e-01,1.760500e-01,3.060338e-02,6.070468e-02,4.797494e-02,1.207215e-01,1.840022e-03,6.549417e-02,1.728640e-01,1.883449e-02,2.537860e-02,6.714802e-03,6.886249e-03,3.170116e-02,4.932006e-02
1.899539e-01,1.847371e-01,2.496378e-02,6.881655e-02,4.338835e-02,1.002801e-01,1.696251e-03,7.950175e-02,1.731801e-01,1.601050e-02,2.549490e-02,1.108780e-02,6.832966e-03,2.479787e-02,4.925804e-02
1.586872e-01,2.626783e-01,1.848467e-02,5.248467e-02,3.492458e-02,8.693632e-02,1.307421e-03,7.630379e-02,1.992134e-01,1.265862e-02,2.053578e-02,9.765733e-03,6.736349e-03,1.959156e-02,3.969172e-02
1.365043e-01,2.707692e-01,2.137241e-02,6.175949e-02,3.612311e-02,6.915350e-02,1.602528e-03,8.745478e-02,2.246603e-01,1.221331e-02,1.728994e-02,8.414366e-03,5.387091e-03,1.510490e-02,3.219072e-02
1.272832e-01,3.765972e-01,1.682715e-02,4.542989e-02,3.014214e-02,5.500536e-02,1.330160e-03,8.028840e-02,1.937322e-01,9.780593e-03,1.372236e-02,6.741161e-03,4.191920e-03,1.370067e-02,2.522761e-02
1.246152e-01,4.401841e-01,1.327450e-02,3.361143e-02,2.397130e-02,4.027861e-02,1.165204e-03,7.005239e-02,1.897923e-01,8.930932e-03,1.200317e-02,6.137372e-03,3.206334e-03,1.262312e-02,2.015394e-02
2.052755e-01,3.796403e-01,1.185076e-02,3.186946e-02,1.999849e-02,3.606996e-02,1.301499e-03,6.182338e-02,1.708544e-01,1.130989e-02,1.519865e-02,1.096927e-02,4.220743e-03,1.451833e-02,2.509939e-02
2.443309e-01,3.708619e-01,9.414096e-03,2.511167e-02,1.687777e-02,3.631040e-02,1.195280e-03,4.796355e-02,1.675575e-01,8.795360e-03,1.674044e-02,1.117828e-02,4.294252e-03,1.382862e-02,2.553996e-02
3.024206e-01,3.230278e-01,7.682121e-03,2.045797e-02,1.438446e-02,3.943355e-02,1.228162e-03,3.738719e-02,1.669058e-01,6.983214e-03,2.119762e-02,1.335253e-02,4.894644e-03,1.437222e-02,2.627223e-02
3.627147e-01,2.685284e-01,6.369332e-03,1.868867e-02,1.282267e-02,3.961298e-02,1.551308e-03,2.993673e-02,1.732675e-01,5.967840e-03,1.844393e-02,1.544746e-02,5.871173e-03,1.413837e-02,2.663897e-02
4.402271e-01,2.340215e-01,5.640937e-03,1.713569e-02,1.121777e-02,3.725261e-02,1.733470e-03,2.359373e-02,1.486163e-01,5.163541e-03,1.501186e-02,1.572735e-02,6.423881e-03,1.270973e-02,2.552466e-02
3.196504e-01,2.549527e-01,6.224577e-03,5.026479e-02,1.031263e-02,3.037710e-02,1.334250e-03,1.705888e-02,1.203648e-01,1.811503e-02,4.968620e-02,1.955761e-02,7.749401e-03,1.337583e-02,8.097585e-02
2.243086e-01,2.067364e-01,5.964601e-03,3.783296e-02,7.903967e-03,2.274211e-02,9.947551e-04,1.197747e-02,1.039902e-01,1.501645e-02,3.819926e-02,1.570131e-02,7.163388e-03,2.918163e-02,2.722868e-01
1.578228e-01,1.536615e-01,5.859583e-03,2.760976e-02,6.166277e-03,1.683037e-02,8.181705e-04,8.433101e-03,9.264436e-02,2.235232e-02,3.283372e-02,1.366672e-02,6.513564e-03,7.731628e-02,3.774715e-01
1.110571e-01,1.078091e-01,4.163924e-03,1.946816e-02,4.523358e-03,1.240599e-02,5.806955e-04,5.940938e-03,6.849912e-02,3.623451e-02,4.202443e-02,5.705179e-02,6.352188e-02,6.844897e-02,3.982700e-01
8.003888e-02,7.656450e-02,3.359743e-03,1.525639e-02,5.154248e-03,1.080350e-02,4.404610e-04,4.558039e-03,6.063616e-02,1.438970e-01,9.292196e-02,4.909834e-02,8.818689e-02,6.801402e-02,3.010699e-01
5.700080e-02,5.554905e-02,4.824285e-03,1.416620e-02,8.729032e-03,8.434758e-03,3.528899e-04,3.405559e-03,8.114419e-02,2.729275e-01,7.780003e-02,4.005765e-02,7.364706e-02,7.189038e-02,2.300706e-01
4.434971e-02,4.172530e-02,6.838200e-03,3.800046e-02,9.790163e-03,1.151089e-02,5.613100e-04,3.913330e-03,1.093194e-01,2.181504e-01,1.117857e-01,3.756781e-02,6.465092e-02,1.100096e-01,1.918268e-01
3.245949e-02,3.059109e-02,7.925209e-03,3.681817e-02,8.093853e-03,1.048198e-02,5.403612e-04,4.295212e-03,1.182642e-01,1.949990e-01,1.927780e-01,3.500257e-02,6.717417e-02,1.044730e-01,1.561036e-01
2.356570e-02,2.433822e-02,9.435500e-03,4.410560e-02,8.273010e-03,1.220642e-02,5.318816e-04,4.614877e-03,1.422392e-01,1.592499e-01,2.446699e-01,3.393030e-02,7.168467e-02,8.785457e-02,1.333002e-01
1.784929e-02,1.764536e-02,1.460416e-02,4.203491e-02,3.018292e-02,1.001009e-02,9.454153e-04,5.780629e-03,1.085968e-01,1.638248e-01,2.593199e-01,3.222818e-02,6.976167e-02,8.361541e-02,1.436005e-01
1.486698e-02,1.458298e-02,1.275201e-02,4.664594e-02,2.924487e-02,1.923983e-02,1.202537e-03,6.363957e-03,8.760314e-02,1.746139e-01,2.235149e-01,4.651592e-02,1.081451e-01,6.418058e-02,1.505274e-01
1.270848e-02,1.225620e-02,1.127929e-02,3.987518e-02,2.642596e-02,5.007440e-02,1.762070e-03,6.436412e-03,6.749997e-02,1.384567e-01,2.009708e-01,1.003054e-01,1.508695e-01,4.896099e-02,1.321187e-01
1.012263e-02,9.061294e-03,9.032069e-03,3.192126e-02,2.636956e-02,4.321818e-02,2.462634e-03,8.838097e-03,5.431708e-02,1.411502e-01,2.041743e-01,1.238842e-01,1.746753e-01,3.843610e-02,1.223371e-01
8.404764e-03,7.152362e-03,8.834017e-03,2.469348e-02,5.692587e-02,3.238206e-02,1.328816e-02,1.764174e-02,4.736624e-02,1.417865e-01,1.599701e-01,1.703014e-01,1.888638e-01,3.102414e-02,9.136538e-02
6.612787e-03,6.429501e-03,7.534441e-03,1.935137e-02,7.016328e-02,2.408200e-02,1.626959e-02,2.020313e-02,4.298281e-02,1.107196e-01,1.183205e-01,2.514963e-01,2.130176e-01,2.483875e-02,6.797832e-02
5.557442e-03,4.666105e-03,5.648520e-03,1.444937e-02,5.931716e-02,1.799625e-02,1.203533e-02,1.639125e-02,3.184693e-02,8.319358e-02,9.013575e-02,3.104275e-01,2.783894e-01,2.033537e-02,4.961007e-02
4.279118e-03,3.400455e-03,4.222333e-03,1.066669e-02,4.506627e-02,1.323920e-02,8.602222e-03,1.211178e-02,2.284235e-02,5.868640e-02,6.548161e-02,3.632479e-01,3.363509e-01,1.541018e-02,3.639260e-02
3.894528e-03,2.550884e-03,3.296518e-03,7.800182e-03,3.465245e-02,1.060567e-02,6.352140e-03,9.213349e-03,1.632122e-02,4.150385e-02,4.740229e-02,4.040746e-01,3.733693e-01,1.219821e-02,2.676476e-02
4.573780e-03,2.530956e-03,3.225777e-03,5.828163e-03,2.931543e-02,8.813258e-03,4.699598e-03,8.528647e-03,1.309389e-02,2.966967e-02,3.989877e-02,4.677956e-01,3.505889e-01,1.086240e-02,2.057516e-02
7.955212e-03,3.337998e-03,5.579310e-03,4.271122e-03,3.080815e-02,8.039502e-03,4.353869e-03,2.563751e-02,1.071356e-02,2.119398e-02,2.948696e-02,5.124468e-01,3.123525e-01,8.917878e-03,1.490561e-02
1.308128e-02,5.456726e-03,1.162869e-02,3.513038e-03,2.529090e-02,1.312616e-02,7.322767e-03,2.609352e-02,9.225714e-03,1.563425e-02,2.161732e-02,5.740474e-01,2.560886e-01,6.741745e-03,1.113190e-02
1.699392e-02,7.536886e-03,5.944921e-02,2.649546e-02,2.790102e-02,8.108206e-02,1.265521e-02,3.459956e-02,1.001013e-02,1.428754e-02,1.891496e-02,4.759393e-01,1.972359e-01,5.724533e-03,1.117436e-02
2.218191e-02,7.413437e-03,5.635921e-02,2.187116e-02,2.514308e-02,1.060154e-01,1.063864e-02,2.726180e-02,8.963703e-03,1.035229e-02,1.505710e-02,5.200905e-01,1.535722e-01,4.674352e-03,1.040530e-02
3.117041e-02,1.246867e-02,7.898702e-02,2.617887e-02,2.107956e-02,1.013444e-01,1.023738e-02,2.173937e-02,9.851299e-03,9.459396e-03,1.304777e-02,5.249053e-01,1.193700e-01,4.840785e-03,1.531973e-02
3.635769e-02,1.547765e-02,6.619352e-02,2.272285e-02,2.028532e-02,9.082602e-02,1.512793e-02,1.891403e-02,1.674874e-02,7.453406e-03,1.379227e-02,5.584361e-01,9.922120e-02,4.173017e-03,1.427027e-02
3.302775e-02,2.075800e-02,4.900511e-02,1.851867e-02,1.664395e-02,7.454966e-02,1.505619e-02,1.712868e-02,3.694212e-02,6.181669e-03,1.145956e-02,5.983445e-01,8.490781e-02,3.542272e-03,1.393404e-02
2.605056e-02,2.978987e-02,3.796475e-02,1.780688e-02,1.257305e-02,7.225116e-02,1.261142e-02,1.501396e-02,6.945951e-02,5.668364e-03,9.954186e-03,5.557274e-01,1.172590e-01,2.878702e-03,1.499122e-02
3.003854e-02,2.521035e-02,3.018652e-02,1.399867e-02,1.590349e-02,5.956773e-02,1.533987e-02,1.260868e-02,7.093000e-02,4.518459e-03,7.923616e-03,5.440056e-01,1.523498e-01,2.420331e-03,1.499836e-02
2.985965e-02,3.028551e-02,8.619773e-02,6.987337e-02,5.341969e-02,5.936830e-02,1.722659e-02,1.909658e-02,7.874460e-02,5.206850e-03,6.261175e-03,4.024816e-01,1.239781e-01,2.040160e-03,1.596015e-02
4.704875e-02,2.710045e-02,6.435313e-02,8.486219e-02,7.605322e-02,7.064427e-02,1.534910e-02,1.565855e-02,8.369645e-02,5.315631e-03,7.839487e-03,3.630541e-01,1.055678e-01,4.680238e-03,2.877659e-02
4.964164e-02,2.324162e-02,4.879755e-02,6.992973e-02,6.401594e-02,7.459604e-02,1.507256e-02,1.578777e-02,6.813149e-02,4.497015e-03,1.196521e-02,3.413596e-01,1.850396e-01,5.489105e-03,2.243510e-02
3.990213e-02,1.781152e-02,3.527601e-02,5.792563e-02,4.753232e-02,7.284287e-02,1.134128e-02,1.560969e-02,5.376869e-02,5.604824e-03,3.699770e-02,2.836106e-01,2.977758e-01,5.514445e-03,1.848649e-02
3.274590e-02,1.358021e-02,2.557581e-02,4.522299e-02,3.543428e-02,5.481492e-02,8.386663e-03,1.277331e-02,4.663109e-02,6.696261e-03,4.419294e-02,2.545272e-01,3.941420e-01,6.883491e-03,1.839296e-02
5.767237e-02,1.614875e-02,3.031790e-02,7.006443e-02,4.342252e-02,4.244776e-02,6.605081e-03,6.275867e-02,7.542329e-02,6.331823e-03,6.386607e-02,1.884469e-01,3.072946e-01,8.867505e-03,2.033232e-02
5.224773e-02,1.707807e-02,2.774847e-02,5.980952e-02,4.866652e-02,3.574676e-02,7.098711e-03,4.808290e-02,1.566301e-01,8.929477e-03,5.156248e-02,1.358472e-01,2.521696e-01,1.457296e-02,8.380946e-02
6.282629e-02,2.074483e-02,4.387685e-02,5.343440e-02,5.611510e-02,4.365415e-02,8.056665e-03,6.575738e-02,1.513211e-01,9.446561e-03,4.610974e-02,1.006892e-01,2.331084e-01,1.682211e-02,8.803719e-02
6.310616e-02,3.549126e-02,4.023229e-02,4.373321e-02,8.326578e-02,4.936650e-02,1.467456e-02,6.264004e-02,1.776077e-01,8.136872e-03,3.558986e-02,7.408399e-02,2.112425e-01,1.339015e-02,8.743904e-02
4.907936e-02,4.146286e-02,3.296154e-02,2.088995e-01,1.067968e-01,3.593836e-02,1.176062e-02,7.280212e-02,1.302137e-01,6.143990e-03,2.607097e-02,5.246620e-02,1.494144e-01,9.656564e-03,6.633295e-02
4.997407e-02,4.243572e-02,8.301422e-02,2.859675e-01,1.005483e-01,2.668316e-02,1.071132e-02,7.793778e-02,9.641387e-02,5.958319e-03,1.906822e-02,3.715185e-02,1.055731e-01,7.122471e-03,5.144007e-02
7.195392e-02,5.348751e-02,7.603674e-02,2.434923e-01,1.622705e-01,2.369289e-02,1.204890e-02,8.871449e-02,8.371772e-02,5.536647e-03,1.514821e-02,2.675897e-02,7.614417e-02,6.208023e-03,5.478907e-02
9.144779e-02,7.292605e-02,6.381636e-02,2.031558e-01,2.094483e-01,2.204608e-02,1.369071e-02,7.107096e-02,7.237873e-02,4.686920e-03,1.258263e-02,1.946159e-02,5.602739e-02,5.839115e-03,8.142152e-02
1.120656e-01,8.688109e-02,5.118604e-02,1.783832e-01,2.440417e-01,2.006512e-02,1.363649e-02,7.832111e-02,6.689092e-02,5.142511e-03,1.026901e-02,1.592755e-02,4.766013e-02,6.157914e-03,6.337167e-02
1.339565e-01,8.543952e-02,4.071742e-02,1.453756e-01,2.495889e-01,1.798164e-02,1.238285e-02,1.035254e-01,7.472570e-02,5.009554e-03,8.694784e-03,1.448997e-02,5.017629e-02,6.829598e-03,5.110628e-02
2.068921e-01,7.600316e-02,3.345057e-02,1.105348e-01,2.262367e-01,1.676265e-02,1.016929e-02,9.671891e-02,1.073753e-01,4.542600e-03,8.856926e-03,1.287329e-02,4.172187e-02,8.189476e-03,3.967228e-02
2.458734e-01,9.835777e-02,2.527898e-02,8.687189e-02,1.674333e-01,2.283072e-02,7.485177e-03,7.012986e-02,1.270217e-01,9.772651e-03,1.006837e-02,1.086711e-02,3.254183e-02,8.672416e-03,7.679477e-02
1.739953e-01,1.164390e-01,1.931816e-02,7.039452e-02,1.196625e-01,2.433345e-02,5.596761e-03,4.921841e-02,1.541485e-01,1.658736e-02,1.058537e-02,9.439283e-03,2.952424e-02,1.062168e-02,1.901354e-01
1.234122e-01,8.853181e-02,1.519102e-02,5.010190e-02,8.448097e-02,1.830864e-02,4.124423e-03,3.455363e-02,2.599918e-01,4.464850e-02,1.033101e-02,7.010464e-03,2.187885e-02,6.392846e-02,1.735063e-01
8.848402e-02,6.535029e-02,1.124933e-02,3.517459e-02,6.029227e-02,1.460318e-02,2.984827e-03,2.439905e-02,2.327265e-01,4.859661e-02,1.987731e-02,5.164519e-03,1.868540e-02,2.017245e-01,1.706876e-01
7.041635e-02,5.677385e-02,1.011376e-02,2.602176e-02,4.261970e-02,1.109739e-02,2.207565e-03,1.740574e-02,3.795735e-01,5.268061e-02,1.715026e-02,3.822710e-03,1.345364e-02,1.633534e-01,1.333098e-01
6.490750e-02,4.420121e-02,8.328506e-03,1.849551e-02,3.092756e-02,8.462745e-03,1.645468e-03,1.236323e-02,3.622931e-01,5.536254e-02,1.884561e-02,2.924060e-03,1.069334e-02,1.868211e-01,1.737286e-01
5.365892e-02,3.360281e-02,6.502343e-03,1.312539e-02,2.193704e-02,6.656648e-03,1.198874e-03,8.686235e-03,2.984186e-01,5.065242e-02,1.683685e-02,2.162273e-03,7.920804e-03,2.394475e-01,2.391933e-01
4.262576e-02,2.410997e-02,4.935633e-03,9.197838e-03,1.559393e-02,5.061784e-03,8.510228e-04,6.090317e-03,2.225745e-01,3.818521e-02,1.410548e-02,1.540155e-03,5.760000e-03,2.259072e-01,3.834612e-01
3.221164e-02,1.732470e-02,3.767823e-03,6.443857e-03,1.109869e-02,3.739556e-03,6.019048e-04,4.266710e-03,1.686906e-01,2.871488e-02,1.307118e-02,1.089171e-03,4.130156e-03,2.226884e-01,4.821607e-01
2.589748e-02,1.406329e-02,1.180692e-02,4.601965e-03,8.009027e-03,3.226412e-03,4.390234e-04,3.006540e-03,1.511391e-01,2.132551e-02,1.320283e-02,8.521687e-04,3.278417e-03,1.862658e-01,5.528855e-01
2.052907e-02,1.020109e-02,8.830299e-03,3.234661e-03,5.741309e-03,2.953658e-03,3.129939e-04,2.115189e-03,1.596513e-01,1.542536e-02,1.270212e-02,6.074460e-04,2.453166e-03,1.687551e-01,5.864872e-01
1.779739e-02,8.452737e-03,1.019647e-02,2.350566e-03,4.210387e-03,2.988920e-03,2.462541e-04,1.540530e-03,1.564541e-01,1.197995e-02,1.212223e-02,4.694835e-04,1.896227e-03,2.396013e-01,5.296934e-01
1.365180e-02,9.744817e-03,1.419065e-02,1.810923e-03,3.184589e-03,2.920839e-03,1.792636e-04,1.147353e-03,1.860157e-01,9.477825e-03,1.262502e-02,4.218750e-04,1.654002e-03,3.043140e-01,4.386614e-01
1.006138e-02,1.073492e-02,1.475600e-02,1.518149e-03,2.443758e-03,2.406432e-03,1.347610e-04,9.983736e-04,2.508218e-01,7.746026e-03,9.762147e-03,3.282462e-04,1.292159e-03,3.311185e-01,3.558774e-01
9.015344e-03,3.128188e-02,7.340753e-02,1.546201e-03,2.378882e-03,2.739167e-03,2.176579e-04,1.573829e-03,2.461251e-01,7.895840e-03,8.171549e-03,3.235785e-04,2.071282e-03,3.365041e-01,2.767480e-01
1.156669e-02,4.572673e-02,1.010083e-01,1.367719e-03,3.818229e-03,8.812970e-03,3.643711e-04,1.961884e-03,2.277259e-01,7.014615e-03,7.342441e-03,2.782408e-04,1.945579e-03,3.667808e-01,2.142856e-01
1.163218e-02,3.784920e-02,8.136482e-02,1.128889e-03,3.865512e-03,8.210629e-03,2.784283e-04,1.728014e-03,2.356953e-01,5.456606e-03,5.540390e-03,2.249603e-04,1.511500e-03,4.488653e-01,1.566483e-01
1.107979e-02,3.447780e-02,2.371961e-01,2.129939e-03,1.483308e-02,7.305347e-03,4.782473e-04,1.744163e-02,2.230843e-01,5.137806e-03,4.038038e-03,1.718737e-04,1.103882e-03,3.305283e-01,1.109938e-01
9.660592e-03,3.174718e-02,4.071293e-01,7.258790e-03,1.636118e-02,6.012173e-03,3.824681e-04,1.375898e-02,1.824790e-01,5.494265e-03,2.939202e-03,1.289716e-04,8.127652e-04,2.343253e-01,8.150980e-02
9.544607e-03,3.343720e-02,4.942790e-01,1.392581e-02,2.114728e-02,8.605933e-03,2.945153e-04,1.028242e-02,1.742086e-01,5.042410e-03,2.231424e-03,1.173946e-04,6.258538e-04,1.658369e-01,6.042058e-02
1.375235e-02,5.406886e-02,5.040768e-01,1.633020e-02,2.278033e-02,1.054214e-02,2.207961e-04,7.614608e-03,1.842917e-01,9.682927e-03,2.266586e-03,2.195407e-04,7.249052e-04,1.180563e-01,5.537194e-02
9.929951e-03,4.681493e-02,4.070423e-01,8.343488e-02,1.638947e-02,7.676713e-03,1.569994e-04,5.443919e-03,2.844448e-01,9.193001e-03,2.013836e-03,2.898732e-04,8.810827e-04,8.267482e-02,4.361339e-02
9.671897e-03,4.448754e-02,3.841158e-01,8.974969e-02,1.261204e-02,5.558219e-03,1.321509e-04,3.981960e-03,2.687077e-01,3.379389e-02,5.411408e-03,4.028789e-04,1.578235e-03,5.827063e-02,8.152589e-02
1.671808e-02,3.907245e-02,3.252099e-01,1.622027e-01,2.634369e-02,6.250603e-03,4.678055e-04,2.009040e-02,2.701979e-01,2.561934e-02,5.531305e-03,4.254571e-04,2.048176e-03,4.142793e-02,5.839424e-02
1.743162e-02,1.593256e-01,2.772305e-01,1.537492e-01,2.287957e-02,5.358474e-03,5.088017e-04,1.606744e-02,2.331515e-01,2.402914e-02,5.690579e-03,5.915734e-04,3.131100e-03,2.938887e-02,5.146596e-02
1.962287e-02,1.931132e-01,2.101993e-01,1.631655e-01,2.967578e-02,7.717189e-03,7.424872e-04,1.344810e-02,2.564155e-01,2.030809e-02,6.393284e-03,9.390599e-04,4.035726e-03,2.124371e-02,5.298024e-02
2.381340e-02,3.031542e-01,1.500408e-01,1.659330e-01,2.152869e-02,5.953989e-03,5.426498e-04,1.037599e-02,2.049658e-01,1.638327e-02,2.760462e-02,1.975305e-03,3.937283e-03,1.747482e-02,4.631624e-02
1.949679e-02,2.814714e-01,1.077071e-01,1.219091e-01,1.527239e-02,4.834483e-03,4.210249e-04,8.122723e-03,1.720385e-01,1.378352e-02,1.502253e-01,6.474030e-03,1.060854e-02,4.697937e-02,4.065568e-02
1.580024e-02,2.456363e-01,7.675438e-02,8.674900e-02,1.076916e-02,4.615632e-03,3.229369e-04,6.369086e-03,1.493945e-01,1.799345e-02,2.568410e-01,8.106719e-03,1.449108e-02,7.342164e-02,3.273479e-02
1.135008e-02,1.756041e-01,5.406086e-02,6.088953e-02,7.569232e-03,3.713847e-03,2.359557e-04,4.528681e-03,1.080478e-01,1.558592e-02,4.151701e-01,6.470934e-03,1.117256e-02,1.016489e-01,2.395143e-02
8.150614e-03,1.235080e-01,3.793455e-02,4.272778e-02,5.671526e-03,5.497855e-03,1.833407e-04,3.229669e-03,9.284848e-02,1.237555e-02,5.359052e-01,5.603805e-03,8.418489e-03,9.863316e-02,1.931203e-02
6.300736e-03,8.764064e-02,2.759336e-02,3.227912e-02,7.047712e-03,7.534985e-03,2.697698e-04,7.883241e-03,2.028615e-01,9.847673e-03,4.985415e-01,4.104166e-03,6.334437e-03,8.773211e-02,1.402909e-02
5.728362e-03,6.456652e-02,2.184742e-02,2.886064e-02,7.521950e-03,1.164184e-02,4.238640e-04,7.371788e-03,1.708878e-01,1.090714e-02,5.778218e-01,4.026867e-03,5.676094e-03,7.211282e-02,1.060514e-02
5.454041e-03,4.866815e-02,2.310091e-02,2.972442e-02,9.740777e-03,2.900527e-02,1.724973e-03,6.148960e-03,1.690568e-01,1.274035e-02,5.761483e-01,4.336007e-03,5.044109e-03,7.043050e-02,8.676472e-03
5.191079e-03,3.682516e-02,3.454816e-02,3.766055e-02,1.939982e-02,2.835772e-02,2.339001e-03,9.612824e-03,2.009251e-01,6.170212e-02,4.434157e-01,4.738011e-03,4.943252e-03,9.849200e-02,1.184966e-02
6.208852e-03,3.369523e-02,3.545142e-02,3.186271e-02,1.719666e-02,2.592822e-02,2.272155e-03,1.014369e-02,1.856448e-01,1.196596e-01,3.997813e-01,6.119016e-03,5.154621e-03,1.072451e-01,1.363668e-02
7.560021e-03,3.658317e-02,5.356555e-02,3.001403e-02,1.441034e-02,2.117652e-02,3.050655e-03,1.070786e-02,1.909283e-01,1.912843e-01,3.142633e-01,8.972527e-03,8.569180e-03,9.270078e-02,1.621347e-02
9.187314e-03,3.306738e-02,4.992276e-02,2.667774e-02,1.473232e-02,1.666487e-02,2.502540e-03,1.001132e-02,2.549431e-01,2.066801e-01,2.512446e-01,9.491174e-03,9.877421e-03,8.396387e-02,2.103352e-02
9.101056e-03,3.075416e-02,4.009877e-02,2.283305e-02,1.267276e-02,1.277952e-02,1.974857e-03,1.267854e-02,3.325967e-01,2.143708e-01,1.929171e-01,1.108710e-02,1.009701e-02,7.368352e-02,2.235502e-02
7.824253e-03,3.694111e-02,3.111555e-02,1.735843e-02,1.384719e-02,9.406309e-03,1.684581e-03,1.725974e-02,4.178194e-01,2.173961e-01,1.400105e-01,8.658259e-03,8.125382e-03,5.590272e-02,1.665054e-02
8.725760e-03,3.783404e-02,4.421855e-02,2.606879e-02,2.499506e-02,7.730762e-03,2.561319e-03,3.890736e-02,4.000494e-01,2.219366e-01,1.072808e-01,1.018207e-02,1.372290e-02,4.177237e-02,1.401419e-02
1.409148e-02,4.590194e-02,6.091340e-02,2.658339e-02,3.692055e-02,1.449196e-02,6.408574e-03,4.045276e-02,3.353756e-01,2.134834e-01,9.514726e-02,2.368202e-02,3.810489e-02,3.346464e-02,1.497816e-02
1.530596e-02,6.314456e-02,4.830931e-02,2.239319e-02,3.237872e-02,1.631983e-02,7.640127e-03,4.470336e-02,2.773172e-01,1.869580e-01,1.194623e-01,5.426006e-02,6.803460e-02,2.993061e-02,1.384209e-02
1.607811e-02,7.099341e-02,3.772650e-02,1.781812e-02,3.197283e-02,1.525200e-02,6.967869e-03,4.936203e-02,2.598245e-01,1.447083e-01,1.261478e-01,9.086207e-02,8.964117e-02,3.077512e-02,1.187016e-02
2.402915e-02,7.801972e-02,5.627805e-02,1.684006e-02,3.561024e-02,1.445184e-02,7.376340e-03,6.874017e-02,2.094959e-01,1.135880e-01,1.004340e-01,1.305910e-01,1.117768e-01,2.318252e-02,9.586169e-03
2.883419e-02,6.948015e-02,4.246105e-02,1.387383e-02,2.970130e-02,1.393621e-02,5.536383e-03,4.948779e-02,1.660449e-01,8.623938e-02,8.106738e-02,2.519955e-01,1.352752e-01,1.797140e-02,8.095377e-03
3.365947e-02,6.554864e-02,3.243324e-02,1.110257e-02,2.740252e-02,2.615240e-02,4.251057e-03,3.619990e-02,1.642066e-01,6.439557e-02,6.658652e-02,3.321357e-01,1.152947e-01,1.394669e-02,6.684390e-03
3.644641e-02,6.755235e-02,2.937220e-02,1.005616e-02,2.751314e-02,7.355134e-02,6.697409e-03,3.209437e-02,1.548154e-01,4.942693e-02,5.243552e-02,3.227904e-01,1.212403e-01,1.037218e-02,5.635859e-03
5.194174e-02,7.406882e-02,2.289514e-02,8.391020e-03,2.776498e-02,8.055748e-02,5.703445e-03,3.051512e-02,1.539478e-01,3.936016e-02,4.502745e-02,3.471941e-01,9.945253e-02,8.624197e-03,4.555934e-03
6.215080e-02,6.590342e-02,2.082184e-02,7.752504e-03,3.256751e-02,7.563814e-02,9.553377e-03,2.551191e-02,1.590979e-01,2.921793e-02,3.525627e-02,3.777986e-01,8.856546e-02,6.257576e-03,3.906732e-03
5.573352e-02,7.263854e-02,1.990796e-02,6.298933e-03,2.832299e-02,7.563084e-02,8.434153e-03,2.154418e-02,1.529691e-01,2.224524e-02,2.876049e-02,4.107178e-01,8.701843e-02,5.312173e-03,4.465586e-03
5.130872e-02,7.112294e-02,2.326794e-02,6.075712e-03,2.456610e-02,7.694226e-02,7.693835e-03,2.589760e-02,1.383585e-01,1.728781e-02,2.419935e-02,3.860972e-01,1.347463e-01,6.181349e-03,6.254431e-03
4.296209e-02,5.794336e-02,1.729579e-02,4.407486e-03,2.830242e-02,6.997807e-02,6.610517e-03,2.022449e-02,1.163152e-01,1.228525e-02,1.865298e-02,4.607898e-01,1.349707e-01,4.463857e-03,4.798036e-03
4.264153e-02,4.471796e-02,1.305451e-02,3.351968e-03,2.801387e-02,5.299709e-02,5.582349e-03,1.902589e-02,9.154311e-02,8.881595e-03,1.515087e-02,5.603119e-01,1.076061e-01,3.471680e-03,3.649659e-03
5.344435e-02,4.115359e-02,1.180448e-02,2.714093e-03,2.711987e-02,4.546172e-02,6.029430e-03,3.799132e-02,8.157551e-02,6.672292e-03,1.253938e-02,5.710675e-01,9.655625e-02,2.831751e-03,3.038499e-03
4.884539e-02,4.623577e-02,1.138731e-02,2.971265e-03,2.468592e-02,4.393921e-02,5.871954e-03,4.982603e-02,8.084511e-02,5.265562e-03,9.946475e-03,5.697226e-01,9.522575e-02,2.542445e-03,2.689230e-03
5.948544e-02,4.384003e-02,1.036604e-02,3.319525e-03,2.563086e-02,4.763932e-02,8.739714e-03,6.952975e-02,8.011329e-02,4.213745e-03,8.290347e-03,5.423132e-01,9.104981e-02,2.752242e-03,2.716702e-03
1.095367e-01,4.740467e-02,1.221840e-02,5.051688e-03,2.666346e-02,4.085346e-02,9.131595e-03,5.921764e-02,7.249122e-02,3.415006e-03,1.005780e-02,5.015628e-01,9.573273e-02,3.315432e-03,3.347454e-03
1.439793e-01,3.631952e-02,1.208691e-02,6.143101e-03,3.350526e-02,3.642090e-02,1.233194e-02,8.972962e-02,5.877116e-02,2.600338e-03,8.629663e-03,4.532359e-01,1.001176e-01,2.537366e-03,3.591456e-03
1.699494e-01,3.478206e-02,1.254542e-02,1.014036e-02,3.168607e-02,3.617087e-02,1.430285e-02,1.093080e-01,5.823366e-02,2.265040e-03,6.823863e-03,3.600216e-01,1.421469e-01,2.140384e-03,9.483521e-03
1.700839e-01,2.932290e-02,1.359264e-02,8.050092e-03,3.486825e-02,3.550335e-02,2.492277e-02,9.747433e-02,4.836954e-02,2.088163e-03,5.437069e-03,3.705567e-01,1.439406e-01,1.844852e-03,1.394478e-02
1.821025e-01,2.640041e-02,1.705546e-02,8.424085e-03,2.967417e-02,3.926545e-02,2.140299e-02,1.203178e-01,4.383456e-02,1.681384e-03,4.265316e-03,2.782640e-01,1.922717e-01,1.706993e-03,3.333311e-02
1.913705e-01,2.501065e-02,2.878538e-02,1.059105e-02,2.812191e-02,3.179468e-02,1.843901e-02,1.327235e-01,3.630361e-02,1.483341e-03,3.496346e-03,2.107579e-01,2.147209e-01,1.622151e-03,6.477909e-02
1.739378e-01,2.925476e-02,4.236490e-02,1.002112e-02,2.563737e-02,2.679777e-02,1.559409e-02,1.276875e-01,3.433176e-02,1.674543e-03,2.706156e-03,1.580854e-01,2.466268e-01,1.422458e-03,1.038575e-01
2.000312e-01,3.405824e-02,3.780060e-02,1.374842e-02,2.161038e-02,2.586992e-02,1.231130e-02,1.254288e-01,4.414421e-02,2.099719e-03,2.515106e-03,1.133623e-01,2.138383e-01,1.400588e-03,1.517808e-01
2.010270e-01,3.077484e-02,4.361183e-02,1.235077e-02,1.961757e-02,2.146235e-02,1.063108e-02,1.205690e-01,4.892081e-02,2.178963e-03,2.669013e-03,8.130887e-02,1.838805e-01,1.505327e-03,2.194920e-01
1.615252e-01,2.877279e-02,3.882384e-02,3.323917e-02,2.127301e-02,2.648333e-02,9.111493e-03,2.498786e-01,6.649286e-02,2.261200e-03,3.500819e-03,6.371974e-02,1.339597e-01,1.246929e-03,1.597113e-01
1.283544e-01,2.323241e-02,3.145122e-02,4.679684e-02,1.875448e-02,3.182180e-02,7.281612e-03,3.366989e-01,8.675067e-02,1.986915e-03,6.053111e-03,4.686769e-02,9.960485e-02,9.793746e-04,1.333658e-01
1.226313e-01,1.873220e-02,2.757863e-02,5.682094e-02,2.895545e-02,5.404301e-02,9.293587e-03,2.632055e-01,1.360245e-01,2.735091e-03,1.154505e-02,4.543868e-02,8.367041e-02,8.201650e-04,1.385055e-01
9.299773e-02,1.383456e-02,2.124501e-02,4.779339e-02,2.801833e-02,1.372266e-01,8.490220e-03,1.876593e-01,1.123229e-01,3.733995e-03,4.294083e-02,6.159820e-02,1.372050e-01,9.178639e-04,1.040160e-01
6.884544e-02,1.003399e-02,1.671048e-02,4.681832e-02,2.291197e-02,1.615698e-01,7.131621e-03,1.347518e-01,8.463655e-02,4.065780e-03,5.790784e-02,1.040411e-01,1.948503e-01,1.323479e-03,8.440151e-02
5.035179e-02,7.325435e-03,1.769325e-02,4.990340e-02,1.769818e-02,1.266305e-01,5.296253e-03,9.585309e-02,6.262048e-02,1.013781e-02,6.416623e-02,1.300118e-01,2.675748e-01,2.204884e-03,9.253214e-02
3.807337e-02,5.203966e-03,1.837234e-02,4.516879e-02,1.400396e-02,9.745817e-02,4.162670e-03,6.942013e-02,4.585313e-02,1.455634e-02,8.750713e-02,1.368977e-01,3.312400e-01,3.219325e-03,8.886294e-02
3.158776e-02,4.068921e-03,1.324160e-02,4.031773e-02,1.321722e-02,7.797286e-02,3.845462e-03,4.957645e-02,3.939413e-02,3.179719e-02,1.212872e-01,1.292515e-01,3.493506e-01,7.080539e-03,8.801085e-02
2.792332e-02,3.689738e-03,1.629461e-02,4.651576e-02,1.377134e-02,6.382054e-02,4.554332e-03,3.599643e-02,5.176384e-02,1.076198e-01,1.426119e-01,1.216171e-01,2.789879e-01,9.341396e-03,7.549207e-02
2.415401e-02,2.939974e-03,1.199677e-02,4.033796e-02,1.119942e-02,4.825149e-02,3.942532e-03,2.576962e-02,4.408925e-02,1.921100e-01,1.837984e-01,1.092108e-01,2.218147e-01,1.062065e-02,6.976441e-02
2.300000e-02,3.099241e-03,1.095350e-02,4.880731e-02,8.850392e-03,4.171891e-02,3.927716e-03,1.843817e-02,3.961121e-02,2.466054e-01,1.943053e-01,1.051869e-01,1.798195e-01,1.132004e-02,6.435648e-02
1.831079e-02,2.292705e-03,7.791747e-03,3.586508e-02,6.532534e-03,3.093265e-02,2.837727e-03,1.301287e-02,3.215434e-02,2.676178e-01,2.743424e-01,9.924593e-02,1.446406e-01,1.046565e-02,5.395715e-02
1.534060e-02,2.004652e-03,5.566202e-03,2.629302e-02,5.307451e-03,2.196923e-02,2.046957e-03,9.208838e-03,2.739100e-02,2.951720e-01,3.124033e-01,9.720740e-02,1.247584e-01,1.136709e-02,4.396381e-02
1.477046e-02,3.221493e-03,4.715911e-03,1.982331e-02,4.515858e-03,1.639578e-02,1.489564e-03,6.977255e-03,2.631558e-02,3.511074e-01,2.915995e-01,8.410151e-02,1.014613e-01,1.654059e-02,5.696447e-02
1.388656e-02,3.301973e-03,3.614561e-03,1.452390e-02,4.839486e-03,1.236011e-02,1.123155e-03,5.585183e-03,2.770271e-02,4.041650e-01,2.544260e-01,7.064273e-02,8.842176e-02,3.095811e-02,6.444878e-02
2.104642e-02,4.686939e-03,3.970896e-03,1.147194e-02,5.691946e-03,1.274827e-02,8.535428e-04,4.479493e-03,2.669262e-02,3.575062e-01,3.011462e-01,6.166281e-02,7.380313e-02,5.575768e-02,5.848199e-02
2.141891e-02,4.575976e-03,3.401694e-03,8.555549e-03,5.587457e-03,9.698210e-03,6.416900e-04,3.508430e-03,6.051684e-02,2.871587e-01,2.880906e-01,7.555518e-02,6.337959e-02,1.247277e-01,4.318352e-02
1.676626e-02,7.522284e-03,4.138262e-03,6.376102e-03,5.770410e-03,7.137806e-03,4.787396e-04,2.804346e-03,1.110017e-01,2.160752e-01,3.359549e-01,6.936331e-02,4.708460e-02,1.377106e-01,3.181542e-02
1.632706e-02,6.368952e-03,6.367579e-03,5.212743e-03,5.705964e-03,5.696409e-03,3.800742e-04,2.320254e-03,1.780717e-01,1.654944e-01,3.296023e-01,5.506350e-02,3.446092e-02,1.648041e-01,2.412410e-02
1.730253e-02,6.393120e-03,7.577201e-03,4.314725e-03,6.872600e-03,4.676526e-03,3.523233e-04,2.073067e-03,2.406357e-01,1.292171e-01,2.823424e-01,4.414121e-02,2.530118e-02,2.106810e-01,1.811936e-02
4.556960e-02,6.204366e-03,7.975932e-02,5.207823e-03,6.357198e-03,7.191247e-03,4.642539e-04,3.812285e-03,2.615847e-01,9.797518e-02,2.374653e-01,3.342422e-02,1.929766e-02,1.819978e-01,1.368908e-02
5.115215e-02,5.505387e-03,6.787443e-02,4.379078e-03,5.308594e-03,7.760224e-03,3.761600e-04,3.972166e-03,2.759413e-01,7.080392e-02,1.798627e-01,2.446107e-02,1.420178e-02,2.780485e-01,1.035261e-02
5.659426e-02,5.013378e-03,6.201173e-02,4.795916e-03,5.065931e-03,8.305984e-03,3.450373e-04,9.729614e-03,2.716849e-01,5.252541e-02,1.480576e-01,1.937471e-02,1.069944e-02,3.370888e-01,8.707340e-03
4.820073e-02,4.140811e-03,5.715950e-02,4.749347e-03,4.817401e-03,1.184204e-02,3.202116e-04,1.519141e-02,2.616276e-01,3.891820e-02,1.097921e-01,1.379377e-02,7.678862e-03,4.149235e-01,6.844596e-03
4.555339e-02,3.801866e-03,6.369966e-02,5.099171e-03,4.335087e-03,3.008178e-02,3.712336e-04,1.881421e-02,2.183700e-01,2.804337e-02,8.224731e-02,9.895127e-03,5.666381e-03,4.784172e-01,5.604264e-03
4.818634e-02,5.542971e-03,1.182881e-01,1.981974e-02,7.808219e-03,7.943703e-02,8.151770e-04,2.931153e-02,1.812949e-01,2.001656e-02,6.418901e-02,8.008731e-03,5.392134e-03,4.065561e-01,5.333461e-03
5.332169e-02,5.927535e-03,1.017783e-01,1.587509e-02,7.814216e-03,6.759276e-02,6.576709e-04,2.515505e-02,1.589436e-01,1.469746e-02,5.703609e-02,6.252986e-03,4.422511e-03,4.753993e-01,5.125650e-03
5.215850e-02,5.035629e-03,7.517578e-02,1.176686e-02,7.005561e-03,5.503413e-02,5.061077e-04,1.963492e-02,1.332800e-01,1.054123e-02,4.680322e-02,4.663448e-03,3.418085e-03,5.702506e-01,4.725821e-03
4.851157e-02,4.337798e-03,5.508890e-02,8.450622e-03,5.276032e-03,4.678604e-02,3.773942e-04,1.422392e-02,1.054704e-01,7.855906e-03,3.725535e-02,3.382886e-03,2.540525e-03,6.549700e-01,5.472583e-03
4.435798e-02,5.066640e-03,4.102120e-02,6.144753e-03,4.460125e-03,3.872042e-02,3.007648e-04,1.086044e-02,9.887400e-02,6.196739e-03,3.413124e-02,2.552439e-03,2.001333e-03,7.002624e-01,5.049433e-03
4.250694e-02,5.288391e-03,2.902427e-02,4.469953e-03,3.546372e-03,5.722886e-02,2.276647e-04,7.702083e-03,1.158080e-01,5.855943e-03,3.997612e-02,2.441414e-03,1.787636e-03,6.649845e-01,1.915173e-02
3.599394e-02,6.622098e-03,2.219293e-02,3.450862e-03,3.029043e-03,4.876141e-02,2.197961e-04,5.569405e-03,1.368968e-01,1.430606e-02,3.481930e-02,2.699317e-03,1.567571e-03,6.534680e-01,3.040340e-02
2.805939e-02,1.324212e-02,2.441508e-02,1.953417e-02,5.168561e-03,4.086647e-02,2.278493e-04,3.951076e-03,1.668110e-01,2.343975e-02,3.391547e-02,6.485561e-03,2.066890e-03,5.003320e-01,1.314846e-01
2.132305e-02,1.278220e-02,1.741521e-02,1.377191e-02,3.840888e-03,3.238429e-02,2.138933e-04,2.810280e-03,1.323059e-01,2.560902e-02,9.321775e-02,9.020288e-03,2.559632e-03,4.927682e-01,1.399774e-01
1.712590e-02,1.247721e-02,1.367671e-02,9.772654e-03,2.959150e-03,3.398389e-02,2.169105e-04,2.029665e-03,1.215184e-01,2.263303e-02,1.314809e-01,7.506718e-03,2.217735e-03,4.809672e-01,1.414339e-01
1.849447e-02,1.061379e-02,9.893651e-03,7.015327e-03,2.170997e-03,2.458783e-02,2.246293e-04,1.594835e-03,1.148178e-01,2.241634e-02,1.773008e-01,7.089565e-03,2.100437e-03,4.920967e-01,1.095828e-01
1.335492e-02,8.886999e-03,7.064661e-03,4.979509e-03,1.741583e-03,1.767365e-02,1.751369e-04,1.154334e-03,1.478117e-01,1.872709e-02,1.368478e-01,6.392336e-03,2.255004e-03,5.537382e-01,7.919714e-02
9.502491e-03,6.737454e-03,5.039403e-03,3.523111e-03,1.791311e-03,1.267039e-02,1.437636e-04,8.404949e-04,1.854444e-01,1.420116e-02,1.044709e-01,5.043311e-03,1.832664e-03,5.919891e-01,5.677015e-02
8.680209e-03,5.322538e-03,4.205537e-03,2.972412e-03,1.590259e-03,1.004667e-02,1.570408e-04,6.874045e-04,2.981546e-01,1.350511e-02,7.469542e-02,3.891235e-03,1.434329e-03,5.314018e-01,4.325556e-02
1.445810e-02,4.773274e-03,3.235537e-03,2.318837e-03,1.889284e-03,8.290694e-03,1.859612e-04,8.841875e-04,3.498942e-01,1.397115e-02,5.429542e-02,2.978606e-03,1.181139e-03,5.092031e-01,3.244060e-02
1.349351e-02,3.909012e-03,3.372448e-03,1.985243e-03,1.543020e-03,7.251532e-03,1.640447e-04,6.965281e-04,3.325298e-01,1.517870e-02,4.316664e-02,2.407228e-03,1.230226e-03,5.430305e-01,3.004155e-02
1.346681e-02,3.793688e-03,7.571002e-03,1.874210e-03,1.556291e-03,8.588248e-03,1.802134e-04,7.914721e-04,4.187476e-01,2.482492e-02,3.528168e-02,1.939910e-03,1.292861e-03,4.560091e-01,2.408195e-02
1.245709e-02,3.438576e-03,1.038179e-02,1.832581e-03,2.109451e-03,6.806750e-03,1.558048e-04,7.692480e-04,4.499258e-01,3.235879e-02,3.071344e-02,1.468185e-03,1.167608e-03,4.250509e-01,2.136392e-02
1.145843e-02,3.105176e-03,1.042461e-02,1.385316e-02,4.224133e-03,5.357685e-03,1.836753e-04,3.706472e-03,5.460997e-01,3.004299e-02,3.144613e-02,1.784842e-03,2.537985e-03,3.173639e-01,1.841112e-02
1.091911e-02,4.362862e-03,1.189326e-02,1.128707e-02,5.144300e-03,4.996814e-03,2.779642e-04,4.632105e-03,5.215505e-01,3.513522e-02,3.447049e-02,2.158812e-03,3.388377e-03,3.314108e-01,1.837224e-02
9.363216e-03,7.999430e-03,1.427604e-02,8.230142e-03,4.434193e-03,4.291916e-03,2.292703e-04,4.877483e-03,5.068005e-01,3.694419e-02,2.874847e-02,1.886896e-03,3.536794e-03,3.485506e-01,1.983082e-02
7.301817e-03,7.025956e-03,1.227162e-02,5.971956e-03,3.703590e-03,5.016675e-03,1.782142e-04,4.128208e-03,4.803294e-01,3.168707e-02,2.172801e-02,1.385498e-03,2.690267e-03,3.984005e-01,1.818122e-02
6.710506e-03,1.255778e-02,1.354646e-02,5.405675e-03,9.966815e-03,1.072847e-02,2.263406e-04,7.420909e-03,4.817340e-01,2.806809e-02,1.654454e-02,1.021291e-03,2.137895e-03,3.889876e-01,1.494367e-02
1.281880e-02,3.356754e-02,1.524896e-02,6.254678e-03,4.505941e-02,1.517424e-02,4.498413e-04,8.833478e-03,4.102231e-01,2.730303e-02,1.358269e-02,7.679011e-04,2.806123e-03,3.870212e-01,2.088909e-02
1.233343e-02,4.690032e-02,1.624347e-02,5.974033e-02,8.152395e-02,1.238726e-02,7.053710e-04,2.143315e-02,3.989092e-01,2.187338e-02,1.066477e-02,7.033742e-04,2.474423e-03,2.868708e-01,2.723677e-02
3.095277e-02,4.093017e-02,2.110650e-02,5.176762e-02,8.530739e-02,1.560776e-02,1.490419e-03,4.009492e-02,3.621733e-01,1.896239e-02,9.739835e-03,7.056405e-04,2.321091e-03,2.785816e-01,4.025865e-02
3.548305e-02,3.003694e-02,1.886078e-02,3.911290e-02,7.128958e-02,1.339978e-02,1.089704e-03,2.957640e-02,3.114932e-01,1.876523e-02,8.113278e-03,7.169742e-04,2.616581e-03,2.075684e-01,2.118772e-01
5.232663e-02,2.475701e-02,1.454422e-02,3.049573e-02,6.316676e-02,1.767845e-02,1.506866e-03,2.450155e-02,2.844123e-01,1.774713e-02,1.010084e-02,4.639810e-03,5.814967e-02,1.614382e-01,2.345349e-01
3.762289e-02,2.128289e-02,1.073601e-02,2.313571e-02,4.522705e-02,1.286708e-02,1.123080e-03,1.768950e-02,2.368089e-01,2.058460e-02,8.473537e-03,4.083719e-03,4.485234e-02,1.154735e-01,4.000393e-01
3.947490e-02,3.210454e-02,8.179663e-03,2.001122e-02,3.416754e-02,1.358205e-02,1.201679e-03,1.580753e-02,2.319622e-01,2.029494e-02,8.858840e-03,1.125906e-02,6.662983e-02,1.024220e-01,3.940440e-01
4.287720e-02,2.762140e-02,7.585236e-03,1.551713e-02,4.257192e-02,2.740184e-02,4.582618e-03,3.758613e-02,2.072503e-01,1.584726e-02,9.723874e-03,4.593938e-02,1.310075e-01,9.973703e-02,2.847512e-01
5.756470e-02,2.702960e-02,8.060655e-03,1.683939e-02,3.267663e-02,2.872731e-02,3.946005e-03,2.863776e-02,1.817403e-01,1.314721e-02,1.113980e-02,5.420295e-02,1.816986e-01,7.991898e-02,2.746702e-01
5.725683e-02,2.580500e-02,6.783557e-03,1.505005e-02,2.780548e-02,2.888845e-02,3.540308e-03,2.434320e-02,1.622418e-01,1.117382e-02,9.884983e-03,6.938249e-02,3.009585e-01,5.729289e-02,1.995926e-01
4.773639e-02,2.364418e-02,5.816553e-03,1.262353e-02,2.623184e-02,2.201466e-02,3.401827e-03,1.826171e-02,1.264205e-01,8.286105e-03,8.221684e-03,5.632731e-02,4.497928e-01,4.056343e-02,1.506575e-01
5.304087e-02,2.051733e-02,7.796891e-03,1.370397e-02,2.549200e-02,1.750257e-02,3.116341e-03,3.402547e-02,9.808143e-02,6.944640e-03,7.390680e-03,5.060983e-02,5.111737e-01,2.989699e-02,1.207073e-01
4.560252e-02,1.697781e-02,1.200354e-02,1.749678e-02,2.076404e-02,1.976685e-02,3.803892e-03,2.842557e-02,8.728266e-02,9.149196e-03,9.621378e-03,4.117498e-02,4.894836e-01,3.174555e-02,1.667017e-01
3.428591e-02,1.305766e-02,1.252687e-02,1.501939e-02,1.982731e-02,1.591199e-02,4.396635e-03,3.471228e-02,6.714544e-02,9.691482e-03,1.209001e-02,3.427579e-02,4.908383e-01,2.295774e-02,2.132632e-01
2.517318e-02,9.473955e-03,1.377836e-02,1.210056e-02,1.630944e-02,1.271580e-02,4.557443e-03,6.282102e-02,5.078399e-02,8.399555e-03,1.513338e-02,3.120733e-02,4.948223e-01,1.687703e-02,2.258466e-01
1.889660e-02,7.125075e-03,1.415660e-02,8.771076e-03,1.302340e-02,9.117363e-03,3.653050e-03,6.362619e-02,3.826387e-02,9.479182e-03,2.020606e-02,2.520274e-02,4.674642e-01,1.217294e-02,2.888416e-01
1.421211e-02,5.110337e-03,2.378897e-02,6.505679e-03,1.108054e-02,6.540964e-03,3.682992e-03,2.549756e-01,2.779305e-02,8.439801e-03,1.779471e-02,1.892736e-02,3.774394e-01,8.617321e-03,2.150911e-01
1.081968e-02,4.124717e-03,3.677285e-02,5.342461e-03,9.009250e-03,4.752441e-03,3.370400e-03,4.367297e-01,2.079999e-02,6.414996e-03,1.340242e-02,1.444294e-02,2.727874e-01,6.060081e-03,1.551707e-01
9.603566e-03,4.929375e-03,3.558860e-02,4.090328e-03,8.263947e-03,3.448768e-03,3.131316e-03,5.813047e-01,1.588354e-02,4.717523e-03,9.668766e-03,1.035845e-02,1.927545e-01,4.253653e-03,1.120031e-01
1.100270e-02,5.419853e-03,5.239648e-02,3.332653e-03,8.813424e-03,2.643762e-03,4.210076e-03,6.624723e-01,1.233219e-02,3.814049e-03,7.123797e-03,7.554004e-03,1.363842e-01,3.018685e-03,7.948188e-02
1.313982e-02,9.081382e-03,8.619261e-02,9.575468e-03,1.373718e-02,2.355371e-03,4.392623e-03,6.723104e-01,1.247139e-02,3.733217e-03,5.712867e-03,5.849516e-03,9.783047e-02,2.217984e-03,6.139973e-02
1.436067e-02,9.580320e-03,1.018558e-01,1.204918e-02,1.877335e-02,2.180526e-03,4.122260e-03,6.938376e-01,1.162406e-02,3.146189e-03,4.297866e-03,4.303901e-03,7.033684e-02,1.602008e-03,4.792941e-02
1.707021e-02,1.352227e-02,8.700412e-02,1.425168e-02,2.502465e-02,2.573608e-03,4.000907e-03,7.052146e-01,1.412977e-02,5.672910e-03,3.394787e-03,3.427860e-03,5.183110e-02,1.653268e-03,5.122831e-02
3.313471e-02,2.333992e-02,7.111865e-02,1.229119e-02,3.372959e-02,2.774213e-03,4.520984e-03,6.504794e-01,3.159962e-02,7.325456e-03,2.872164e-03,2.882602e-03,4.020429e-02,2.309411e-03,8.141782e-02
4.833945e-02,2.779717e-02,5.959621e-02,1.032186e-02,3.761959e-02,2.671260e-03,4.918324e-03,6.316520e-01,3.763242e-02,7.847901e-03,2.450631e-03,2.583748e-03,3.060863e-02,2.530114e-03,9.343072e-02
8.209237e-02,3.990819e-02,5.300470e-02,1.030071e-02,4.775219e-02,3.518839e-03,7.208800e-03,5.673025e-01,4.691799e-02,7.631383e-03,2.451478e-03,3.134546e-03,2.420522e-02,2.757356e-03,1.018137e-01
1.505626e-01,5.256642e-02,4.286848e-02,1.185906e-02,5.308101e-02,5.961512e-03,7.026709e-03,4.860848e-01,6.750299e-02,7.742980e-03,3.112081e-03,5.045465e-03,2.019508e-02,3.697906e-03,8.269293e-02
2.223289e-01,6.259361e-02,3.600438e-02,1.272834e-02,5.035388e-02,9.366494e-03,7.439029e-03,3.675538e-01,1.025638e-01,1.370438e-02,4.154869e-03,7.590489e-03,2.235960e-02,4.142580e-03,7.711589e-02
2.766706e-01,6.752315e-02,2.839668e-02,1.064792e-02,4.305122e-02,1.152068e-02,8.788786e-03,2.706606e-01,1.076968e-01,2.404966e-02,3.566919e-03,7.057345e-03,1.959609e-02,4.728039e-03,1.160455e-01
3.523864e-01,5.901532e-02,2.277605e-02,9.886571e-03,3.792050e-02,1.224015e-02,8.724139e-03,2.070566e-01,9.309835e-02,2.551872e-02,3.380189e-03,7.485997e-03,1.966741e-02,5.181428e-03,1.356622e-01
4.403671e-01,4.633059e-02,1.879898e-02,9.419222e-03,3.306343e-02,1.323867e-02,8.774081e-03,1.693470e-01,7.948443e-02,2.330937e-02,3.862818e-03,8.929893e-03,1.859138e-02,6.580514e-03,1.199026e-01
1.000000e+00,0.000000e+00,0.000000e+00,0.000000e+00,0.000000e+00,0.000000e+00,0.000000e+00,0.000000e+00,0.000000e+00,0.000000e+00,0.000000e+00,0.000000e+00,0.000000e+00,0.000000e+00,0.000000e+00
1.000000e+00,0.000000e+00,0.000000e+00,0.000000e+00,0.000000e+00,0.000000e+00,0.000000e+00,0.000000e+00,0.000000e+00,0.000000e+00,0.000000e+00,0.000000e+00,0.000000e+00,0.000000e+00,0.000000e+00
4.975114e-01,2.241814e-02,1.253029e-02,1.287471e-02,1.805800e-02,2.224922e-02,9.440449e-03,9.010817e-02,4.151094e-02,1.295972e-01,1.929242e-02,1.566393e-02,3.766020e-02,8.415066e-03,6.266991e-02
4.537160e-01,1.884227e-02,1.018311e-02,1.596804e-02,1.547065e-02,2.502610e-02,1.055668e-02,6.713732e-02,3.534025e-02,1.796210e-01,3.548537e-02,1.898747e-02,4.731897e-02,1.047722e-02,5.586959e-02
3.470538e-01,1.523993e-02,1.137817e-02,1.701036e-02,1.395666e-02,2.334611e-02,8.407752e-03,4.834495e-02,3.746675e-02,3.135198e-01,3.372354e-02,1.958385e-02,5.436411e-02,8.386635e-03,4.821756e-02
2.670662e-01,1.263744e-02,2.132169e-02,2.891337e-02,1.528411e-02,2.170673e-02,6.880973e-03,3.487742e-02,4.191114e-02,3.501220e-01,3.656975e-02,2.544593e-02,8.614283e-02,6.968290e-03,4.415211e-02
1.930318e-01,9.327608e-03,1.999104e-02,2.176130e-02,1.373590e-02,1.982421e-02,5.782640e-03,2.570223e-02,3.397883e-02,5.075784e-01,2.825192e-02,1.879923e-02,6.353180e-02,5.182863e-03,3.352025e-02
1.406113e-01,6.923597e-03,1.813222e-02,1.973183e-02,1.200080e-02,2.381356e-02,4.889490e-03,1.956235e-02,2.977297e-02,6.040524e-01,2.250879e-02,1.714263e-02,5.164685e-02,4.112954e-03,2.509825e-02
1.077702e-01,5.144873e-03,1.375491e-02,1.572837e-02,9.763675e-03,2.705071e-02,3.834239e-03,1.495885e-02,2.432071e-02,6.784084e-01,1.774722e-02,1.568827e-02,4.333704e-02,3.374443e-03,1.911801e-02
8.193262e-02,6.573622e-03,2.439791e-02,1.277392e-02,1.045959e-02,2.328476e-02,2.856262e-03,1.413349e-02,5.964281e-02,6.356320e-01,3.885200e-02,2.310100e-02,4.616879e-02,3.350102e-03,1.684116e-02
5.875466e-02,4.882935e-03,1.989980e-02,9.295018e-03,7.984517e-03,1.783258e-02,2.074689e-03,1.077581e-02,4.463825e-02,7.070491e-01,3.876363e-02,1.859953e-02,3.794480e-02,3.184907e-03,1.831974e-02
4.292763e-02,4.697369e-03,1.970857e-02,1.474375e-02,1.309848e-02,1.638518e-02,2.259372e-03,9.541170e-03,4.406376e-02,7.194133e-01,3.880543e-02,1.516454e-02,3.817720e-02,2.967054e-03,1.804708e-02
3.154589e-02,3.649302e-03,1.667776e-02,1.209644e-02,1.074115e-02,1.994787e-02,1.720629e-03,7.378575e-03,3.376297e-02,7.187625e-01,4.996062e-02,1.979114e-02,5.626053e-02,3.385977e-03,1.431869e-02
3.280760e-02,5.923613e-03,1.519425e-02,2.924266e-02,1.818367e-02,1.894456e-02,2.043364e-03,1.764818e-02,4.062107e-02,6.115307e-01,6.408106e-02,2.827440e-02,9.535851e-02,5.031850e-03,1.511451e-02
3.364595e-02,4.615081e-03,1.340934e-02,2.229500e-02,1.486440e-02,1.524337e-02,1.931519e-03,1.477077e-02,3.128602e-02,5.490178e-01,1.192285e-01,3.646166e-02,1.166964e-01,8.387467e-03,1.814683e-02
3.686074e-02,3.978293e-03,1.230272e-02,1.943621e-02,2.296054e-02,1.204582e-02,1.890741e-03,1.651891e-02,2.647107e-02,5.440211e-01,1.315029e-01,3.012401e-02,1.133566e-01,8.098230e-03,2.043228e-02
6.650516e-02,1.358911e-02,5.054377e-02,2.742435e-02,7.934235e-02,1.138456e-02,7.795613e-03,3.840628e-02,2.877425e-02,4.297530e-01,1.070756e-01,2.500478e-02,8.686053e-02,8.226230e-03,1.931451e-02
8.042227e-02,2.787784e-02,1.621087e-01,7.790042e-02,8.827898e-02,1.179098e-02,8.328797e-03,2.830013e-02,2.530850e-02,3.076223e-01,7.757404e-02,1.888744e-02,6.459117e-02,6.225117e-03,1.478340e-02
9.350685e-02,3.677257e-02,1.389187e-01,6.568751e-02,1.230315e-01,1.542364e-02,1.305719e-02,2.416056e-02,2.226992e-02,3.292385e-01,5.594330e-02,1.463774e-02,4.851094e-02,5.381992e-03,1.345920e-02
8.868609e-02,6.693701e-02,1.497988e-01,8.881074e-02,1.453478e-01,2.769539e-02,1.655037e-02,2.156225e-02,2.086252e-02,2.589050e-01,4.359236e-02,1.390104e-02,3.989718e-02,4.657841e-03,1.279578e-02
8.470284e-02,7.057527e-02,1.315652e-01,9.358569e-02,1.451427e-01,2.964434e-02,1.422019e-02,1.781049e-02,2.004803e-02,2.662653e-01,4.590397e-02,1.132556e-02,3.295720e-02,4.965788e-03,3.128755e-02
9.215175e-02,5.260958e-02,9.358381e-02,6.759803e-02,1.114275e-01,2.246513e-02,1.056980e-02,1.646148e-02,3.222021e-02,2.204676e-01,4.081692e-02,8.813585e-03,2.537278e-02,7.280885e-03,1.981610e-01
1.091889e-01,5.312175e-02,7.280912e-02,5.552689e-02,9.070133e-02,2.232112e-02,8.832660e-03,2.149254e-02,3.047342e-02,2.168315e-01,3.153855e-02,7.115738e-03,2.140068e-02,8.073796e-03,2.505720e-01
1.093241e-01,4.920689e-02,5.540376e-02,4.305811e-02,7.540554e-02,2.061651e-02,8.575747e-03,2.837459e-02,2.394465e-02,1.864071e-01,2.340469e-02,5.767389e-03,1.663140e-02,7.409832e-03,3.464697e-01
8.904429e-02,4.959251e-02,4.441050e-02,3.502760e-02,5.654994e-02,1.625529e-02,6.633996e-03,2.679420e-02,1.967240e-02,1.691349e-01,1.695124e-02,4.448976e-03,1.260974e-02,6.329675e-03,4.465447e-01
1.272682e-01,4.264058e-02,3.395784e-02,2.949131e-02,5.357818e-02,1.405545e-02,5.858960e-03,3.092161e-02,1.920106e-02,1.639201e-01,1.291578e-02,3.871759e-03,9.877412e-03,7.350960e-03,4.450908e-01
2.660156e-01,4.285015e-02,3.393351e-02,2.503433e-02,5.042348e-02,1.599328e-02,6.623041e-03,3.342392e-02,1.563456e-02,1.441983e-01,1.105359e-02,4.585678e-03,8.873977e-03,7.461630e-03,3.338950e-01
4.115050e-01,3.637869e-02,2.864490e-02,2.507251e-02,4.133152e-02,1.533193e-02,5.886029e-03,2.772995e-02,1.553535e-02,1.081679e-01,1.104963e-02,9.804484e-03,8.867158e-03,8.837629e-03,2.458573e-01
1.000000e+00,0.000000e+00,0.000000e+00,0.000000e+00,0.000000e+00,0.000000e+00,0.000000e+00,0.000000e+00,0.000000e+00,0.000000e+00,0.000000e+00,0.000000e+00,0.000000e+00,0.000000e+00,0.000000e+00
1.000000e+00,0.000000e+00,0.000000e+00,0.000000e+00,0.000000e+00,0.000000e+00,0.000000e+00,0.000000e+00,0.000000e+00,0.000000e+00,0.000000e+00,0.000000e+00,0.000000e+00,0.000000e+00,0.000000e+00
1.000000e+00,0.000000e+00,0.000000e+00,0.000000e+00,0.000000e+00,0.000000e+00,0.000000e+00,0.000000e+00,0.000000e+00,0.000000e+00,0.000000e+00,0.000000e+00,0.000000e+00,0.000000e+00,0.000000e+00
1.000000e+00,0.000000e+00,0.000000e+00,0.000000e+00,0.000000e+00,0.000000e+00,0.000000e+00,0.000000e+00,0.000000e+00,0.000000e+00,0.000000e+00,0.000000e+00,0.000000e+00,0.000000e+00,0.000000e+00
1.000000e+00,0.000000e+00,0.000000e+00,0.000000e+00,0.000000e+00,0.000000e+00,0.000000e+00,0.000000e+00,0.000000e+00,0.000000e+00,0.000000e+00,0.000000e+00,0.000000e+00,0.000000e+00,0.000000e+00
1.000000e+00,0.000000e+00,0.000000e+00,0.000000e+00,0.000000e+00,0.000000e+00,0.000000e+00,0.000000e+00,0.000000e+00,0.000000e+00,0.000000e+00,0.000000e+00,0.000000e+00,0.000000e+00,0.000000e+00
1.000000e+00,0.000000e+00,0.000000e+00,0.000000e+00,0.000000e+00,0.000000e+00,0.000000e+00,0.000000e+00,0.000000e+00,0.000000e+00,0.000000e+00,0.000000e+00,0.000000e+00,0.000000e+00,0.000000e+00
1.000000e+00,0.000000e+00,0.000000e+00,0.000000e+00,0.000000e+00,0.000000e+00,0.000000e+00,0.000000e+00,0.000000e+00,0.000000e+00,0.000000e+00,0.000000e+00,0.000000e+00,0.000000e+00,0.000000e+00
1.000000e+00,0.000000e+00,0.000000e+00,0.000000e+00,0.000000e+00,0.000000e+00,0.000000e+00,0.000000e+00,0.000000e+00,0.000000e+00,0.000000e+00,0.000000e+00,0.000000e+00,0.000000e+00,0.000000e+00
1.000000e+00,0.000000e+00,0.000000e+00,0.000000e+00,0.000000e+00,0.000000e+00,0.000000e+00,0.000000e+00,0.000000e+00,0.000000e+00,0.000000e+00,0.000000e+00,0.000000e+00,0.000000e+00,0.000000e+00
1.000000e+00,0.000000e+00,0.000000e+00,0.000000e+00,0.000000e+00,0.000000e+00,0.000000e+00,0.000000e+00,0.000000e+00,0.000000e+00,0.000000e+00,0.000000e+00,0.000000e+00,0.000000e+00,0.000000e+00
1.000000e+00,0.000000e+00,0.000000e+00,0.000000e+00,0.000000e+00,0.000000e+00,0.000000e+00,0.000000e+00,0.000000e+00,0.000000e+00,0.000000e+00,0.000000e+00,0.000000e+00,0.000000e+00,0.000000e+00
1.000000e+00,0.000000e+00,0.000000e+00,0.000000e+00,0.000000e+00,0.000000e+00,0.000000e+00,0.000000e+00,0.000000e+00,0.000000e+00,0.000000e+00,0.000000e+00,0.000000e+00,0.000000e+00,0.000000e+00
1.000000e+00,0.000000e+00,0.000000e+00,0.000000e+00,0.000000e+00,0.000000e+00,0.000000e+00,0.000000e+00,0.000000e+00,0.000000e+00,0.000000e+00,0.000000e+00,0.000000e+00,0.000000e+00,0.000000e+00
1.000000e+00,0.000000e+00,0.000000e+00,0.000000e+00,0.000000e+00,0.000000e+00,0.000000e+00,0.000000e+00,0.000000e+00,0.000000e+00,0.000000e+00,0.000000e+00,0.000000e+00,0.000000e+00,0.000000e+00
1.000000e+00,0.000000e+00,0.000000e+00,0.000000e+00,0.000000e+00,0.000000e+00,0.000000e+00,0.000000e+00,0.000000e+00,0.000000e+00,0.000000e+00,0.000000e+00,0.000000e+00,0.000000e+00,0.000000e+00
1.000000e+00,0.000000e+00,0.000000e+00,0.000000e+00,0.000000e+00,0.000000e+00,0.000000e+00,0.000000e+00,0.000000e+00,0.000000e+00,0.000000e+00,0.000000e+00,0.000000e+00,0.000000e+00,0.000000e+00
1.000000e+00,0.000000e+00,0.000000e+00,0.000000e+00,0.000000e+00,0.000000e+00,0.000000e+00,0.000000e+00,0.000000e+00,0.000000e+00,0.000000e+00,0.000000e+00,0.000000e+00,0.000000e+00,0.000000e+00
1.000000e+00,0.000000e+00,0.000000e+00,0.000000e+00,0.000000e+00,0.000000e+00,0.000000e+00,0.000000e+00,0.000000e+00,0.000000e+00,0.000000e+00,0.000000e+00,0.000000e+00,0.000000e+00,0.000000e+00
1.000000e+00,0.000000e+00,0.000000e+00,0.000000e+00,0.000000e+00,0.000000e+00,0.000000e+00,0.000000e+00,0.000000e+00,0.000000e+00,0.000000e+00,0.000000e+00,0.000000e+00,0.000000e+00,0.000000e+00
1.000000e+00,0.000000e+00,0.000000e+00,0.000000e+00,0.000000e+00,0.000000e+00,0.000000e+00,0.000000e+00,0.000000e+00,0.000000e+00,0.000000e+00,0.000000e+00,0.000000e+00,0.000000e+00,0.000000e+00
1.000000e+00,0.000000e+00,0.000000e+00,0.000000e+00,0.000000e+00,0.000000e+00,0.000000e+00,0.000000e+00,0.000000e+00,0.000000e+00,0.000000e+00,0.000000e+00,0.000000e+00,0.000000e+00,0.000000e+00
1.000000e+00,0.000000e+00,0.000000e+00,0.000000e+00,0.000000e+00,0.000000e+00,0.000000e+00,0.000000e+00,0.000000e+00,0.000000e+00,0.000000e+00,0.000000e+00,0.000000e+00,0.000000e+00,0.000000e+00
1.000000e+00,0.000000e+00,0.000000e+00,0.000000e+00,0.000000e+00,0.000000e+00,0.000000e+00,0.000000e+00,0.000000e+00,0.000000e+00,0.000000e+00,0.000000e+00,0.000000e+00,0.000000e+00,0.000000e+00
1.000000e+00,0.000000e+00,0.000000e+00,0.000000e+00,0.000000e+00,0.000000e+00,0.000000e+00,0.000000e+00,0.000000e+00,0.000000e+00,0.000000e+00,0.000000e+00,0.000000e+00,0.000000e+00,0.000000e+00
1.000000e+00,0.000000e+00,0.000000e+00,0.000000e+00,0.000000e+00,0.000000e+00,0.000000e+00,0.000000e+00,0.000000e+00,0.000000e+00,0.000000e+00,0.000000e+00,0.000000e+00,0.000000e+00,0.000000e+00
1.000000e+00,0.000000e+00,0.000000e+00,0.000000e+00,0.000000e+00,0.000000e+00,0.000000e+00,0.000000e+00,0.000000e+00,0.000000e+00,0.000000e+00,0.000000e+00,0.000000e+00,0.000000e+00,0.000000e+00
1.000000e+00,0.000000e+00,0.000000e+00,0.000000e+00,0.000000e+00,0.000000e+00,0.000000e+00,0.000000e+00,0.000000e+00,0.000000e+00,0.000000e+00,0.000000e+00,0.000000e+00,0.000000e+00,0.000000e+00
1.000000e+00,0.000000e+00,0.000000e+00,0.000000e+00,0.000000e+00,0.000000e+00,0.000000e+00,0.000000e+00,0.000000e+00,0.000000e+00,0.000000e+00,0.000000e+00,0.000000e+00,0.000000e+00,0.000000e+00
1.000000e+00,0.000000e+00,0.000000e+00,0.000000e+00,0.000000e+00,0.000000e+00,0.000000e+00,0.000000e+00,0.000000e+00,0.000000e+00,0.000000e+00,0.000000e+00,0.000000e+00,0.000000e+00,0.000000e+00
1.000000e+00,0.000000e+00,0.000000e+00,0.000000e+00,0.000000e+00,0.000000e+00,0.000000e+00,0.000000e+00,0.000000e+00,0.000000e+00,0.000000e+00,0.000000e+00,0.000000e+00,0.000000e+00,0.000000e+00
1.000000e+00,0.000000e+00,0.000000e+00,0.000000e+00,0.000000e+00,0.000000e+00,0.000000e+00,0.000000e+00,0.000000e+00,0.000000e+00,0.000000e+00,0.000000e+00,0.000000e+00,0.000000e+00,0.000000e+00
1.000000e+00,0.000000e+00,0.000000e+00,0.000000e+00,0.000000e+00,0.000000e+00,0.000000e+00,0.000000e+00,0.000000e+00,0.000000e+00,0.000000e+00,0.000000e+00,0.000000e+00,0.000000e+00,0.000000e+00
1.000000e+00,0.000000e+00,0.000000e+00,0.000000e+00,0.000000e+00,0.000000e+00,0.000000e+00,0.000000e+00,0.000000e+00,0.000000e+00,0.000000e+00,0.000000e+00,0.000000e+00,0.000000e+00,0.000000e+00
1.000000e+00,0.000000e+00,0.000000e+00,0.000000e+00,0.000000e+00,0.000000e+00,0.000000e+00,0.000000e+00,0.000000e+00,0.000000e+00,0.000000e+00,0.000000e+00,0.000000e+00,0.000000e+00,0.000000e+00
1.000000e+00,0.000000e+00,0.000000e+00,0.000000e+00,0.000000e+00,0.000000e+00,0.000000e+00,0.000000e+00,0.000000e+00,0.000000e+00,0.000000e+00,0.000000e+00,0.000000e+00,0.000000e+00,0.000000e+00
1.000000e+00,0.000000e+00,0.000000e+00,0.000000e+00,0.000000e+00,0.000000e+00,0.000000e+00,0.000000e+00,0.000000e+00,0.000000e+00,0.000000e+00,0.000000e+00,0.000000e+00,0.000000e+00,0.000000e+00
1.000000e+00,0.000000e+00,0.000000e+00,0.000000e+00,0.000000e+00,0.000000e+00,0.000000e+00,0.000000e+00,0.000000e+00,0.000000e+00,0.000000e+00,0.000000e+00,0.000000e+00,0.000000e+00,0.000000e+00
1.000000e+00,0.000000e+00,0.000000e+00,0.000000e+00,0.000000e+00,0.000000e+00,0.000000e+00,0.000000e+00,0.000000e+00,0.000000e+00,0.000000e+00,0.000000e+00,0.000000e+00,0.000000e+00,0.000000e+00
1.000000e+00,0.000000e+00,0.000000e+00,0.000000e+00,0.000000e+00,0.000000e+00,0.000000e+00,0.000000e+00,0.000000e+00,0.000000e+00,0.000000e+00,0.000000e+00,0.000000e+00,0.000000e+00,0.000000e+00
1.000000e+00,0.000000e+00,0.000000e+00,0.000000e+00,0.000000e+00,0.000000e+00,0.000000e+00,0.000000e+00,0.000000e+00,0.000000e+00,0.000000e+00,0.000000e+00,0.000000e+00,0.000000e+00,0.000000e+00
1.000000e+00,0.000000e+00,0.000000e+00,0.000000e+00,0.000000e+00,0.000000e+00,0.000000e+00,0.000000e+00,0.000000e+00,0.000000e+00,0.000000e+00,0.000000e+00,0.000000e+00,0.000000e+00,0.000000e+00
1.000000e+00,0.000000e+00,0.000000e+00,0.000000e+00,0.000000e+00,0.000000e+00,0.000000e+00,0.000000e+00,0.000000e+00,0.000000e+00,0.000000e+00,0.000000e+00,0.000000e+00,0.000000e+00,0.000000e+00
1.000000e+00,0.000000e+00,0.000000e+00,0.000000e+00,0.000000e+00,0.000000e+00,0.000000e+00,0.000000e+00,0.000000e+00,0.000000e+00,0.000000e+00,0.000000e+00,0.000000e+00,0.000000e+00,0.000000e+00
1.000000e+00,0.000000e+00,0.000000e+00,0.000000e+00,0.000000e+00,0.000000e+00,0.000000e+00,0.000000e+00,0.000000e+00,0.000000e+00,0.000000e+00,0.000000e+00,0.000000e+00,0.000000e+00,0.000000e+00
1.000000e+00,0.000000e+00,0.000000e+00,0.000000e+00,0.000000e+00,0.000000e+00,0.000000e+00,0.000000e+00,0.000000e+00,0.000000e+00,0.000000e+00,0.000000e+00,0.000000e+00,0.000000e+00,0.000000e+00
1.000000e+00,0.000000e+00,0.000000e+00,0.000000e+00,0.000000e+00,0.000000e+00,0.000000e+00,0.000000e+00,0.000000e+00,0.000000e+00,0.000000e+00,0.000000e+00,0.000000e+00,0.000000e+00,0.000000e+00
1.000000e+00,0.000000e+00,0.000000e+00,0.000000e+00,0.000000e+00,0.000000e+00,0.000000e+00,0.000000e+00,0.000000e+00,0.000000e+00,0.000000e+00,0.000000e+00,0.000000e+00,0.000000e+00,0.000000e+00
1.000000e+00,0.000000e+00,0.000000e+00,0.000000e+00,0.000000e+00,0.000000e+00,0.000000e+00,0.000000e+00,0.000000e+00,0.000000e+00,0.000000e+00,0.000000e+00,0.000000e+00,0.000000e+00,0.000000e+00
1.000000e+00,0.000000e+00,0.000000e+00,0.000000e+00,0.000000e+00,0.000000e+00,0.000000e+00,0.000000e+00,0.000000e+00,0.000000e+00,0.000000e+00,0.000000e+00,0.000000e+00,0.000000e+00,0.000000e+00
1.000000e+00,0.000000e+00,0.000000e+00,0.000000e+00,0.000000e+00,0.000000e+00,0.000000e+00,0.000000e+00,0.000000e+00,0.000000e+00,0.000000e+00,0.000000e+00,0.000000e+00,0.000000e+00,0.000000e+00
1.000000e+00,0.000000e+00,0.000000e+00,0.000000e+00,0.000000e+00,0.000000e+00,0.000000e+00,0.000000e+00,0.000000e+00,0.000000e+00,0.000000e+00,0.000000e+00,0.000000e+00,0.000000e+00,0.000000e+00
1.000000e+00,0.000000e+00,0.000000e+00,0.000000e+00,0.000000e+00,0.000000e+00,0.000000e+00,0.000000e+00,0.000000e+00,0.000000e+00,0.000000e+00,0.000000e+00,0.000000e+00,0.000000e+00,0.000000e+00
1.000000e+00,0.000000e+00,0.000000e+00,0.000000e+00,0.000000e+00,0.000000e+00,0.000000e+00,0.000000e+00,0.000000e+00,0.000000e+00,0.000000e+00,0.000000e+00,0.000000e+00,0.000000e+00,0.000000e+00
1.000000e+00,0.000000e+00,0.000000e+00,0.000000e+00,0.000000e+00,0.000000e+00,0.000000e+00,0.000000e+00,0.000000e+00,0.000000e+00,0.000000e+00,0.000000e+00,0.000000e+00,0.000000e+00,0.000000e+00
1.000000e+00,0.000000e+00,0.000000e+00,0.000000e+00,0.000000e+00,0.000000e+00,0.000000e+00,0.000000e+00,0.000000e+00,0.000000e+00,0.000000e+00,0.000000e+00,0.000000e+00,0.000000e+00,0.000000e+00
1.000000e+00,0.000000e+00,0.000000e+00,0.000000e+00,0.000000e+00,0.000000e+00,0.000000e+00,0.000000e+00,0.000000e+00,0.000000e+00,0.000000e+00,0.000000e+00,0.000000e+00,0.000000e+00,0.000000e+00
1.000000e+00,0.000000e+00,0.000000e+00,0.000000e+00,0.000000e+00,0.000000e+00,0.000000e+00,0.000000e+00,0.000000e+00,0.000000e+00,0.000000e+00,0.000000e+00,0.000000e+00,0.000000e+00,0.000000e+00
1.000000e+00,0.000000e+00,0.000000e+00,0.000000e+00,0.000000e+00,0.000000e+00,0.000000e+00,0.000000e+00,0.000000e+00,0.000000e+00,0.000000e+00,0.000000e+00,0.000000e+00,0.000000e+00,0.000000e+00
1.000000e+00,0.000000e+00,0.000000e+00,0.000000e+00,0.000000e+00,0.000000e+00,0.000000e+00,0.000000e+00,0.000000e+00,0.000000e+00,0.000000e+00,0.000000e+00,0.000000e+00,0.000000e+00,0.000000e+00
1.000000e+00,0.000000e+00,0.000000e+00,0.000000e+00,0.000000e+00,0.000000e+00,0.000000e+00,0.000000e+00,0.000000e+00,0.000000e+00,0.000000e+00,0.000000e+00,0.000000e+00,0.000000e+00,0.000000e+00
1.000000e+00,0.000000e+00,0.000000e+00,0.000000e+00,0.000000e+00,0.000000e+00,0.000000e+00,0.000000e+00,0.000000e+00,0.000000e+00,0.000000e+00,0.000000e+00,0.000000e+00,0.000000e+00,0.000000e+00
1.000000e+00,0.000000e+00,0.000000e+00,0.000000e+00,0.000000e+00,0.000000e+00,0.000000e+00,0.000000e+00,0.000000e+00,0.000000e+00,0.000000e+00,0.000000e+00,0.000000e+00,0.000000e+00,0.000000e+00
1.000000e+00,0.000000e+00,0.000000e+00,0.000000e+00,0.000000e+00,0.000000e+00,0.000000e+00,0.000000e+00,0.000000e+00,0.000000e+00,0.000000e+00,0.000000e+00,0.000000e+00,0.000000e+00,0.000000e+00
1.000000e+00,0.000000e+00,0.000000e+00,0.000000e+00,0.000000e+00,0.000000e+00,0.000000e+00,0.000000e+00,0.000000e+00,0.000000e+00,0.000000e+00,0.000000e+00,0.000000e+00,0.000000e+00,0.000000e+00
1.000000e+00,0.000000e+00,0.000000e+00,0.000000e+00,0.000000e+00,0.000000e+00,0.000000e+00,0.000000e+00,0.000000e+00,0.000000e+00,0.000000e+00,0.000000e+00,0.000000e+00,0.000000e+00,0.000000e+00
1.000000e+00,0.000000e+00,0.000000e+00,0.000000e+00,0.000000e+00,0.000000e+00,0.000000e+00,0.000000e+00,0.000000e+00,0.000000e+00,0.000000e+00,0.000000e+00,0.000000e+00,0.000000e+00,0.000000e+00
1.000000e+00,0.000000e+00,0.000000e+00,0.000000e+00,0.000000e+00,0.000000e+00,0.000000e+00,0.000000e+00,0.000000e+00,0.000000e+00,0.000000e+00,0.000000e+00,0.000000e+00,0.000000e+00,0.000000e+00
