1.000000e+00,0.000000e+00,0.000000e+00,0.000000e+00,0.000000e+00,0.000000e+00,0.000000e+00,0.000000e+00,0.000000e+00,0.000000e+00,0.000000e+00,0.000000e+00,0.000000e+00,0.000000e+00,0.000000e+00
1.000000e+00,0.000000e+00,0.000000e+00,0.000000e+00,0.000000e+00,0.000000e+00,0.000000e+00,0.000000e+00,0.000000e+00,0.000000e+00,0.000000e+00,0.000000e+00,0.000000e+00,0.000000e+00,0.000000e+00
1.000000e+00,0.000000e+00,0.000000e+00,0.000000e+00,0.000000e+00,0.000000e+00,0.000000e+00,0.000000e+00,0.000000e+00,0.000000e+00,0.000000e+00,0.000000e+00,0.000000e+00,0.000000e+00,0.000000e+00
1.000000e+00,0.000000e+00,0.000000e+00,0.000000e+00,0.000000e+00,0.000000e+00,0.000000e+00,0.000000e+00,0.000000e+00,0.000000e+00,0.000000e+00,0.000000e+00,0.000000e+00,0.000000e+00,0.000000e+00
1.000000e+00,0.000000e+00,0.000000e+00,0.000000e+00,0.000000e+00,0.000000e+00,0.000000e+00,0.000000e+00,0.000000e+00,0.000000e+00,0.000000e+00,0.000000e+00,0.000000e+00,0.000000e+00,0.000000e+00
1.000000e+00,0.000000e+00,0.000000e+00,0.000000e+00,0.000000e+00,0.000000e+00,0.000000e+00,0.000000e+00,0.000000e+00,0.000000e+00,0.000000e+00,0.000000e+00,0.000000e+00,0.000000e+00,0.000000e+00
1.000000e+00,0.000000e+00,0.000000e+00,0.000000e+00,0.000000e+00,0.000000e+00,0.000000e+00,0.000000e+00,0.000000e+00,0.000000e+00,0.000000e+00,0.000000e+00,0.000000e+00,0.000000e+00,0.000000e+00
1.000000e+00,0.000000e+00,0.000000e+00,0.000000e+00,0.000000e+00,0.000000e+00,0.000000e+00,0.000000e+00,0.000000e+00,0.000000e+00,0.000000e+00,0.000000e+00,0.000000e+00,0.000000e+00,0.000000e+00
1.000000e+00,0.000000e+00,0.000000e+00,0.000000e+00,0.000000e+00,0.000000e+00,0.000000e+00,0.000000e+00,0.000000e+00,0.000000e+00,0.000000e+00,0.000000e+00,0.000000e+00,0.000000e+00,0.000000e+00
1.000000e+00,0.000000e+00,0.000000e+00,0.000000e+00,0.000000e+00,0.000000e+00,0.000000e+00,0.000000e+00,0.000000e+00,0.000000e+00,0.000000e+00,0.000000e+00,0.000000e+00,0.000000e+00,0.000000e+00
1.000000e+00,0.000000e+00,0.000000e+00,0.000000e+00,0.000000e+00,0.000000e+00,0.000000e+00,0.000000e+00,0.000000e+00,0.000000e+00,0.000000e+00,0.000000e+00,0.000000e+00,0.000000e+00,0.000000e+00
1.000000e+00,0.000000e+00,0.000000e+00,0.000000e+00,0.000000e+00,0.000000e+00,0.000000e+00,0.000000e+00,0.000000e+00,0.000000e+00,0.000000e+00,0.000000e+00,0.000000e+00,0.000000e+00,0.000000e+00
1.000000e+00,0.000000e+00,0.000000e+00,0.000000e+00,0.000000e+00,0.000000e+00,0.000000e+00,0.000000e+00,0.000000e+00,0.000000e+00,0.000000e+00,0.000000e+00,0.000000e+00,0.000000e+00,0.000000e+00
1.000000e+00,0.000000e+00,0.000000e+00,0.000000e+00,0.000000e+00,0.000000e+00,0.000000e+00,0.000000e+00,0.000000e+00,0.000000e+00,0.000000e+00,0.000000e+00,0.000000e+00,0.000000e+00,0.000000e+00
1.000000e+00,0.000000e+00,0.000000e+00,0.000000e+00,0.000000e+00,0.000000e+00,0.000000e+00,0.000000e+00,0.000000e+00,0.000000e+00,0.000000e+00,0.000000e+00,0.000000e+00,0.000000e+00,0.000000e+00
1.000000e+00,0.000000e+00,0.000000e+00,0.000000e+00,0.000000e+00,0.000000e+00,0.000000e+00,0.000000e+00,0.000000e+00,0.000000e+00,0.000000e+00,0.000000e+00,0.000000e+00,0.000000e+00,0.000000e+00
1.000000e+00,0.000000e+00,0.000000e+00,0.000000e+00,0.000000e+00,0.000000e+00,0.000000e+00,0.000000e+00,0.000000e+00,0.000000e+00,0.000000e+00,0.000000e+00,0.000000e+00,0.000000e+00,0.000000e+00
1.000000e+00,0.000000e+00,0.000000e+00,0.000000e+00,0.000000e+00,0.000000e+00,0.000000e+00,0.000000e+00,0.000000e+00,0.000000e+00,0.000000e+00,0.000000e+00,0.000000e+00,0.000000e+00,0.000000e+00
1.000000e+00,0.000000e+00,0.000000e+00,0.000000e+00,0.000000e+00,0.000000e+00,0.000000e+00,0.000000e+00,0.000000e+00,0.000000e+00,0.000000e+00,0.000000e+00,0.000000e+00,0.000000e+00,0.000000e+00
1.000000e+00,0.000000e+00,0.000000e+00,0.000000e+00,0.000000e+00,0.000000e+00,0.000000e+00,0.000000e+00,0.000000e+00,0.000000e+00,0.000000e+00,0.000000e+00,0.000000e+00,0.000000e+00,0.000000e+00
1.000000e+00,0.000000e+00,0.000000e+00,0.000000e+00,0.000000e+00,0.000000e+00,0.000000e+00,0.000000e+00,0.000000e+00,0.000000e+00,0.000000e+00,0.000000e+00,0.000000e+00,0.000000e+00,0.000000e+00
1.000000e+00,0.000000e+00,0.000000e+00,0.000000e+00,0.000000e+00,0.000000e+00,0.000000e+00,0.000000e+00,0.000000e+00,0.000000e+00,0.000000e+00,0.000000e+00,0.000000e+00,0.000000e+00,0.000000e+00
1.000000e+00,0.000000e+00,0.000000e+00,0.000000e+00,0.000000e+00,0.000000e+00,0.000000e+00,0.000000e+00,0.000000e+00,0.000000e+00,0.000000e+00,0.000000e+00,0.000000e+00,0.000000e+00,0.000000e+00
1.000000e+00,0.000000e+00,0.000000e+00,0.000000e+00,0.000000e+00,0.000000e+00,0.000000e+00,0.000000e+00,0.000000e+00,0.000000e+00,0.000000e+00,0.000000e+00,0.000000e+00,0.000000e+00,0.000000e+00
1.000000e+00,0.000000e+00,0.000000e+00,0.000000e+00,0.000000e+00,0.000000e+00,0.000000e+00,0.000000e+00,0.000000e+00,0.000000e+00,0.000000e+00,0.000000e+00,0.000000e+00,0.000000e+00,0.000000e+00
1.000000e+00,0.000000e+00,0.000000e+00,0.000000e+00,0.000000e+00,0.000000e+00,0.000000e+00,0.000000e+00,0.000000e+00,0.000000e+00,0.000000e+00,0.000000e+00,0.000000e+00,0.000000e+00,0.000000e+00
1.000000e+00,0.000000e+00,0.000000e+00,0.000000e+00,0.000000e+00,0.000000e+00,0.000000e+00,0.000000e+00,0.000000e+00,0.000000e+00,0.000000e+00,0.000000e+00,0.000000e+00,0.000000e+00,0.000000e+00
1.000000e+00,0.000000e+00,0.000000e+00,0.000000e+00,0.000000e+00,0.000000e+00,0.000000e+00,0.000000e+00,0.000000e+00,0.000000e+00,0.000000e+00,0.000000e+00,0.000000e+00,0.000000e+00,0.000000e+00
1.000000e+00,0.000000e+00,0.000000e+00,0.000000e+00,0.000000e+00,0.000000e+00,0.000000e+00,0.000000e+00,0.000000e+00,0.000000e+00,0.000000e+00,0.000000e+00,0.000000e+00,0.000000e+00,0.000000e+00
1.000000e+00,0.000000e+00,0.000000e+00,0.000000e+00,0.000000e+00,0.000000e+00,0.000000e+00,0.000000e+00,0.000000e+00,0.000000e+00,0.000000e+00,0.000000e+00,0.000000e+00,0.000000e+00,0.000000e+00
1.000000e+00,0.000000e+00,0.000000e+00,0.000000e+00,0.000000e+00,0.000000e+00,0.000000e+00,0.000000e+00,0.000000e+00,0.000000e+00,0.000000e+00,0.000000e+00,0.000000e+00,0.000000e+00,0.000000e+00
1.000000e+00,0.000000e+00,0.000000e+00,0.000000e+00,0.000000e+00,0.000000e+00,0.000000e+00,0.000000e+00,0.000000e+00,0.000000e+00,0.000000e+00,0.000000e+00,0.000000e+00,0.000000e+00,0.000000e+00
1.000000e+00,0.000000e+00,0.000000e+00,0.000000e+00,0.000000e+00,0.000000e+00,0.000000e+00,0.000000e+00,0.000000e+00,0.000000e+00,0.000000e+00,0.000000e+00,0.000000e+00,0.000000e+00,0.000000e+00
1.000000e+00,0.000000e+00,0.000000e+00,0.000000e+00,0.000000e+00,0.000000e+00,0.000000e+00,0.000000e+00,0.000000e+00,0.000000e+00,0.000000e+00,0.000000e+00,0.000000e+00,0.000000e+00,0.000000e+00
1.000000e+00,0.000000e+00,0.000000e+00,0.000000e+00,0.000000e+00,0.000000e+00,0.000000e+00,0.000000e+00,0.000000e+00,0.000000e+00,0.000000e+00,0.000000e+00,0.000000e+00,0.000000e+00,0.000000e+00
1.000000e+00,0.000000e+00,0.000000e+00,0.000000e+00,0.000000e+00,0.000000e+00,0.000000e+00,0.000000e+00,0.000000e+00,0.000000e+00,0.000000e+00,0.000000e+00,0.000000e+00,0.000000e+00,0.000000e+00
1.000000e+00,0.000000e+00,0.000000e+00,0.000000e+00,0.000000e+00,0.000000e+00,0.000000e+00,0.000000e+00,0.000000e+00,0.000000e+00,0.000000e+00,0.000000e+00,0.000000e+00,0.000000e+00,0.000000e+00
1.000000e+00,0.000000e+00,0.000000e+00,0.000000e+00,0.000000e+00,0.000000e+00,0.000000e+00,0.000000e+00,0.000000e+00,0.000000e+00,0.000000e+00,0.000000e+00,0.000000e+00,0.000000e+00,0.000000e+00
1.000000e+00,0.000000e+00,0.000000e+00,0.000000e+00,0.000000e+00,0.000000e+00,0.000000e+00,0.000000e+00,0.000000e+00,0.000000e+00,0.000000e+00,0.000000e+00,0.000000e+00,0.000000e+00,0.000000e+00
1.000000e+00,0.000000e+00,0.000000e+00,0.000000e+00,0.000000e+00,0.000000e+00,0.000000e+00,0.000000e+00,0.000000e+00,0.000000e+00,0.000000e+00,0.000000e+00,0.000000e+00,0.000000e+00,0.000000e+00
1.000000e+00,0.000000e+00,0.000000e+00,0.000000e+00,0.000000e+00,0.000000e+00,0.000000e+00,0.000000e+00,0.000000e+00,0.000000e+00,0.000000e+00,0.000000e+00,0.000000e+00,0.000000e+00,0.000000e+00
1.000000e+00,0.000000e+00,0.000000e+00,0.000000e+00,0.000000e+00,0.000000e+00,0.000000e+00,0.000000e+00,0.000000e+00,0.000000e+00,0.000000e+00,0.000000e+00,0.000000e+00,0.000000e+00,0.000000e+00
1.000000e+00,0.000000e+00,0.000000e+00,0.000000e+00,0.000000e+00,0.000000e+00,0.000000e+00,0.000000e+00,0.000000e+00,0.000000e+00,0.000000e+00,0.000000e+00,0.000000e+00,0.000000e+00,0.000000e+00
1.000000e+00,0.000000e+00,0.000000e+00,0.000000e+00,0.000000e+00,0.000000e+00,0.000000e+00,0.000000e+00,0.000000e+00,0.000000e+00,0.000000e+00,0.000000e+00,0.000000e+00,0.000000e+00,0.000000e+00
1.000000e+00,0.000000e+00,0.000000e+00,0.000000e+00,0.000000e+00,0.000000e+00,0.000000e+00,0.000000e+00,0.000000e+00,0.000000e+00,0.000000e+00,0.000000e+00,0.000000e+00,0.000000e+00,0.000000e+00
1.000000e+00,0.000000e+00,0.000000e+00,0.000000e+00,0.000000e+00,0.000000e+00,0.000000e+00,0.000000e+00,0.000000e+00,0.000000e+00,0.000000e+00,0.000000e+00,0.000000e+00,0.000000e+00,0.000000e+00
1.000000e+00,0.000000e+00,0.000000e+00,0.000000e+00,0.000000e+00,0.000000e+00,0.000000e+00,0.000000e+00,0.000000e+00,0.000000e+00,0.000000e+00,0.000000e+00,0.000000e+00,0.000000e+00,0.000000e+00
1.000000e+00,0.000000e+00,0.000000e+00,0.000000e+00,0.000000e+00,0.000000e+00,0.000000e+00,0.000000e+00,0.000000e+00,0.000000e+00,0.000000e+00,0.000000e+00,0.000000e+00,0.000000e+00,0.000000e+00
1.000000e+00,0.000000e+00,0.000000e+00,0.000000e+00,0.000000e+00,0.000000e+00,0.000000e+00,0.000000e+00,0.000000e+00,0.000000e+00,0.000000e+00,0.000000e+00,0.000000e+00,0.000000e+00,0.000000e+00
1.000000e+00,0.000000e+00,0.000000e+00,0.000000e+00,0.000000e+00,0.000000e+00,0.000000e+00,0.000000e+00,0.000000e+00,0.000000e+00,0.000000e+00,0.000000e+00,0.000000e+00,0.000000e+00,0.000000e+00
1.000000e+00,0.000000e+00,0.000000e+00,0.000000e+00,0.000000e+00,0.000000e+00,0.000000e+00,0.000000e+00,0.000000e+00,0.000000e+00,0.000000e+00,0.000000e+00,0.000000e+00,0.000000e+00,0.000000e+00
1.000000e+00,0.000000e+00,0.000000e+00,0.000000e+00,0.000000e+00,0.000000e+00,0.000000e+00,0.000000e+00,0.000000e+00,0.000000e+00,0.000000e+00,0.000000e+00,0.000000e+00,0.000000e+00,0.000000e+00
1.000000e+00,0.000000e+00,0.000000e+00,0.000000e+00,0.000000e+00,0.000000e+00,0.000000e+00,0.000000e+00,0.000000e+00,0.000000e+00,0.000000e+00,0.000000e+00,0.000000e+00,0.000000e+00,0.000000e+00
1.000000e+00,0.000000e+00,0.000000e+00,0.000000e+00,0.000000e+00,0.000000e+00,0.000000e+00,0.000000e+00,0.000000e+00,0.000000e+00,0.000000e+00,0.000000e+00,0.000000e+00,0.000000e+00,0.000000e+00
1.000000e+00,0.000000e+00,0.000000e+00,0.000000e+00,0.000000e+00,0.000000e+00,0.000000e+00,0.000000e+00,0.000000e+00,0.000000e+00,0.000000e+00,0.000000e+00,0.000000e+00,0.000000e+00,0.000000e+00
1.000000e+00,0.000000e+00,0.000000e+00,0.000000e+00,0.000000e+00,0.000000e+00,0.000000e+00,0.000000e+00,0.000000e+00,0.000000e+00,0.000000e+00,0.000000e+00,0.000000e+00,0.000000e+00,0.000000e+00
1.000000e+00,0.000000e+00,0.000000e+00,0.000000e+00,0.000000e+00,0.000000e+00,0.000000e+00,0.000000e+00,0.000000e+00,0.000000e+00,0.000000e+00,0.000000e+00,0.000000e+00,0.000000e+00,0.000000e+00
1.000000e+00,0.000000e+00,0.000000e+00,0.000000e+00,0.000000e+00,0.000000e+00,0.000000e+00,0.000000e+00,0.000000e+00,0.000000e+00,0.000000e+00,0.000000e+00,0.000000e+00,0.000000e+00,0.000000e+00
1.000000e+00,0.000000e+00,0.000000e+00,0.000000e+00,0.000000e+00,0.000000e+00,0.000000e+00,0.000000e+00,0.000000e+00,0.000000e+00,0.000000e+00,0.000000e+00,0.000000e+00,0.000000e+00,0.000000e+00
1.000000e+00,0.000000e+00,0.000000e+00,0.000000e+00,0.000000e+00,0.000000e+00,0.000000e+00,0.000000e+00,0.000000e+00,0.000000e+00,0.000000e+00,0.000000e+00,0.000000e+00,0.000000e+00,0.000000e+00
1.000000e+00,0.000000e+00,0.000000e+00,0.000000e+00,0.000000e+00,0.000000e+00,0.000000e+00,0.000000e+00,0.000000e+00,0.000000e+00,0.000000e+00,0.000000e+00,0.000000e+00,0.000000e+00,0.000000e+00
1.000000e+00,0.000000e+00,0.000000e+00,0.000000e+00,0.000000e+00,0.000000e+00,0.000000e+00,0.000000e+00,0.000000e+00,0.000000e+00,0.000000e+00,0.000000e+00,0.000000e+00,0.000000e+00,0.000000e+00
3.614271e-01,4.630772e-02,3.425045e-03,8.196343e-02,3.538345e-02,6.562562e-02,3.466131e-02,3.131832e-03,8.680931e-02,1.816527e-02,9.906998e-02,1.301995e-02,5.251925e-02,3.585551e-02,6.263527e-02
2.686208e-01,4.098610e-02,2.982489e-03,1.344773e-01,2.789963e-02,5.722850e-02,2.711379e-02,3.781596e-03,8.160389e-02,1.783871e-02,1.076789e-01,1.462994e-02,6.366269e-02,7.934259e-02,7.215316e-02
1.923934e-01,2.908134e-02,2.274808e-03,9.870872e-02,2.046549e-02,4.191944e-02,1.910688e-02,2.903093e-03,6.606513e-02,1.374634e-02,1.053805e-01,1.181340e-02,5.059369e-02,2.927820e-01,5.276572e-02
1.349352e-01,2.100928e-02,1.684448e-03,6.933237e-02,1.459949e-02,3.038071e-02,1.338609e-02,2.040672e-03,5.621429e-02,9.873327e-03,8.345956e-02,8.543251e-03,3.614209e-02,4.793941e-01,3.900513e-02
9.636866e-02,2.193400e-02,3.593722e-03,5.676175e-02,1.259713e-02,2.571472e-02,9.460639e-03,1.477393e-03,8.503225e-02,7.896578e-03,6.337432e-02,9.068432e-03,2.874362e-02,4.880718e-01,8.990502e-02
7.894917e-02,2.120368e-02,4.909797e-03,4.073150e-02,9.782249e-03,2.658911e-02,6.741183e-03,1.135129e-03,8.436090e-02,7.207927e-03,4.707959e-02,7.287550e-03,2.191054e-02,5.549073e-01,8.720440e-02
5.719520e-02,2.169090e-02,3.640768e-03,2.882355e-02,8.109451e-03,2.194858e-02,4.755829e-03,8.120312e-04,8.938757e-02,5.759417e-03,3.525270e-02,6.024768e-03,1.631275e-02,5.987437e-01,1.015429e-01
4.234881e-02,2.000677e-02,3.267600e-03,2.096250e-02,7.038638e-03,2.148778e-02,3.497606e-03,6.594729e-04,1.193943e-01,5.165602e-03,2.650815e-02,5.048870e-03,1.215328e-02,6.034724e-01,1.089883e-01
3.070763e-02,1.512359e-02,2.872678e-03,1.478355e-02,5.167322e-03,1.750561e-02,2.477915e-03,4.843138e-04,8.989982e-02,4.416494e-03,2.322910e-02,3.664874e-03,8.917417e-03,6.736709e-01,1.070788e-01
2.309523e-02,1.510886e-02,2.332257e-03,1.049943e-02,5.347066e-03,1.399393e-02,1.802990e-03,3.699177e-04,7.706079e-02,5.088385e-03,2.151411e-02,2.671617e-03,7.405981e-03,7.033497e-01,1.103597e-01
1.654038e-02,1.202436e-02,2.217988e-03,7.416256e-03,3.986841e-03,1.081029e-02,1.314819e-03,3.208277e-04,7.243967e-02,1.000521e-02,1.657074e-02,1.930889e-03,5.668912e-03,7.126785e-01,1.260743e-01
1.189291e-02,1.498376e-02,1.951874e-03,5.292334e-03,3.224625e-03,8.611592e-03,9.699769e-04,2.554983e-04,1.022671e-01,1.458798e-02,1.379744e-02,1.419769e-03,4.233652e-03,6.858500e-01,1.306615e-01
8.722866e-03,2.274872e-02,2.610159e-03,3.934694e-03,3.773497e-03,6.416715e-03,7.534874e-04,2.113555e-04,1.529124e-01,2.601705e-02,1.172643e-02,1.036100e-03,3.280353e-03,6.387916e-01,1.170646e-01
6.184568e-03,1.664774e-02,1.992908e-03,2.769548e-03,2.814633e-03,4.530091e-03,5.371273e-04,1.572468e-04,3.113745e-01,2.309165e-02,8.452726e-03,7.339875e-04,2.342382e-03,5.306970e-01,8.767387e-02
4.738781e-03,1.252501e-02,1.900680e-03,2.134243e-03,3.034238e-03,3.398285e-03,3.922224e-04,1.232853e-04,3.558974e-01,2.880960e-02,6.816226e-03,5.563104e-04,1.696467e-03,4.919420e-01,8.603527e-02
3.718631e-03,1.107831e-02,2.359950e-03,1.550263e-03,2.503039e-03,2.464914e-03,2.801764e-04,1.005038e-04,3.420641e-01,3.199746e-02,8.255369e-03,5.337369e-04,1.235434e-03,5.287304e-01,6.312769e-02
2.857395e-03,8.264892e-03,1.935405e-03,1.136207e-03,2.073626e-03,1.849564e-03,2.005870e-04,8.446171e-05,3.412920e-01,2.702492e-02,6.683597e-03,4.013573e-04,8.983436e-04,5.567077e-01,4.858992e-02
2.167189e-03,5.904997e-03,1.572373e-03,8.424736e-04,1.613164e-03,1.391995e-03,1.507286e-04,1.009507e-04,2.713165e-01,3.302697e-02,1.989123e-02,3.544999e-04,7.374440e-04,6.175502e-01,4.337922e-02
1.571249e-03,4.315911e-03,1.316866e-03,6.096836e-04,1.209684e-03,1.209720e-03,1.145295e-04,8.220033e-05,1.973145e-01,3.548003e-02,1.032419e-01,3.955513e-04,5.979728e-04,6.189921e-01,3.354811e-02
1.133506e-03,3.131579e-03,9.826140e-04,4.418791e-04,8.910017e-04,9.502152e-04,8.487882e-05,6.090196e-05,1.402801e-01,2.978309e-02,1.474507e-01,3.802495e-04,4.675887e-04,6.496848e-01,2.427692e-02
8.250442e-04,2.278176e-03,7.093650e-04,3.263560e-04,7.215554e-04,7.281202e-04,6.322579e-05,4.823267e-05,1.029163e-01,2.323234e-02,1.490968e-01,3.829901e-04,3.490693e-04,7.011337e-01,1.718880e-02
6.107087e-04,1.623686e-03,5.183137e-04,2.425002e-04,5.553042e-04,6.136487e-04,5.292007e-05,4.199626e-05,7.380262e-02,1.814241e-02,1.540910e-01,3.122572e-04,2.550089e-04,7.367847e-01,1.235291e-02
5.067816e-04,1.160608e-03,3.891335e-04,1.861439e-04,4.740489e-04,4.852989e-04,7.668119e-05,4.696790e-05,5.241420e-02,1.702803e-02,1.460864e-01,3.127704e-04,2.095377e-04,7.715580e-01,9.065365e-03
7.757527e-04,9.280358e-04,3.953999e-04,2.572692e-04,1.893724e-03,7.273997e-04,2.391246e-04,1.070075e-04,3.951435e-02,2.569613e-02,1.344828e-01,4.137124e-04,2.289862e-04,7.875727e-01,6.767619e-03
1.111462e-03,8.199360e-04,4.851246e-04,3.214651e-04,2.086811e-03,8.836398e-04,2.991240e-04,1.472224e-04,2.889577e-02,2.518045e-02,1.252555e-01,4.101292e-04,2.483689e-04,8.086246e-01,5.230301e-03
1.147099e-03,8.277232e-04,7.710262e-04,3.454904e-04,1.787697e-03,9.663285e-04,2.348676e-04,2.004062e-04,2.146662e-02,2.100317e-02,1.483269e-01,5.361099e-04,3.072488e-04,7.982587e-01,3.820522e-03
9.625365e-04,7.189141e-04,7.097932e-04,3.131058e-04,1.313678e-03,1.037459e-03,1.719424e-04,1.676101e-04,1.540739e-02,1.697793e-02,1.756815e-01,6.453214e-04,3.302148e-04,7.828074e-01,2.755167e-03
9.783512e-04,1.564872e-03,9.557743e-04,3.508895e-04,2.797785e-03,4.107527e-03,2.621122e-04,1.546196e-04,1.182976e-02,1.669305e-02,1.713595e-01,9.243024e-04,4.431889e-04,7.852432e-01,2.334977e-03
9.273459e-04,1.661789e-03,1.054178e-03,3.292789e-04,3.652444e-03,3.862697e-03,2.396530e-04,1.549151e-04,8.890774e-03,1.428930e-02,1.910169e-01,1.606910e-03,9.881854e-04,7.694696e-01,1.855899e-03
7.893400e-04,1.643428e-03,8.688704e-04,2.868804e-04,4.180088e-03,3.451256e-03,2.008139e-04,1.326334e-04,6.649320e-03,1.632211e-02,2.169523e-01,2.120782e-03,1.395931e-03,7.434921e-01,1.514157e-03
6.509500e-04,4.623590e-03,9.645527e-04,2.814885e-04,5.266507e-03,7.674322e-03,4.637400e-04,1.737346e-04,6.104098e-03,2.725754e-02,3.159156e-01,5.306912e-03,1.778346e-03,6.216382e-01,1.900360e-03
5.678210e-04,6.140917e-03,9.054854e-04,3.383250e-04,2.002824e-02,1.823911e-02,3.128502e-03,3.176843e-04,1.453924e-02,3.608098e-02,3.357504e-01,5.647209e-03,1.723927e-03,5.544720e-01,2.120192e-03
7.220486e-04,4.502857e-03,1.032845e-03,6.506133e-04,2.052548e-02,1.795817e-02,4.302382e-03,3.695432e-03,1.378831e-02,5.930277e-02,3.714411e-01,6.073408e-03,2.009408e-03,4.918569e-01,2.138302e-03
1.216214e-03,4.308155e-03,2.345396e-03,8.869043e-04,2.168349e-02,2.041682e-02,4.418042e-03,3.964107e-03,1.340974e-02,9.407471e-02,3.693368e-01,7.841879e-03,2.451873e-03,4.447391e-01,8.906820e-03
3.138579e-03,3.740008e-03,2.650262e-02,5.736250e-03,3.429671e-02,1.558059e-02,4.169794e-03,5.335737e-02,1.234604e-02,1.030162e-01,3.166262e-01,8.394683e-03,3.086550e-03,4.020543e-01,7.954132e-03
2.193141e-02,7.312418e-03,7.915606e-02,2.932811e-02,8.603863e-02,1.662204e-02,5.408914e-03,6.355154e-02,1.512831e-02,8.419473e-02,2.533129e-01,9.953354e-03,4.217941e-03,3.152099e-01,8.633760e-03
3.572606e-02,1.434084e-02,8.083486e-02,3.104212e-02,1.563790e-01,2.867896e-02,5.593918e-03,4.969286e-02,2.165577e-02,7.207917e-02,1.938730e-01,9.243837e-03,6.126828e-03,2.824703e-01,1.226251e-02
5.446130e-02,1.820944e-02,1.235470e-01,4.564895e-02,1.778205e-01,2.952591e-02,5.878333e-03,6.363352e-02,3.125999e-02,5.438275e-02,1.530142e-01,8.643536e-03,6.496443e-03,2.162614e-01,1.121674e-02
6.397314e-02,4.683864e-02,1.122116e-01,3.972062e-02,1.700014e-01,2.992849e-02,5.110158e-03,5.333447e-02,8.491668e-02,4.444755e-02,1.137215e-01,9.604530e-03,6.511262e-03,1.713477e-01,4.833227e-02
8.136888e-02,4.351761e-02,1.155254e-01,4.912712e-02,1.580130e-01,3.010938e-02,5.880046e-03,5.438527e-02,1.397585e-01,3.320490e-02,9.120113e-02,1.091679e-02,6.711913e-03,1.275112e-01,5.276883e-02
9.817719e-02,4.019697e-02,1.607825e-01,6.444047e-02,1.250209e-01,4.898035e-02,5.331137e-03,4.661626e-02,1.252226e-01,2.457085e-02,8.112384e-02,1.092575e-02,5.981039e-03,1.046289e-01,5.800128e-02
1.059961e-01,3.454493e-02,1.617497e-01,5.681691e-02,9.851008e-02,1.474279e-01,8.165497e-03,4.945062e-02,1.069254e-01,1.807334e-02,7.088158e-02,1.034853e-02,6.425304e-03,7.912695e-02,4.555715e-02
9.442881e-02,2.840815e-02,1.445792e-01,4.305799e-02,7.187460e-02,3.158526e-01,8.514921e-03,4.131676e-02,7.871357e-02,1.351732e-02,5.282904e-02,8.318561e-03,5.427878e-03,5.668360e-02,3.647713e-02
1.114676e-01,2.244975e-02,1.127744e-01,3.259403e-02,5.208361e-02,3.962423e-01,2.911740e-02,4.277983e-02,5.667850e-02,1.316109e-02,4.289984e-02,8.240810e-03,6.120373e-03,4.168565e-02,3.170474e-02
1.155061e-01,1.801637e-02,9.218613e-02,2.703853e-02,3.855631e-02,4.377703e-01,6.473769e-02,4.905903e-02,4.185811e-02,1.195006e-02,3.191695e-02,7.363552e-03,7.750206e-03,3.033599e-02,2.595472e-02
1.026020e-01,1.437079e-02,6.875023e-02,2.012332e-02,2.898330e-02,5.225784e-01,7.707226e-02,4.019991e-02,3.232374e-02,1.163643e-02,2.368933e-02,6.798319e-03,8.343139e-03,2.150456e-02,2.102433e-02
1.081645e-01,1.209537e-02,5.472624e-02,1.551837e-02,2.637960e-02,4.886928e-01,1.420508e-01,3.567434e-02,3.262177e-02,1.206199e-02,1.900507e-02,9.846356e-03,9.893585e-03,1.552484e-02,1.774431e-02
1.076785e-01,1.939755e-02,4.499839e-02,1.474195e-02,2.636630e-02,4.736246e-01,1.662157e-01,3.080614e-02,3.059707e-02,1.030376e-02,1.834457e-02,1.108663e-02,1.311281e-02,1.172823e-02,2.099775e-02
8.037578e-02,2.817011e-02,3.524720e-02,5.962682e-02,2.181073e-02,3.874704e-01,1.450150e-01,2.263828e-02,3.529803e-02,1.594518e-02,5.928025e-02,3.958876e-02,2.457870e-02,9.996239e-03,3.495851e-02
6.000816e-02,2.173055e-02,2.545201e-02,4.596183e-02,1.742620e-02,3.328562e-01,1.215919e-01,1.648640e-02,2.921316e-02,1.684196e-02,8.859093e-02,5.698143e-02,8.055238e-02,8.542260e-03,7.776450e-02
4.587691e-02,1.550034e-02,1.891572e-02,3.567893e-02,1.426100e-02,2.540849e-01,1.038624e-01,1.210560e-02,2.303158e-02,1.377022e-02,8.290590e-02,1.032875e-01,1.673834e-01,7.069502e-03,1.022662e-01
3.714835e-02,1.127811e-02,1.419636e-02,2.955464e-02,1.330536e-02,1.979915e-01,8.622789e-02,8.665150e-03,2.040761e-02,1.366813e-02,7.651771e-02,1.418911e-01,2.626376e-01,5.417483e-03,8.109295e-02
2.713339e-02,9.424818e-03,1.146435e-02,2.202490e-02,1.319178e-02,2.030655e-01,6.111076e-02,6.229482e-03,1.581632e-02,1.152520e-02,6.557538e-02,1.634967e-01,3.273138e-01,5.144199e-03,5.748335e-02
1.968795e-02,6.676445e-03,8.355392e-03,1.567020e-02,9.374193e-03,1.767611e-01,4.343785e-02,4.400825e-03,1.184868e-02,2.836001e-02,6.293651e-02,3.196129e-01,2.482437e-01,3.781641e-03,4.085265e-02
1.464903e-02,4.705582e-03,5.961836e-03,1.105891e-02,6.707050e-03,1.382275e-01,3.061215e-02,3.096443e-03,9.059687e-03,3.983605e-02,5.463744e-02,4.707674e-01,1.790301e-01,2.813087e-03,2.883771e-02
1.062100e-02,3.306076e-03,4.186749e-03,7.779881e-03,4.751314e-03,9.935356e-02,2.148489e-02,2.184672e-03,8.963389e-03,4.143293e-02,4.389670e-02,6.021223e-01,1.276017e-01,2.073813e-03,2.024099e-02
7.586946e-03,2.380539e-03,2.942313e-03,5.499293e-03,4.224572e-03,7.046559e-02,1.507219e-02,1.556770e-03,5.388241e-02,4.380791e-02,3.602326e-02,6.466770e-01,9.410095e-02,1.548107e-03,1.423212e-02
5.560464e-03,2.100509e-03,2.095480e-03,3.878364e-03,3.324520e-03,5.041559e-02,1.055821e-02,1.126893e-03,8.739959e-02,3.488762e-02,2.780950e-02,6.912632e-01,6.837585e-02,1.210266e-03,9.993995e-03
3.943759e-03,1.859578e-03,1.497212e-03,2.734740e-03,2.604468e-03,3.566526e-02,7.398038e-03,8.103676e-04,8.484828e-02,2.799471e-02,2.030440e-02,7.532061e-01,4.916615e-02,9.215336e-04,7.045429e-03
2.871881e-03,1.633427e-03,1.065923e-03,1.929891e-03,8.593269e-03,2.533081e-02,5.475960e-03,6.545231e-04,3.007668e-01,2.357977e-02,1.560408e-02,5.716600e-01,3.511727e-02,6.900032e-04,5.026374e-03
2.085870e-03,1.542488e-03,7.688520e-04,1.450541e-03,8.084646e-03,2.043432e-02,4.184359e-03,8.365515e-04,4.164381e-01,3.076183e-02,1.883986e-02,4.626868e-01,2.750820e-02,7.024892e-04,3.675062e-03
1.497752e-03,1.679095e-03,5.506278e-04,1.082181e-03,6.249121e-03,2.271079e-02,3.131474e-03,9.444025e-04,4.863701e-01,2.714792e-02,2.714998e-02,3.940760e-01,2.396453e-02,7.421058e-04,2.703813e-03
1.100207e-03,1.760335e-03,4.218074e-04,1.227950e-03,5.146424e-03,2.031387e-02,2.365762e-03,2.469319e-03,5.182493e-01,2.365487e-02,3.145219e-02,3.545442e-01,3.442542e-02,6.727564e-04,2.195518e-03
9.248313e-04,1.955704e-03,4.153796e-04,1.275267e-03,6.030994e-03,1.547299e-02,1.871228e-03,8.546910e-03,5.790998e-01,1.909061e-02,2.594078e-02,3.039610e-01,3.300083e-02,5.230062e-04,1.890541e-03
1.552443e-03,2.352862e-03,3.693476e-04,1.153446e-03,1.000744e-02,2.897290e-02,2.416766e-03,9.460373e-03,6.552527e-01,1.533648e-02,2.124791e-02,2.214314e-01,2.810986e-02,4.536645e-04,1.882290e-03
3.109208e-03,2.141128e-03,8.932818e-04,2.509848e-03,2.891973e-02,2.587677e-02,4.054450e-03,5.388794e-02,6.719311e-01,1.116264e-02,1.559345e-02,1.568540e-01,2.120936e-02,3.624652e-04,1.494610e-03
5.804584e-03,3.470451e-03,8.543945e-04,4.305154e-03,6.504575e-02,5.263017e-02,4.376890e-03,4.044577e-02,6.737823e-01,8.505411e-03,1.162959e-02,1.114035e-01,1.604120e-02,3.882830e-04,1.316505e-03
7.441040e-03,3.265392e-03,9.345264e-04,3.424258e-02,1.228165e-01,4.117503e-02,3.834035e-03,3.935584e-02,6.402448e-01,6.207485e-03,8.378881e-03,7.891595e-02,1.166542e-02,2.926890e-04,1.229845e-03
9.050382e-03,5.135959e-03,9.002782e-04,3.047247e-02,1.415657e-01,3.676165e-02,3.869693e-03,3.742573e-02,6.566586e-01,4.592338e-03,6.312239e-03,5.595116e-02,9.714706e-03,2.604167e-04,1.328566e-03
1.287871e-02,5.398372e-03,1.324386e-03,3.132567e-02,2.387000e-01,3.008370e-02,6.400091e-03,6.595829e-02,5.520428e-01,3.375101e-03,4.593141e-03,3.938486e-02,7.034401e-03,2.611066e-04,1.239266e-03
2.107500e-02,8.373112e-03,3.504690e-03,2.635419e-02,2.411900e-01,3.219529e-02,9.385440e-03,8.348869e-02,5.244287e-01,3.910236e-03,3.449061e-03,2.797103e-02,8.008232e-03,3.315236e-04,6.334842e-03
2.634531e-02,1.219737e-02,4.942920e-03,2.374642e-02,2.430886e-01,2.919279e-02,9.541291e-03,1.016763e-01,5.038795e-01,5.853117e-03,2.648821e-03,1.988278e-02,6.681116e-03,3.884969e-04,9.935149e-03
2.936235e-02,2.153730e-02,5.228557e-03,1.798461e-02,2.130315e-01,2.405853e-02,1.628595e-02,9.654112e-02,5.378047e-01,5.118032e-03,2.188226e-03,1.438401e-02,7.149925e-03,4.165838e-04,8.908639e-03
3.824524e-02,2.355503e-02,4.670009e-03,1.525468e-02,2.267587e-01,2.244391e-02,1.472994e-02,9.851182e-02,5.256506e-01,4.168801e-03,1.832042e-03,1.046467e-02,5.905802e-03,6.419605e-04,7.166760e-03
4.978959e-02,2.775267e-02,4.157389e-03,1.434126e-02,2.346879e-01,2.337681e-02,1.342648e-02,9.560785e-02,5.098218e-01,3.599640e-03,1.652586e-03,8.164617e-03,5.783756e-03,9.679696e-04,6.869689e-03
5.995203e-02,2.934144e-02,3.884334e-03,1.404386e-02,2.276829e-01,2.119553e-02,1.524345e-02,8.822522e-02,5.143874e-01,4.627740e-03,1.513909e-03,6.448658e-03,4.883704e-03,1.421034e-03,7.148858e-03
7.096997e-02,3.294905e-02,4.108397e-03,1.453144e-02,1.971067e-01,2.177677e-02,1.724180e-02,7.926998e-02,5.319160e-01,6.351423e-03,1.916576e-03,5.476893e-03,4.578655e-03,2.344166e-03,9.462161e-03
9.521893e-02,7.380445e-02,4.002801e-03,1.155026e-02,1.519959e-01,2.926032e-02,1.295255e-02,6.196465e-02,5.063700e-01,7.840597e-03,2.270233e-03,4.622703e-03,4.772852e-03,4.187291e-03,2.918643e-02
1.370681e-01,7.713060e-02,4.058013e-03,9.621534e-03,1.138641e-01,4.364718e-02,1.555606e-02,5.287631e-02,4.492228e-01,2.385720e-02,3.118684e-03,5.074389e-03,1.246927e-02,5.216813e-03,4.721894e-02
1.959855e-01,6.903518e-02,5.562866e-03,9.401279e-03,8.379999e-02,5.094438e-02,2.922955e-02,4.167353e-02,3.791857e-01,2.833265e-02,3.725196e-03,7.229629e-03,1.865913e-02,6.345965e-03,7.088941e-02
2.919825e-01,5.619792e-02,7.590973e-03,9.141864e-03,6.105517e-02,4.825992e-02,5.998027e-02,3.318007e-02,2.848987e-01,2.952884e-02,5.820398e-03,1.616404e-02,1.800098e-02,8.674630e-03,6.952366e-02
3.709306e-01,4.799485e-02,1.008286e-02,1.038187e-02,4.549129e-02,4.347616e-02,6.309156e-02,2.774142e-02,2.202997e-01,3.677253e-02,7.533991e-03,2.104614e-02,1.787042e-02,9.557880e-03,6.772878e-02
3.283402e-01,5.275553e-02,1.275013e-02,1.261101e-02,3.335894e-02,4.610549e-02,5.309121e-02,2.413373e-02,1.618406e-01,7.244740e-02,1.852226e-02,2.345531e-02,2.009480e-02,1.292428e-02,1.275692e-01
2.422653e-01,4.069062e-02,1.026502e-02,1.170346e-02,2.419453e-02,3.573521e-02,7.101662e-02,1.755281e-02,1.285676e-01,7.014307e-02,1.736357e-02,2.316294e-02,7.354642e-02,1.445201e-02,2.193408e-01
1.733981e-01,3.065880e-02,8.646477e-03,2.153957e-02,1.831907e-02,2.876026e-02,7.679197e-02,1.297051e-02,9.550752e-02,7.939941e-02,2.008703e-02,3.923704e-02,9.646238e-02,1.235063e-02,2.858713e-01
1.225360e-01,2.180302e-02,8.774015e-03,1.924325e-02,1.547136e-02,2.113580e-02,5.858782e-02,9.596616e-03,6.910701e-02,1.041036e-01,1.569744e-02,3.316724e-02,1.859854e-01,9.577867e-03,3.052137e-01
8.968180e-02,1.585632e-02,9.611282e-03,1.583834e-02,1.466056e-02,1.764202e-02,4.455950e-02,7.023588e-03,5.065200e-02,8.945709e-02,1.220424e-02,3.300951e-02,2.864967e-01,7.495548e-03,3.058115e-01
6.515709e-02,1.129326e-02,7.228946e-03,1.123858e-02,1.166549e-02,1.467726e-02,3.179156e-02,4.961540e-03,3.605273e-02,8.198769e-02,1.222150e-02,2.601308e-02,2.615106e-01,6.351038e-03,4.178497e-01
4.571370e-02,8.040262e-03,5.481187e-03,8.332433e-03,1.462777e-02,1.064623e-02,2.233627e-02,3.578721e-03,2.702854e-02,7.342818e-02,1.056693e-02,1.907988e-02,1.888898e-01,4.686368e-03,5.575637e-01
3.208444e-02,6.143860e-03,5.722231e-03,6.826493e-03,1.589954e-02,7.851735e-03,1.572178e-02,2.613619e-03,2.224039e-02,6.379236e-02,9.330914e-03,1.404802e-02,1.395886e-01,3.825273e-03,6.543108e-01
2.248956e-02,4.378312e-03,5.637248e-03,9.038072e-03,1.272611e-02,5.638622e-03,1.221593e-02,1.910641e-02,1.969854e-02,4.978971e-02,8.993101e-03,1.097941e-02,1.236778e-01,2.823262e-03,6.928080e-01
1.581654e-02,3.490996e-03,4.673601e-03,1.114681e-02,1.858504e-02,4.228078e-03,8.708781e-03,1.432081e-02,2.274408e-02,3.900073e-02,7.279023e-03,8.735408e-03,9.009792e-02,2.609498e-03,7.485627e-01
1.132421e-02,2.730120e-03,8.561774e-03,3.760041e-02,5.856266e-02,3.172725e-03,6.420379e-03,2.274677e-02,1.885406e-02,2.784568e-02,7.946708e-03,7.518759e-03,6.849133e-02,2.015691e-03,7.162087e-01
9.314705e-03,4.513965e-03,1.097637e-02,1.478584e-01,1.328753e-01,5.694844e-03,5.256309e-03,1.954451e-02,3.922530e-02,1.996024e-02,1.367170e-02,5.671594e-03,5.268769e-02,1.989425e-03,5.307595e-01
7.374165e-03,1.017528e-02,1.163994e-02,1.305225e-01,1.409614e-01,1.273810e-02,4.863913e-03,1.849891e-02,1.476505e-01,1.640607e-02,2.587514e-02,5.692428e-03,5.300654e-02,2.462966e-03,4.121322e-01
5.604362e-03,1.583591e-02,8.689485e-03,9.440634e-02,1.044446e-01,9.507838e-03,3.569824e-03,1.404317e-02,3.670853e-01,1.222191e-02,2.224635e-02,4.582623e-03,4.294484e-02,1.963541e-03,2.928539e-01
4.053684e-03,1.468342e-02,6.257570e-03,6.861561e-02,7.466780e-02,6.970097e-03,2.540611e-03,9.954504e-03,5.420188e-01,9.214647e-03,1.693192e-02,3.391032e-03,3.150353e-02,1.480576e-03,2.077162e-01
3.121177e-03,1.153388e-02,4.614793e-03,4.901527e-02,5.820516e-02,5.680921e-03,2.000411e-03,7.306227e-03,6.243646e-01,7.685290e-03,3.402964e-02,3.714236e-03,3.708442e-02,1.809472e-03,1.498345e-01
2.826330e-03,9.355189e-03,3.345805e-03,3.523226e-02,4.289617e-02,4.377075e-03,1.474745e-03,5.409349e-03,6.505437e-01,1.023640e-02,7.911009e-02,3.990189e-03,3.586027e-02,5.005985e-03,1.103365e-01
2.934798e-03,7.190371e-03,2.893697e-03,2.628329e-02,3.629899e-02,3.446460e-03,1.326954e-03,6.879658e-03,7.040213e-01,8.599333e-03,8.097656e-02,3.172333e-03,3.136001e-02,5.286540e-03,7.932978e-02
2.594815e-03,5.506039e-03,2.279429e-03,1.869140e-02,2.896604e-02,2.834249e-03,9.870663e-04,5.140726e-03,7.425650e-01,6.784580e-03,8.547171e-02,2.788053e-03,2.720034e-02,9.805455e-03,5.838513e-02
2.257522e-03,4.549953e-03,1.927219e-03,1.321361e-02,2.535726e-02,2.461566e-03,7.537673e-04,3.721529e-03,7.544147e-01,5.828219e-03,9.239943e-02,2.343063e-03,2.091580e-02,2.277014e-02,4.708624e-02
1.817775e-03,3.541407e-03,1.425141e-03,9.335408e-03,1.814329e-02,2.081497e-03,5.345311e-04,2.636011e-03,8.163197e-01,4.834263e-03,6.838810e-02,1.840199e-03,1.530659e-02,1.893626e-02,3.485984e-02
1.461977e-03,4.846341e-03,1.323653e-03,6.636931e-03,1.293170e-02,3.071212e-03,3.895900e-04,1.903098e-03,8.422922e-01,4.511766e-03,5.093510e-02,1.547857e-03,1.202757e-02,2.835854e-02,2.776238e-02
1.855217e-03,7.967638e-03,3.119619e-03,5.094128e-03,9.798978e-03,4.235502e-03,3.292051e-04,1.646503e-03,8.484155e-01,4.587263e-03,3.951840e-02,1.403287e-03,9.932466e-03,3.591520e-02,2.618109e-02
3.556393e-03,9.067951e-03,4.464245e-03,4.549662e-03,7.711097e-03,5.579205e-03,2.821992e-04,2.316480e-03,8.452646e-01,4.946200e-03,3.400490e-02,3.206458e-03,9.359313e-03,4.298364e-02,2.270772e-02
6.061764e-03,9.861905e-03,3.598944e-03,3.703690e-03,6.659469e-03,4.945796e-03,2.520147e-04,3.086148e-03,8.277550e-01,4.798115e-03,3.159661e-02,4.731356e-03,9.918598e-03,6.206017e-02,2.097049e-02
1.714233e-02,1.609661e-02,1.286769e-02,8.455535e-03,1.608474e-02,6.871494e-03,1.059480e-03,4.564520e-02,7.586570e-01,6.272948e-03,2.637280e-02,4.899768e-03,1.081429e-02,5.101032e-02,1.774977e-02
1.877073e-02,2.675716e-02,1.083340e-02,8.495857e-03,1.580264e-02,1.022750e-02,1.825275e-03,3.585484e-02,7.687462e-01,5.325867e-03,2.015127e-02,3.982268e-03,1.313013e-02,4.427981e-02,1.581697e-02
2.862547e-02,2.050482e-02,2.347861e-02,6.977812e-03,1.330071e-02,2.306736e-02,3.950788e-02,1.702114e-01,5.896896e-01,4.005481e-03,1.504797e-02,3.074484e-03,1.111900e-02,3.868631e-02,1.270308e-02
3.794518e-02,1.585064e-02,2.726623e-02,5.235143e-03,1.855147e-02,7.891086e-02,2.918333e-02,1.241989e-01,5.900387e-01,3.045435e-03,1.105506e-02,2.735394e-03,1.153998e-02,3.105682e-02,1.338690e-02
5.202254e-02,1.620641e-02,3.038337e-02,5.834740e-03,2.476613e-02,9.032363e-02,2.092146e-02,9.491267e-02,6.073697e-01,2.647518e-03,8.222563e-03,2.258503e-03,9.527348e-03,2.286180e-02,1.174161e-02
5.297291e-02,6.319577e-02,3.548493e-02,7.470729e-03,3.100043e-02,7.429136e-02,1.522571e-02,6.934090e-02,5.665816e-01,3.602516e-03,7.533814e-03,2.537142e-03,1.154379e-02,2.481649e-02,3.440187e-02
5.110906e-02,5.741047e-02,6.668242e-02,3.985439e-02,4.644691e-02,5.395730e-02,1.097315e-02,8.925162e-02,5.088391e-01,4.201750e-03,6.283844e-03,2.389165e-03,9.940951e-03,1.905711e-02,3.360274e-02
8.306697e-02,5.448012e-02,6.575660e-02,7.038360e-02,9.255372e-02,5.346098e-02,8.881792e-03,7.210960e-02,4.091980e-01,6.703416e-03,5.481603e-03,2.661533e-03,1.133783e-02,1.524117e-02,4.868307e-02
6.885847e-02,5.886420e-02,7.510206e-02,1.629795e-01,9.899423e-02,4.084598e-02,6.702453e-03,5.542475e-02,3.404132e-01,1.158947e-02,5.543321e-03,2.683827e-03,9.314130e-03,1.096397e-02,5.172053e-02
6.396852e-02,1.460680e-01,6.042588e-02,1.352885e-01,9.703983e-02,4.041617e-02,5.122340e-03,4.035131e-02,3.215482e-01,1.267120e-02,6.217611e-03,2.657684e-03,7.768151e-03,8.492985e-03,5.196368e-02
6.373776e-02,1.428235e-01,5.865367e-02,1.653360e-01,1.047324e-01,5.850253e-02,4.913511e-03,3.725075e-02,2.853029e-01,1.284834e-02,7.132216e-03,5.579197e-03,7.696136e-03,6.387369e-03,3.910370e-02
4.508793e-02,1.113187e-01,6.608432e-02,2.461444e-01,7.529569e-02,4.297187e-02,3.646551e-03,2.646836e-02,2.365262e-01,5.495596e-02,4.043383e-02,6.252582e-03,8.308413e-03,4.821821e-03,3.168332e-02
3.169617e-02,8.238929e-02,7.072859e-02,3.363134e-01,5.570133e-02,3.254475e-02,2.788066e-03,1.877286e-02,1.868326e-01,4.314999e-02,9.662366e-02,6.709819e-03,6.714802e-03,4.996280e-03,2.403846e-02
2.285951e-02,5.848891e-02,5.743894e-02,2.933115e-01,3.980939e-02,2.326228e-02,2.147927e-03,1.362154e-02,1.524168e-01,3.224744e-02,2.201669e-01,1.278422e-02,7.492611e-03,4.062422e-02,2.332789e-02
1.649912e-02,4.147350e-02,4.103207e-02,2.387627e-01,2.963873e-02,1.689221e-02,1.688338e-03,1.024703e-02,1.134603e-01,2.330467e-02,2.582497e-01,2.362425e-02,8.738786e-03,1.560087e-01,2.037994e-02
1.250311e-02,2.983532e-02,2.909402e-02,1.754671e-01,2.395772e-02,1.708351e-02,1.349120e-03,9.444755e-03,9.140322e-02,1.695186e-02,3.178646e-01,3.151820e-02,9.209395e-03,2.194352e-01,1.488300e-02
8.985590e-03,2.289721e-02,2.063380e-02,1.247168e-01,1.741622e-02,1.628899e-02,9.600464e-04,6.666731e-03,9.252349e-02,1.216275e-02,2.784072e-01,2.807388e-02,7.235175e-03,3.524002e-01,1.063206e-02
6.332672e-03,5.408935e-02,1.624166e-02,8.879748e-02,1.641850e-02,1.346138e-02,6.893815e-04,4.746861e-03,1.853782e-01,8.772469e-03,2.815280e-01,2.143493e-02,5.384562e-03,2.885664e-01,8.158223e-03
4.529476e-03,4.214739e-02,1.236120e-02,6.264951e-02,1.201043e-02,1.783228e-02,4.929755e-04,3.368458e-03,2.830614e-01,6.255637e-03,2.177634e-01,1.562370e-02,4.059078e-03,3.114965e-01,6.348664e-03
3.240239e-03,3.272930e-02,8.848399e-03,4.415774e-02,8.613585e-03,2.082054e-02,3.511246e-04,2.384219e-03,3.352422e-01,4.505475e-03,1.849243e-01,1.140331e-02,3.031469e-03,3.348759e-01,4.872330e-03
2.338136e-03,2.349885e-02,6.319826e-03,3.147774e-02,6.196884e-03,1.804316e-02,2.509835e-04,1.677475e-03,3.633514e-01,3.833397e-03,1.741339e-01,8.722409e-03,2.965286e-03,3.531008e-01,4.089900e-03
1.791429e-03,1.685471e-02,5.090533e-03,2.363212e-02,5.322486e-03,2.360842e-02,2.282743e-04,1.227301e-03,4.156820e-01,5.901466e-03,1.728774e-01,9.835772e-03,8.810242e-03,3.046811e-01,4.456889e-03
1.427800e-03,1.699647e-02,4.071155e-03,1.842621e-02,4.933356e-03,2.208237e-02,2.171853e-04,8.939871e-04,3.767721e-01,6.893033e-03,2.072603e-01,1.128128e-02,1.439854e-02,3.062024e-01,8.143816e-03
1.052708e-03,1.250727e-02,3.431906e-03,1.576552e-02,3.806683e-03,1.615242e-02,1.755361e-04,6.944420e-04,4.814585e-01,8.982717e-03,1.774639e-01,8.402330e-03,1.171280e-02,2.460266e-01,1.236659e-02
8.716573e-04,1.142537e-02,3.831688e-03,1.271586e-02,3.209950e-03,1.460554e-02,2.156310e-04,5.667928e-04,5.466706e-01,1.631688e-02,1.451330e-01,6.352731e-03,9.475152e-03,2.138469e-01,1.476221e-02
9.195097e-04,3.011186e-02,7.536632e-03,2.264924e-02,2.784362e-03,2.918291e-02,4.581288e-04,7.791833e-04,5.351803e-01,3.078561e-02,1.384636e-01,5.278374e-03,9.732661e-03,1.619185e-01,2.421897e-02
1.048862e-03,4.298754e-02,3.609981e-02,4.439463e-02,2.851266e-03,2.717349e-02,4.331070e-04,2.279188e-03,5.221720e-01,3.534279e-02,1.137814e-01,4.108869e-03,9.095555e-03,1.254092e-01,3.282235e-02
1.623814e-03,6.878402e-02,4.040932e-02,8.745170e-02,2.269005e-03,2.397262e-02,3.172581e-04,1.840983e-03,4.931785e-01,2.723217e-02,1.022085e-01,3.038099e-03,9.287391e-03,9.489021e-02,4.349636e-02
2.386523e-03,6.160558e-02,3.240867e-02,7.258715e-02,2.127490e-03,2.651222e-02,3.416416e-04,1.529586e-03,3.734569e-01,3.364987e-02,2.579560e-01,4.775203e-03,1.273028e-02,8.104391e-02,3.688890e-02
2.870927e-03,5.396401e-02,2.465779e-02,5.465362e-02,3.022258e-03,2.222061e-02,3.788571e-04,1.120954e-03,2.767700e-01,3.515446e-02,4.183239e-01,3.897789e-03,1.147250e-02,6.192568e-02,2.956666e-02
2.953879e-03,6.564882e-02,1.022423e-01,5.431605e-02,6.855226e-03,1.994733e-02,1.357990e-03,9.286387e-03,3.081004e-01,3.265645e-02,3.125966e-01,3.201237e-03,1.031254e-02,4.770993e-02,2.281487e-02
4.058364e-03,6.406360e-02,2.205748e-01,6.717217e-02,9.508278e-03,2.078337e-02,1.194925e-03,9.976984e-03,2.683360e-01,5.024933e-02,2.202422e-01,2.315875e-03,7.423576e-03,3.433448e-02,1.976606e-02
7.985348e-03,6.604771e-02,3.108180e-01,7.044334e-02,1.742785e-02,3.001224e-02,1.766352e-03,1.649074e-02,2.274293e-01,4.675948e-02,1.548319e-01,1.681536e-03,5.452075e-03,2.489193e-02,1.796223e-02
1.593205e-02,6.923534e-02,3.679605e-01,7.105413e-02,1.914734e-02,3.055900e-02,1.859861e-03,2.349905e-02,2.034551e-01,4.466796e-02,1.090729e-01,1.307269e-03,4.119425e-03,1.818383e-02,1.994636e-02
1.936767e-02,8.658948e-02,3.356417e-01,5.396540e-02,2.322883e-02,3.759946e-02,1.966725e-03,4.294389e-02,2.505036e-01,3.571165e-02,7.665846e-02,1.031836e-03,3.211562e-03,1.391784e-02,1.766200e-02
3.114369e-02,1.072506e-01,3.026696e-01,4.013019e-02,3.508119e-02,5.907157e-02,2.496726e-03,4.128485e-02,2.707499e-01,2.717783e-02,5.400148e-02,8.454082e-04,2.849175e-03,1.122724e-02,1.402063e-02
4.629285e-02,2.020537e-01,2.573320e-01,3.271185e-02,3.585638e-02,5.322472e-02,2.212380e-03,6.157589e-02,2.221499e-01,2.277280e-02,3.802152e-02,8.095469e-04,2.203831e-03,8.692527e-03,1.409018e-02
4.818847e-02,3.094344e-01,2.171248e-01,2.580201e-02,3.115684e-02,4.911344e-02,1.815813e-03,5.503849e-02,1.890331e-01,2.038856e-02,2.702529e-02,8.724162e-04,1.794121e-03,7.397790e-03,1.581456e-02
6.066189e-02,3.088071e-01,1.824915e-01,2.262911e-02,3.312235e-02,3.919242e-02,1.817933e-03,4.436900e-02,2.124281e-01,3.879542e-02,1.964802e-02,1.406644e-03,1.629277e-03,7.579987e-03,2.542130e-02
8.236250e-02,3.132143e-01,1.378749e-01,1.976356e-02,3.585153e-02,3.257602e-02,1.813273e-03,3.653255e-02,2.371040e-01,4.231904e-02,1.500695e-02,2.491985e-03,1.493750e-03,6.950257e-03,3.464544e-02
1.151851e-01,2.765658e-01,1.048587e-01,1.724728e-02,3.562603e-02,2.950106e-02,2.127026e-03,2.879873e-02,2.812333e-01,4.077838e-02,1.255258e-02,3.247021e-03,1.601439e-03,8.925210e-03,4.175241e-02
1.150943e-01,2.215462e-01,8.568725e-02,3.855706e-02,2.744051e-02,4.491813e-02,1.977399e-03,2.108413e-02,2.145853e-01,6.519133e-02,2.555587e-02,8.081641e-02,8.422271e-03,6.926394e-03,4.219747e-02
8.404263e-02,1.607646e-01,6.670325e-02,3.332536e-02,2.009773e-02,3.621580e-02,1.541161e-03,1.506932e-02,1.541968e-01,2.747109e-01,2.440670e-02,6.189756e-02,1.289881e-02,5.315359e-03,4.881411e-02
5.921067e-02,1.140842e-01,9.430331e-02,2.773827e-02,1.578692e-02,2.623186e-02,1.536584e-03,1.162522e-02,1.112737e-01,3.846417e-01,4.243309e-02,4.782739e-02,1.637389e-02,7.514540e-03,3.941874e-02
4.266931e-02,8.084073e-02,7.913124e-02,2.228315e-02,1.813761e-02,2.273954e-02,4.149043e-03,1.391771e-02,8.227627e-02,4.592764e-01,6.946796e-02,3.900526e-02,1.329712e-02,2.221504e-02,3.059363e-02
3.059117e-02,5.756193e-02,5.940730e-02,1.595357e-02,1.557273e-02,3.485143e-02,3.075133e-03,1.780441e-02,6.398253e-02,3.454142e-01,1.785146e-01,3.156202e-02,2.689655e-02,9.484560e-02,2.396682e-02
2.254539e-02,4.083643e-02,4.301260e-02,1.321657e-02,1.267333e-02,2.821885e-02,2.997976e-03,1.657528e-02,4.996917e-02,2.477809e-01,2.831477e-01,2.749844e-02,2.007945e-02,1.737538e-01,1.769416e-02
1.619422e-02,2.986578e-02,3.071856e-02,1.057325e-02,1.056046e-02,2.031481e-02,2.465593e-03,1.327265e-02,4.650959e-02,1.753529e-01,3.294977e-01,2.819328e-02,1.478099e-02,2.588812e-01,1.281905e-02
1.166311e-02,2.117584e-02,2.155250e-02,7.591450e-03,7.634310e-03,1.471791e-02,1.784674e-03,9.813868e-03,4.149936e-02,1.244727e-01,2.887092e-01,2.338623e-02,1.075966e-02,4.057202e-01,9.519008e-03
8.909542e-03,1.505232e-02,1.516980e-02,5.478266e-03,5.711038e-03,1.081286e-02,1.317058e-03,7.779404e-03,4.159782e-02,8.896310e-02,3.404729e-01,1.847063e-02,8.004081e-03,4.251756e-01,7.085508e-03
7.840734e-03,1.121795e-02,1.080034e-02,4.144455e-03,4.512466e-03,8.985305e-03,1.011891e-03,5.878526e-03,4.335389e-02,6.400961e-02,3.645375e-01,1.508716e-02,6.714285e-03,4.462092e-01,5.696689e-03
7.063800e-03,1.347748e-02,1.176417e-02,3.685195e-03,4.656807e-03,1.886643e-02,9.903033e-04,6.959083e-03,1.165097e-01,4.765124e-02,3.366418e-01,1.286958e-02,5.895398e-03,4.080400e-01,4.928966e-03
5.262895e-03,1.247048e-02,1.101652e-02,3.050639e-03,7.073934e-03,1.865937e-02,8.816444e-04,5.214153e-03,2.385682e-01,3.486454e-02,2.864982e-01,9.804257e-03,4.793242e-03,3.579820e-01,3.859874e-03
3.975582e-03,1.030729e-02,9.442389e-03,2.287102e-03,5.847592e-03,1.799359e-02,6.432766e-04,3.668053e-03,3.038215e-01,2.503840e-02,2.411580e-01,7.455443e-03,3.533142e-03,3.611283e-01,3.700347e-03
3.303469e-03,9.459864e-03,8.564165e-03,1.829905e-03,4.745297e-03,1.798253e-02,4.699295e-04,2.618675e-03,3.363068e-01,1.779535e-02,2.135685e-01,5.575403e-03,2.642608e-03,3.720487e-01,3.088837e-03
2.505595e-03,8.061386e-03,6.522530e-03,1.459967e-03,3.631857e-03,1.332030e-02,3.347651e-04,1.853255e-03,4.113194e-01,1.280413e-02,1.649346e-01,4.153587e-03,1.976531e-03,3.648338e-01,2.288303e-03
2.046304e-03,6.223764e-03,5.316816e-03,1.677471e-03,2.777831e-03,1.122614e-02,2.473513e-04,1.372581e-03,4.609313e-01,9.652785e-03,1.290374e-01,3.352285e-03,1.504101e-03,3.629362e-01,1.697763e-03
1.724684e-03,5.305141e-03,5.188710e-03,1.405219e-03,2.136076e-03,1.022526e-02,1.885227e-04,1.003185e-03,5.024848e-01,7.421865e-03,9.929630e-02,2.528714e-03,1.193314e-03,3.585905e-01,1.307825e-03
2.204856e-03,4.278277e-03,5.555773e-03,1.305044e-03,1.940425e-03,9.346053e-03,1.714040e-04,1.007216e-03,5.141368e-01,6.236492e-03,7.606258e-02,1.853089e-03,1.118866e-03,3.737588e-01,1.024377e-03
2.249343e-03,3.728512e-03,6.655036e-03,1.479879e-03,1.718312e-03,8.375975e-03,1.445681e-04,9.047595e-04,4.487630e-01,5.327375e-03,6.884299e-02,1.416929e-03,9.306348e-04,4.486573e-01,8.053415e-04
7.572529e-03,3.492114e-03,7.629842e-03,2.003637e-03,7.607472e-03,7.740211e-03,2.082102e-04,9.814855e-04,4.514840e-01,5.569220e-03,5.558385e-02,1.182506e-03,8.361320e-04,4.474645e-01,6.442986e-04
1.277081e-02,4.676836e-03,8.897723e-03,3.748072e-03,1.605790e-02,7.341123e-03,4.281583e-04,1.284714e-03,4.504160e-01,6.736462e-03,5.465777e-02,1.225477e-03,8.137301e-04,4.301441e-01,8.011084e-04
2.049189e-02,5.365736e-03,1.630371e-02,6.272268e-03,2.322670e-02,1.003013e-02,6.090949e-04,2.960920e-03,4.547022e-01,7.164414e-03,5.083942e-02,1.265526e-03,7.499246e-04,3.988228e-01,1.195298e-03
3.656657e-02,7.409199e-03,2.326595e-02,1.030618e-02,3.143973e-02,1.701887e-02,6.952049e-04,3.412232e-03,4.763273e-01,7.698224e-03,4.080069e-02,1.433484e-03,7.534655e-04,3.401072e-01,2.765715e-03
3.933806e-02,7.150100e-03,2.453321e-02,8.520899e-03,3.033373e-02,1.536962e-02,6.733821e-04,3.256594e-03,4.477297e-01,7.649076e-03,3.329363e-02,1.397377e-03,7.430020e-04,3.756093e-01,4.402361e-03
5.413124e-02,2.410530e-02,7.110891e-02,4.629988e-02,4.069906e-02,1.650281e-02,8.378924e-04,9.286731e-03,3.872605e-01,6.239775e-03,2.794097e-02,2.109956e-03,1.295087e-03,3.023969e-01,9.785062e-03
6.156809e-02,1.915925e-02,5.949524e-02,3.350371e-02,3.108308e-02,2.563625e-02,6.638474e-04,7.358588e-03,2.914235e-01,4.878121e-03,5.566851e-02,2.159592e-03,1.487572e-03,3.974398e-01,8.474867e-03
8.137982e-02,1.625994e-02,5.833148e-02,2.608888e-02,2.455154e-02,4.463771e-02,5.625524e-04,6.176979e-03,2.613785e-01,5.496093e-03,6.019967e-02,2.694808e-03,2.164911e-03,3.982020e-01,1.187513e-02
9.521005e-02,1.407900e-02,4.984286e-02,2.030554e-02,2.242676e-02,3.542691e-02,4.625511e-04,4.941953e-03,3.665060e-01,7.251532e-03,4.782147e-02,2.393739e-03,1.895951e-03,3.200538e-01,1.138191e-02
7.253216e-02,1.030607e-02,3.623223e-02,1.431419e-02,1.590788e-02,2.645290e-02,3.321577e-04,3.553979e-03,2.593969e-01,5.682247e-03,1.394541e-01,2.841834e-03,1.489038e-03,4.022987e-01,9.205548e-03
5.089215e-02,7.274838e-03,2.544435e-02,1.003227e-02,1.117600e-02,1.859258e-02,2.341159e-04,2.490753e-03,1.819248e-01,5.085337e-03,3.421116e-01,2.279972e-03,1.069914e-03,3.348635e-01,6.527778e-03
3.567026e-02,5.115012e-03,1.782463e-02,7.028325e-03,7.840809e-03,1.304586e-02,1.645629e-04,1.744929e-03,1.274734e-01,1.030548e-02,5.173771e-01,1.668099e-03,7.586913e-04,2.493868e-01,4.596095e-03
2.498096e-02,3.584836e-03,1.248009e-02,4.920658e-03,5.492025e-03,9.150770e-03,1.153017e-04,1.221758e-03,8.927248e-02,1.010207e-02,6.489922e-01,1.194286e-03,5.336248e-04,1.847354e-01,3.223678e-03
1.749210e-02,2.514034e-03,8.738729e-03,3.445564e-03,3.855275e-03,6.426137e-03,8.093300e-05,8.555312e-04,6.253403e-02,2.069652e-02,7.340119e-01,9.200237e-04,3.752881e-04,1.357886e-01,2.265289e-03
1.224864e-02,1.776542e-03,6.121797e-03,2.412989e-03,2.726176e-03,4.514923e-03,5.708662e-05,5.992071e-04,4.399059e-02,5.718079e-02,7.622467e-01,8.423453e-04,2.652483e-04,1.034197e-01,1.597264e-03
8.579911e-03,1.361410e-03,4.291326e-03,1.691961e-03,1.942721e-03,3.195549e-03,4.028125e-05,4.199737e-04,3.156413e-02,1.594662e-01,7.033937e-01,7.869108e-04,1.888307e-04,8.193978e-02,1.137285e-03
6.008638e-03,1.027314e-03,3.008541e-03,1.186057e-03,1.385910e-03,2.265237e-03,2.834537e-05,2.942845e-04,2.266558e-02,3.896762e-01,5.121149e-01,6.128611e-04,1.348999e-04,5.878242e-02,8.087251e-04
4.206955e-03,7.811908e-04,2.111840e-03,8.312057e-04,9.909951e-04,1.605367e-03,1.997548e-05,2.060777e-04,1.603199e-02,5.683560e-01,3.623474e-01,4.447552e-04,1.025913e-04,4.138556e-02,5.780746e-04
2.949696e-03,6.773683e-04,1.497796e-03,5.902363e-04,8.096823e-04,1.312857e-03,1.446965e-05,1.453594e-04,1.159846e-02,6.941406e-01,2.559735e-01,3.357846e-04,8.560589e-05,2.941123e-02,4.574808e-04
2.069552e-03,8.002029e-04,1.066763e-03,4.319208e-04,6.956134e-04,1.247871e-03,1.073455e-05,1.020389e-04,8.594841e-03,7.804639e-01,1.822437e-01,3.187194e-04,1.134835e-04,2.140486e-02,4.358193e-04
1.452477e-03,1.919087e-03,7.693585e-04,3.055902e-04,5.494237e-04,1.144869e-03,7.753970e-06,7.147592e-05,6.290268e-03,8.399071e-01,1.305365e-01,8.194714e-04,3.638722e-04,1.546168e-02,4.011191e-04
1.020136e-03,2.212479e-03,5.521182e-04,2.183846e-04,4.184149e-04,9.416252e-04,5.574778e-06,5.008965e-05,4.767464e-03,8.829582e-01,9.285615e-02,9.633164e-04,5.998460e-04,1.205787e-02,3.783153e-04
8.036210e-04,6.455175e-03,8.369543e-04,2.336854e-04,4.972009e-04,3.311175e-03,1.251033e-05,8.440897e-05,4.761204e-03,8.943883e-01,7.217460e-02,2.298856e-03,2.030917e-03,1.167333e-02,4.381246e-04
1.362521e-03,2.430603e-02,1.792806e-02,5.027890e-04,1.072520e-03,8.515059e-03,3.994197e-05,3.073721e-04,6.742126e-03,8.525270e-01,6.751093e-02,2.701453e-03,3.227382e-03,1.117588e-02,2.080998e-03
3.959266e-03,3.403927e-02,1.705296e-02,4.384849e-04,4.194051e-03,6.742285e-03,6.162412e-05,3.924523e-04,1.172920e-02,8.412207e-01,5.491765e-02,2.126946e-03,3.717507e-03,1.121154e-02,8.195986e-03
5.298999e-03,7.300329e-02,2.545657e-02,5.374370e-04,5.270841e-03,1.194277e-02,6.161816e-05,4.577811e-04,1.234752e-02,7.822243e-01,4.034162e-02,1.621655e-03,3.188476e-03,1.045527e-02,2.779183e-02
1.768144e-02,9.429659e-02,2.275963e-02,9.482705e-04,5.526363e-03,1.590708e-02,1.490797e-04,1.329524e-03,2.520267e-02,7.100430e-01,3.456793e-02,1.470983e-03,3.142532e-03,1.611344e-02,5.086152e-02
3.334292e-02,1.168468e-01,3.823962e-02,4.071685e-03,1.180988e-02,1.722515e-02,4.038372e-04,5.683028e-03,3.050811e-02,5.976580e-01,3.139010e-02,1.532061e-03,3.420290e-03,1.805991e-02,8.980852e-02
4.859369e-02,1.052328e-01,5.505863e-02,1.348051e-02,2.828081e-02,2.509613e-02,9.801887e-04,1.042815e-02,3.036995e-02,5.211021e-01,2.751162e-02,1.446605e-03,3.214480e-03,2.165583e-02,1.075485e-01
6.298931e-02,8.031295e-02,5.634394e-02,1.089369e-02,3.531947e-02,2.411602e-02,1.201504e-03,7.846695e-03,2.463640e-02,5.566323e-01,2.106006e-02,1.212758e-03,2.823781e-03,2.368858e-02,9.092250e-02
6.585183e-02,1.230146e-01,6.222626e-02,8.386950e-02,4.986760e-02,2.386142e-02,2.063205e-03,1.076035e-02,2.303055e-02,4.162489e-01,1.808652e-02,2.143360e-03,3.429048e-03,1.880560e-02,9.674124e-02
7.371729e-02,9.092296e-02,5.918024e-02,6.304758e-02,4.273860e-02,2.829783e-02,1.957623e-03,2.893649e-02,3.930487e-02,4.647818e-01,1.472611e-02,1.989824e-03,2.725825e-03,1.587174e-02,7.180126e-02
8.115400e-02,6.885363e-02,4.986718e-02,4.574935e-02,3.728580e-02,2.740235e-02,2.164909e-03,2.285791e-02,4.479986e-02,5.301417e-01,1.306461e-02,1.583874e-03,2.389504e-03,1.906027e-02,5.362510e-02
7.928570e-02,7.907710e-02,4.992090e-02,4.645251e-02,4.282592e-02,3.049828e-02,3.758117e-03,1.902220e-02,3.950339e-02,5.338151e-01,1.105915e-02,1.565784e-03,2.122271e-03,1.913698e-02,4.195664e-02
1.108239e-01,5.942574e-02,4.167750e-02,3.996739e-02,3.725206e-02,2.972316e-02,3.740655e-03,1.528206e-02,4.975404e-02,5.406454e-01,1.137092e-02,2.684338e-03,2.505950e-03,2.094139e-02,3.420553e-02
1.539499e-01,5.604274e-02,3.371897e-02,7.937848e-02,3.943634e-02,2.800885e-02,3.146865e-03,1.184421e-02,6.210262e-02,4.030285e-01,1.603439e-02,1.076264e-02,3.996058e-03,3.289635e-02,6.565305e-02
1.231517e-01,4.221012e-02,2.503450e-02,5.681596e-02,2.953326e-02,2.218247e-02,2.330086e-03,8.582465e-03,5.374737e-02,2.962685e-01,1.215957e-02,8.071857e-03,4.146418e-03,6.213394e-02,2.536318e-01
9.411775e-02,3.611425e-02,2.433141e-02,4.555545e-02,2.331998e-02,1.826396e-02,1.777872e-03,6.220866e-03,5.678941e-02,2.237209e-01,9.581327e-03,6.402391e-03,3.858082e-03,6.416850e-02,3.857779e-01
8.895207e-02,2.771008e-02,1.954798e-02,3.318942e-02,1.966658e-02,1.616231e-02,1.473255e-03,4.551715e-03,5.454845e-02,1.639491e-01,1.074609e-02,4.798425e-03,4.763195e-03,1.133988e-01,4.365425e-01
8.120982e-02,2.348544e-02,1.554122e-02,2.445623e-02,1.459393e-02,1.266823e-02,1.207778e-03,3.471944e-03,6.089631e-02,1.315717e-01,9.473664e-03,3.751743e-03,5.266620e-03,1.100694e-01,5.023360e-01
6.326850e-02,3.803208e-02,1.286409e-02,1.974527e-02,1.069328e-02,9.972003e-03,9.511821e-04,2.523096e-03,8.251265e-02,1.029510e-01,7.194391e-03,2.797555e-03,8.686522e-03,8.385164e-02,5.539568e-01
5.140352e-02,3.577657e-02,1.221483e-02,1.790508e-02,8.292207e-03,8.277707e-03,7.211213e-04,2.107402e-03,1.291640e-01,8.454388e-02,6.747174e-03,2.386760e-03,8.249162e-03,9.335479e-02,5.388558e-01
7.548277e-02,3.555310e-02,1.425391e-02,1.798377e-02,7.566966e-03,8.928867e-03,7.089737e-04,1.859851e-03,1.518912e-01,6.819760e-02,1.044190e-02,2.588732e-03,9.210019e-03,1.173482e-01,4.779841e-01
5.398490e-02,6.572630e-02,1.433207e-02,3.141422e-02,5.781704e-03,6.760031e-03,5.390389e-04,1.529786e-03,2.733454e-01,5.688774e-02,1.118392e-02,3.043004e-03,9.160020e-03,8.770928e-02,3.786026e-01
4.818419e-02,5.983997e-02,1.925309e-02,3.010716e-02,5.789264e-03,5.780135e-03,6.318255e-04,2.953211e-03,3.137584e-01,5.865915e-02,1.805317e-02,3.214512e-03,1.127097e-02,1.041370e-01,3.183680e-01
4.980415e-02,5.281448e-02,1.825369e-02,2.422876e-02,1.181036e-02,5.893694e-03,6.074267e-04,2.320613e-02,2.977537e-01,5.141955e-02,1.604171e-02,3.066074e-03,9.435007e-03,1.718932e-01,2.637721e-01
4.619504e-02,5.487964e-02,3.765691e-02,2.032457e-02,1.516656e-02,6.346419e-03,4.904048e-04,3.514682e-02,2.891399e-01,4.370514e-02,1.205457e-02,2.325540e-03,8.093284e-03,1.472915e-01,2.811837e-01
4.718844e-02,1.130128e-01,4.540434e-02,1.779404e-02,2.448244e-02,8.085472e-03,4.848224e-04,4.932175e-02,2.692878e-01,3.507060e-02,8.893795e-03,1.799134e-03,6.589040e-03,1.181582e-01,2.544274e-01
5.046261e-02,1.399855e-01,7.815983e-02,1.996377e-02,2.355792e-02,1.799030e-02,6.535911e-04,8.568593e-02,2.317448e-01,3.295407e-02,6.760648e-03,2.125125e-03,1.142311e-02,8.756880e-02,2.109641e-01
4.892384e-02,1.729172e-01,9.203677e-02,2.212377e-02,3.319261e-02,2.942352e-02,1.362227e-03,1.126256e-01,2.228845e-01,2.504051e-02,4.983101e-03,1.604543e-03,8.925197e-03,6.720073e-02,1.567559e-01
4.488947e-02,1.819857e-01,1.329038e-01,4.352086e-02,2.575139e-02,2.200728e-02,1.096319e-03,8.367380e-02,1.859829e-01,5.655719e-02,3.987716e-03,1.411498e-03,6.812888e-03,4.767768e-02,1.617415e-01
5.874052e-02,1.641388e-01,1.492784e-01,4.802246e-02,2.799990e-02,2.100701e-02,1.697890e-03,6.786635e-02,2.326971e-01,6.167219e-02,3.103390e-03,1.170929e-03,5.411091e-03,3.369165e-02,1.235024e-01
5.911580e-02,1.708404e-01,1.376034e-01,4.477004e-02,3.002466e-02,1.845948e-02,1.863909e-03,7.256464e-02,2.726583e-01,5.867669e-02,2.437340e-03,9.793860e-04,4.244896e-03,2.381043e-02,1.019506e-01
7.027978e-02,2.036356e-01,1.181923e-01,4.041658e-02,3.546720e-02,1.829953e-02,2.468362e-03,7.314524e-02,2.612143e-01,5.742330e-02,2.030778e-03,7.849391e-04,3.733236e-03,1.721900e-02,9.568991e-02
8.041608e-02,2.230296e-01,9.729999e-02,4.227174e-02,4.591551e-02,1.711773e-02,2.706928e-03,8.507907e-02,2.525666e-01,5.073411e-02,1.690070e-03,6.313369e-04,3.402763e-03,1.234504e-02,8.479342e-02
8.032564e-02,2.335433e-01,9.242515e-02,5.278243e-02,4.165371e-02,1.416500e-02,2.555419e-03,8.350644e-02,2.305950e-01,7.203622e-02,1.396147e-03,5.775989e-04,4.043214e-03,8.872806e-03,8.152190e-02
7.590336e-02,2.329172e-01,1.200720e-01,5.368748e-02,3.598986e-02,1.178158e-02,2.680976e-03,8.710997e-02,1.963616e-01,8.760798e-02,1.418704e-03,6.959345e-04,3.963099e-03,6.560089e-03,8.325028e-02
8.318280e-02,2.539741e-01,1.072743e-01,4.447359e-02,4.790840e-02,1.010515e-02,3.598614e-03,9.881696e-02,2.161425e-01,6.273741e-02,1.412379e-03,6.678675e-04,3.167555e-03,5.034088e-03,6.150426e-02
8.726539e-02,2.576469e-01,1.535748e-01,3.795172e-02,4.542192e-02,1.060236e-02,4.822844e-03,9.590062e-02,1.896717e-01,5.136296e-02,1.896085e-03,8.889732e-04,2.847639e-03,3.963051e-03,5.618307e-02
8.577101e-02,2.196078e-01,2.268053e-01,3.597203e-02,4.352693e-02,1.096199e-02,7.150169e-03,8.507801e-02,1.699969e-01,5.235920e-02,2.145237e-03,1.266708e-03,3.048806e-03,3.051111e-03,5.325882e-02
7.377397e-02,1.603074e-01,2.382769e-01,2.851354e-02,3.142728e-02,1.028645e-02,5.312393e-03,6.118627e-02,1.249654e-01,1.205027e-01,6.641610e-03,2.658950e-03,3.557747e-03,4.481206e-03,1.281082e-01
8.037037e-02,1.158654e-01,1.797601e-01,2.345555e-02,2.286729e-02,7.990321e-03,3.871718e-03,4.420673e-02,9.560117e-02,1.228693e-01,9.806164e-03,4.935385e-03,5.052578e-03,5.608570e-03,2.777393e-01
5.876107e-02,8.178893e-02,1.290890e-01,1.668674e-02,1.609485e-02,5.744204e-03,2.751313e-03,3.103218e-02,6.927291e-02,1.462116e-01,7.378979e-03,3.661711e-03,3.926753e-03,6.037378e-03,4.215624e-01
4.469167e-02,5.759668e-02,9.105959e-02,1.177766e-02,1.135768e-02,4.573647e-03,1.974588e-03,2.181685e-02,5.348589e-02,1.401717e-01,6.034006e-03,3.352236e-03,3.935870e-03,1.485614e-02,5.333158e-01
3.291405e-02,4.051134e-02,6.405904e-02,8.284162e-03,8.013528e-03,4.475028e-03,1.438742e-03,1.530807e-02,3.854935e-02,1.302902e-01,5.746226e-03,4.879763e-03,7.514508e-03,1.548485e-02,6.225311e-01
2.724253e-02,2.865697e-02,4.530615e-02,5.967228e-03,5.941026e-03,6.387184e-03,1.064214e-03,1.084469e-02,3.295524e-02,1.360521e-01,1.409972e-02,5.473441e-03,1.185825e-02,2.868000e-02,6.394712e-01
2.108708e-02,2.083397e-02,3.281427e-02,4.623949e-03,4.488638e-03,1.039807e-02,8.010450e-04,9.627841e-03,3.048217e-02,1.515199e-01,4.934943e-02,4.870891e-03,2.370983e-02,2.570440e-02,6.096885e-01
1.615441e-02,1.520977e-02,2.371557e-02,3.688693e-03,4.069737e-03,1.848853e-02,6.480978e-04,7.160453e-03,3.072201e-02,1.530606e-01,5.949584e-02,4.891192e-03,5.399342e-02,1.952249e-02,5.891792e-01
1.492943e-02,1.280168e-02,1.979460e-02,7.692070e-03,6.069976e-03,3.793237e-02,1.871931e-03,1.342046e-02,5.943352e-02,1.112883e-01,9.883565e-02,1.398030e-02,9.429747e-02,1.551042e-02,4.921418e-01
1.186738e-02,9.162964e-03,1.457468e-02,1.236216e-02,3.059201e-02,2.767259e-02,1.387644e-03,1.240624e-02,4.654115e-02,7.897195e-02,1.088422e-01,1.475430e-02,9.143160e-02,1.112612e-02,5.283070e-01
9.618366e-03,6.764538e-03,1.074171e-02,8.923890e-02,1.798934e-01,2.146807e-02,2.468820e-03,2.384598e-02,5.869482e-02,5.549736e-02,8.312555e-02,1.130266e-02,6.627213e-02,8.078345e-03,3.729894e-01
1.359470e-02,6.295353e-03,1.101896e-02,1.738201e-01,1.945436e-01,1.918745e-02,3.338250e-03,2.171054e-02,1.162403e-01,3.933129e-02,7.210271e-02,9.207374e-03,4.924235e-02,6.044313e-03,2.643227e-01
1.741365e-02,5.301286e-03,9.021640e-03,1.520148e-01,2.857814e-01,2.210066e-02,2.312860e-02,5.498870e-02,1.016279e-01,2.772726e-02,6.335563e-02,7.073287e-03,3.924726e-02,4.320406e-03,1.868976e-01
2.687015e-02,3.227963e-02,1.080905e-02,1.721037e-01,2.677594e-01,1.882817e-02,1.799613e-02,5.395018e-02,1.463564e-01,2.048657e-02,5.173939e-02,5.880403e-03,3.861944e-02,3.141143e-03,1.331803e-01
4.459036e-02,3.083216e-02,9.805270e-03,1.385201e-01,3.038428e-01,1.534624e-02,1.729089e-02,8.818248e-02,1.624107e-01,1.552396e-02,4.184489e-02,5.546141e-03,2.958267e-02,2.320469e-03,9.436093e-02
5.403594e-02,3.509413e-02,9.676356e-03,1.290118e-01,3.143803e-01,1.308778e-02,1.448480e-02,1.581728e-01,1.347097e-01,1.143362e-02,3.065128e-02,4.477452e-03,2.173365e-02,1.687582e-03,6.736285e-02
6.990650e-02,4.887204e-02,1.862395e-02,1.037694e-01,3.116511e-01,1.488747e-02,2.149675e-02,1.859507e-01,1.118479e-01,1.025677e-02,2.425494e-02,4.552172e-03,1.806897e-02,1.542825e-03,5.431845e-02
8.509906e-02,5.878764e-02,2.842471e-02,8.556406e-02,2.877214e-01,1.446873e-02,3.427967e-02,1.987968e-01,1.053520e-01,9.365114e-03,1.875784e-02,4.541081e-03,2.180187e-02,1.442112e-03,4.559793e-02
1.306596e-01,5.265291e-02,3.569343e-02,7.055832e-02,2.439442e-01,1.828391e-02,4.317193e-02,1.953716e-01,1.148379e-01,7.631612e-03,1.481879e-02,5.213624e-03,3.018396e-02,1.351089e-03,3.562717e-02
1.465434e-01,4.126525e-02,3.080185e-02,5.519431e-02,1.963734e-01,1.728238e-02,3.858859e-02,3.034876e-01,9.587394e-02,5.838338e-03,1.136187e-02,5.580023e-03,2.429101e-02,1.163351e-03,2.635461e-02
1.287558e-01,3.129806e-02,2.421409e-02,4.008283e-02,1.545314e-01,1.501126e-02,3.575109e-02,4.419053e-01,7.046203e-02,4.242218e-03,8.432721e-03,4.523091e-03,2.025995e-02,9.507776e-04,1.957930e-02
1.714499e-01,3.039487e-02,3.080584e-02,3.179190e-02,1.196131e-01,2.409526e-02,3.531920e-02,4.225169e-01,5.468534e-02,4.077144e-03,7.335538e-03,5.697815e-03,4.444701e-02,1.168519e-03,1.660160e-02
1.914007e-01,2.369686e-02,2.751328e-02,2.466477e-02,8.986588e-02,2.463495e-02,3.316193e-02,4.726551e-01,4.465913e-02,3.250618e-03,6.248585e-03,5.636357e-03,3.770363e-02,1.068924e-03,1.383920e-02
2.074640e-01,1.922648e-02,2.360375e-02,1.872186e-02,6.880030e-02,5.349804e-02,4.584474e-02,4.491861e-01,3.700330e-02,2.988457e-03,6.190282e-03,6.893876e-03,4.615264e-02,9.893205e-04,1.343684e-02
2.234723e-01,1.487655e-02,1.843833e-02,1.416120e-02,5.041957e-02,5.721422e-02,4.208147e-02,4.810486e-01,3.147880e-02,2.485719e-03,5.544467e-03,6.569424e-03,3.945080e-02,9.005660e-04,1.185793e-02
2.078825e-01,1.169450e-02,1.597901e-02,1.098659e-02,3.683703e-02,6.566048e-02,5.111211e-02,5.162602e-01,2.457472e-02,2.191152e-03,4.329524e-03,6.105721e-03,3.500265e-02,7.642593e-04,1.061957e-02
2.105514e-01,1.026647e-02,1.751778e-02,1.038604e-02,2.742192e-02,7.647439e-02,5.876172e-02,5.032701e-01,2.074934e-02,2.436359e-03,4.424612e-03,7.659011e-03,3.436504e-02,1.117274e-03,1.459848e-02
1.979941e-01,1.096025e-02,1.349545e-02,8.284020e-03,2.080706e-02,1.357780e-01,5.721949e-02,3.843839e-01,1.658079e-02,2.090646e-03,4.586559e-03,6.762463e-03,1.237994e-01,9.590348e-04,1.629888e-02
2.152815e-01,1.407753e-02,1.006231e-02,6.624083e-03,1.584459e-02,1.188430e-01,4.619257e-02,2.773669e-01,1.365701e-02,2.448521e-03,4.817495e-03,5.719033e-03,2.370690e-01,9.362695e-04,3.106016e-02
2.006819e-01,1.213459e-02,7.401421e-03,5.450160e-03,1.174283e-02,9.468625e-02,3.594703e-02,1.987958e-01,1.148791e-02,2.762982e-03,4.423258e-03,4.572588e-03,3.718624e-01,8.354717e-04,3.721534e-02
1.501301e-01,9.026960e-03,5.288768e-03,4.027966e-03,8.316058e-03,6.774263e-02,2.707627e-02,1.395538e-01,8.718097e-03,2.747783e-03,3.299978e-03,3.619025e-03,5.401692e-01,6.078446e-04,2.967550e-02
1.144697e-01,6.747134e-03,3.766896e-03,2.876568e-03,5.934178e-03,4.814480e-02,2.006441e-02,9.802894e-02,6.853236e-03,2.207078e-03,2.524428e-03,4.287999e-03,6.608558e-01,4.631190e-04,2.277572e-02
8.981283e-02,5.211380e-03,2.676348e-03,2.055955e-03,4.252968e-03,3.451602e-02,1.476052e-02,6.889340e-02,5.678180e-03,1.682755e-03,1.907752e-03,4.746332e-03,7.468408e-01,3.603066e-04,1.660443e-02
6.441752e-02,4.151368e-03,1.917621e-03,1.472597e-03,3.066942e-03,2.597337e-02,1.108688e-02,4.837678e-02,4.969699e-03,1.414475e-03,1.690240e-03,7.557334e-03,8.113102e-01,2.804077e-04,1.231455e-02
4.574576e-02,3.252792e-03,1.578305e-03,1.116841e-03,2.744002e-03,2.366228e-02,1.401955e-02,3.465825e-02,5.152097e-03,1.242549e-03,1.492166e-03,9.631759e-03,8.455083e-01,2.231084e-04,9.972193e-03
3.246010e-02,2.757722e-03,1.504935e-03,8.185571e-04,2.237339e-03,5.284653e-02,1.058088e-02,2.440565e-02,4.401117e-03,1.225626e-03,1.407529e-03,9.143470e-03,8.481579e-01,1.894576e-04,7.863235e-03
2.588935e-02,1.990082e-03,2.569191e-03,1.080180e-03,1.941414e-03,1.966033e-01,1.027695e-02,2.051675e-02,3.286206e-03,1.550459e-03,1.481099e-03,7.391622e-03,7.191518e-01,1.783762e-04,6.093168e-03
2.026150e-02,1.449853e-03,2.463198e-03,1.240039e-03,2.358561e-03,4.144635e-01,7.765004e-03,1.623555e-02,3.177792e-03,1.249213e-03,1.257998e-03,5.469794e-03,5.176655e-01,1.413973e-04,4.801071e-03
1.849412e-02,1.180348e-03,1.237639e-02,6.532390e-03,1.550575e-02,5.338104e-01,8.297438e-03,1.572958e-02,6.979192e-03,1.111529e-03,1.041981e-03,4.124347e-03,3.703278e-01,1.059384e-04,4.382663e-03
1.706874e-02,1.413391e-03,1.571731e-02,8.196780e-03,1.640298e-02,6.223270e-01,6.407490e-03,1.583907e-02,1.895160e-02,9.959397e-04,1.154356e-03,3.699048e-03,2.677633e-01,8.327422e-05,3.979643e-03
3.231508e-02,2.866063e-03,2.429611e-02,1.365700e-02,3.808431e-02,4.693444e-01,9.108911e-03,2.164452e-02,7.331478e-02,1.449251e-03,3.162702e-03,4.470279e-03,2.933858e-01,2.035452e-04,1.269718e-02
2.705972e-02,7.034439e-03,2.220240e-02,2.519429e-01,3.154387e-02,3.321280e-01,6.665944e-03,1.693070e-02,7.623655e-02,1.587046e-03,3.119644e-03,4.405784e-03,2.084455e-01,1.577159e-04,1.053966e-02
2.233260e-02,7.988050e-03,1.787742e-02,4.070667e-01,2.712758e-02,2.349049e-01,4.954578e-03,1.335324e-02,9.363844e-02,1.802434e-03,6.121662e-03,4.943718e-03,1.496202e-01,1.249468e-04,8.143543e-03
1.564797e-02,5.687968e-03,1.388745e-02,5.443581e-01,1.920101e-02,1.645480e-01,3.470103e-03,9.354836e-03,6.573330e-02,1.404750e-03,4.199554e-02,4.066214e-03,1.048397e-01,9.529839e-05,5.709748e-03
1.095810e-02,4.108551e-03,1.009147e-02,6.617552e-01,1.457837e-02,1.152051e-01,2.433612e-03,6.606388e-03,4.685423e-02,1.024975e-03,4.334183e-02,5.544282e-03,7.340933e-02,8.482735e-05,4.003680e-03
7.697362e-03,2.917487e-03,7.165676e-03,5.829527e-01,1.087868e-02,8.073527e-02,1.709490e-03,4.658761e-03,3.378437e-02,1.001173e-03,1.037192e-01,1.083739e-01,5.141079e-02,1.681230e-04,2.827057e-03
5.405624e-03,2.065543e-03,5.035494e-03,4.215534e-01,1.363869e-02,5.662466e-02,1.198716e-03,3.276585e-03,2.397132e-02,8.831667e-04,1.776019e-01,2.504147e-01,3.605052e-02,2.742558e-04,2.005395e-03
3.806446e-03,1.466551e-03,3.539687e-03,2.985862e-01,2.041290e-02,3.988834e-02,8.413436e-04,2.309285e-03,1.740505e-02,7.578209e-04,2.135784e-01,3.703644e-01,2.534764e-02,2.718025e-04,1.424175e-03
2.728833e-03,1.095339e-03,2.490049e-03,2.096458e-01,6.144989e-02,2.872249e-02,5.909053e-04,1.620303e-03,1.237100e-02,6.096927e-04,2.142608e-01,4.449688e-01,1.787417e-02,5.332892e-04,1.038658e-03
2.030971e-03,8.807010e-04,1.755607e-03,1.470135e-01,8.881405e-02,2.081983e-02,4.159339e-04,1.136911e-03,8.774115e-03,4.816378e-04,2.330005e-01,4.805420e-01,1.261700e-02,9.208518e-04,7.963396e-04
1.791087e-03,8.990633e-04,1.250986e-03,1.031131e-01,1.424076e-01,1.514198e-02,2.975060e-04,8.077563e-04,6.340041e-03,6.223292e-04,2.553321e-01,4.613968e-01,8.981229e-03,9.350839e-04,6.834069e-04
1.853557e-03,1.493621e-03,9.573158e-04,7.233512e-02,1.559938e-01,1.071410e-02,2.239478e-04,5.866168e-04,5.871076e-03,1.152428e-03,2.457295e-01,4.946549e-01,6.539431e-03,1.227923e-03,6.665795e-04
2.293468e-03,2.298102e-03,7.510080e-04,5.086907e-02,1.607840e-01,7.689357e-03,2.334096e-04,5.991723e-04,5.675463e-03,1.886566e-03,2.666664e-01,4.937632e-01,4.824832e-03,1.076195e-03,5.896762e-04
6.557818e-03,1.051115e-02,5.490392e-03,3.872895e-02,2.662831e-01,1.313836e-02,2.020436e-03,8.474459e-03,5.089763e-03,6.087295e-03,2.278353e-01,4.048831e-01,3.460715e-03,9.770910e-04,4.620444e-04
1.520942e-02,1.067098e-02,8.360288e-03,3.502860e-02,2.993780e-01,1.922790e-02,4.526240e-03,2.475492e-02,4.269001e-03,2.042365e-02,2.150348e-01,3.392647e-01,2.509766e-03,9.803601e-04,3.612544e-04
1.497134e-02,8.114111e-03,3.213458e-02,4.795213e-02,2.538874e-01,3.476867e-02,1.533938e-02,1.576009e-01,3.118843e-03,1.907186e-02,1.647538e-01,2.454293e-01,1.785432e-03,8.155396e-04,2.566880e-04
2.369658e-02,6.093377e-03,1.157665e-01,9.814347e-02,2.159229e-01,3.370295e-02,1.312371e-02,1.549999e-01,2.303660e-03,2.562381e-02,1.338831e-01,1.744704e-01,1.302436e-03,7.445067e-04,2.226465e-04
3.301371e-02,5.049289e-03,1.690890e-01,1.178390e-01,1.782426e-01,3.525110e-02,1.098504e-02,1.260392e-01,1.734414e-03,5.489898e-02,1.412715e-01,1.245321e-01,1.012806e-03,7.898200e-04,2.513387e-04
5.900560e-02,7.906145e-03,1.765714e-01,1.173315e-01,1.801292e-01,4.052874e-02,8.107685e-03,9.278374e-02,1.807411e-03,6.080717e-02,1.579416e-01,9.118015e-02,1.265184e-03,2.738419e-03,1.895988e-03
8.130452e-02,1.125715e-02,1.599921e-01,9.957708e-02,1.931562e-01,4.302280e-02,6.212254e-03,6.649842e-02,1.953458e-03,7.525736e-02,1.859988e-01,6.656655e-02,1.747769e-03,4.093351e-03,3.362211e-03
8.780165e-02,3.606222e-02,1.625749e-01,9.186582e-02,2.532745e-01,4.727941e-02,5.379840e-03,4.973128e-02,1.821629e-03,6.178394e-02,1.444624e-01,4.796122e-02,1.943125e-03,4.291169e-03,3.766892e-03
1.261789e-01,5.034171e-02,1.329956e-01,8.575033e-02,2.748187e-01,4.898118e-02,4.404686e-03,3.725218e-02,2.808361e-03,6.439622e-02,1.218267e-01,3.660452e-02,2.556839e-03,5.746382e-03,5.337674e-03
1.603563e-01,4.122210e-02,1.365207e-01,9.223372e-02,2.673922e-01,4.228030e-02,3.224436e-03,2.734924e-02,3.565771e-03,7.644936e-02,1.049544e-01,2.888613e-02,3.321012e-03,6.325690e-03,5.918557e-03
1.981269e-01,5.229093e-02,1.120361e-01,1.342608e-01,2.402097e-01,4.332903e-02,2.655707e-03,2.215867e-02,4.667862e-03,6.009889e-02,8.699532e-02,2.643002e-02,3.897717e-03,6.646204e-03,6.196261e-03
2.156015e-01,4.780373e-02,1.118347e-01,2.125495e-01,1.958775e-01,3.823272e-02,2.253895e-03,1.805746e-02,5.603428e-03,4.827064e-02,6.572263e-02,2.343975e-02,3.398549e-03,5.812989e-03,5.540953e-03
1.992089e-01,3.496251e-02,1.392583e-01,3.255860e-01,1.423099e-01,2.921297e-02,1.692930e-03,1.327118e-02,4.788687e-03,3.441032e-02,4.663186e-02,1.729566e-02,2.697927e-03,4.479079e-03,4.193786e-03
2.843422e-01,2.911113e-02,1.303123e-01,3.138816e-01,1.057842e-01,2.335482e-02,2.548717e-03,1.176088e-02,5.436446e-03,2.469429e-02,3.506424e-02,1.984612e-02,4.337677e-03,4.639632e-03,4.885721e-03
3.260863e-01,2.216423e-02,1.126833e-01,3.462029e-01,7.657585e-02,2.029133e-02,2.235666e-03,8.926525e-03,4.909194e-03,1.807212e-02,2.623548e-02,2.167772e-02,4.409057e-03,4.342292e-03,5.187972e-03
4.248089e-01,2.022829e-02,9.480949e-02,2.899017e-01,5.752693e-02,1.965402e-02,2.318444e-03,8.019415e-03,5.571018e-03,1.383000e-02,2.263203e-02,2.331511e-02,5.837106e-03,4.822550e-03,6.724989e-03
4.951404e-01,1.703272e-02,8.047034e-02,2.529138e-01,4.332865e-02,1.832806e-02,2.075696e-03,6.831757e-03,6.634850e-03,1.132229e-02,2.054915e-02,2.490205e-02,6.405474e-03,5.484974e-03,8.579704e-03
1.000000e+00,0.000000e+00,0.000000e+00,0.000000e+00,0.000000e+00,0.000000e+00,0.000000e+00,0.000000e+00,0.000000e+00,0.000000e+00,0.000000e+00,0.000000e+00,0.000000e+00,0.000000e+00,0.000000e+00
1.000000e+00,0.000000e+00,0.000000e+00,0.000000e+00,0.000000e+00,0.000000e+00,0.000000e+00,0.000000e+00,0.000000e+00,0.000000e+00,0.000000e+00,0.000000e+00,0.000000e+00,0.000000e+00,0.000000e+00
1.000000e+00,0.000000e+00,0.000000e+00,0.000000e+00,0.000000e+00,0.000000e+00,0.000000e+00,0.000000e+00,0.000000e+00,0.000000e+00,0.000000e+00,0.000000e+00,0.000000e+00,0.000000e+00,0.000000e+00
1.000000e+00,0.000000e+00,0.000000e+00,0.000000e+00,0.000000e+00,0.000000e+00,0.000000e+00,0.000000e+00,0.000000e+00,0.000000e+00,0.000000e+00,0.000000e+00,0.000000e+00,0.000000e+00,0.000000e+00
1.000000e+00,0.000000e+00,0.000000e+00,0.000000e+00,0.000000e+00,0.000000e+00,0.000000e+00,0.000000e+00,0.000000e+00,0.000000e+00,0.000000e+00,0.000000e+00,0.000000e+00,0.000000e+00,0.000000e+00
1.000000e+00,0.000000e+00,0.000000e+00,0.000000e+00,0.000000e+00,0.000000e+00,0.000000e+00,0.000000e+00,0.000000e+00,0.000000e+00,0.000000e+00,0.000000e+00,0.000000e+00,0.000000e+00,0.000000e+00
1.000000e+00,0.000000e+00,0.000000e+00,0.000000e+00,0.000000e+00,0.000000e+00,0.000000e+00,0.000000e+00,0.000000e+00,0.000000e+00,0.000000e+00,0.000000e+00,0.000000e+00,0.000000e+00,0.000000e+00
1.000000e+00,0.000000e+00,0.000000e+00,0.000000e+00,0.000000e+00,0.000000e+00,0.000000e+00,0.000000e+00,0.000000e+00,0.000000e+00,0.000000e+00,0.000000e+00,0.000000e+00,0.000000e+00,0.000000e+00
1.000000e+00,0.000000e+00,0.000000e+00,0.000000e+00,0.000000e+00,0.000000e+00,0.000000e+00,0.000000e+00,0.000000e+00,0.000000e+00,0.000000e+00,0.000000e+00,0.000000e+00,0.000000e+00,0.000000e+00
1.000000e+00,0.000000e+00,0.000000e+00,0.000000e+00,0.000000e+00,0.000000e+00,0.000000e+00,0.000000e+00,0.000000e+00,0.000000e+00,0.000000e+00,0.000000e+00,0.000000e+00,0.000000e+00,0.000000e+00
1.000000e+00,0.000000e+00,0.000000e+00,0.000000e+00,0.000000e+00,0.000000e+00,0.000000e+00,0.000000e+00,0.000000e+00,0.000000e+00,0.000000e+00,0.000000e+00,0.000000e+00,0.000000e+00,0.000000e+00
1.000000e+00,0.000000e+00,0.000000e+00,0.000000e+00,0.000000e+00,0.000000e+00,0.000000e+00,0.000000e+00,0.000000e+00,0.000000e+00,0.000000e+00,0.000000e+00,0.000000e+00,0.000000e+00,0.000000e+00
1.000000e+00,0.000000e+00,0.000000e+00,0.000000e+00,0.000000e+00,0.000000e+00,0.000000e+00,0.000000e+00,0.000000e+00,0.000000e+00,0.000000e+00,0.000000e+00,0.000000e+00,0.000000e+00,0.000000e+00
1.000000e+00,0.000000e+00,0.000000e+00,0.000000e+00,0.000000e+00,0.000000e+00,0.000000e+00,0.000000e+00,0.000000e+00,0.000000e+00,0.000000e+00,0.000000e+00,0.000000e+00,0.000000e+00,0.000000e+00
1.000000e+00,0.000000e+00,0.000000e+00,0.000000e+00,0.000000e+00,0.000000e+00,0.000000e+00,0.000000e+00,0.000000e+00,0.000000e+00,0.000000e+00,0.000000e+00,0.000000e+00,0.000000e+00,0.000000e+00
1.000000e+00,0.000000e+00,0.000000e+00,0.000000e+00,0.000000e+00,0.000000e+00,0.000000e+00,0.000000e+00,0.000000e+00,0.000000e+00,0.000000e+00,0.000000e+00,0.000000e+00,0.000000e+00,0.000000e+00
1.000000e+00,0.000000e+00,0.000000e+00,0.000000e+00,0.000000e+00,0.000000e+00,0.000000e+00,0.000000e+00,0.000000e+00,0.000000e+00,0.000000e+00,0.000000e+00,0.000000e+00,0.000000e+00,0.000000e+00
1.000000e+00,0.000000e+00,0.000000e+00,0.000000e+00,0.000000e+00,0.000000e+00,0.000000e+00,0.000000e+00,0.000000e+00,0.000000e+00,0.000000e+00,0.000000e+00,0.000000e+00,0.000000e+00,0.000000e+00
1.000000e+00,0.000000e+00,0.000000e+00,0.000000e+00,0.000000e+00,0.000000e+00,0.000000e+00,0.000000e+00,0.000000e+00,0.000000e+00,0.000000e+00,0.000000e+00,0.000000e+00,0.000000e+00,0.000000e+00
1.000000e+00,0.000000e+00,0.000000e+00,0.000000e+00,0.000000e+00,0.000000e+00,0.000000e+00,0.000000e+00,0.000000e+00,0.000000e+00,0.000000e+00,0.000000e+00,0.000000e+00,0.000000e+00,0.000000e+00
1.000000e+00,0.000000e+00,0.000000e+00,0.000000e+00,0.000000e+00,0.000000e+00,0.000000e+00,0.000000e+00,0.000000e+00,0.000000e+00,0.000000e+00,0.000000e+00,0.000000e+00,0.000000e+00,0.000000e+00
1.000000e+00,0.000000e+00,0.000000e+00,0.000000e+00,0.000000e+00,0.000000e+00,0.000000e+00,0.000000e+00,0.000000e+00,0.000000e+00,0.000000e+00,0.000000e+00,0.000000e+00,0.000000e+00,0.000000e+00
1.000000e+00,0.000000e+00,0.000000e+00,0.000000e+00,0.000000e+00,0.000000e+00,0.000000e+00,0.000000e+00,0.000000e+00,0.000000e+00,0.000000e+00,0.000000e+00,0.000000e+00,0.000000e+00,0.000000e+00
1.000000e+00,0.000000e+00,0.000000e+00,0.000000e+00,0.000000e+00,0.000000e+00,0.000000e+00,0.000000e+00,0.000000e+00,0.000000e+00,0.000000e+00,0.000000e+00,0.000000e+00,0.000000e+00,0.000000e+00
1.000000e+00,0.000000e+00,0.000000e+00,0.000000e+00,0.000000e+00,0.000000e+00,0.000000e+00,0.000000e+00,0.000000e+00,0.000000e+00,0.000000e+00,0.000000e+00,0.000000e+00,0.000000e+00,0.000000e+00
1.000000e+00,0.000000e+00,0.000000e+00,0.000000e+00,0.000000e+00,0.000000e+00,0.000000e+00,0.000000e+00,0.000000e+00,0.000000e+00,0.000000e+00,0.000000e+00,0.000000e+00,0.000000e+00,0.000000e+00
1.000000e+00,0.000000e+00,0.000000e+00,0.000000e+00,0.000000e+00,0.000000e+00,0.000000e+00,0.000000e+00,0.000000e+00,0.000000e+00,0.000000e+00,0.000000e+00,0.000000e+00,0.000000e+00,0.000000e+00
1.000000e+00,0.000000e+00,0.000000e+00,0.000000e+00,0.000000e+00,0.000000e+00,0.000000e+00,0.000000e+00,0.000000e+00,0.000000e+00,0.000000e+00,0.000000e+00,0.000000e+00,0.000000e+00,0.000000e+00
1.000000e+00,0.000000e+00,0.000000e+00,0.000000e+00,0.000000e+00,0.000000e+00,0.000000e+00,0.000000e+00,0.000000e+00,0.000000e+00,0.000000e+00,0.000000e+00,0.000000e+00,0.000000e+00,0.000000e+00
1.000000e+00,0.000000e+00,0.000000e+00,0.000000e+00,0.000000e+00,0.000000e+00,0.000000e+00,0.000000e+00,0.000000e+00,0.000000e+00,0.000000e+00,0.000000e+00,0.000000e+00,0.000000e+00,0.000000e+00
1.000000e+00,0.000000e+00,0.000000e+00,0.000000e+00,0.000000e+00,0.000000e+00,0.000000e+00,0.000000e+00,0.000000e+00,0.000000e+00,0.000000e+00,0.000000e+00,0.000000e+00,0.000000e+00,0.000000e+00
1.000000e+00,0.000000e+00,0.000000e+00,0.000000e+00,0.000000e+00,0.000000e+00,0.000000e+00,0.000000e+00,0.000000e+00,0.000000e+00,0.000000e+00,0.000000e+00,0.000000e+00,0.000000e+00,0.000000e+00
1.000000e+00,0.000000e+00,0.000000e+00,0.000000e+00,0.000000e+00,0.000000e+00,0.000000e+00,0.000000e+00,0.000000e+00,0.000000e+00,0.000000e+00,0.000000e+00,0.000000e+00,0.000000e+00,0.000000e+00
1.000000e+00,0.000000e+00,0.000000e+00,0.000000e+00,0.000000e+00,0.000000e+00,0.000000e+00,0.000000e+00,0.000000e+00,0.000000e+00,0.000000e+00,0.000000e+00,0.000000e+00,0.000000e+00,0.000000e+00
1.000000e+00,0.000000e+00,0.000000e+00,0.000000e+00,0.000000e+00,0.000000e+00,0.000000e+00,0.000000e+00,0.000000e+00,0.000000e+00,0.000000e+00,0.000000e+00,0.000000e+00,0.000000e+00,0.000000e+00
1.000000e+00,0.000000e+00,0.000000e+00,0.000000e+00,0.000000e+00,0.000000e+00,0.000000e+00,0.000000e+00,0.000000e+00,0.000000e+00,0.000000e+00,0.000000e+00,0.000000e+00,0.000000e+00,0.000000e+00
1.000000e+00,0.000000e+00,0.000000e+00,0.000000e+00,0.000000e+00,0.000000e+00,0.000000e+00,0.000000e+00,0.000000e+00,0.000000e+00,0.000000e+00,0.000000e+00,0.000000e+00,0.000000e+00,0.000000e+00
1.000000e+00,0.000000e+00,0.000000e+00,0.000000e+00,0.000000e+00,0.000000e+00,0.000000e+00,0.000000e+00,0.000000e+00,0.000000e+00,0.000000e+00,0.000000e+00,0.000000e+00,0.000000e+00,0.000000e+00
1.000000e+00,0.000000e+00,0.000000e+00,0.000000e+00,0.000000e+00,0.000000e+00,0.000000e+00,0.000000e+00,0.000000e+00,0.000000e+00,0.000000e+00,0.000000e+00,0.000000e+00,0.000000e+00,0.000000e+00
1.000000e+00,0.000000e+00,0.000000e+00,0.000000e+00,0.000000e+00,0.000000e+00,0.000000e+00,0.000000e+00,0.000000e+00,0.000000e+00,0.000000e+00,0.000000e+00,0.000000e+00,0.000000e+00,0.000000e+00
1.000000e+00,0.000000e+00,0.000000e+00,0.000000e+00,0.000000e+00,0.000000e+00,0.000000e+00,0.000000e+00,0.000000e+00,0.000000e+00,0.000000e+00,0.000000e+00,0.000000e+00,0.000000e+00,0.000000e+00
1.000000e+00,0.000000e+00,0.000000e+00,0.000000e+00,0.000000e+00,0.000000e+00,0.000000e+00,0.000000e+00,0.000000e+00,0.000000e+00,0.000000e+00,0.000000e+00,0.000000e+00,0.000000e+00,0.000000e+00
1.000000e+00,0.000000e+00,0.000000e+00,0.000000e+00,0.000000e+00,0.000000e+00,0.000000e+00,0.000000e+00,0.000000e+00,0.000000e+00,0.000000e+00,0.000000e+00,0.000000e+00,0.000000e+00,0.000000e+00
1.000000e+00,0.000000e+00,0.000000e+00,0.000000e+00,0.000000e+00,0.000000e+00,0.000000e+00,0.000000e+00,0.000000e+00,0.000000e+00,0.000000e+00,0.000000e+00,0.000000e+00,0.000000e+00,0.000000e+00
1.000000e+00,0.000000e+00,0.000000e+00,0.000000e+00,0.000000e+00,0.000000e+00,0.000000e+00,0.000000e+00,0.000000e+00,0.000000e+00,0.000000e+00,0.000000e+00,0.000000e+00,0.000000e+00,0.000000e+00
1.000000e+00,0.000000e+00,0.000000e+00,0.000000e+00,0.000000e+00,0.000000e+00,0.000000e+00,0.000000e+00,0.000000e+00,0.000000e+00,0.000000e+00,0.000000e+00,0.000000e+00,0.000000e+00,0.000000e+00
1.000000e+00,0.000000e+00,0.000000e+00,0.000000e+00,0.000000e+00,0.000000e+00,0.000000e+00,0.000000e+00,0.000000e+00,0.000000e+00,0.000000e+00,0.000000e+00,0.000000e+00,0.000000e+00,0.000000e+00
1.000000e+00,0.000000e+00,0.000000e+00,0.000000e+00,0.000000e+00,0.000000e+00,0.000000e+00,0.000000e+00,0.000000e+00,0.000000e+00,0.000000e+00,0.000000e+00,0.000000e+00,0.000000e+00,0.000000e+00
1.000000e+00,0.000000e+00,0.000000e+00,0.000000e+00,0.000000e+00,0.000000e+00,0.000000e+00,0.000000e+00,0.000000e+00,0.000000e+00,0.000000e+00,0.000000e+00,0.000000e+00,0.000000e+00,0.000000e+00
1.000000e+00,0.000000e+00,0.000000e+00,0.000000e+00,0.000000e+00,0.000000e+00,0.000000e+00,0.000000e+00,0.000000e+00,0.000000e+00,0.000000e+00,0.000000e+00,0.000000e+00,0.000000e+00,0.000000e+00
1.000000e+00,0.000000e+00,0.000000e+00,0.000000e+00,0.000000e+00,0.000000e+00,0.000000e+00,0.000000e+00,0.000000e+00,0.000000e+00,0.000000e+00,0.000000e+00,0.000000e+00,0.000000e+00,0.000000e+00
1.000000e+00,0.000000e+00,0.000000e+00,0.000000e+00,0.000000e+00,0.000000e+00,0.000000e+00,0.000000e+00,0.000000e+00,0.000000e+00,0.000000e+00,0.000000e+00,0.000000e+00,0.000000e+00,0.000000e+00
1.000000e+00,0.000000e+00,0.000000e+00,0.000000e+00,0.000000e+00,0.000000e+00,0.000000e+00,0.000000e+00,0.000000e+00,0.000000e+00,0.000000e+00,0.000000e+00,0.000000e+00,0.000000e+00,0.000000e+00
1.000000e+00,0.000000e+00,0.000000e+00,0.000000e+00,0.000000e+00,0.000000e+00,0.000000e+00,0.000000e+00,0.000000e+00,0.000000e+00,0.000000e+00,0.000000e+00,0.000000e+00,0.000000e+00,0.000000e+00
1.000000e+00,0.000000e+00,0.000000e+00,0.000000e+00,0.000000e+00,0.000000e+00,0.000000e+00,0.000000e+00,0.000000e+00,0.000000e+00,0.000000e+00,0.000000e+00,0.000000e+00,0.000000e+00,0.000000e+00
1.000000e+00,0.000000e+00,0.000000e+00,0.000000e+00,0.000000e+00,0.000000e+00,0.000000e+00,0.000000e+00,0.000000e+00,0.000000e+00,0.000000e+00,0.000000e+00,0.000000e+00,0.000000e+00,0.000000e+00
1.000000e+00,0.000000e+00,0.000000e+00,0.000000e+00,0.000000e+00,0.000000e+00,0.000000e+00,0.000000e+00,0.000000e+00,0.000000e+00,0.000000e+00,0.000000e+00,0.000000e+00,0.000000e+00,0.000000e+00
1.000000e+00,0.000000e+00,0.000000e+00,0.000000e+00,0.000000e+00,0.000000e+00,0.000000e+00,0.000000e+00,0.000000e+00,0.000000e+00,0.000000e+00,0.000000e+00,0.000000e+00,0.000000e+00,0.000000e+00
1.000000e+00,0.000000e+00,0.000000e+00,0.000000e+00,0.000000e+00,0.000000e+00,0.000000e+00,0.000000e+00,0.000000e+00,0.000000e+00,0.000000e+00,0.000000e+00,0.000000e+00,0.000000e+00,0.000000e+00
1.000000e+00,0.000000e+00,0.000000e+00,0.000000e+00,0.000000e+00,0.000000e+00,0.000000e+00,0.000000e+00,0.000000e+00,0.000000e+00,0.000000e+00,0.000000e+00,0.000000e+00,0.000000e+00,0.000000e+00
1.000000e+00,0.000000e+00,0.000000e+00,0.000000e+00,0.000000e+00,0.000000e+00,0.000000e+00,0.000000e+00,0.000000e+00,0.000000e+00,0.000000e+00,0.000000e+00,0.000000e+00,0.000000e+00,0.000000e+00
1.000000e+00,0.000000e+00,0.000000e+00,0.000000e+00,0.000000e+00,0.000000e+00,0.000000e+00,0.000000e+00,0.000000e+00,0.000000e+00,0.000000e+00,0.000000e+00,0.000000e+00,0.000000e+00,0.000000e+00
1.000000e+00,0.000000e+00,0.000000e+00,0.000000e+00,0.000000e+00,0.000000e+00,0.000000e+00,0.000000e+00,0.000000e+00,0.000000e+00,0.000000e+00,0.000000e+00,0.000000e+00,0.000000e+00,0.000000e+00
1.000000e+00,0.000000e+00,0.000000e+00,0.000000e+00,0.000000e+00,0.000000e+00,0.000000e+00,0.000000e+00,0.000000e+00,0.000000e+00,0.000000e+00,0.000000e+00,0.000000e+00,0.000000e+00,0.000000e+00
1.000000e+00,0.000000e+00,0.000000e+00,0.000000e+00,0.000000e+00,0.000000e+00,0.000000e+00,0.000000e+00,0.000000e+00,0.000000e+00,0.000000e+00,0.000000e+00,0.000000e+00,0.000000e+00,0.000000e+00
1.000000e+00,0.000000e+00,0.000000e+00,0.000000e+00,0.000000e+00,0.000000e+00,0.000000e+00,0.000000e+00,0.000000e+00,0.000000e+00,0.000000e+00,0.000000e+00,0.000000e+00,0.000000e+00,0.000000e+00
1.000000e+00,0.000000e+00,0.000000e+00,0.000000e+00,0.000000e+00,0.000000e+00,0.000000e+00,0.000000e+00,0.000000e+00,0.000000e+00,0.000000e+00,0.000000e+00,0.000000e+00,0.000000e+00,0.000000e+00
