1.000000e+00,0.000000e+00,0.000000e+00,0.000000e+00,0.000000e+00,0.000000e+00,0.000000e+00,0.000000e+00,0.000000e+00,0.000000e+00,0.000000e+00,0.000000e+00,0.000000e+00,0.000000e+00,0.000000e+00
1.000000e+00,0.000000e+00,0.000000e+00,0.000000e+00,0.000000e+00,0.000000e+00,0.000000e+00,0.000000e+00,0.000000e+00,0.000000e+00,0.000000e+00,0.000000e+00,0.000000e+00,0.000000e+00,0.000000e+00
1.000000e+00,0.000000e+00,0.000000e+00,0.000000e+00,0.000000e+00,0.000000e+00,0.000000e+00,0.000000e+00,0.000000e+00,0.000000e+00,0.000000e+00,0.000000e+00,0.000000e+00,0.000000e+00,0.000000e+00
1.000000e+00,0.000000e+00,0.000000e+00,0.000000e+00,0.000000e+00,0.000000e+00,0.000000e+00,0.000000e+00,0.000000e+00,0.000000e+00,0.000000e+00,0.000000e+00,0.000000e+00,0.000000e+00,0.000000e+00
1.000000e+00,0.000000e+00,0.000000e+00,0.000000e+00,0.000000e+00,0.000000e+00,0.000000e+00,0.000000e+00,0.000000e+00,0.000000e+00,0.000000e+00,0.000000e+00,0.000000e+00,0.000000e+00,0.000000e+00
1.000000e+00,0.000000e+00,0.000000e+00,0.000000e+00,0.000000e+00,0.000000e+00,0.000000e+00,0.000000e+00,0.000000e+00,0.000000e+00,0.000000e+00,0.000000e+00,0.000000e+00,0.000000e+00,0.000000e+00
1.000000e+00,0.000000e+00,0.000000e+00,0.000000e+00,0.000000e+00,0.000000e+00,0.000000e+00,0.000000e+00,0.000000e+00,0.000000e+00,0.000000e+00,0.000000e+00,0.000000e+00,0.000000e+00,0.000000e+00
1.000000e+00,0.000000e+00,0.000000e+00,0.000000e+00,0.000000e+00,0.000000e+00,0.000000e+00,0.000000e+00,0.000000e+00,0.000000e+00,0.000000e+00,0.000000e+00,0.000000e+00,0.000000e+00,0.000000e+00
1.000000e+00,0.000000e+00,0.000000e+00,0.000000e+00,0.000000e+00,0.000000e+00,0.000000e+00,0.000000e+00,0.000000e+00,0.000000e+00,0.000000e+00,0.000000e+00,0.000000e+00,0.000000e+00,0.000000e+00
1.000000e+00,0.000000e+00,0.000000e+00,0.000000e+00,0.000000e+00,0.000000e+00,0.000000e+00,0.000000e+00,0.000000e+00,0.000000e+00,0.000000e+00,0.000000e+00,0.000000e+00,0.000000e+00,0.000000e+00
1.000000e+00,0.000000e+00,0.000000e+00,0.000000e+00,0.000000e+00,0.000000e+00,0.000000e+00,0.000000e+00,0.000000e+00,0.000000e+00,0.000000e+00,0.000000e+00,0.000000e+00,0.000000e+00,0.000000e+00
1.000000e+00,0.000000e+00,0.000000e+00,0.000000e+00,0.000000e+00,0.000000e+00,0.000000e+00,0.000000e+00,0.000000e+00,0.000000e+00,0.000000e+00,0.000000e+00,0.000000e+00,0.000000e+00,0.000000e+00
1.000000e+00,0.000000e+00,0.000000e+00,0.000000e+00,0.000000e+00,0.000000e+00,0.000000e+00,0.000000e+00,0.000000e+00,0.000000e+00,0.000000e+00,0.000000e+00,0.000000e+00,0.000000e+00,0.000000e+00
1.000000e+00,0.000000e+00,0.000000e+00,0.000000e+00,0.000000e+00,0.000000e+00,0.000000e+00,0.000000e+00,0.000000e+00,0.000000e+00,0.000000e+00,0.000000e+00,0.000000e+00,0.000000e+00,0.000000e+00
1.000000e+00,0.000000e+00,0.000000e+00,0.000000e+00,0.000000e+00,0.000000e+00,0.000000e+00,0.000000e+00,0.000000e+00,0.000000e+00,0.000000e+00,0.000000e+00,0.000000e+00,0.000000e+00,0.000000e+00
1.000000e+00,0.000000e+00,0.000000e+00,0.000000e+00,0.000000e+00,0.000000e+00,0.000000e+00,0.000000e+00,0.000000e+00,0.000000e+00,0.000000e+00,0.000000e+00,0.000000e+00,0.000000e+00,0.000000e+00
1.000000e+00,0.000000e+00,0.000000e+00,0.000000e+00,0.000000e+00,0.000000e+00,0.000000e+00,0.000000e+00,0.000000e+00,0.000000e+00,0.000000e+00,0.000000e+00,0.000000e+00,0.000000e+00,0.000000e+00
1.000000e+00,0.000000e+00,0.000000e+00,0.000000e+00,0.000000e+00,0.000000e+00,0.000000e+00,0.000000e+00,0.000000e+00,0.000000e+00,0.000000e+00,0.000000e+00,0.000000e+00,0.000000e+00,0.000000e+00
1.000000e+00,0.000000e+00,0.000000e+00,0.000000e+00,0.000000e+00,0.000000e+00,0.000000e+00,0.000000e+00,0.000000e+00,0.000000e+00,0.000000e+00,0.000000e+00,0.000000e+00,0.000000e+00,0.000000e+00
1.000000e+00,0.000000e+00,0.000000e+00,0.000000e+00,0.000000e+00,0.000000e+00,0.000000e+00,0.000000e+00,0.000000e+00,0.000000e+00,0.000000e+00,0.000000e+00,0.000000e+00,0.000000e+00,0.000000e+00
1.000000e+00,0.000000e+00,0.000000e+00,0.000000e+00,0.000000e+00,0.000000e+00,0.000000e+00,0.000000e+00,0.000000e+00,0.000000e+00,0.000000e+00,0.000000e+00,0.000000e+00,0.000000e+00,0.000000e+00
1.000000e+00,0.000000e+00,0.000000e+00,0.000000e+00,0.000000e+00,0.000000e+00,0.000000e+00,0.000000e+00,0.000000e+00,0.000000e+00,0.000000e+00,0.000000e+00,0.000000e+00,0.000000e+00,0.000000e+00
1.000000e+00,0.000000e+00,0.000000e+00,0.000000e+00,0.000000e+00,0.000000e+00,0.000000e+00,0.000000e+00,0.000000e+00,0.000000e+00,0.000000e+00,0.000000e+00,0.000000e+00,0.000000e+00,0.000000e+00
1.000000e+00,0.000000e+00,0.000000e+00,0.000000e+00,0.000000e+00,0.000000e+00,0.000000e+00,0.000000e+00,0.000000e+00,0.000000e+00,0.000000e+00,0.000000e+00,0.000000e+00,0.000000e+00,0.000000e+00
1.000000e+00,0.000000e+00,0.000000e+00,0.000000e+00,0.000000e+00,0.000000e+00,0.000000e+00,0.000000e+00,0.000000e+00,0.000000e+00,0.000000e+00,0.000000e+00,0.000000e+00,0.000000e+00,0.000000e+00
1.000000e+00,0.000000e+00,0.000000e+00,0.000000e+00,0.000000e+00,0.000000e+00,0.000000e+00,0.000000e+00,0.000000e+00,0.000000e+00,0.000000e+00,0.000000e+00,0.000000e+00,0.000000e+00,0.000000e+00
1.000000e+00,0.000000e+00,0.000000e+00,0.000000e+00,0.000000e+00,0.000000e+00,0.000000e+00,0.000000e+00,0.000000e+00,0.000000e+00,0.000000e+00,0.000000e+00,0.000000e+00,0.000000e+00,0.000000e+00
1.000000e+00,0.000000e+00,0.000000e+00,0.000000e+00,0.000000e+00,0.000000e+00,0.000000e+00,0.000000e+00,0.000000e+00,0.000000e+00,0.000000e+00,0.000000e+00,0.000000e+00,0.000000e+00,0.000000e+00
1.000000e+00,0.000000e+00,0.000000e+00,0.000000e+00,0.000000e+00,0.000000e+00,0.000000e+00,0.000000e+00,0.000000e+00,0.000000e+00,0.000000e+00,0.000000e+00,0.000000e+00,0.000000e+00,0.000000e+00
1.000000e+00,0.000000e+00,0.000000e+00,0.000000e+00,0.000000e+00,0.000000e+00,0.000000e+00,0.000000e+00,0.000000e+00,0.000000e+00,0.000000e+00,0.000000e+00,0.000000e+00,0.000000e+00,0.000000e+00
1.000000e+00,0.000000e+00,0.000000e+00,0.000000e+00,0.000000e+00,0.000000e+00,0.000000e+00,0.000000e+00,0.000000e+00,0.000000e+00,0.000000e+00,0.000000e+00,0.000000e+00,0.000000e+00,0.000000e+00
1.000000e+00,0.000000e+00,0.000000e+00,0.000000e+00,0.000000e+00,0.000000e+00,0.000000e+00,0.000000e+00,0.000000e+00,0.000000e+00,0.000000e+00,0.000000e+00,0.000000e+00,0.000000e+00,0.000000e+00
1.000000e+00,0.000000e+00,0.000000e+00,0.000000e+00,0.000000e+00,0.000000e+00,0.000000e+00,0.000000e+00,0.000000e+00,0.000000e+00,0.000000e+00,0.000000e+00,0.000000e+00,0.000000e+00,0.000000e+00
1.000000e+00,0.000000e+00,0.000000e+00,0.000000e+00,0.000000e+00,0.000000e+00,0.000000e+00,0.000000e+00,0.000000e+00,0.000000e+00,0.000000e+00,0.000000e+00,0.000000e+00,0.000000e+00,0.000000e+00
1.000000e+00,0.000000e+00,0.000000e+00,0.000000e+00,0.000000e+00,0.000000e+00,0.000000e+00,0.000000e+00,0.000000e+00,0.000000e+00,0.000000e+00,0.000000e+00,0.000000e+00,0.000000e+00,0.000000e+00
1.000000e+00,0.000000e+00,0.000000e+00,0.000000e+00,0.000000e+00,0.000000e+00,0.000000e+00,0.000000e+00,0.000000e+00,0.000000e+00,0.000000e+00,0.000000e+00,0.000000e+00,0.000000e+00,0.000000e+00
1.000000e+00,0.000000e+00,0.000000e+00,0.000000e+00,0.000000e+00,0.000000e+00,0.000000e+00,0.000000e+00,0.000000e+00,0.000000e+00,0.000000e+00,0.000000e+00,0.000000e+00,0.000000e+00,0.000000e+00
1.000000e+00,0.000000e+00,0.000000e+00,0.000000e+00,0.000000e+00,0.000000e+00,0.000000e+00,0.000000e+00,0.000000e+00,0.000000e+00,0.000000e+00,0.000000e+00,0.000000e+00,0.000000e+00,0.000000e+00
1.000000e+00,0.000000e+00,0.000000e+00,0.000000e+00,0.000000e+00,0.000000e+00,0.000000e+00,0.000000e+00,0.000000e+00,0.000000e+00,0.000000e+00,0.000000e+00,0.000000e+00,0.000000e+00,0.000000e+00
1.000000e+00,0.000000e+00,0.000000e+00,0.000000e+00,0.000000e+00,0.000000e+00,0.000000e+00,0.000000e+00,0.000000e+00,0.000000e+00,0.000000e+00,0.000000e+00,0.000000e+00,0.000000e+00,0.000000e+00
1.000000e+00,0.000000e+00,0.000000e+00,0.000000e+00,0.000000e+00,0.000000e+00,0.000000e+00,0.000000e+00,0.000000e+00,0.000000e+00,0.000000e+00,0.000000e+00,0.000000e+00,0.000000e+00,0.000000e+00
1.000000e+00,0.000000e+00,0.000000e+00,0.000000e+00,0.000000e+00,0.000000e+00,0.000000e+00,0.000000e+00,0.000000e+00,0.000000e+00,0.000000e+00,0.000000e+00,0.000000e+00,0.000000e+00,0.000000e+00
1.000000e+00,0.000000e+00,0.000000e+00,0.000000e+00,0.000000e+00,0.000000e+00,0.000000e+00,0.000000e+00,0.000000e+00,0.000000e+00,0.000000e+00,0.000000e+00,0.000000e+00,0.000000e+00,0.000000e+00
1.000000e+00,0.000000e+00,0.000000e+00,0.000000e+00,0.000000e+00,0.000000e+00,0.000000e+00,0.000000e+00,0.000000e+00,0.000000e+00,0.000000e+00,0.000000e+00,0.000000e+00,0.000000e+00,0.000000e+00
1.000000e+00,0.000000e+00,0.000000e+00,0.000000e+00,0.000000e+00,0.000000e+00,0.000000e+00,0.000000e+00,0.000000e+00,0.000000e+00,0.000000e+00,0.000000e+00,0.000000e+00,0.000000e+00,0.000000e+00
1.000000e+00,0.000000e+00,0.000000e+00,0.000000e+00,0.000000e+00,0.000000e+00,0.000000e+00,0.000000e+00,0.000000e+00,0.000000e+00,0.000000e+00,0.000000e+00,0.000000e+00,0.000000e+00,0.000000e+00
1.000000e+00,0.000000e+00,0.000000e+00,0.000000e+00,0.000000e+00,0.000000e+00,0.000000e+00,0.000000e+00,0.000000e+00,0.000000e+00,0.000000e+00,0.000000e+00,0.000000e+00,0.000000e+00,0.000000e+00
1.000000e+00,0.000000e+00,0.000000e+00,0.000000e+00,0.000000e+00,0.000000e+00,0.000000e+00,0.000000e+00,0.000000e+00,0.000000e+00,0.000000e+00,0.000000e+00,0.000000e+00,0.000000e+00,0.000000e+00
1.000000e+00,0.000000e+00,0.000000e+00,0.000000e+00,0.000000e+00,0.000000e+00,0.000000e+00,0.000000e+00,0.000000e+00,0.000000e+00,0.000000e+00,0.000000e+00,0.000000e+00,0.000000e+00,0.000000e+00
1.000000e+00,0.000000e+00,0.000000e+00,0.000000e+00,0.000000e+00,0.000000e+00,0.000000e+00,0.000000e+00,0.000000e+00,0.000000e+00,0.000000e+00,0.000000e+00,0.000000e+00,0.000000e+00,0.000000e+00
1.000000e+00,0.000000e+00,0.000000e+00,0.000000e+00,0.000000e+00,0.000000e+00,0.000000e+00,0.000000e+00,0.000000e+00,0.000000e+00,0.000000e+00,0.000000e+00,0.000000e+00,0.000000e+00,0.000000e+00
1.000000e+00,0.000000e+00,0.000000e+00,0.000000e+00,0.000000e+00,0.000000e+00,0.000000e+00,0.000000e+00,0.000000e+00,0.000000e+00,0.000000e+00,0.000000e+00,0.000000e+00,0.000000e+00,0.000000e+00
1.000000e+00,0.000000e+00,0.000000e+00,0.000000e+00,0.000000e+00,0.000000e+00,0.000000e+00,0.000000e+00,0.000000e+00,0.000000e+00,0.000000e+00,0.000000e+00,0.000000e+00,0.000000e+00,0.000000e+00
1.000000e+00,0.000000e+00,0.000000e+00,0.000000e+00,0.000000e+00,0.000000e+00,0.000000e+00,0.000000e+00,0.000000e+00,0.000000e+00,0.000000e+00,0.000000e+00,0.000000e+00,0.000000e+00,0.000000e+00
1.000000e+00,0.000000e+00,0.000000e+00,0.000000e+00,0.000000e+00,0.000000e+00,0.000000e+00,0.000000e+00,0.000000e+00,0.000000e+00,0.000000e+00,0.000000e+00,0.000000e+00,0.000000e+00,0.000000e+00
1.000000e+00,0.000000e+00,0.000000e+00,0.000000e+00,0.000000e+00,0.000000e+00,0.000000e+00,0.000000e+00,0.000000e+00,0.000000e+00,0.000000e+00,0.000000e+00,0.000000e+00,0.000000e+00,0.000000e+00
1.000000e+00,0.000000e+00,0.000000e+00,0.000000e+00,0.000000e+00,0.000000e+00,0.000000e+00,0.000000e+00,0.000000e+00,0.000000e+00,0.000000e+00,0.000000e+00,0.000000e+00,0.000000e+00,0.000000e+00
1.000000e+00,0.000000e+00,0.000000e+00,0.000000e+00,0.000000e+00,0.000000e+00,0.000000e+00,0.000000e+00,0.000000e+00,0.000000e+00,0.000000e+00,0.000000e+00,0.000000e+00,0.000000e+00,0.000000e+00
1.000000e+00,0.000000e+00,0.000000e+00,0.000000e+00,0.000000e+00,0.000000e+00,0.000000e+00,0.000000e+00,0.000000e+00,0.000000e+00,0.000000e+00,0.000000e+00,0.000000e+00,0.000000e+00,0.000000e+00
1.000000e+00,0.000000e+00,0.000000e+00,0.000000e+00,0.000000e+00,0.000000e+00,0.000000e+00,0.000000e+00,0.000000e+00,0.000000e+00,0.000000e+00,0.000000e+00,0.000000e+00,0.000000e+00,0.000000e+00
1.000000e+00,0.000000e+00,0.000000e+00,0.000000e+00,0.000000e+00,0.000000e+00,0.000000e+00,0.000000e+00,0.000000e+00,0.000000e+00,0.000000e+00,0.000000e+00,0.000000e+00,0.000000e+00,0.000000e+00
1.000000e+00,0.000000e+00,0.000000e+00,0.000000e+00,0.000000e+00,0.000000e+00,0.000000e+00,0.000000e+00,0.000000e+00,0.000000e+00,0.000000e+00,0.000000e+00,0.000000e+00,0.000000e+00,0.000000e+00
1.000000e+00,0.000000e+00,0.000000e+00,0.000000e+00,0.000000e+00,0.000000e+00,0.000000e+00,0.000000e+00,0.000000e+00,0.000000e+00,0.000000e+00,0.000000e+00,0.000000e+00,0.000000e+00,0.000000e+00
4.059926e-01,6.210876e-02,2.173217e-03,3.323081e-01,1.120979e-02,7.420608e-03,1.437954e-03,2.438642e-03,3.742788e-03,2.846373e-03,1.206841e-01,1.436859e-02,2.623649e-02,9.516178e-04,6.080447e-03
2.846698e-01,4.436383e-02,1.814517e-03,4.072007e-01,1.035043e-02,5.440965e-03,1.099919e-03,1.844353e-03,1.013510e-02,7.231541e-03,1.808412e-01,1.646932e-02,2.032347e-02,3.279343e-03,4.935528e-03
1.998421e-01,3.217297e-02,1.694660e-03,3.755602e-01,1.404745e-02,4.750725e-03,8.010163e-04,1.438015e-03,3.033729e-02,1.714281e-02,2.458397e-01,3.972785e-02,2.340206e-02,8.948474e-03,4.294518e-03
1.409063e-01,2.542222e-02,1.850052e-03,2.930946e-01,1.727109e-02,8.991550e-03,6.104960e-04,1.355661e-03,7.836889e-02,2.124133e-02,2.778152e-01,7.999799e-02,3.369553e-02,1.518554e-02,4.193569e-03
1.487115e-01,2.235826e-02,1.147970e-02,2.375747e-01,5.459419e-02,1.036410e-02,8.155837e-04,1.340931e-02,1.197405e-01,1.994487e-02,2.464171e-01,6.252369e-02,3.100412e-02,1.495297e-02,6.109451e-03
1.397081e-01,2.587864e-02,9.681340e-03,1.981324e-01,6.565230e-02,1.045315e-02,6.902033e-04,1.104695e-02,2.034546e-01,1.925789e-02,2.013251e-01,5.280359e-02,2.808239e-02,2.262100e-02,1.121230e-02
1.095347e-01,3.175278e-02,1.424268e-02,2.679114e-01,5.562320e-02,1.101620e-02,6.418948e-04,1.934000e-02,2.234454e-01,2.052180e-02,1.563770e-01,3.871422e-02,2.193717e-02,1.724909e-02,1.169245e-02
7.884514e-02,5.121253e-02,1.312605e-02,2.222118e-01,4.193738e-02,1.011594e-02,5.203224e-04,1.395509e-02,3.206378e-01,2.321371e-02,1.373268e-01,3.051477e-02,1.702451e-02,1.552853e-02,2.382961e-02
5.793314e-02,4.380673e-02,1.319510e-02,1.805500e-01,2.995272e-02,8.531737e-03,3.966533e-04,1.001442e-02,4.324835e-01,2.206046e-02,1.032413e-01,2.222055e-02,1.247990e-02,1.831344e-02,4.482048e-02
1.578803e-01,5.184010e-02,1.141365e-02,1.417671e-01,2.400885e-02,9.740099e-03,5.572028e-04,9.139998e-03,3.805328e-01,1.992119e-02,8.886446e-02,2.013532e-02,1.257865e-02,2.768771e-02,4.393264e-02
2.047501e-01,5.757590e-02,9.458594e-03,1.232491e-01,2.003384e-02,8.911824e-03,5.172183e-04,7.569555e-03,3.355775e-01,2.163734e-02,7.919341e-02,2.058534e-02,1.284907e-02,4.318428e-02,5.490703e-02
2.534358e-01,5.094910e-02,1.029663e-02,1.092548e-01,1.728975e-02,1.159569e-02,1.326574e-03,1.278926e-02,2.825732e-01,2.049742e-02,8.600368e-02,2.586415e-02,1.253900e-02,5.330441e-02,5.228060e-02
3.623841e-01,4.559318e-02,8.802524e-03,8.754112e-02,1.442800e-02,1.401023e-02,1.510920e-03,1.162481e-02,2.131852e-01,1.567679e-02,8.272535e-02,3.080086e-02,1.431695e-02,4.973044e-02,4.766960e-02
4.259190e-01,4.104385e-02,7.505560e-03,7.774444e-02,1.291935e-02,1.663506e-02,1.916018e-03,1.225804e-02,1.651971e-01,1.229857e-02,8.293699e-02,4.046056e-02,1.574593e-02,4.318138e-02,4.423819e-02
4.364362e-01,5.579438e-02,7.778897e-03,6.498686e-02,1.614834e-02,1.663360e-02,2.787482e-03,1.559868e-02,1.376096e-01,1.166899e-02,8.411279e-02,5.203996e-02,1.645138e-02,3.897193e-02,4.298092e-02
4.434559e-01,8.099297e-02,7.106306e-03,5.255894e-02,1.741768e-02,1.775912e-02,3.013231e-03,1.608060e-02,1.329383e-01,1.116859e-02,8.088778e-02,4.537379e-02,1.431131e-02,3.487494e-02,4.206049e-02
4.573104e-01,7.540045e-02,9.559609e-03,5.557483e-02,1.840079e-02,2.593613e-02,3.955171e-03,3.062784e-02,1.200331e-01,9.911885e-03,6.990210e-02,4.310437e-02,1.347247e-02,2.734679e-02,3.946406e-02
4.860222e-01,7.060679e-02,9.871154e-03,4.103951e-02,1.673214e-02,3.587686e-02,6.010572e-03,3.315227e-02,1.133897e-01,1.095410e-02,5.525373e-02,3.742354e-02,1.815428e-02,3.128892e-02,3.422422e-02
4.862002e-01,7.836728e-02,7.843904e-03,3.279717e-02,1.774717e-02,4.657248e-02,4.838907e-03,3.006675e-02,1.217070e-01,1.038058e-02,4.283928e-02,3.256914e-02,1.955114e-02,3.182005e-02,3.669886e-02
4.690894e-01,7.478517e-02,6.946460e-03,3.044048e-02,2.772224e-02,5.384346e-02,5.619772e-03,6.095523e-02,1.184736e-01,1.225883e-02,3.330156e-02,2.862380e-02,1.542207e-02,2.867284e-02,3.384502e-02
4.662476e-01,8.473299e-02,5.660538e-03,3.040298e-02,3.039435e-02,6.334521e-02,4.572076e-03,5.177508e-02,1.240624e-01,1.077757e-02,2.833340e-02,2.663619e-02,1.289266e-02,2.701548e-02,3.315153e-02
3.774331e-01,8.480284e-02,4.915348e-03,2.456431e-02,2.863895e-02,1.660284e-01,4.179128e-03,6.439042e-02,1.237722e-01,1.040184e-02,2.304742e-02,2.028942e-02,1.115034e-02,2.922678e-02,2.715958e-02
2.910867e-01,6.668495e-02,3.925819e-02,7.771955e-02,3.817207e-02,1.234676e-01,3.467235e-03,1.324822e-01,1.199785e-01,1.556761e-02,1.767594e-02,1.640418e-02,9.581842e-03,2.114774e-02,2.730563e-02
2.544666e-01,6.544735e-02,3.479162e-02,7.047664e-02,5.071091e-02,1.198726e-01,3.266402e-03,1.353174e-01,1.671118e-01,1.842088e-02,1.405285e-02,1.371055e-02,1.109768e-02,1.683911e-02,2.441764e-02
2.167981e-01,5.529753e-02,2.754559e-02,5.476934e-02,5.777842e-02,9.868136e-02,5.172234e-03,1.277028e-01,2.714572e-01,1.559130e-02,1.205019e-02,1.189232e-02,1.130897e-02,1.216331e-02,2.179145e-02
1.866217e-01,4.696047e-02,2.752011e-02,4.264998e-02,5.296964e-02,8.722962e-02,3.561709e-02,1.425290e-01,2.752011e-01,1.318019e-02,1.079437e-02,9.640670e-03,4.192595e-02,8.721936e-03,1.843822e-02
1.545530e-01,3.812753e-02,2.999686e-02,3.679438e-02,4.311261e-02,8.268655e-02,8.854554e-02,1.998917e-01,2.117438e-01,1.187446e-02,9.303504e-03,8.070892e-03,6.294819e-02,6.255635e-03,1.609535e-02
1.425440e-01,3.075251e-02,2.985868e-02,2.852116e-02,3.460643e-02,6.813660e-02,1.794742e-01,2.183988e-01,1.612043e-01,1.213366e-02,7.471588e-03,6.906713e-03,6.100361e-02,4.564643e-03,1.442307e-02
1.480494e-01,2.612854e-02,2.471433e-02,2.345932e-02,3.246122e-02,6.503730e-02,2.009874e-01,2.546339e-01,1.286524e-01,1.264089e-02,8.594362e-03,8.384462e-03,5.016046e-02,3.766237e-03,1.232971e-02
2.176874e-01,2.549355e-02,1.874613e-02,1.820365e-02,3.482573e-02,6.145521e-02,2.133970e-01,2.180246e-01,1.071644e-01,1.114914e-02,7.671805e-03,8.832451e-03,4.296719e-02,2.940969e-03,1.144072e-02
2.817931e-01,2.187023e-02,1.490785e-02,1.480725e-02,3.062370e-02,6.207558e-02,2.235296e-01,1.774145e-01,8.965224e-02,9.702994e-03,7.728841e-03,1.174642e-02,4.150987e-02,2.345016e-03,1.029281e-02
3.375221e-01,1.857358e-02,1.237391e-02,1.332143e-02,3.264509e-02,5.010848e-02,2.285197e-01,1.470191e-01,7.384817e-02,9.423434e-03,8.923990e-03,1.331219e-02,3.986682e-02,2.315222e-03,1.222671e-02
4.276905e-01,1.565358e-02,1.038211e-02,1.288219e-02,2.864213e-02,4.071330e-02,1.908512e-01,1.112543e-01,6.196421e-02,8.111984e-03,9.526937e-03,1.417591e-02,5.163704e-02,2.489650e-03,1.402498e-02
4.977848e-01,1.424215e-02,9.151083e-03,1.186397e-02,2.501179e-02,3.346451e-02,1.653984e-01,8.566763e-02,5.616131e-02,6.794543e-03,8.747721e-03,1.389168e-02,5.565526e-02,2.357031e-03,1.380817e-02
1.000000e+00,0.000000e+00,0.000000e+00,0.000000e+00,0.000000e+00,0.000000e+00,0.000000e+00,0.000000e+00,0.000000e+00,0.000000e+00,0.000000e+00,0.000000e+00,0.000000e+00,0.000000e+00,0.000000e+00
1.000000e+00,0.000000e+00,0.000000e+00,0.000000e+00,0.000000e+00,0.000000e+00,0.000000e+00,0.000000e+00,0.000000e+00,0.000000e+00,0.000000e+00,0.000000e+00,0.000000e+00,0.000000e+00,0.000000e+00
1.000000e+00,0.000000e+00,0.000000e+00,0.000000e+00,0.000000e+00,0.000000e+00,0.000000e+00,0.000000e+00,0.000000e+00,0.000000e+00,0.000000e+00,0.000000e+00,0.000000e+00,0.000000e+00,0.000000e+00
1.000000e+00,0.000000e+00,0.000000e+00,0.000000e+00,0.000000e+00,0.000000e+00,0.000000e+00,0.000000e+00,0.000000e+00,0.000000e+00,0.000000e+00,0.000000e+00,0.000000e+00,0.000000e+00,0.000000e+00
1.000000e+00,0.000000e+00,0.000000e+00,0.000000e+00,0.000000e+00,0.000000e+00,0.000000e+00,0.000000e+00,0.000000e+00,0.000000e+00,0.000000e+00,0.000000e+00,0.000000e+00,0.000000e+00,0.000000e+00
1.000000e+00,0.000000e+00,0.000000e+00,0.000000e+00,0.000000e+00,0.000000e+00,0.000000e+00,0.000000e+00,0.000000e+00,0.000000e+00,0.000000e+00,0.000000e+00,0.000000e+00,0.000000e+00,0.000000e+00
4.454998e-01,2.146001e-02,9.748807e-03,3.571019e-02,8.462972e-03,3.703080e-02,3.243166e-02,1.482637e-02,1.891347e-02,1.211808e-02,2.055374e-02,2.022507e-01,8.882716e-02,5.137173e-03,4.702906e-02
3.839183e-01,2.240103e-02,8.646986e-03,3.417637e-02,7.281879e-03,3.192380e-02,2.360275e-02,1.350526e-02,2.852623e-02,2.613162e-02,2.811728e-02,1.863658e-01,1.264143e-01,7.323168e-03,7.166517e-02
4.202892e-01,2.235440e-02,8.200219e-03,3.825976e-02,8.181973e-03,3.069574e-02,1.777433e-02,1.461167e-02,4.195879e-02,3.077246e-02,2.878695e-02,1.496711e-01,1.116275e-01,7.947831e-03,6.886813e-02
1.000000e+00,0.000000e+00,0.000000e+00,0.000000e+00,0.000000e+00,0.000000e+00,0.000000e+00,0.000000e+00,0.000000e+00,0.000000e+00,0.000000e+00,0.000000e+00,0.000000e+00,0.000000e+00,0.000000e+00
1.000000e+00,0.000000e+00,0.000000e+00,0.000000e+00,0.000000e+00,0.000000e+00,0.000000e+00,0.000000e+00,0.000000e+00,0.000000e+00,0.000000e+00,0.000000e+00,0.000000e+00,0.000000e+00,0.000000e+00
1.000000e+00,0.000000e+00,0.000000e+00,0.000000e+00,0.000000e+00,0.000000e+00,0.000000e+00,0.000000e+00,0.000000e+00,0.000000e+00,0.000000e+00,0.000000e+00,0.000000e+00,0.000000e+00,0.000000e+00
1.000000e+00,0.000000e+00,0.000000e+00,0.000000e+00,0.000000e+00,0.000000e+00,0.000000e+00,0.000000e+00,0.000000e+00,0.000000e+00,0.000000e+00,0.000000e+00,0.000000e+00,0.000000e+00,0.000000e+00
1.000000e+00,0.000000e+00,0.000000e+00,0.000000e+00,0.000000e+00,0.000000e+00,0.000000e+00,0.000000e+00,0.000000e+00,0.000000e+00,0.000000e+00,0.000000e+00,0.000000e+00,0.000000e+00,0.000000e+00
1.000000e+00,0.000000e+00,0.000000e+00,0.000000e+00,0.000000e+00,0.000000e+00,0.000000e+00,0.000000e+00,0.000000e+00,0.000000e+00,0.000000e+00,0.000000e+00,0.000000e+00,0.000000e+00,0.000000e+00
4.085821e-01,1.313912e-02,3.764105e-02,5.048436e-02,1.909998e-02,1.871917e-02,9.524959e-03,5.804415e-02,3.354496e-02,2.296322e-02,2.482592e-02,3.374425e-02,4.453317e-02,5.449676e-03,2.197039e-01
3.813953e-01,1.167355e-02,1.344515e-01,5.125761e-02,1.839300e-02,1.642527e-02,7.744780e-03,5.844283e-02,2.563945e-02,1.846594e-02,2.024227e-02,2.744334e-02,3.598332e-02,4.439340e-03,1.880026e-01
3.482267e-01,1.340400e-02,2.127193e-01,4.351692e-02,2.806704e-02,1.394289e-02,6.687180e-03,5.393961e-02,2.283719e-02,1.501416e-02,1.556118e-02,1.989302e-02,2.692816e-02,4.180016e-03,1.750825e-01
3.829814e-01,1.335886e-02,2.025847e-01,5.834327e-02,4.015365e-02,1.431351e-02,5.339296e-03,5.997541e-02,2.116745e-02,1.246717e-02,1.385958e-02,1.678356e-02,2.262289e-02,3.247190e-03,1.328021e-01
4.686883e-01,1.286709e-02,1.678497e-01,5.634831e-02,4.088872e-02,1.705753e-02,4.548058e-03,5.374889e-02,1.827939e-02,1.147904e-02,1.204229e-02,1.528564e-02,1.873600e-02,2.758903e-03,9.942218e-02
4.974311e-01,2.427326e-02,1.354064e-01,5.836408e-02,4.052765e-02,2.599935e-02,4.458738e-03,4.555250e-02,3.188054e-02,1.036337e-02,1.025020e-02,1.617197e-02,1.891185e-02,2.326951e-03,7.808214e-02
4.752293e-01,4.096395e-02,1.102721e-01,6.183392e-02,4.526164e-02,2.830136e-02,5.166446e-03,4.309288e-02,5.917434e-02,1.081578e-02,9.722888e-03,1.609248e-02,2.196469e-02,1.974655e-03,7.013360e-02
4.076797e-01,5.897950e-02,8.650570e-02,8.188461e-02,5.601318e-02,2.698741e-02,6.914646e-03,3.941343e-02,9.150726e-02,2.126440e-02,9.121472e-03,1.460918e-02,2.093200e-02,2.028358e-03,7.615918e-02
4.106333e-01,8.198683e-02,6.949943e-02,6.705291e-02,6.453803e-02,2.360003e-02,6.873509e-03,5.231133e-02,9.929468e-02,1.741080e-02,7.446376e-03,1.285242e-02,2.009174e-02,2.917020e-03,6.349157e-02
3.739068e-01,8.159724e-02,6.467778e-02,1.009225e-01,7.240245e-02,2.014027e-02,7.260178e-03,6.792749e-02,1.024837e-01,1.699735e-02,6.789451e-03,1.205636e-02,1.734507e-02,3.155861e-03,5.233749e-02
3.982837e-01,9.721314e-02,5.529683e-02,8.810148e-02,7.033493e-02,1.760501e-02,7.452908e-03,5.428849e-02,1.054335e-01,1.723502e-02,6.136713e-03,1.237880e-02,1.588457e-02,3.186685e-03,5.116826e-02
3.973769e-01,1.047705e-01,4.935279e-02,8.283977e-02,6.643589e-02,1.741624e-02,7.750106e-03,4.097991e-02,1.036524e-01,1.740796e-02,6.390715e-03,1.512353e-02,1.376575e-02,3.309431e-03,7.342812e-02
4.519302e-01,1.236697e-01,3.774688e-02,6.960144e-02,6.040338e-02,1.553137e-02,6.592132e-03,3.080454e-02,8.320838e-02,1.443330e-02,6.943810e-03,1.675470e-02,1.267300e-02,3.078853e-03,6.662828e-02
4.737022e-01,1.173796e-01,3.744800e-02,7.582115e-02,5.997103e-02,1.542576e-02,1.043355e-02,2.688652e-02,6.561264e-02,1.355462e-02,6.438872e-03,1.897549e-02,1.269171e-02,2.927049e-03,6.273176e-02
1.000000e+00,0.000000e+00,0.000000e+00,0.000000e+00,0.000000e+00,0.000000e+00,0.000000e+00,0.000000e+00,0.000000e+00,0.000000e+00,0.000000e+00,0.000000e+00,0.000000e+00,0.000000e+00,0.000000e+00
1.000000e+00,0.000000e+00,0.000000e+00,0.000000e+00,0.000000e+00,0.000000e+00,0.000000e+00,0.000000e+00,0.000000e+00,0.000000e+00,0.000000e+00,0.000000e+00,0.000000e+00,0.000000e+00,0.000000e+00
1.000000e+00,0.000000e+00,0.000000e+00,0.000000e+00,0.000000e+00,0.000000e+00,0.000000e+00,0.000000e+00,0.000000e+00,0.000000e+00,0.000000e+00,0.000000e+00,0.000000e+00,0.000000e+00,0.000000e+00
1.000000e+00,0.000000e+00,0.000000e+00,0.000000e+00,0.000000e+00,0.000000e+00,0.000000e+00,0.000000e+00,0.000000e+00,0.000000e+00,0.000000e+00,0.000000e+00,0.000000e+00,0.000000e+00,0.000000e+00
1.000000e+00,0.000000e+00,0.000000e+00,0.000000e+00,0.000000e+00,0.000000e+00,0.000000e+00,0.000000e+00,0.000000e+00,0.000000e+00,0.000000e+00,0.000000e+00,0.000000e+00,0.000000e+00,0.000000e+00
1.000000e+00,0.000000e+00,0.000000e+00,0.000000e+00,0.000000e+00,0.000000e+00,0.000000e+00,0.000000e+00,0.000000e+00,0.000000e+00,0.000000e+00,0.000000e+00,0.000000e+00,0.000000e+00,0.000000e+00
1.000000e+00,0.000000e+00,0.000000e+00,0.000000e+00,0.000000e+00,0.000000e+00,0.000000e+00,0.000000e+00,0.000000e+00,0.000000e+00,0.000000e+00,0.000000e+00,0.000000e+00,0.000000e+00,0.000000e+00
1.000000e+00,0.000000e+00,0.000000e+00,0.000000e+00,0.000000e+00,0.000000e+00,0.000000e+00,0.000000e+00,0.000000e+00,0.000000e+00,0.000000e+00,0.000000e+00,0.000000e+00,0.000000e+00,0.000000e+00
1.000000e+00,0.000000e+00,0.000000e+00,0.000000e+00,0.000000e+00,0.000000e+00,0.000000e+00,0.000000e+00,0.000000e+00,0.000000e+00,0.000000e+00,0.000000e+00,0.000000e+00,0.000000e+00,0.000000e+00
1.000000e+00,0.000000e+00,0.000000e+00,0.000000e+00,0.000000e+00,0.000000e+00,0.000000e+00,0.000000e+00,0.000000e+00,0.000000e+00,0.000000e+00,0.000000e+00,0.000000e+00,0.000000e+00,0.000000e+00
1.000000e+00,0.000000e+00,0.000000e+00,0.000000e+00,0.000000e+00,0.000000e+00,0.000000e+00,0.000000e+00,0.000000e+00,0.000000e+00,0.000000e+00,0.000000e+00,0.000000e+00,0.000000e+00,0.000000e+00
1.000000e+00,0.000000e+00,0.000000e+00,0.000000e+00,0.000000e+00,0.000000e+00,0.000000e+00,0.000000e+00,0.000000e+00,0.000000e+00,0.000000e+00,0.000000e+00,0.000000e+00,0.000000e+00,0.000000e+00
1.000000e+00,0.000000e+00,0.000000e+00,0.000000e+00,0.000000e+00,0.000000e+00,0.000000e+00,0.000000e+00,0.000000e+00,0.000000e+00,0.000000e+00,0.000000e+00,0.000000e+00,0.000000e+00,0.000000e+00
1.000000e+00,0.000000e+00,0.000000e+00,0.000000e+00,0.000000e+00,0.000000e+00,0.000000e+00,0.000000e+00,0.000000e+00,0.000000e+00,0.000000e+00,0.000000e+00,0.000000e+00,0.000000e+00,0.000000e+00
1.000000e+00,0.000000e+00,0.000000e+00,0.000000e+00,0.000000e+00,0.000000e+00,0.000000e+00,0.000000e+00,0.000000e+00,0.000000e+00,0.000000e+00,0.000000e+00,0.000000e+00,0.000000e+00,0.000000e+00
1.000000e+00,0.000000e+00,0.000000e+00,0.000000e+00,0.000000e+00,0.000000e+00,0.000000e+00,0.000000e+00,0.000000e+00,0.000000e+00,0.000000e+00,0.000000e+00,0.000000e+00,0.000000e+00,0.000000e+00
1.000000e+00,0.000000e+00,0.000000e+00,0.000000e+00,0.000000e+00,0.000000e+00,0.000000e+00,0.000000e+00,0.000000e+00,0.000000e+00,0.000000e+00,0.000000e+00,0.000000e+00,0.000000e+00,0.000000e+00
1.000000e+00,0.000000e+00,0.000000e+00,0.000000e+00,0.000000e+00,0.000000e+00,0.000000e+00,0.000000e+00,0.000000e+00,0.000000e+00,0.000000e+00,0.000000e+00,0.000000e+00,0.000000e+00,0.000000e+00
1.000000e+00,0.000000e+00,0.000000e+00,0.000000e+00,0.000000e+00,0.000000e+00,0.000000e+00,0.000000e+00,0.000000e+00,0.000000e+00,0.000000e+00,0.000000e+00,0.000000e+00,0.000000e+00,0.000000e+00
1.000000e+00,0.000000e+00,0.000000e+00,0.000000e+00,0.000000e+00,0.000000e+00,0.000000e+00,0.000000e+00,0.000000e+00,0.000000e+00,0.000000e+00,0.000000e+00,0.000000e+00,0.000000e+00,0.000000e+00
1.000000e+00,0.000000e+00,0.000000e+00,0.000000e+00,0.000000e+00,0.000000e+00,0.000000e+00,0.000000e+00,0.000000e+00,0.000000e+00,0.000000e+00,0.000000e+00,0.000000e+00,0.000000e+00,0.000000e+00
1.000000e+00,0.000000e+00,0.000000e+00,0.000000e+00,0.000000e+00,0.000000e+00,0.000000e+00,0.000000e+00,0.000000e+00,0.000000e+00,0.000000e+00,0.000000e+00,0.000000e+00,0.000000e+00,0.000000e+00
1.000000e+00,0.000000e+00,0.000000e+00,0.000000e+00,0.000000e+00,0.000000e+00,0.000000e+00,0.000000e+00,0.000000e+00,0.000000e+00,0.000000e+00,0.000000e+00,0.000000e+00,0.000000e+00,0.000000e+00
1.000000e+00,0.000000e+00,0.000000e+00,0.000000e+00,0.000000e+00,0.000000e+00,0.000000e+00,0.000000e+00,0.000000e+00,0.000000e+00,0.000000e+00,0.000000e+00,0.000000e+00,0.000000e+00,0.000000e+00
1.000000e+00,0.000000e+00,0.000000e+00,0.000000e+00,0.000000e+00,0.000000e+00,0.000000e+00,0.000000e+00,0.000000e+00,0.000000e+00,0.000000e+00,0.000000e+00,0.000000e+00,0.000000e+00,0.000000e+00
1.000000e+00,0.000000e+00,0.000000e+00,0.000000e+00,0.000000e+00,0.000000e+00,0.000000e+00,0.000000e+00,0.000000e+00,0.000000e+00,0.000000e+00,0.000000e+00,0.000000e+00,0.000000e+00,0.000000e+00
1.000000e+00,0.000000e+00,0.000000e+00,0.000000e+00,0.000000e+00,0.000000e+00,0.000000e+00,0.000000e+00,0.000000e+00,0.000000e+00,0.000000e+00,0.000000e+00,0.000000e+00,0.000000e+00,0.000000e+00
1.000000e+00,0.000000e+00,0.000000e+00,0.000000e+00,0.000000e+00,0.000000e+00,0.000000e+00,0.000000e+00,0.000000e+00,0.000000e+00,0.000000e+00,0.000000e+00,0.000000e+00,0.000000e+00,0.000000e+00
1.000000e+00,0.000000e+00,0.000000e+00,0.000000e+00,0.000000e+00,0.000000e+00,0.000000e+00,0.000000e+00,0.000000e+00,0.000000e+00,0.000000e+00,0.000000e+00,0.000000e+00,0.000000e+00,0.000000e+00
1.000000e+00,0.000000e+00,0.000000e+00,0.000000e+00,0.000000e+00,0.000000e+00,0.000000e+00,0.000000e+00,0.000000e+00,0.000000e+00,0.000000e+00,0.000000e+00,0.000000e+00,0.000000e+00,0.000000e+00
1.000000e+00,0.000000e+00,0.000000e+00,0.000000e+00,0.000000e+00,0.000000e+00,0.000000e+00,0.000000e+00,0.000000e+00,0.000000e+00,0.000000e+00,0.000000e+00,0.000000e+00,0.000000e+00,0.000000e+00
1.000000e+00,0.000000e+00,0.000000e+00,0.000000e+00,0.000000e+00,0.000000e+00,0.000000e+00,0.000000e+00,0.000000e+00,0.000000e+00,0.000000e+00,0.000000e+00,0.000000e+00,0.000000e+00,0.000000e+00
1.000000e+00,0.000000e+00,0.000000e+00,0.000000e+00,0.000000e+00,0.000000e+00,0.000000e+00,0.000000e+00,0.000000e+00,0.000000e+00,0.000000e+00,0.000000e+00,0.000000e+00,0.000000e+00,0.000000e+00
1.000000e+00,0.000000e+00,0.000000e+00,0.000000e+00,0.000000e+00,0.000000e+00,0.000000e+00,0.000000e+00,0.000000e+00,0.000000e+00,0.000000e+00,0.000000e+00,0.000000e+00,0.000000e+00,0.000000e+00
1.000000e+00,0.000000e+00,0.000000e+00,0.000000e+00,0.000000e+00,0.000000e+00,0.000000e+00,0.000000e+00,0.000000e+00,0.000000e+00,0.000000e+00,0.000000e+00,0.000000e+00,0.000000e+00,0.000000e+00
4.758133e-01,1.060437e-02,7.857305e-02,6.113485e-02,2.466301e-02,1.627778e-02,9.116068e-03,2.312571e-01,3.766989e-02,7.517721e-03,9.397190e-03,2.107753e-02,7.983381e-03,1.646366e-03,7.268367e-03
1.000000e+00,0.000000e+00,0.000000e+00,0.000000e+00,0.000000e+00,0.000000e+00,0.000000e+00,0.000000e+00,0.000000e+00,0.000000e+00,0.000000e+00,0.000000e+00,0.000000e+00,0.000000e+00,0.000000e+00
4.304335e-01,8.125870e-03,1.210858e-01,8.996134e-02,1.672965e-02,2.066649e-02,8.079762e-03,1.607932e-01,2.458396e-02,3.310910e-02,2.511829e-02,2.707157e-02,1.423713e-02,3.297579e-03,1.670682e-02
4.052277e-01,7.622887e-03,1.047050e-01,7.804631e-02,1.307605e-02,1.677610e-02,7.068395e-03,1.236216e-01,2.268491e-02,8.992449e-02,4.571431e-02,2.430253e-02,3.419602e-02,4.853255e-03,2.218039e-02
2.943757e-01,5.681042e-03,7.423984e-02,5.762290e-02,9.408094e-03,1.339394e-02,5.129428e-03,8.704004e-02,1.780822e-02,2.692662e-01,4.220853e-02,2.035253e-02,7.806598e-02,5.098837e-03,2.030866e-02
2.094146e-01,4.332882e-03,5.294011e-02,4.392909e-02,7.047732e-03,1.095522e-02,3.696353e-03,6.165946e-02,1.641399e-02,4.024048e-01,4.252797e-02,1.651076e-02,1.057087e-01,4.628341e-03,1.782996e-02
1.621119e-01,4.435657e-03,3.958934e-02,6.278665e-02,6.219330e-03,2.219711e-02,3.132027e-03,4.367214e-02,3.778369e-02,4.039562e-01,4.011019e-02,1.825820e-02,1.118024e-01,1.152850e-02,3.241651e-02
1.252725e-01,3.863634e-03,2.908143e-02,6.018209e-02,6.158576e-03,2.018602e-02,2.479523e-03,3.211297e-02,3.555629e-02,4.491701e-01,4.212296e-02,1.522283e-02,1.147936e-01,1.381218e-02,4.998534e-02
1.483807e-01,4.083652e-03,2.276192e-02,5.625203e-02,1.694117e-02,2.409235e-02,4.320824e-03,3.112334e-02,3.178572e-02,4.186699e-01,4.423673e-02,1.561127e-02,1.049422e-01,1.168841e-02,6.510974e-02
1.308213e-01,3.871618e-03,1.843630e-02,4.333561e-02,4.606473e-02,2.064687e-02,5.473929e-03,6.805065e-02,2.879843e-02,3.710463e-01,3.452641e-02,1.331991e-02,1.015914e-01,1.207520e-02,1.019413e-01
1.088141e-01,4.187115e-03,1.622441e-02,3.516839e-02,4.795143e-02,1.591014e-02,4.994533e-03,1.105308e-01,2.493612e-02,3.010060e-01,2.737570e-02,1.112451e-02,8.823113e-02,1.108516e-02,1.924604e-01
8.461899e-02,4.852124e-03,2.071306e-02,5.249440e-02,5.303485e-02,1.182067e-02,5.040343e-03,2.245550e-01,2.320918e-02,2.385757e-01,2.330013e-02,1.036310e-02,7.262486e-02,1.039689e-02,1.644007e-01
6.639501e-02,4.627251e-03,1.804726e-02,4.155762e-02,4.767773e-02,8.492901e-03,4.287579e-03,2.427851e-01,2.133506e-02,1.747407e-01,2.125867e-02,8.190953e-03,6.463967e-02,1.061380e-02,2.653506e-01
6.586502e-02,4.939833e-03,1.651420e-02,3.233512e-02,5.527903e-02,6.377817e-03,3.982359e-03,2.183478e-01,2.162729e-02,1.245873e-01,1.931958e-02,6.462173e-03,5.644210e-02,1.050481e-02,3.574156e-01
5.819681e-02,8.251986e-03,1.895671e-02,2.655053e-02,7.310199e-02,5.399746e-03,3.604256e-03,2.023503e-01,3.376340e-02,9.085207e-02,1.746636e-02,5.988557e-03,6.147701e-02,9.151575e-03,3.848887e-01
4.669997e-02,1.042877e-02,2.565602e-02,7.215374e-02,7.301827e-02,4.184002e-03,2.872311e-03,2.107669e-01,9.189949e-02,6.505926e-02,1.487650e-02,5.093707e-03,4.853852e-02,7.490557e-03,3.212620e-01
4.900694e-02,2.985148e-02,2.990547e-02,6.454837e-02,7.643380e-02,4.858339e-03,2.545496e-03,2.365112e-01,8.763643e-02,4.847594e-02,1.215506e-02,4.990424e-03,5.390483e-02,6.127844e-03,2.930483e-01
5.066101e-02,2.901835e-02,3.481838e-02,5.256088e-02,1.163692e-01,5.349080e-03,2.856852e-03,2.319861e-01,8.030163e-02,3.522471e-02,9.215403e-03,4.253045e-03,5.749034e-02,4.864714e-03,2.850302e-01
6.038526e-02,5.108466e-02,2.947139e-02,4.754105e-02,1.185375e-01,8.193364e-03,3.339216e-03,2.352105e-01,1.209844e-01,2.659654e-02,7.687187e-03,3.648000e-03,5.159169e-02,3.911181e-03,2.318181e-01
8.090213e-02,8.640341e-02,2.459191e-02,4.897625e-02,1.174481e-01,8.748169e-03,3.710454e-03,1.939341e-01,1.747689e-01,2.805221e-02,6.598972e-03,3.316272e-03,4.262363e-02,3.373299e-03,1.765521e-01
9.726471e-02,1.314725e-01,2.822146e-02,5.488835e-02,1.016333e-01,1.305740e-02,3.822518e-03,1.747601e-01,1.735044e-01,2.491510e-02,5.673255e-03,3.184883e-03,4.252088e-02,2.775611e-03,1.423055e-01
1.499447e-01,1.258608e-01,2.245138e-02,4.552308e-02,1.168173e-01,2.185512e-02,4.967587e-03,1.323850e-01,1.778202e-01,1.876596e-02,4.604619e-03,3.114023e-03,5.059939e-02,2.760290e-03,1.225305e-01
1.955719e-01,1.083399e-01,1.683915e-02,3.602447e-02,9.362403e-02,4.168437e-02,5.338745e-03,9.769144e-02,1.665549e-01,1.422027e-02,3.991751e-03,4.370617e-03,1.157110e-01,2.913727e-03,9.712368e-02
2.244482e-01,1.067690e-01,1.264540e-02,3.440000e-02,8.093443e-02,5.226848e-02,5.367831e-03,7.392254e-02,1.861299e-01,1.094248e-02,3.524284e-03,5.269587e-03,1.258192e-01,3.196507e-03,7.436220e-02
2.603266e-01,1.146101e-01,1.100708e-02,3.311877e-02,8.422458e-02,4.709394e-02,5.805666e-03,6.503014e-02,1.974983e-01,9.097671e-03,3.424109e-03,5.688090e-03,1.029571e-01,3.347872e-03,5.676996e-02
2.983928e-01,1.192648e-01,1.002407e-02,3.022609e-02,8.000982e-02,4.453539e-02,5.822014e-03,5.105412e-02,2.032838e-01,8.137683e-03,3.320306e-03,7.150413e-03,8.534273e-02,3.734065e-03,4.970188e-02
2.825396e-01,1.235510e-01,1.596555e-02,1.125347e-01,8.028562e-02,3.414106e-02,7.859730e-03,4.074427e-02,1.544578e-01,1.101714e-02,2.991544e-03,6.806977e-03,6.395392e-02,3.155705e-03,5.999520e-02
3.319481e-01,1.058683e-01,2.914621e-02,1.394647e-01,6.953025e-02,3.147820e-02,8.011305e-03,3.409924e-02,1.150969e-01,1.104536e-02,3.193046e-03,8.402140e-03,5.803704e-02,3.367180e-03,5.131198e-02
2.910429e-01,7.865699e-02,3.192414e-02,1.082311e-01,1.187561e-01,3.539548e-02,9.924167e-02,2.944352e-02,9.466518e-02,8.899021e-03,3.068109e-03,6.902332e-03,5.263238e-02,2.541407e-03,3.859963e-02
4.196380e-01,5.976631e-02,2.571055e-02,8.315464e-02,9.404676e-02,3.611529e-02,7.988775e-02,2.263151e-02,7.683854e-02,7.773833e-03,7.408025e-03,1.303640e-02,4.169206e-02,2.238141e-03,3.006227e-02
1.000000e+00,0.000000e+00,0.000000e+00,0.000000e+00,0.000000e+00,0.000000e+00,0.000000e+00,0.000000e+00,0.000000e+00,0.000000e+00,0.000000e+00,0.000000e+00,0.000000e+00,0.000000e+00,0.000000e+00
1.000000e+00,0.000000e+00,0.000000e+00,0.000000e+00,0.000000e+00,0.000000e+00,0.000000e+00,0.000000e+00,0.000000e+00,0.000000e+00,0.000000e+00,0.000000e+00,0.000000e+00,0.000000e+00,0.000000e+00
1.000000e+00,0.000000e+00,0.000000e+00,0.000000e+00,0.000000e+00,0.000000e+00,0.000000e+00,0.000000e+00,0.000000e+00,0.000000e+00,0.000000e+00,0.000000e+00,0.000000e+00,0.000000e+00,0.000000e+00
1.000000e+00,0.000000e+00,0.000000e+00,0.000000e+00,0.000000e+00,0.000000e+00,0.000000e+00,0.000000e+00,0.000000e+00,0.000000e+00,0.000000e+00,0.000000e+00,0.000000e+00,0.000000e+00,0.000000e+00
1.000000e+00,0.000000e+00,0.000000e+00,0.000000e+00,0.000000e+00,0.000000e+00,0.000000e+00,0.000000e+00,0.000000e+00,0.000000e+00,0.000000e+00,0.000000e+00,0.000000e+00,0.000000e+00,0.000000e+00
1.000000e+00,0.000000e+00,0.000000e+00,0.000000e+00,0.000000e+00,0.000000e+00,0.000000e+00,0.000000e+00,0.000000e+00,0.000000e+00,0.000000e+00,0.000000e+00,0.000000e+00,0.000000e+00,0.000000e+00
1.000000e+00,0.000000e+00,0.000000e+00,0.000000e+00,0.000000e+00,0.000000e+00,0.000000e+00,0.000000e+00,0.000000e+00,0.000000e+00,0.000000e+00,0.000000e+00,0.000000e+00,0.000000e+00,0.000000e+00
1.000000e+00,0.000000e+00,0.000000e+00,0.000000e+00,0.000000e+00,0.000000e+00,0.000000e+00,0.000000e+00,0.000000e+00,0.000000e+00,0.000000e+00,0.000000e+00,0.000000e+00,0.000000e+00,0.000000e+00
1.000000e+00,0.000000e+00,0.000000e+00,0.000000e+00,0.000000e+00,0.000000e+00,0.000000e+00,0.000000e+00,0.000000e+00,0.000000e+00,0.000000e+00,0.000000e+00,0.000000e+00,0.000000e+00,0.000000e+00
1.000000e+00,0.000000e+00,0.000000e+00,0.000000e+00,0.000000e+00,0.000000e+00,0.000000e+00,0.000000e+00,0.000000e+00,0.000000e+00,0.000000e+00,0.000000e+00,0.000000e+00,0.000000e+00,0.000000e+00
1.000000e+00,0.000000e+00,0.000000e+00,0.000000e+00,0.000000e+00,0.000000e+00,0.000000e+00,0.000000e+00,0.000000e+00,0.000000e+00,0.000000e+00,0.000000e+00,0.000000e+00,0.000000e+00,0.000000e+00
1.000000e+00,0.000000e+00,0.000000e+00,0.000000e+00,0.000000e+00,0.000000e+00,0.000000e+00,0.000000e+00,0.000000e+00,0.000000e+00,0.000000e+00,0.000000e+00,0.000000e+00,0.000000e+00,0.000000e+00
1.000000e+00,0.000000e+00,0.000000e+00,0.000000e+00,0.000000e+00,0.000000e+00,0.000000e+00,0.000000e+00,0.000000e+00,0.000000e+00,0.000000e+00,0.000000e+00,0.000000e+00,0.000000e+00,0.000000e+00
1.000000e+00,0.000000e+00,0.000000e+00,0.000000e+00,0.000000e+00,0.000000e+00,0.000000e+00,0.000000e+00,0.000000e+00,0.000000e+00,0.000000e+00,0.000000e+00,0.000000e+00,0.000000e+00,0.000000e+00
1.000000e+00,0.000000e+00,0.000000e+00,0.000000e+00,0.000000e+00,0.000000e+00,0.000000e+00,0.000000e+00,0.000000e+00,0.000000e+00,0.000000e+00,0.000000e+00,0.000000e+00,0.000000e+00,0.000000e+00
1.000000e+00,0.000000e+00,0.000000e+00,0.000000e+00,0.000000e+00,0.000000e+00,0.000000e+00,0.000000e+00,0.000000e+00,0.000000e+00,0.000000e+00,0.000000e+00,0.000000e+00,0.000000e+00,0.000000e+00
1.000000e+00,0.000000e+00,0.000000e+00,0.000000e+00,0.000000e+00,0.000000e+00,0.000000e+00,0.000000e+00,0.000000e+00,0.000000e+00,0.000000e+00,0.000000e+00,0.000000e+00,0.000000e+00,0.000000e+00
4.840150e-01,1.126353e-02,1.284188e-02,7.295916e-02,1.289716e-02,3.850349e-02,8.092681e-03,3.711219e-03,3.335225e-02,2.846882e-03,9.745599e-03,1.624431e-01,1.304538e-01,2.746700e-03,1.412748e-02
3.622764e-01,1.012776e-02,1.014382e-02,5.155773e-02,1.249768e-02,2.954612e-02,8.888312e-03,6.925760e-03,3.330609e-02,2.990623e-03,7.136449e-03,2.947417e-01,1.565777e-01,2.348346e-03,1.093533e-02
2.715777e-01,1.178822e-02,7.912619e-03,3.688692e-02,2.552327e-02,2.882732e-02,1.417208e-02,7.772670e-03,6.016050e-02,2.573157e-03,5.469462e-03,3.484238e-01,1.679739e-01,2.119275e-03,8.819087e-03
2.120953e-01,1.245617e-02,1.566523e-02,6.020111e-02,6.662747e-02,3.184203e-02,1.643512e-02,3.066949e-02,6.578574e-02,2.626995e-03,4.589481e-03,3.215047e-01,1.510464e-01,1.634309e-03,6.820443e-03
1.752008e-01,1.247210e-02,4.736049e-02,1.400756e-01,7.956281e-02,2.878954e-02,1.722369e-02,3.202661e-02,6.622124e-02,3.291416e-03,4.199863e-03,2.518845e-01,1.344642e-01,1.337838e-03,5.889358e-03
1.632077e-01,1.268635e-02,1.109688e-01,1.720776e-01,7.327901e-02,2.708062e-02,1.651043e-02,3.580084e-02,5.318582e-02,5.938926e-03,4.119321e-03,1.920313e-01,1.226520e-01,1.283137e-03,9.178299e-03
1.677738e-01,1.346798e-02,2.151050e-01,1.586507e-01,5.553428e-02,2.290522e-02,1.549492e-02,3.077894e-02,4.506399e-02,1.919739e-02,7.201532e-03,1.359741e-01,9.331407e-02,1.364570e-03,1.817351e-02
3.034913e-01,1.423893e-02,1.723096e-01,1.219909e-01,4.543771e-02,2.448372e-02,1.358034e-02,2.945794e-02,3.727774e-02,1.465798e-02,7.010608e-03,9.793735e-02,1.009085e-01,2.178059e-03,1.503944e-02
3.865924e-01,1.850041e-02,1.629169e-01,1.144042e-01,3.490188e-02,2.675048e-02,1.103209e-02,2.430691e-02,2.988488e-02,1.227339e-02,7.774736e-03,7.297958e-02,7.825798e-02,2.786290e-03,1.663791e-02
4.336062e-01,2.160413e-02,1.666579e-01,1.222019e-01,2.764324e-02,2.510559e-02,8.564392e-03,2.014774e-02,2.313212e-02,9.854287e-03,7.045731e-03,5.736766e-02,5.880985e-02,2.397708e-03,1.586158e-02
1.000000e+00,0.000000e+00,0.000000e+00,0.000000e+00,0.000000e+00,0.000000e+00,0.000000e+00,0.000000e+00,0.000000e+00,0.000000e+00,0.000000e+00,0.000000e+00,0.000000e+00,0.000000e+00,0.000000e+00
1.000000e+00,0.000000e+00,0.000000e+00,0.000000e+00,0.000000e+00,0.000000e+00,0.000000e+00,0.000000e+00,0.000000e+00,0.000000e+00,0.000000e+00,0.000000e+00,0.000000e+00,0.000000e+00,0.000000e+00
1.000000e+00,0.000000e+00,0.000000e+00,0.000000e+00,0.000000e+00,0.000000e+00,0.000000e+00,0.000000e+00,0.000000e+00,0.000000e+00,0.000000e+00,0.000000e+00,0.000000e+00,0.000000e+00,0.000000e+00
1.000000e+00,0.000000e+00,0.000000e+00,0.000000e+00,0.000000e+00,0.000000e+00,0.000000e+00,0.000000e+00,0.000000e+00,0.000000e+00,0.000000e+00,0.000000e+00,0.000000e+00,0.000000e+00,0.000000e+00
1.000000e+00,0.000000e+00,0.000000e+00,0.000000e+00,0.000000e+00,0.000000e+00,0.000000e+00,0.000000e+00,0.000000e+00,0.000000e+00,0.000000e+00,0.000000e+00,0.000000e+00,0.000000e+00,0.000000e+00
1.000000e+00,0.000000e+00,0.000000e+00,0.000000e+00,0.000000e+00,0.000000e+00,0.000000e+00,0.000000e+00,0.000000e+00,0.000000e+00,0.000000e+00,0.000000e+00,0.000000e+00,0.000000e+00,0.000000e+00
1.000000e+00,0.000000e+00,0.000000e+00,0.000000e+00,0.000000e+00,0.000000e+00,0.000000e+00,0.000000e+00,0.000000e+00,0.000000e+00,0.000000e+00,0.000000e+00,0.000000e+00,0.000000e+00,0.000000e+00
1.000000e+00,0.000000e+00,0.000000e+00,0.000000e+00,0.000000e+00,0.000000e+00,0.000000e+00,0.000000e+00,0.000000e+00,0.000000e+00,0.000000e+00,0.000000e+00,0.000000e+00,0.000000e+00,0.000000e+00
1.000000e+00,0.000000e+00,0.000000e+00,0.000000e+00,0.000000e+00,0.000000e+00,0.000000e+00,0.000000e+00,0.000000e+00,0.000000e+00,0.000000e+00,0.000000e+00,0.000000e+00,0.000000e+00,0.000000e+00
1.000000e+00,0.000000e+00,0.000000e+00,0.000000e+00,0.000000e+00,0.000000e+00,0.000000e+00,0.000000e+00,0.000000e+00,0.000000e+00,0.000000e+00,0.000000e+00,0.000000e+00,0.000000e+00,0.000000e+00
1.000000e+00,0.000000e+00,0.000000e+00,0.000000e+00,0.000000e+00,0.000000e+00,0.000000e+00,0.000000e+00,0.000000e+00,0.000000e+00,0.000000e+00,0.000000e+00,0.000000e+00,0.000000e+00,0.000000e+00
1.000000e+00,0.000000e+00,0.000000e+00,0.000000e+00,0.000000e+00,0.000000e+00,0.000000e+00,0.000000e+00,0.000000e+00,0.000000e+00,0.000000e+00,0.000000e+00,0.000000e+00,0.000000e+00,0.000000e+00
1.000000e+00,0.000000e+00,0.000000e+00,0.000000e+00,0.000000e+00,0.000000e+00,0.000000e+00,0.000000e+00,0.000000e+00,0.000000e+00,0.000000e+00,0.000000e+00,0.000000e+00,0.000000e+00,0.000000e+00
1.000000e+00,0.000000e+00,0.000000e+00,0.000000e+00,0.000000e+00,0.000000e+00,0.000000e+00,0.000000e+00,0.000000e+00,0.000000e+00,0.000000e+00,0.000000e+00,0.000000e+00,0.000000e+00,0.000000e+00
1.000000e+00,0.000000e+00,0.000000e+00,0.000000e+00,0.000000e+00,0.000000e+00,0.000000e+00,0.000000e+00,0.000000e+00,0.000000e+00,0.000000e+00,0.000000e+00,0.000000e+00,0.000000e+00,0.000000e+00
1.000000e+00,0.000000e+00,0.000000e+00,0.000000e+00,0.000000e+00,0.000000e+00,0.000000e+00,0.000000e+00,0.000000e+00,0.000000e+00,0.000000e+00,0.000000e+00,0.000000e+00,0.000000e+00,0.000000e+00
1.000000e+00,0.000000e+00,0.000000e+00,0.000000e+00,0.000000e+00,0.000000e+00,0.000000e+00,0.000000e+00,0.000000e+00,0.000000e+00,0.000000e+00,0.000000e+00,0.000000e+00,0.000000e+00,0.000000e+00
1.000000e+00,0.000000e+00,0.000000e+00,0.000000e+00,0.000000e+00,0.000000e+00,0.000000e+00,0.000000e+00,0.000000e+00,0.000000e+00,0.000000e+00,0.000000e+00,0.000000e+00,0.000000e+00,0.000000e+00
1.000000e+00,0.000000e+00,0.000000e+00,0.000000e+00,0.000000e+00,0.000000e+00,0.000000e+00,0.000000e+00,0.000000e+00,0.000000e+00,0.000000e+00,0.000000e+00,0.000000e+00,0.000000e+00,0.000000e+00
1.000000e+00,0.000000e+00,0.000000e+00,0.000000e+00,0.000000e+00,0.000000e+00,0.000000e+00,0.000000e+00,0.000000e+00,0.000000e+00,0.000000e+00,0.000000e+00,0.000000e+00,0.000000e+00,0.000000e+00
1.000000e+00,0.000000e+00,0.000000e+00,0.000000e+00,0.000000e+00,0.000000e+00,0.000000e+00,0.000000e+00,0.000000e+00,0.000000e+00,0.000000e+00,0.000000e+00,0.000000e+00,0.000000e+00,0.000000e+00
1.000000e+00,0.000000e+00,0.000000e+00,0.000000e+00,0.000000e+00,0.000000e+00,0.000000e+00,0.000000e+00,0.000000e+00,0.000000e+00,0.000000e+00,0.000000e+00,0.000000e+00,0.000000e+00,0.000000e+00
1.000000e+00,0.000000e+00,0.000000e+00,0.000000e+00,0.000000e+00,0.000000e+00,0.000000e+00,0.000000e+00,0.000000e+00,0.000000e+00,0.000000e+00,0.000000e+00,0.000000e+00,0.000000e+00,0.000000e+00
1.000000e+00,0.000000e+00,0.000000e+00,0.000000e+00,0.000000e+00,0.000000e+00,0.000000e+00,0.000000e+00,0.000000e+00,0.000000e+00,0.000000e+00,0.000000e+00,0.000000e+00,0.000000e+00,0.000000e+00
1.000000e+00,0.000000e+00,0.000000e+00,0.000000e+00,0.000000e+00,0.000000e+00,0.000000e+00,0.000000e+00,0.000000e+00,0.000000e+00,0.000000e+00,0.000000e+00,0.000000e+00,0.000000e+00,0.000000e+00
1.000000e+00,0.000000e+00,0.000000e+00,0.000000e+00,0.000000e+00,0.000000e+00,0.000000e+00,0.000000e+00,0.000000e+00,0.000000e+00,0.000000e+00,0.000000e+00,0.000000e+00,0.000000e+00,0.000000e+00
1.000000e+00,0.000000e+00,0.000000e+00,0.000000e+00,0.000000e+00,0.000000e+00,0.000000e+00,0.000000e+00,0.000000e+00,0.000000e+00,0.000000e+00,0.000000e+00,0.000000e+00,0.000000e+00,0.000000e+00
1.000000e+00,0.000000e+00,0.000000e+00,0.000000e+00,0.000000e+00,0.000000e+00,0.000000e+00,0.000000e+00,0.000000e+00,0.000000e+00,0.000000e+00,0.000000e+00,0.000000e+00,0.000000e+00,0.000000e+00
1.000000e+00,0.000000e+00,0.000000e+00,0.000000e+00,0.000000e+00,0.000000e+00,0.000000e+00,0.000000e+00,0.000000e+00,0.000000e+00,0.000000e+00,0.000000e+00,0.000000e+00,0.000000e+00,0.000000e+00
1.000000e+00,0.000000e+00,0.000000e+00,0.000000e+00,0.000000e+00,0.000000e+00,0.000000e+00,0.000000e+00,0.000000e+00,0.000000e+00,0.000000e+00,0.000000e+00,0.000000e+00,0.000000e+00,0.000000e+00
1.000000e+00,0.000000e+00,0.000000e+00,0.000000e+00,0.000000e+00,0.000000e+00,0.000000e+00,0.000000e+00,0.000000e+00,0.000000e+00,0.000000e+00,0.000000e+00,0.000000e+00,0.000000e+00,0.000000e+00
1.000000e+00,0.000000e+00,0.000000e+00,0.000000e+00,0.000000e+00,0.000000e+00,0.000000e+00,0.000000e+00,0.000000e+00,0.000000e+00,0.000000e+00,0.000000e+00,0.000000e+00,0.000000e+00,0.000000e+00
1.000000e+00,0.000000e+00,0.000000e+00,0.000000e+00,0.000000e+00,0.000000e+00,0.000000e+00,0.000000e+00,0.000000e+00,0.000000e+00,0.000000e+00,0.000000e+00,0.000000e+00,0.000000e+00,0.000000e+00
1.000000e+00,0.000000e+00,0.000000e+00,0.000000e+00,0.000000e+00,0.000000e+00,0.000000e+00,0.000000e+00,0.000000e+00,0.000000e+00,0.000000e+00,0.000000e+00,0.000000e+00,0.000000e+00,0.000000e+00
1.000000e+00,0.000000e+00,0.000000e+00,0.000000e+00,0.000000e+00,0.000000e+00,0.000000e+00,0.000000e+00,0.000000e+00,0.000000e+00,0.000000e+00,0.000000e+00,0.000000e+00,0.000000e+00,0.000000e+00
1.000000e+00,0.000000e+00,0.000000e+00,0.000000e+00,0.000000e+00,0.000000e+00,0.000000e+00,0.000000e+00,0.000000e+00,0.000000e+00,0.000000e+00,0.000000e+00,0.000000e+00,0.000000e+00,0.000000e+00
1.000000e+00,0.000000e+00,0.000000e+00,0.000000e+00,0.000000e+00,0.000000e+00,0.000000e+00,0.000000e+00,0.000000e+00,0.000000e+00,0.000000e+00,0.000000e+00,0.000000e+00,0.000000e+00,0.000000e+00
1.000000e+00,0.000000e+00,0.000000e+00,0.000000e+00,0.000000e+00,0.000000e+00,0.000000e+00,0.000000e+00,0.000000e+00,0.000000e+00,0.000000e+00,0.000000e+00,0.000000e+00,0.000000e+00,0.000000e+00
1.000000e+00,0.000000e+00,0.000000e+00,0.000000e+00,0.000000e+00,0.000000e+00,0.000000e+00,0.000000e+00,0.000000e+00,0.000000e+00,0.000000e+00,0.000000e+00,0.000000e+00,0.000000e+00,0.000000e+00
1.000000e+00,0.000000e+00,0.000000e+00,0.000000e+00,0.000000e+00,0.000000e+00,0.000000e+00,0.000000e+00,0.000000e+00,0.000000e+00,0.000000e+00,0.000000e+00,0.000000e+00,0.000000e+00,0.000000e+00
1.000000e+00,0.000000e+00,0.000000e+00,0.000000e+00,0.000000e+00,0.000000e+00,0.000000e+00,0.000000e+00,0.000000e+00,0.000000e+00,0.000000e+00,0.000000e+00,0.000000e+00,0.000000e+00,0.000000e+00
1.000000e+00,0.000000e+00,0.000000e+00,0.000000e+00,0.000000e+00,0.000000e+00,0.000000e+00,0.000000e+00,0.000000e+00,0.000000e+00,0.000000e+00,0.000000e+00,0.000000e+00,0.000000e+00,0.000000e+00
1.000000e+00,0.000000e+00,0.000000e+00,0.000000e+00,0.000000e+00,0.000000e+00,0.000000e+00,0.000000e+00,0.000000e+00,0.000000e+00,0.000000e+00,0.000000e+00,0.000000e+00,0.000000e+00,0.000000e+00
1.000000e+00,0.000000e+00,0.000000e+00,0.000000e+00,0.000000e+00,0.000000e+00,0.000000e+00,0.000000e+00,0.000000e+00,0.000000e+00,0.000000e+00,0.000000e+00,0.000000e+00,0.000000e+00,0.000000e+00
1.000000e+00,0.000000e+00,0.000000e+00,0.000000e+00,0.000000e+00,0.000000e+00,0.000000e+00,0.000000e+00,0.000000e+00,0.000000e+00,0.000000e+00,0.000000e+00,0.000000e+00,0.000000e+00,0.000000e+00
1.000000e+00,0.000000e+00,0.000000e+00,0.000000e+00,0.000000e+00,0.000000e+00,0.000000e+00,0.000000e+00,0.000000e+00,0.000000e+00,0.000000e+00,0.000000e+00,0.000000e+00,0.000000e+00,0.000000e+00
1.000000e+00,0.000000e+00,0.000000e+00,0.000000e+00,0.000000e+00,0.000000e+00,0.000000e+00,0.000000e+00,0.000000e+00,0.000000e+00,0.000000e+00,0.000000e+00,0.000000e+00,0.000000e+00,0.000000e+00
4.580992e-01,4.451395e-02,1.594677e-01,1.254669e-01,1.392844e-02,2.193823e-02,3.785191e-02,6.376495e-03,9.615333e-03,1.229828e-02,8.928473e-03,3.472630e-02,1.131447e-02,6.850264e-03,4.862400e-02
4.279669e-01,3.996832e-02,1.817893e-01,9.885439e-02,1.270757e-02,2.245235e-02,5.214204e-02,6.125080e-03,9.703357e-03,1.370853e-02,9.836329e-03,2.887536e-02,9.954207e-03,2.064516e-02,6.527109e-02
4.522955e-01,3.430151e-02,1.706515e-01,7.599554e-02,1.159839e-02,2.460729e-02,4.021439e-02,6.100203e-03,1.105368e-02,1.380616e-02,1.107349e-02,2.400203e-02,9.664109e-03,4.279928e-02,7.183696e-02
4.623219e-01,3.037304e-02,1.675209e-01,5.833916e-02,1.051740e-02,2.612873e-02,2.885987e-02,5.943053e-03,1.378969e-02,1.460264e-02,1.046707e-02,1.951605e-02,8.403830e-03,7.140703e-02,7.180963e-02
3.997110e-01,6.097438e-02,1.317707e-01,1.387055e-01,1.657955e-02,2.794616e-02,2.116881e-02,7.323034e-03,2.043429e-02,1.334511e-02,9.960203e-03,1.948791e-02,7.146936e-03,5.748763e-02,6.795881e-02
3.554643e-01,5.619014e-02,1.545113e-01,1.972943e-01,1.638799e-02,2.433804e-02,1.545620e-02,8.034579e-03,2.352019e-02,1.316996e-02,1.002141e-02,1.768377e-02,6.300002e-03,4.413208e-02,5.749572e-02
3.475292e-01,6.484164e-02,1.761466e-01,1.540038e-01,1.347670e-02,2.134229e-02,1.102531e-02,6.452581e-03,3.655752e-02,2.338148e-02,1.143094e-02,1.422287e-02,5.522047e-03,5.376929e-02,6.029771e-02
3.481420e-01,7.841131e-02,1.553472e-01,1.246404e-01,1.193622e-02,2.012499e-02,7.880352e-03,5.456900e-03,5.864596e-02,3.373232e-02,1.385601e-02,1.440591e-02,6.764458e-03,5.531869e-02,6.533735e-02
3.926517e-01,7.439440e-02,1.358547e-01,1.144651e-01,1.106398e-02,2.115819e-02,6.077555e-03,5.603409e-03,5.349111e-02,2.761329e-02,1.549800e-02,1.733347e-02,8.806652e-03,5.218405e-02,6.380430e-02
3.045771e-01,6.292886e-02,2.147995e-01,1.920997e-01,8.968364e-03,1.619133e-02,4.581768e-03,4.821605e-03,4.298215e-02,2.056649e-02,1.289701e-02,1.458141e-02,7.345737e-03,3.741008e-02,5.524895e-02
2.869174e-01,4.816174e-02,2.501615e-01,1.398245e-01,6.566303e-03,1.462588e-02,3.308609e-03,3.954590e-03,4.164327e-02,3.995073e-02,1.457985e-02,1.236267e-02,8.375251e-03,5.794340e-02,7.162427e-02
2.451833e-01,5.782626e-02,1.883936e-01,2.752823e-01,7.618044e-03,1.212162e-02,2.872494e-03,6.416937e-03,3.886912e-02,2.954298e-02,1.547021e-02,1.072618e-02,8.193514e-03,4.180568e-02,5.967778e-02
3.446921e-01,4.924345e-02,1.913707e-01,2.175864e-01,6.489455e-03,1.247667e-02,2.305028e-03,6.182568e-03,2.968904e-02,2.176044e-02,1.453496e-02,1.106551e-02,8.570904e-03,3.250808e-02,5.152473e-02
4.765304e-01,4.001529e-02,1.474809e-01,1.644924e-01,6.958769e-03,1.323503e-02,2.018724e-03,6.425109e-03,2.270896e-02,1.613669e-02,1.348712e-02,1.297374e-02,9.367966e-03,2.514512e-02,4.302372e-02
1.000000e+00,0.000000e+00,0.000000e+00,0.000000e+00,0.000000e+00,0.000000e+00,0.000000e+00,0.000000e+00,0.000000e+00,0.000000e+00,0.000000e+00,0.000000e+00,0.000000e+00,0.000000e+00,0.000000e+00
1.000000e+00,0.000000e+00,0.000000e+00,0.000000e+00,0.000000e+00,0.000000e+00,0.000000e+00,0.000000e+00,0.000000e+00,0.000000e+00,0.000000e+00,0.000000e+00,0.000000e+00,0.000000e+00,0.000000e+00
1.000000e+00,0.000000e+00,0.000000e+00,0.000000e+00,0.000000e+00,0.000000e+00,0.000000e+00,0.000000e+00,0.000000e+00,0.000000e+00,0.000000e+00,0.000000e+00,0.000000e+00,0.000000e+00,0.000000e+00
1.000000e+00,0.000000e+00,0.000000e+00,0.000000e+00,0.000000e+00,0.000000e+00,0.000000e+00,0.000000e+00,0.000000e+00,0.000000e+00,0.000000e+00,0.000000e+00,0.000000e+00,0.000000e+00,0.000000e+00
1.000000e+00,0.000000e+00,0.000000e+00,0.000000e+00,0.000000e+00,0.000000e+00,0.000000e+00,0.000000e+00,0.000000e+00,0.000000e+00,0.000000e+00,0.000000e+00,0.000000e+00,0.000000e+00,0.000000e+00
1.000000e+00,0.000000e+00,0.000000e+00,0.000000e+00,0.000000e+00,0.000000e+00,0.000000e+00,0.000000e+00,0.000000e+00,0.000000e+00,0.000000e+00,0.000000e+00,0.000000e+00,0.000000e+00,0.000000e+00
1.000000e+00,0.000000e+00,0.000000e+00,0.000000e+00,0.000000e+00,0.000000e+00,0.000000e+00,0.000000e+00,0.000000e+00,0.000000e+00,0.000000e+00,0.000000e+00,0.000000e+00,0.000000e+00,0.000000e+00
1.000000e+00,0.000000e+00,0.000000e+00,0.000000e+00,0.000000e+00,0.000000e+00,0.000000e+00,0.000000e+00,0.000000e+00,0.000000e+00,0.000000e+00,0.000000e+00,0.000000e+00,0.000000e+00,0.000000e+00
1.000000e+00,0.000000e+00,0.000000e+00,0.000000e+00,0.000000e+00,0.000000e+00,0.000000e+00,0.000000e+00,0.000000e+00,0.000000e+00,0.000000e+00,0.000000e+00,0.000000e+00,0.000000e+00,0.000000e+00
4.343615e-01,2.296656e-02,3.276953e-01,1.107333e-01,5.731354e-03,1.132093e-02,1.651650e-03,7.001130e-03,2.256207e-02,4.068181e-03,1.014744e-02,1.082354e-02,8.448167e-03,7.489154e-03,1.499977e-02
3.497953e-01,1.769381e-02,4.433591e-01,1.040433e-01,4.413064e-03,9.417715e-03,1.271885e-03,6.100536e-03,1.683479e-02,3.948227e-03,8.260583e-03,9.159896e-03,7.292106e-03,6.017023e-03,1.239270e-02
2.719570e-01,1.403330e-02,5.119181e-01,1.107320e-01,3.683402e-03,7.868102e-03,9.247902e-04,5.094177e-03,2.693848e-02,7.916632e-03,7.526389e-03,7.259654e-03,6.190372e-03,6.014875e-03,1.194273e-02
2.689353e-01,1.147311e-02,5.233051e-01,8.644740e-02,3.034270e-03,7.975489e-03,7.524362e-04,4.409367e-03,3.495082e-02,1.103495e-02,6.793332e-03,6.188328e-03,5.830272e-03,1.500850e-02,1.386144e-02
2.368063e-01,1.074596e-02,5.074646e-01,6.369726e-02,2.610999e-03,7.167615e-03,6.517748e-04,3.675458e-03,4.466573e-02,2.179665e-02,5.779854e-03,4.963700e-03,4.992825e-03,6.508738e-02,1.989399e-02
2.312986e-01,9.940562e-03,4.349363e-01,4.936260e-02,2.512957e-03,7.364730e-03,6.406709e-04,3.429505e-03,9.988527e-02,2.715392e-02,5.543178e-03,3.986753e-03,5.482338e-03,8.475206e-02,3.371064e-02
2.726966e-01,8.924201e-03,3.148562e-01,3.832255e-02,2.619697e-03,6.444714e-03,6.585712e-04,3.066780e-03,1.105349e-01,3.669307e-02,5.820287e-03,3.265650e-03,5.249697e-03,1.342263e-01,5.662087e-02
2.465070e-01,1.300765e-02,2.786742e-01,6.795335e-02,2.630246e-03,6.111021e-03,6.904025e-04,3.052410e-03,1.382666e-01,3.983551e-02,5.527040e-03,2.950599e-03,4.778399e-03,1.031855e-01,8.683018e-02
2.096738e-01,1.186527e-02,2.733158e-01,5.403080e-02,2.787382e-03,5.208719e-03,7.064412e-04,2.628874e-03,1.407199e-01,5.082031e-02,5.456694e-03,2.312823e-03,3.780680e-03,1.171412e-01,1.195513e-01
1.578566e-01,9.181567e-03,2.682826e-01,3.931944e-02,2.014129e-03,4.739605e-03,5.534973e-04,2.033768e-03,1.186111e-01,5.059236e-02,4.928271e-03,1.777249e-03,2.923522e-03,2.072725e-01,1.299139e-01
1.623141e-01,8.925604e-03,2.099218e-01,3.013876e-02,1.893288e-03,5.760465e-03,4.611308e-04,1.875252e-03,1.019302e-01,4.058645e-02,5.182191e-03,2.011305e-03,3.262318e-03,2.452324e-01,1.805048e-01
3.338313e-01,1.561827e-02,1.522071e-01,2.920727e-02,4.901860e-03,6.355870e-03,5.451036e-04,3.296273e-03,7.645158e-02,2.951447e-02,5.080651e-03,2.483549e-03,3.213172e-03,1.825117e-01,1.547818e-01
3.102855e-01,2.838613e-02,1.143766e-01,5.362352e-02,4.619724e-03,5.535489e-03,6.233289e-04,3.043930e-03,6.320591e-02,2.331945e-02,5.076244e-03,3.046530e-03,2.940892e-03,1.299861e-01,2.519307e-01
4.097190e-01,3.223716e-02,8.269665e-02,5.115578e-02,8.071394e-03,6.002926e-03,1.279084e-03,4.252258e-03,5.112074e-02,1.809109e-02,5.596224e-03,3.913977e-03,3.703858e-03,9.640537e-02,2.257545e-01
4.377135e-01,4.256948e-02,6.245068e-02,5.422426e-02,1.181855e-02,7.028393e-03,1.563310e-03,5.166664e-03,4.242089e-02,1.480237e-02,6.100629e-03,5.739902e-03,4.605673e-03,7.616783e-02,2.276278e-01
4.127846e-01,6.467208e-02,4.957038e-02,6.411156e-02,1.813189e-02,9.374930e-03,1.943987e-03,4.742481e-03,3.418970e-02,1.312067e-02,6.313262e-03,5.473788e-03,4.499773e-03,5.661000e-02,2.544609e-01
3.888953e-01,5.329221e-02,3.709646e-02,5.408138e-02,1.466496e-02,7.680171e-03,1.572815e-03,3.846653e-03,2.860990e-02,1.795375e-02,4.947232e-03,4.659305e-03,4.252284e-03,4.175511e-02,3.366925e-01
4.374813e-01,6.017385e-02,3.406174e-02,5.218612e-02,1.783330e-02,9.734694e-03,2.014347e-03,5.586435e-03,2.874383e-02,1.526125e-02,4.416752e-03,5.178034e-03,4.564932e-03,3.193286e-02,2.908306e-01
1.000000e+00,0.000000e+00,0.000000e+00,0.000000e+00,0.000000e+00,0.000000e+00,0.000000e+00,0.000000e+00,0.000000e+00,0.000000e+00,0.000000e+00,0.000000e+00,0.000000e+00,0.000000e+00,0.000000e+00
1.000000e+00,0.000000e+00,0.000000e+00,0.000000e+00,0.000000e+00,0.000000e+00,0.000000e+00,0.000000e+00,0.000000e+00,0.000000e+00,0.000000e+00,0.000000e+00,0.000000e+00,0.000000e+00,0.000000e+00
1.000000e+00,0.000000e+00,0.000000e+00,0.000000e+00,0.000000e+00,0.000000e+00,0.000000e+00,0.000000e+00,0.000000e+00,0.000000e+00,0.000000e+00,0.000000e+00,0.000000e+00,0.000000e+00,0.000000e+00
1.000000e+00,0.000000e+00,0.000000e+00,0.000000e+00,0.000000e+00,0.000000e+00,0.000000e+00,0.000000e+00,0.000000e+00,0.000000e+00,0.000000e+00,0.000000e+00,0.000000e+00,0.000000e+00,0.000000e+00
1.000000e+00,0.000000e+00,0.000000e+00,0.000000e+00,0.000000e+00,0.000000e+00,0.000000e+00,0.000000e+00,0.000000e+00,0.000000e+00,0.000000e+00,0.000000e+00,0.000000e+00,0.000000e+00,0.000000e+00
1.000000e+00,0.000000e+00,0.000000e+00,0.000000e+00,0.000000e+00,0.000000e+00,0.000000e+00,0.000000e+00,0.000000e+00,0.000000e+00,0.000000e+00,0.000000e+00,0.000000e+00,0.000000e+00,0.000000e+00
1.000000e+00,0.000000e+00,0.000000e+00,0.000000e+00,0.000000e+00,0.000000e+00,0.000000e+00,0.000000e+00,0.000000e+00,0.000000e+00,0.000000e+00,0.000000e+00,0.000000e+00,0.000000e+00,0.000000e+00
1.000000e+00,0.000000e+00,0.000000e+00,0.000000e+00,0.000000e+00,0.000000e+00,0.000000e+00,0.000000e+00,0.000000e+00,0.000000e+00,0.000000e+00,0.000000e+00,0.000000e+00,0.000000e+00,0.000000e+00
1.000000e+00,0.000000e+00,0.000000e+00,0.000000e+00,0.000000e+00,0.000000e+00,0.000000e+00,0.000000e+00,0.000000e+00,0.000000e+00,0.000000e+00,0.000000e+00,0.000000e+00,0.000000e+00,0.000000e+00
1.000000e+00,0.000000e+00,0.000000e+00,0.000000e+00,0.000000e+00,0.000000e+00,0.000000e+00,0.000000e+00,0.000000e+00,0.000000e+00,0.000000e+00,0.000000e+00,0.000000e+00,0.000000e+00,0.000000e+00
1.000000e+00,0.000000e+00,0.000000e+00,0.000000e+00,0.000000e+00,0.000000e+00,0.000000e+00,0.000000e+00,0.000000e+00,0.000000e+00,0.000000e+00,0.000000e+00,0.000000e+00,0.000000e+00,0.000000e+00
1.000000e+00,0.000000e+00,0.000000e+00,0.000000e+00,0.000000e+00,0.000000e+00,0.000000e+00,0.000000e+00,0.000000e+00,0.000000e+00,0.000000e+00,0.000000e+00,0.000000e+00,0.000000e+00,0.000000e+00
1.000000e+00,0.000000e+00,0.000000e+00,0.000000e+00,0.000000e+00,0.000000e+00,0.000000e+00,0.000000e+00,0.000000e+00,0.000000e+00,0.000000e+00,0.000000e+00,0.000000e+00,0.000000e+00,0.000000e+00
1.000000e+00,0.000000e+00,0.000000e+00,0.000000e+00,0.000000e+00,0.000000e+00,0.000000e+00,0.000000e+00,0.000000e+00,0.000000e+00,0.000000e+00,0.000000e+00,0.000000e+00,0.000000e+00,0.000000e+00
1.000000e+00,0.000000e+00,0.000000e+00,0.000000e+00,0.000000e+00,0.000000e+00,0.000000e+00,0.000000e+00,0.000000e+00,0.000000e+00,0.000000e+00,0.000000e+00,0.000000e+00,0.000000e+00,0.000000e+00
1.000000e+00,0.000000e+00,0.000000e+00,0.000000e+00,0.000000e+00,0.000000e+00,0.000000e+00,0.000000e+00,0.000000e+00,0.000000e+00,0.000000e+00,0.000000e+00,0.000000e+00,0.000000e+00,0.000000e+00
1.000000e+00,0.000000e+00,0.000000e+00,0.000000e+00,0.000000e+00,0.000000e+00,0.000000e+00,0.000000e+00,0.000000e+00,0.000000e+00,0.000000e+00,0.000000e+00,0.000000e+00,0.000000e+00,0.000000e+00
1.000000e+00,0.000000e+00,0.000000e+00,0.000000e+00,0.000000e+00,0.000000e+00,0.000000e+00,0.000000e+00,0.000000e+00,0.000000e+00,0.000000e+00,0.000000e+00,0.000000e+00,0.000000e+00,0.000000e+00
1.000000e+00,0.000000e+00,0.000000e+00,0.000000e+00,0.000000e+00,0.000000e+00,0.000000e+00,0.000000e+00,0.000000e+00,0.000000e+00,0.000000e+00,0.000000e+00,0.000000e+00,0.000000e+00,0.000000e+00
1.000000e+00,0.000000e+00,0.000000e+00,0.000000e+00,0.000000e+00,0.000000e+00,0.000000e+00,0.000000e+00,0.000000e+00,0.000000e+00,0.000000e+00,0.000000e+00,0.000000e+00,0.000000e+00,0.000000e+00
1.000000e+00,0.000000e+00,0.000000e+00,0.000000e+00,0.000000e+00,0.000000e+00,0.000000e+00,0.000000e+00,0.000000e+00,0.000000e+00,0.000000e+00,0.000000e+00,0.000000e+00,0.000000e+00,0.000000e+00
1.000000e+00,0.000000e+00,0.000000e+00,0.000000e+00,0.000000e+00,0.000000e+00,0.000000e+00,0.000000e+00,0.000000e+00,0.000000e+00,0.000000e+00,0.000000e+00,0.000000e+00,0.000000e+00,0.000000e+00
1.000000e+00,0.000000e+00,0.000000e+00,0.000000e+00,0.000000e+00,0.000000e+00,0.000000e+00,0.000000e+00,0.000000e+00,0.000000e+00,0.000000e+00,0.000000e+00,0.000000e+00,0.000000e+00,0.000000e+00
1.000000e+00,0.000000e+00,0.000000e+00,0.000000e+00,0.000000e+00,0.000000e+00,0.000000e+00,0.000000e+00,0.000000e+00,0.000000e+00,0.000000e+00,0.000000e+00,0.000000e+00,0.000000e+00,0.000000e+00
1.000000e+00,0.000000e+00,0.000000e+00,0.000000e+00,0.000000e+00,0.000000e+00,0.000000e+00,0.000000e+00,0.000000e+00,0.000000e+00,0.000000e+00,0.000000e+00,0.000000e+00,0.000000e+00,0.000000e+00
1.000000e+00,0.000000e+00,0.000000e+00,0.000000e+00,0.000000e+00,0.000000e+00,0.000000e+00,0.000000e+00,0.000000e+00,0.000000e+00,0.000000e+00,0.000000e+00,0.000000e+00,0.000000e+00,0.000000e+00
1.000000e+00,0.000000e+00,0.000000e+00,0.000000e+00,0.000000e+00,0.000000e+00,0.000000e+00,0.000000e+00,0.000000e+00,0.000000e+00,0.000000e+00,0.000000e+00,0.000000e+00,0.000000e+00,0.000000e+00
1.000000e+00,0.000000e+00,0.000000e+00,0.000000e+00,0.000000e+00,0.000000e+00,0.000000e+00,0.000000e+00,0.000000e+00,0.000000e+00,0.000000e+00,0.000000e+00,0.000000e+00,0.000000e+00,0.000000e+00
1.000000e+00,0.000000e+00,0.000000e+00,0.000000e+00,0.000000e+00,0.000000e+00,0.000000e+00,0.000000e+00,0.000000e+00,0.000000e+00,0.000000e+00,0.000000e+00,0.000000e+00,0.000000e+00,0.000000e+00
1.000000e+00,0.000000e+00,0.000000e+00,0.000000e+00,0.000000e+00,0.000000e+00,0.000000e+00,0.000000e+00,0.000000e+00,0.000000e+00,0.000000e+00,0.000000e+00,0.000000e+00,0.000000e+00,0.000000e+00
1.000000e+00,0.000000e+00,0.000000e+00,0.000000e+00,0.000000e+00,0.000000e+00,0.000000e+00,0.000000e+00,0.000000e+00,0.000000e+00,0.000000e+00,0.000000e+00,0.000000e+00,0.000000e+00,0.000000e+00
1.000000e+00,0.000000e+00,0.000000e+00,0.000000e+00,0.000000e+00,0.000000e+00,0.000000e+00,0.000000e+00,0.000000e+00,0.000000e+00,0.000000e+00,0.000000e+00,0.000000e+00,0.000000e+00,0.000000e+00
1.000000e+00,0.000000e+00,0.000000e+00,0.000000e+00,0.000000e+00,0.000000e+00,0.000000e+00,0.000000e+00,0.000000e+00,0.000000e+00,0.000000e+00,0.000000e+00,0.000000e+00,0.000000e+00,0.000000e+00
1.000000e+00,0.000000e+00,0.000000e+00,0.000000e+00,0.000000e+00,0.000000e+00,0.000000e+00,0.000000e+00,0.000000e+00,0.000000e+00,0.000000e+00,0.000000e+00,0.000000e+00,0.000000e+00,0.000000e+00
1.000000e+00,0.000000e+00,0.000000e+00,0.000000e+00,0.000000e+00,0.000000e+00,0.000000e+00,0.000000e+00,0.000000e+00,0.000000e+00,0.000000e+00,0.000000e+00,0.000000e+00,0.000000e+00,0.000000e+00
1.000000e+00,0.000000e+00,0.000000e+00,0.000000e+00,0.000000e+00,0.000000e+00,0.000000e+00,0.000000e+00,0.000000e+00,0.000000e+00,0.000000e+00,0.000000e+00,0.000000e+00,0.000000e+00,0.000000e+00
1.000000e+00,0.000000e+00,0.000000e+00,0.000000e+00,0.000000e+00,0.000000e+00,0.000000e+00,0.000000e+00,0.000000e+00,0.000000e+00,0.000000e+00,0.000000e+00,0.000000e+00,0.000000e+00,0.000000e+00
1.000000e+00,0.000000e+00,0.000000e+00,0.000000e+00,0.000000e+00,0.000000e+00,0.000000e+00,0.000000e+00,0.000000e+00,0.000000e+00,0.000000e+00,0.000000e+00,0.000000e+00,0.000000e+00,0.000000e+00
1.000000e+00,0.000000e+00,0.000000e+00,0.000000e+00,0.000000e+00,0.000000e+00,0.000000e+00,0.000000e+00,0.000000e+00,0.000000e+00,0.000000e+00,0.000000e+00,0.000000e+00,0.000000e+00,0.000000e+00
1.000000e+00,0.000000e+00,0.000000e+00,0.000000e+00,0.000000e+00,0.000000e+00,0.000000e+00,0.000000e+00,0.000000e+00,0.000000e+00,0.000000e+00,0.000000e+00,0.000000e+00,0.000000e+00,0.000000e+00
1.000000e+00,0.000000e+00,0.000000e+00,0.000000e+00,0.000000e+00,0.000000e+00,0.000000e+00,0.000000e+00,0.000000e+00,0.000000e+00,0.000000e+00,0.000000e+00,0.000000e+00,0.000000e+00,0.000000e+00
1.000000e+00,0.000000e+00,0.000000e+00,0.000000e+00,0.000000e+00,0.000000e+00,0.000000e+00,0.000000e+00,0.000000e+00,0.000000e+00,0.000000e+00,0.000000e+00,0.000000e+00,0.000000e+00,0.000000e+00
1.000000e+00,0.000000e+00,0.000000e+00,0.000000e+00,0.000000e+00,0.000000e+00,0.000000e+00,0.000000e+00,0.000000e+00,0.000000e+00,0.000000e+00,0.000000e+00,0.000000e+00,0.000000e+00,0.000000e+00
1.000000e+00,0.000000e+00,0.000000e+00,0.000000e+00,0.000000e+00,0.000000e+00,0.000000e+00,0.000000e+00,0.000000e+00,0.000000e+00,0.000000e+00,0.000000e+00,0.000000e+00,0.000000e+00,0.000000e+00
1.000000e+00,0.000000e+00,0.000000e+00,0.000000e+00,0.000000e+00,0.000000e+00,0.000000e+00,0.000000e+00,0.000000e+00,0.000000e+00,0.000000e+00,0.000000e+00,0.000000e+00,0.000000e+00,0.000000e+00
1.000000e+00,0.000000e+00,0.000000e+00,0.000000e+00,0.000000e+00,0.000000e+00,0.000000e+00,0.000000e+00,0.000000e+00,0.000000e+00,0.000000e+00,0.000000e+00,0.000000e+00,0.000000e+00,0.000000e+00
1.000000e+00,0.000000e+00,0.000000e+00,0.000000e+00,0.000000e+00,0.000000e+00,0.000000e+00,0.000000e+00,0.000000e+00,0.000000e+00,0.000000e+00,0.000000e+00,0.000000e+00,0.000000e+00,0.000000e+00
1.000000e+00,0.000000e+00,0.000000e+00,0.000000e+00,0.000000e+00,0.000000e+00,0.000000e+00,0.000000e+00,0.000000e+00,0.000000e+00,0.000000e+00,0.000000e+00,0.000000e+00,0.000000e+00,0.000000e+00
1.000000e+00,0.000000e+00,0.000000e+00,0.000000e+00,0.000000e+00,0.000000e+00,0.000000e+00,0.000000e+00,0.000000e+00,0.000000e+00,0.000000e+00,0.000000e+00,0.000000e+00,0.000000e+00,0.000000e+00
1.000000e+00,0.000000e+00,0.000000e+00,0.000000e+00,0.000000e+00,0.000000e+00,0.000000e+00,0.000000e+00,0.000000e+00,0.000000e+00,0.000000e+00,0.000000e+00,0.000000e+00,0.000000e+00,0.000000e+00
1.000000e+00,0.000000e+00,0.000000e+00,0.000000e+00,0.000000e+00,0.000000e+00,0.000000e+00,0.000000e+00,0.000000e+00,0.000000e+00,0.000000e+00,0.000000e+00,0.000000e+00,0.000000e+00,0.000000e+00
1.000000e+00,0.000000e+00,0.000000e+00,0.000000e+00,0.000000e+00,0.000000e+00,0.000000e+00,0.000000e+00,0.000000e+00,0.000000e+00,0.000000e+00,0.000000e+00,0.000000e+00,0.000000e+00,0.000000e+00
1.000000e+00,0.000000e+00,0.000000e+00,0.000000e+00,0.000000e+00,0.000000e+00,0.000000e+00,0.000000e+00,0.000000e+00,0.000000e+00,0.000000e+00,0.000000e+00,0.000000e+00,0.000000e+00,0.000000e+00
1.000000e+00,0.000000e+00,0.000000e+00,0.000000e+00,0.000000e+00,0.000000e+00,0.000000e+00,0.000000e+00,0.000000e+00,0.000000e+00,0.000000e+00,0.000000e+00,0.000000e+00,0.000000e+00,0.000000e+00
1.000000e+00,0.000000e+00,0.000000e+00,0.000000e+00,0.000000e+00,0.000000e+00,0.000000e+00,0.000000e+00,0.000000e+00,0.000000e+00,0.000000e+00,0.000000e+00,0.000000e+00,0.000000e+00,0.000000e+00
1.000000e+00,0.000000e+00,0.000000e+00,0.000000e+00,0.000000e+00,0.000000e+00,0.000000e+00,0.000000e+00,0.000000e+00,0.000000e+00,0.000000e+00,0.000000e+00,0.000000e+00,0.000000e+00,0.000000e+00
1.000000e+00,0.000000e+00,0.000000e+00,0.000000e+00,0.000000e+00,0.000000e+00,0.000000e+00,0.000000e+00,0.000000e+00,0.000000e+00,0.000000e+00,0.000000e+00,0.000000e+00,0.000000e+00,0.000000e+00
1.000000e+00,0.000000e+00,0.000000e+00,0.000000e+00,0.000000e+00,0.000000e+00,0.000000e+00,0.000000e+00,0.000000e+00,0.000000e+00,0.000000e+00,0.000000e+00,0.000000e+00,0.000000e+00,0.000000e+00
1.000000e+00,0.000000e+00,0.000000e+00,0.000000e+00,0.000000e+00,0.000000e+00,0.000000e+00,0.000000e+00,0.000000e+00,0.000000e+00,0.000000e+00,0.000000e+00,0.000000e+00,0.000000e+00,0.000000e+00
1.000000e+00,0.000000e+00,0.000000e+00,0.000000e+00,0.000000e+00,0.000000e+00,0.000000e+00,0.000000e+00,0.000000e+00,0.000000e+00,0.000000e+00,0.000000e+00,0.000000e+00,0.000000e+00,0.000000e+00
1.000000e+00,0.000000e+00,0.000000e+00,0.000000e+00,0.000000e+00,0.000000e+00,0.000000e+00,0.000000e+00,0.000000e+00,0.000000e+00,0.000000e+00,0.000000e+00,0.000000e+00,0.000000e+00,0.000000e+00
1.000000e+00,0.000000e+00,0.000000e+00,0.000000e+00,0.000000e+00,0.000000e+00,0.000000e+00,0.000000e+00,0.000000e+00,0.000000e+00,0.000000e+00,0.000000e+00,0.000000e+00,0.000000e+00,0.000000e+00
1.000000e+00,0.000000e+00,0.000000e+00,0.000000e+00,0.000000e+00,0.000000e+00,0.000000e+00,0.000000e+00,0.000000e+00,0.000000e+00,0.000000e+00,0.000000e+00,0.000000e+00,0.000000e+00,0.000000e+00
1.000000e+00,0.000000e+00,0.000000e+00,0.000000e+00,0.000000e+00,0.000000e+00,0.000000e+00,0.000000e+00,0.000000e+00,0.000000e+00,0.000000e+00,0.000000e+00,0.000000e+00,0.000000e+00,0.000000e+00
1.000000e+00,0.000000e+00,0.000000e+00,0.000000e+00,0.000000e+00,0.000000e+00,0.000000e+00,0.000000e+00,0.000000e+00,0.000000e+00,0.000000e+00,0.000000e+00,0.000000e+00,0.000000e+00,0.000000e+00
1.000000e+00,0.000000e+00,0.000000e+00,0.000000e+00,0.000000e+00,0.000000e+00,0.000000e+00,0.000000e+00,0.000000e+00,0.000000e+00,0.000000e+00,0.000000e+00,0.000000e+00,0.000000e+00,0.000000e+00
1.000000e+00,0.000000e+00,0.000000e+00,0.000000e+00,0.000000e+00,0.000000e+00,0.000000e+00,0.000000e+00,0.000000e+00,0.000000e+00,0.000000e+00,0.000000e+00,0.000000e+00,0.000000e+00,0.000000e+00
1.000000e+00,0.000000e+00,0.000000e+00,0.000000e+00,0.000000e+00,0.000000e+00,0.000000e+00,0.000000e+00,0.000000e+00,0.000000e+00,0.000000e+00,0.000000e+00,0.000000e+00,0.000000e+00,0.000000e+00
1.000000e+00,0.000000e+00,0.000000e+00,0.000000e+00,0.000000e+00,0.000000e+00,0.000000e+00,0.000000e+00,0.000000e+00,0.000000e+00,0.000000e+00,0.000000e+00,0.000000e+00,0.000000e+00,0.000000e+00
1.000000e+00,0.000000e+00,0.000000e+00,0.000000e+00,0.000000e+00,0.000000e+00,0.000000e+00,0.000000e+00,0.000000e+00,0.000000e+00,0.000000e+00,0.000000e+00,0.000000e+00,0.000000e+00,0.000000e+00
1.000000e+00,0.000000e+00,0.000000e+00,0.000000e+00,0.000000e+00,0.000000e+00,0.000000e+00,0.000000e+00,0.000000e+00,0.000000e+00,0.000000e+00,0.000000e+00,0.000000e+00,0.000000e+00,0.000000e+00
1.000000e+00,0.000000e+00,0.000000e+00,0.000000e+00,0.000000e+00,0.000000e+00,0.000000e+00,0.000000e+00,0.000000e+00,0.000000e+00,0.000000e+00,0.000000e+00,0.000000e+00,0.000000e+00,0.000000e+00
1.000000e+00,0.000000e+00,0.000000e+00,0.000000e+00,0.000000e+00,0.000000e+00,0.000000e+00,0.000000e+00,0.000000e+00,0.000000e+00,0.000000e+00,0.000000e+00,0.000000e+00,0.000000e+00,0.000000e+00
1.000000e+00,0.000000e+00,0.000000e+00,0.000000e+00,0.000000e+00,0.000000e+00,0.000000e+00,0.000000e+00,0.000000e+00,0.000000e+00,0.000000e+00,0.000000e+00,0.000000e+00,0.000000e+00,0.000000e+00
1.000000e+00,0.000000e+00,0.000000e+00,0.000000e+00,0.000000e+00,0.000000e+00,0.000000e+00,0.000000e+00,0.000000e+00,0.000000e+00,0.000000e+00,0.000000e+00,0.000000e+00,0.000000e+00,0.000000e+00
1.000000e+00,0.000000e+00,0.000000e+00,0.000000e+00,0.000000e+00,0.000000e+00,0.000000e+00,0.000000e+00,0.000000e+00,0.000000e+00,0.000000e+00,0.000000e+00,0.000000e+00,0.000000e+00,0.000000e+00
1.000000e+00,0.000000e+00,0.000000e+00,0.000000e+00,0.000000e+00,0.000000e+00,0.000000e+00,0.000000e+00,0.000000e+00,0.000000e+00,0.000000e+00,0.000000e+00,0.000000e+00,0.000000e+00,0.000000e+00
1.000000e+00,0.000000e+00,0.000000e+00,0.000000e+00,0.000000e+00,0.000000e+00,0.000000e+00,0.000000e+00,0.000000e+00,0.000000e+00,0.000000e+00,0.000000e+00,0.000000e+00,0.000000e+00,0.000000e+00
1.000000e+00,0.000000e+00,0.000000e+00,0.000000e+00,0.000000e+00,0.000000e+00,0.000000e+00,0.000000e+00,0.000000e+00,0.000000e+00,0.000000e+00,0.000000e+00,0.000000e+00,0.000000e+00,0.000000e+00
1.000000e+00,0.000000e+00,0.000000e+00,0.000000e+00,0.000000e+00,0.000000e+00,0.000000e+00,0.000000e+00,0.000000e+00,0.000000e+00,0.000000e+00,0.000000e+00,0.000000e+00,0.000000e+00,0.000000e+00
1.000000e+00,0.000000e+00,0.000000e+00,0.000000e+00,0.000000e+00,0.000000e+00,0.000000e+00,0.000000e+00,0.000000e+00,0.000000e+00,0.000000e+00,0.000000e+00,0.000000e+00,0.000000e+00,0.000000e+00
1.000000e+00,0.000000e+00,0.000000e+00,0.000000e+00,0.000000e+00,0.000000e+00,0.000000e+00,0.000000e+00,0.000000e+00,0.000000e+00,0.000000e+00,0.000000e+00,0.000000e+00,0.000000e+00,0.000000e+00
1.000000e+00,0.000000e+00,0.000000e+00,0.000000e+00,0.000000e+00,0.000000e+00,0.000000e+00,0.000000e+00,0.000000e+00,0.000000e+00,0.000000e+00,0.000000e+00,0.000000e+00,0.000000e+00,0.000000e+00
1.000000e+00,0.000000e+00,0.000000e+00,0.000000e+00,0.000000e+00,0.000000e+00,0.000000e+00,0.000000e+00,0.000000e+00,0.000000e+00,0.000000e+00,0.000000e+00,0.000000e+00,0.000000e+00,0.000000e+00
1.000000e+00,0.000000e+00,0.000000e+00,0.000000e+00,0.000000e+00,0.000000e+00,0.000000e+00,0.000000e+00,0.000000e+00,0.000000e+00,0.000000e+00,0.000000e+00,0.000000e+00,0.000000e+00,0.000000e+00
1.000000e+00,0.000000e+00,0.000000e+00,0.000000e+00,0.000000e+00,0.000000e+00,0.000000e+00,0.000000e+00,0.000000e+00,0.000000e+00,0.000000e+00,0.000000e+00,0.000000e+00,0.000000e+00,0.000000e+00
1.000000e+00,0.000000e+00,0.000000e+00,0.000000e+00,0.000000e+00,0.000000e+00,0.000000e+00,0.000000e+00,0.000000e+00,0.000000e+00,0.000000e+00,0.000000e+00,0.000000e+00,0.000000e+00,0.000000e+00
1.000000e+00,0.000000e+00,0.000000e+00,0.000000e+00,0.000000e+00,0.000000e+00,0.000000e+00,0.000000e+00,0.000000e+00,0.000000e+00,0.000000e+00,0.000000e+00,0.000000e+00,0.000000e+00,0.000000e+00
1.000000e+00,0.000000e+00,0.000000e+00,0.000000e+00,0.000000e+00,0.000000e+00,0.000000e+00,0.000000e+00,0.000000e+00,0.000000e+00,0.000000e+00,0.000000e+00,0.000000e+00,0.000000e+00,0.000000e+00
1.000000e+00,0.000000e+00,0.000000e+00,0.000000e+00,0.000000e+00,0.000000e+00,0.000000e+00,0.000000e+00,0.000000e+00,0.000000e+00,0.000000e+00,0.000000e+00,0.000000e+00,0.000000e+00,0.000000e+00
1.000000e+00,0.000000e+00,0.000000e+00,0.000000e+00,0.000000e+00,0.000000e+00,0.000000e+00,0.000000e+00,0.000000e+00,0.000000e+00,0.000000e+00,0.000000e+00,0.000000e+00,0.000000e+00,0.000000e+00
1.000000e+00,0.000000e+00,0.000000e+00,0.000000e+00,0.000000e+00,0.000000e+00,0.000000e+00,0.000000e+00,0.000000e+00,0.000000e+00,0.000000e+00,0.000000e+00,0.000000e+00,0.000000e+00,0.000000e+00
1.000000e+00,0.000000e+00,0.000000e+00,0.000000e+00,0.000000e+00,0.000000e+00,0.000000e+00,0.000000e+00,0.000000e+00,0.000000e+00,0.000000e+00,0.000000e+00,0.000000e+00,0.000000e+00,0.000000e+00
1.000000e+00,0.000000e+00,0.000000e+00,0.000000e+00,0.000000e+00,0.000000e+00,0.000000e+00,0.000000e+00,0.000000e+00,0.000000e+00,0.000000e+00,0.000000e+00,0.000000e+00,0.000000e+00,0.000000e+00
