1.000000e+00,0.000000e+00,0.000000e+00,0.000000e+00,0.000000e+00,0.000000e+00,0.000000e+00,0.000000e+00,0.000000e+00,0.000000e+00,0.000000e+00,0.000000e+00,0.000000e+00,0.000000e+00,0.000000e+00
1.000000e+00,0.000000e+00,0.000000e+00,0.000000e+00,0.000000e+00,0.000000e+00,0.000000e+00,0.000000e+00,0.000000e+00,0.000000e+00,0.000000e+00,0.000000e+00,0.000000e+00,0.000000e+00,0.000000e+00
1.000000e+00,0.000000e+00,0.000000e+00,0.000000e+00,0.000000e+00,0.000000e+00,0.000000e+00,0.000000e+00,0.000000e+00,0.000000e+00,0.000000e+00,0.000000e+00,0.000000e+00,0.000000e+00,0.000000e+00
1.000000e+00,0.000000e+00,0.000000e+00,0.000000e+00,0.000000e+00,0.000000e+00,0.000000e+00,0.000000e+00,0.000000e+00,0.000000e+00,0.000000e+00,0.000000e+00,0.000000e+00,0.000000e+00,0.000000e+00
1.000000e+00,0.000000e+00,0.000000e+00,0.000000e+00,0.000000e+00,0.000000e+00,0.000000e+00,0.000000e+00,0.000000e+00,0.000000e+00,0.000000e+00,0.000000e+00,0.000000e+00,0.000000e+00,0.000000e+00
1.000000e+00,0.000000e+00,0.000000e+00,0.000000e+00,0.000000e+00,0.000000e+00,0.000000e+00,0.000000e+00,0.000000e+00,0.000000e+00,0.000000e+00,0.000000e+00,0.000000e+00,0.000000e+00,0.000000e+00
1.000000e+00,0.000000e+00,0.000000e+00,0.000000e+00,0.000000e+00,0.000000e+00,0.000000e+00,0.000000e+00,0.000000e+00,0.000000e+00,0.000000e+00,0.000000e+00,0.000000e+00,0.000000e+00,0.000000e+00
1.000000e+00,0.000000e+00,0.000000e+00,0.000000e+00,0.000000e+00,0.000000e+00,0.000000e+00,0.000000e+00,0.000000e+00,0.000000e+00,0.000000e+00,0.000000e+00,0.000000e+00,0.000000e+00,0.000000e+00
1.000000e+00,0.000000e+00,0.000000e+00,0.000000e+00,0.000000e+00,0.000000e+00,0.000000e+00,0.000000e+00,0.000000e+00,0.000000e+00,0.000000e+00,0.000000e+00,0.000000e+00,0.000000e+00,0.000000e+00
1.000000e+00,0.000000e+00,0.000000e+00,0.000000e+00,0.000000e+00,0.000000e+00,0.000000e+00,0.000000e+00,0.000000e+00,0.000000e+00,0.000000e+00,0.000000e+00,0.000000e+00,0.000000e+00,0.000000e+00
1.000000e+00,0.000000e+00,0.000000e+00,0.000000e+00,0.000000e+00,0.000000e+00,0.000000e+00,0.000000e+00,0.000000e+00,0.000000e+00,0.000000e+00,0.000000e+00,0.000000e+00,0.000000e+00,0.000000e+00
1.000000e+00,0.000000e+00,0.000000e+00,0.000000e+00,0.000000e+00,0.000000e+00,0.000000e+00,0.000000e+00,0.000000e+00,0.000000e+00,0.000000e+00,0.000000e+00,0.000000e+00,0.000000e+00,0.000000e+00
1.000000e+00,0.000000e+00,0.000000e+00,0.000000e+00,0.000000e+00,0.000000e+00,0.000000e+00,0.000000e+00,0.000000e+00,0.000000e+00,0.000000e+00,0.000000e+00,0.000000e+00,0.000000e+00,0.000000e+00
1.000000e+00,0.000000e+00,0.000000e+00,0.000000e+00,0.000000e+00,0.000000e+00,0.000000e+00,0.000000e+00,0.000000e+00,0.000000e+00,0.000000e+00,0.000000e+00,0.000000e+00,0.000000e+00,0.000000e+00
1.000000e+00,0.000000e+00,0.000000e+00,0.000000e+00,0.000000e+00,0.000000e+00,0.000000e+00,0.000000e+00,0.000000e+00,0.000000e+00,0.000000e+00,0.000000e+00,0.000000e+00,0.000000e+00,0.000000e+00
1.000000e+00,0.000000e+00,0.000000e+00,0.000000e+00,0.000000e+00,0.000000e+00,0.000000e+00,0.000000e+00,0.000000e+00,0.000000e+00,0.000000e+00,0.000000e+00,0.000000e+00,0.000000e+00,0.000000e+00
1.000000e+00,0.000000e+00,0.000000e+00,0.000000e+00,0.000000e+00,0.000000e+00,0.000000e+00,0.000000e+00,0.000000e+00,0.000000e+00,0.000000e+00,0.000000e+00,0.000000e+00,0.000000e+00,0.000000e+00
1.000000e+00,0.000000e+00,0.000000e+00,0.000000e+00,0.000000e+00,0.000000e+00,0.000000e+00,0.000000e+00,0.000000e+00,0.000000e+00,0.000000e+00,0.000000e+00,0.000000e+00,0.000000e+00,0.000000e+00
1.000000e+00,0.000000e+00,0.000000e+00,0.000000e+00,0.000000e+00,0.000000e+00,0.000000e+00,0.000000e+00,0.000000e+00,0.000000e+00,0.000000e+00,0.000000e+00,0.000000e+00,0.000000e+00,0.000000e+00
1.000000e+00,0.000000e+00,0.000000e+00,0.000000e+00,0.000000e+00,0.000000e+00,0.000000e+00,0.000000e+00,0.000000e+00,0.000000e+00,0.000000e+00,0.000000e+00,0.000000e+00,0.000000e+00,0.000000e+00
1.000000e+00,0.000000e+00,0.000000e+00,0.000000e+00,0.000000e+00,0.000000e+00,0.000000e+00,0.000000e+00,0.000000e+00,0.000000e+00,0.000000e+00,0.000000e+00,0.000000e+00,0.000000e+00,0.000000e+00
1.000000e+00,0.000000e+00,0.000000e+00,0.000000e+00,0.000000e+00,0.000000e+00,0.000000e+00,0.000000e+00,0.000000e+00,0.000000e+00,0.000000e+00,0.000000e+00,0.000000e+00,0.000000e+00,0.000000e+00
1.000000e+00,0.000000e+00,0.000000e+00,0.000000e+00,0.000000e+00,0.000000e+00,0.000000e+00,0.000000e+00,0.000000e+00,0.000000e+00,0.000000e+00,0.000000e+00,0.000000e+00,0.000000e+00,0.000000e+00
1.000000e+00,0.000000e+00,0.000000e+00,0.000000e+00,0.000000e+00,0.000000e+00,0.000000e+00,0.000000e+00,0.000000e+00,0.000000e+00,0.000000e+00,0.000000e+00,0.000000e+00,0.000000e+00,0.000000e+00
1.000000e+00,0.000000e+00,0.000000e+00,0.000000e+00,0.000000e+00,0.000000e+00,0.000000e+00,0.000000e+00,0.000000e+00,0.000000e+00,0.000000e+00,0.000000e+00,0.000000e+00,0.000000e+00,0.000000e+00
1.000000e+00,0.000000e+00,0.000000e+00,0.000000e+00,0.000000e+00,0.000000e+00,0.000000e+00,0.000000e+00,0.000000e+00,0.000000e+00,0.000000e+00,0.000000e+00,0.000000e+00,0.000000e+00,0.000000e+00
1.000000e+00,0.000000e+00,0.000000e+00,0.000000e+00,0.000000e+00,0.000000e+00,0.000000e+00,0.000000e+00,0.000000e+00,0.000000e+00,0.000000e+00,0.000000e+00,0.000000e+00,0.000000e+00,0.000000e+00
1.000000e+00,0.000000e+00,0.000000e+00,0.000000e+00,0.000000e+00,0.000000e+00,0.000000e+00,0.000000e+00,0.000000e+00,0.000000e+00,0.000000e+00,0.000000e+00,0.000000e+00,0.000000e+00,0.000000e+00
1.000000e+00,0.000000e+00,0.000000e+00,0.000000e+00,0.000000e+00,0.000000e+00,0.000000e+00,0.000000e+00,0.000000e+00,0.000000e+00,0.000000e+00,0.000000e+00,0.000000e+00,0.000000e+00,0.000000e+00
1.000000e+00,0.000000e+00,0.000000e+00,0.000000e+00,0.000000e+00,0.000000e+00,0.000000e+00,0.000000e+00,0.000000e+00,0.000000e+00,0.000000e+00,0.000000e+00,0.000000e+00,0.000000e+00,0.000000e+00
1.000000e+00,0.000000e+00,0.000000e+00,0.000000e+00,0.000000e+00,0.000000e+00,0.000000e+00,0.000000e+00,0.000000e+00,0.000000e+00,0.000000e+00,0.000000e+00,0.000000e+00,0.000000e+00,0.000000e+00
1.000000e+00,0.000000e+00,0.000000e+00,0.000000e+00,0.000000e+00,0.000000e+00,0.000000e+00,0.000000e+00,0.000000e+00,0.000000e+00,0.000000e+00,0.000000e+00,0.000000e+00,0.000000e+00,0.000000e+00
1.000000e+00,0.000000e+00,0.000000e+00,0.000000e+00,0.000000e+00,0.000000e+00,0.000000e+00,0.000000e+00,0.000000e+00,0.000000e+00,0.000000e+00,0.000000e+00,0.000000e+00,0.000000e+00,0.000000e+00
1.000000e+00,0.000000e+00,0.000000e+00,0.000000e+00,0.000000e+00,0.000000e+00,0.000000e+00,0.000000e+00,0.000000e+00,0.000000e+00,0.000000e+00,0.000000e+00,0.000000e+00,0.000000e+00,0.000000e+00
1.000000e+00,0.000000e+00,0.000000e+00,0.000000e+00,0.000000e+00,0.000000e+00,0.000000e+00,0.000000e+00,0.000000e+00,0.000000e+00,0.000000e+00,0.000000e+00,0.000000e+00,0.000000e+00,0.000000e+00
1.000000e+00,0.000000e+00,0.000000e+00,0.000000e+00,0.000000e+00,0.000000e+00,0.000000e+00,0.000000e+00,0.000000e+00,0.000000e+00,0.000000e+00,0.000000e+00,0.000000e+00,0.000000e+00,0.000000e+00
1.000000e+00,0.000000e+00,0.000000e+00,0.000000e+00,0.000000e+00,0.000000e+00,0.000000e+00,0.000000e+00,0.000000e+00,0.000000e+00,0.000000e+00,0.000000e+00,0.000000e+00,0.000000e+00,0.000000e+00
1.000000e+00,0.000000e+00,0.000000e+00,0.000000e+00,0.000000e+00,0.000000e+00,0.000000e+00,0.000000e+00,0.000000e+00,0.000000e+00,0.000000e+00,0.000000e+00,0.000000e+00,0.000000e+00,0.000000e+00
1.000000e+00,0.000000e+00,0.000000e+00,0.000000e+00,0.000000e+00,0.000000e+00,0.000000e+00,0.000000e+00,0.000000e+00,0.000000e+00,0.000000e+00,0.000000e+00,0.000000e+00,0.000000e+00,0.000000e+00
1.000000e+00,0.000000e+00,0.000000e+00,0.000000e+00,0.000000e+00,0.000000e+00,0.000000e+00,0.000000e+00,0.000000e+00,0.000000e+00,0.000000e+00,0.000000e+00,0.000000e+00,0.000000e+00,0.000000e+00
4.818455e-01,2.838528e-02,2.518972e-02,9.529718e-02,3.969567e-02,6.719808e-02,1.641331e-02,1.698148e-02,1.192402e-02,2.828229e-03,5.730517e-03,9.624770e-02,9.571750e-02,1.355746e-03,1.519009e-02
1.000000e+00,0.000000e+00,0.000000e+00,0.000000e+00,0.000000e+00,0.000000e+00,0.000000e+00,0.000000e+00,0.000000e+00,0.000000e+00,0.000000e+00,0.000000e+00,0.000000e+00,0.000000e+00,0.000000e+00
4.678340e-01,3.093423e-02,2.266756e-02,9.615088e-02,4.020928e-02,5.256008e-02,1.511175e-02,1.485048e-02,1.627151e-02,3.584418e-03,8.047424e-03,1.037674e-01,1.052229e-01,1.740247e-03,2.104799e-02
4.327082e-01,3.347863e-02,2.048039e-02,1.086405e-01,4.067919e-02,4.945059e-02,1.432810e-02,1.348105e-02,1.954907e-02,3.820854e-03,1.006674e-02,1.141205e-01,1.120272e-01,1.859277e-03,2.530964e-02
4.093647e-01,3.819186e-02,2.330632e-02,1.119576e-01,3.968574e-02,4.704167e-02,1.556272e-02,1.396042e-02,2.210093e-02,5.428741e-03,1.362804e-02,1.124124e-01,1.038932e-01,2.452344e-03,4.101338e-02
1.000000e+00,0.000000e+00,0.000000e+00,0.000000e+00,0.000000e+00,0.000000e+00,0.000000e+00,0.000000e+00,0.000000e+00,0.000000e+00,0.000000e+00,0.000000e+00,0.000000e+00,0.000000e+00,0.000000e+00
1.000000e+00,0.000000e+00,0.000000e+00,0.000000e+00,0.000000e+00,0.000000e+00,0.000000e+00,0.000000e+00,0.000000e+00,0.000000e+00,0.000000e+00,0.000000e+00,0.000000e+00,0.000000e+00,0.000000e+00
1.000000e+00,0.000000e+00,0.000000e+00,0.000000e+00,0.000000e+00,0.000000e+00,0.000000e+00,0.000000e+00,0.000000e+00,0.000000e+00,0.000000e+00,0.000000e+00,0.000000e+00,0.000000e+00,0.000000e+00
1.000000e+00,0.000000e+00,0.000000e+00,0.000000e+00,0.000000e+00,0.000000e+00,0.000000e+00,0.000000e+00,0.000000e+00,0.000000e+00,0.000000e+00,0.000000e+00,0.000000e+00,0.000000e+00,0.000000e+00
1.000000e+00,0.000000e+00,0.000000e+00,0.000000e+00,0.000000e+00,0.000000e+00,0.000000e+00,0.000000e+00,0.000000e+00,0.000000e+00,0.000000e+00,0.000000e+00,0.000000e+00,0.000000e+00,0.000000e+00
1.000000e+00,0.000000e+00,0.000000e+00,0.000000e+00,0.000000e+00,0.000000e+00,0.000000e+00,0.000000e+00,0.000000e+00,0.000000e+00,0.000000e+00,0.000000e+00,0.000000e+00,0.000000e+00,0.000000e+00
1.000000e+00,0.000000e+00,0.000000e+00,0.000000e+00,0.000000e+00,0.000000e+00,0.000000e+00,0.000000e+00,0.000000e+00,0.000000e+00,0.000000e+00,0.000000e+00,0.000000e+00,0.000000e+00,0.000000e+00
1.000000e+00,0.000000e+00,0.000000e+00,0.000000e+00,0.000000e+00,0.000000e+00,0.000000e+00,0.000000e+00,0.000000e+00,0.000000e+00,0.000000e+00,0.000000e+00,0.000000e+00,0.000000e+00,0.000000e+00
1.000000e+00,0.000000e+00,0.000000e+00,0.000000e+00,0.000000e+00,0.000000e+00,0.000000e+00,0.000000e+00,0.000000e+00,0.000000e+00,0.000000e+00,0.000000e+00,0.000000e+00,0.000000e+00,0.000000e+00
1.000000e+00,0.000000e+00,0.000000e+00,0.000000e+00,0.000000e+00,0.000000e+00,0.000000e+00,0.000000e+00,0.000000e+00,0.000000e+00,0.000000e+00,0.000000e+00,0.000000e+00,0.000000e+00,0.000000e+00
1.000000e+00,0.000000e+00,0.000000e+00,0.000000e+00,0.000000e+00,0.000000e+00,0.000000e+00,0.000000e+00,0.000000e+00,0.000000e+00,0.000000e+00,0.000000e+00,0.000000e+00,0.000000e+00,0.000000e+00
1.000000e+00,0.000000e+00,0.000000e+00,0.000000e+00,0.000000e+00,0.000000e+00,0.000000e+00,0.000000e+00,0.000000e+00,0.000000e+00,0.000000e+00,0.000000e+00,0.000000e+00,0.000000e+00,0.000000e+00
1.000000e+00,0.000000e+00,0.000000e+00,0.000000e+00,0.000000e+00,0.000000e+00,0.000000e+00,0.000000e+00,0.000000e+00,0.000000e+00,0.000000e+00,0.000000e+00,0.000000e+00,0.000000e+00,0.000000e+00
1.000000e+00,0.000000e+00,0.000000e+00,0.000000e+00,0.000000e+00,0.000000e+00,0.000000e+00,0.000000e+00,0.000000e+00,0.000000e+00,0.000000e+00,0.000000e+00,0.000000e+00,0.000000e+00,0.000000e+00
1.000000e+00,0.000000e+00,0.000000e+00,0.000000e+00,0.000000e+00,0.000000e+00,0.000000e+00,0.000000e+00,0.000000e+00,0.000000e+00,0.000000e+00,0.000000e+00,0.000000e+00,0.000000e+00,0.000000e+00
3.962230e-01,4.833828e-02,1.523631e-02,9.769001e-02,5.190924e-03,3.804341e-02,4.392608e-03,1.485922e-02,7.186820e-02,7.115409e-03,2.001093e-02,3.653376e-02,4.340061e-02,5.966444e-03,1.951309e-01
2.785172e-01,7.408181e-02,1.212369e-02,1.495660e-01,3.811710e-03,2.693005e-02,3.200199e-03,1.045001e-02,1.003475e-01,1.227745e-02,1.450131e-02,2.666703e-02,3.194528e-02,4.324509e-03,2.512562e-01
1.950496e-01,6.443906e-02,1.791943e-02,3.034238e-01,2.727704e-03,1.908310e-02,2.260263e-03,7.320940e-03,8.629683e-02,1.252385e-02,1.038823e-02,1.874153e-02,2.249626e-02,3.077657e-03,2.342518e-01
1.375229e-01,5.410163e-02,1.467253e-02,2.436470e-01,1.970215e-03,1.364696e-02,1.600515e-03,5.146502e-03,6.936321e-02,1.150409e-02,8.149807e-03,1.327413e-02,1.613028e-02,2.287327e-03,4.069829e-01
9.632543e-02,5.411283e-02,5.510129e-02,2.682440e-01,1.421347e-03,9.815276e-03,1.138521e-03,3.613171e-03,7.261408e-02,2.933932e-02,6.239513e-03,9.344928e-03,1.149683e-02,1.673898e-03,3.795195e-01
6.774270e-02,1.305972e-01,4.727553e-02,2.028621e-01,1.048224e-03,7.235283e-03,8.232671e-04,2.544118e-03,1.629368e-01,2.779433e-02,5.358971e-03,6.623773e-03,8.402505e-03,1.354730e-03,3.274005e-01
4.746437e-02,1.765204e-01,7.251464e-02,1.677373e-01,7.395982e-04,5.090331e-03,5.787129e-04,1.788655e-03,1.383457e-01,3.059717e-02,4.030382e-03,4.747038e-03,6.026758e-03,1.064355e-03,3.427546e-01
3.338176e-02,1.446944e-01,1.065657e-01,1.296819e-01,5.379247e-04,3.603775e-03,4.123167e-04,1.258279e-03,1.159804e-01,3.044098e-02,3.167159e-03,3.407385e-03,4.473121e-03,1.164524e-03,4.212304e-01
2.665374e-02,1.369509e-01,1.010554e-01,1.154914e-01,1.226082e-03,3.178434e-03,3.932073e-04,9.197894e-04,1.656291e-01,2.716359e-02,5.056177e-03,2.712029e-03,4.603127e-03,1.842538e-03,4.071243e-01
1.965122e-02,1.626438e-01,8.795656e-02,9.808683e-02,9.520386e-04,2.336976e-03,3.053191e-04,6.616570e-04,2.299134e-01,2.977807e-02,3.781829e-03,2.009641e-03,4.386659e-03,1.932703e-03,3.556033e-01
3.168638e-02,1.731467e-01,6.359152e-02,7.129087e-02,1.268620e-03,2.287304e-03,3.160100e-04,5.430680e-04,3.657749e-01,2.147995e-02,3.063369e-03,1.494477e-03,6.489073e-03,1.979884e-03,2.555878e-01
3.028052e-02,1.949007e-01,4.788480e-02,5.351729e-02,1.088302e-03,1.965086e-03,2.512324e-04,4.672085e-04,4.447091e-01,1.689402e-02,2.612325e-03,1.277113e-03,6.888631e-03,2.342126e-03,1.949215e-01
2.406489e-02,1.916523e-01,8.053736e-02,5.730187e-02,8.680941e-04,1.667013e-03,1.866002e-04,3.666369e-04,4.695142e-01,1.407657e-02,2.066731e-03,1.591851e-03,5.832841e-03,1.989404e-03,1.482837e-01
9.579185e-02,1.485963e-01,9.075668e-02,5.146495e-02,2.631234e-03,7.948610e-03,5.495853e-04,6.410533e-04,4.182869e-01,1.584928e-02,2.916124e-03,2.437162e-03,8.570449e-03,2.874344e-03,1.506854e-01
1.108306e-01,1.149370e-01,1.619304e-01,6.756406e-02,2.743126e-03,8.136408e-03,5.809742e-04,7.171413e-04,3.539096e-01,2.417048e-02,3.954648e-03,3.582340e-03,9.310069e-03,2.942337e-03,1.346908e-01
1.639771e-01,9.556207e-02,1.871901e-01,6.864224e-02,6.583396e-03,1.088282e-02,1.289717e-03,2.145237e-03,2.772199e-01,2.802079e-02,5.151668e-03,4.375736e-03,1.096260e-02,3.692250e-03,1.343044e-01
1.778034e-01,7.829776e-02,2.064556e-01,6.633271e-02,7.131577e-03,1.124076e-02,1.269683e-03,2.308399e-03,2.314115e-01,6.353106e-02,5.534968e-03,4.201447e-03,9.866228e-03,3.596248e-03,1.310187e-01
3.058896e-01,6.806062e-02,1.549553e-01,5.250184e-02,1.318496e-02,1.305836e-02,2.085279e-03,5.367431e-03,2.075118e-01,5.146185e-02,5.124426e-03,4.748093e-03,9.389442e-03,3.871166e-03,1.027898e-01
3.702570e-01,6.021569e-02,1.139078e-01,4.076299e-02,2.327473e-02,1.378664e-02,4.387735e-03,1.219163e-02,2.179089e-01,3.791107e-02,5.097708e-03,6.526452e-03,8.418327e-03,3.644269e-03,8.170912e-02
3.713066e-01,5.495169e-02,8.351339e-02,3.423664e-02,2.771381e-02,2.041518e-02,6.817287e-03,2.719915e-02,2.463346e-01,2.968514e-02,4.740494e-03,6.513517e-03,1.162787e-02,4.117107e-03,7.082758e-02
3.389565e-01,4.910037e-02,7.044822e-02,2.709826e-02,2.837036e-02,2.400866e-02,1.082573e-02,1.429306e-01,2.071400e-01,2.171485e-02,3.822483e-03,5.218529e-03,1.409109e-02,3.652186e-03,5.262220e-02
2.882394e-01,6.228150e-02,8.678086e-02,2.247462e-02,3.291278e-02,3.483769e-02,1.680280e-02,1.551039e-01,2.059217e-01,1.952610e-02,3.085507e-03,4.313485e-03,1.628431e-02,3.631587e-03,4.780379e-02
2.373347e-01,8.960241e-02,6.822556e-02,1.779923e-02,2.832622e-02,4.902711e-02,1.337718e-02,1.904456e-01,2.285766e-01,1.475775e-02,2.987079e-03,4.073235e-03,1.528905e-02,2.926372e-03,3.725204e-02
2.231964e-01,9.520531e-02,5.900807e-02,1.516341e-02,2.203897e-02,4.479991e-02,9.814497e-03,2.757921e-01,1.853513e-01,1.137131e-02,3.613050e-03,6.056897e-03,1.393940e-02,2.545733e-03,3.210368e-02
2.134488e-01,7.955131e-02,4.693140e-02,2.165552e-02,1.654017e-02,3.544897e-02,7.071151e-03,2.234213e-01,1.376793e-01,1.077452e-02,4.502561e-02,6.267863e-02,5.667407e-02,3.865236e-03,3.923406e-02
1.937706e-01,5.909706e-02,3.420315e-02,2.082541e-02,1.233290e-02,3.139712e-02,5.396667e-03,1.591775e-01,1.056373e-01,1.070529e-02,6.095307e-02,1.086993e-01,1.549168e-01,6.314730e-03,3.657319e-02
1.622555e-01,4.426767e-02,2.639749e-02,1.716413e-02,9.276990e-03,2.803184e-02,3.941236e-03,1.137016e-01,9.771382e-02,1.004892e-02,7.850866e-02,1.339302e-01,2.371591e-01,5.801367e-03,3.180150e-02
1.609160e-01,3.349567e-02,2.209461e-02,2.135433e-02,9.132858e-03,2.652994e-02,3.210844e-03,8.640909e-02,9.966274e-02,1.983094e-02,9.876765e-02,1.331297e-01,2.497046e-01,7.775554e-03,2.798550e-02
1.288203e-01,2.595751e-02,1.747983e-02,2.286252e-02,8.279883e-03,2.135878e-02,2.542920e-03,6.598836e-02,9.389379e-02,3.712349e-02,1.028827e-01,1.169528e-01,3.169236e-01,1.045928e-02,2.847434e-02
9.288609e-02,1.983592e-02,1.613162e-02,4.139182e-02,9.040839e-03,1.630038e-02,1.912305e-03,5.231087e-02,8.126780e-02,9.922767e-02,1.008801e-01,1.069074e-01,3.269755e-01,1.030465e-02,2.462715e-02
8.054597e-02,2.469674e-02,1.715489e-02,5.642732e-02,1.137307e-02,1.313118e-02,1.518311e-03,4.665016e-02,8.004682e-02,9.783886e-02,9.539698e-02,1.092318e-01,3.316685e-01,1.247266e-02,2.184682e-02
9.337471e-02,2.778392e-02,1.675637e-02,5.291457e-02,1.945213e-02,1.229714e-02,1.538193e-03,3.678093e-02,8.583511e-02,1.138589e-01,9.997186e-02,1.183905e-01,2.817868e-01,1.849876e-02,2.076019e-02
8.302392e-02,1.151340e-01,3.961210e-02,4.289849e-02,4.389033e-02,9.965341e-03,1.323275e-03,3.650644e-02,9.926458e-02,9.732766e-02,8.800644e-02,9.075576e-02,2.053202e-01,2.410526e-02,2.286622e-02
7.869417e-02,1.282595e-01,4.610678e-02,4.747909e-02,4.931443e-02,8.537599e-03,1.224075e-03,4.772713e-02,1.344006e-01,8.788888e-02,7.111847e-02,8.250366e-02,1.532215e-01,3.869350e-02,2.483052e-02
6.988139e-02,1.147918e-01,4.622866e-02,4.677907e-02,6.202248e-02,1.000128e-02,1.116342e-03,4.380693e-02,1.494488e-01,8.474077e-02,8.249706e-02,9.554940e-02,1.121968e-01,5.330003e-02,2.763928e-02
7.158216e-02,9.006447e-02,4.033034e-02,3.759072e-02,6.256597e-02,1.456530e-02,8.710271e-04,4.480982e-02,1.319848e-01,6.308042e-02,1.244757e-01,1.572568e-01,8.396618e-02,5.536806e-02,2.148823e-02
5.897587e-02,6.672281e-02,3.338001e-02,2.824816e-02,6.259188e-02,1.261589e-02,8.214805e-04,3.475982e-02,1.080108e-01,4.816053e-02,1.863628e-01,2.348416e-01,6.189071e-02,4.640457e-02,1.621313e-02
4.888109e-02,5.447212e-02,2.867674e-02,2.109725e-02,5.258632e-02,9.853625e-03,1.058485e-03,2.939065e-02,1.131443e-01,3.968891e-02,3.138377e-01,1.925726e-01,4.569477e-02,3.699828e-02,1.204719e-02
4.731165e-02,4.206553e-02,2.227309e-02,1.605162e-02,4.998225e-02,8.354798e-03,2.029741e-03,2.534101e-02,1.126788e-01,3.383539e-02,4.098499e-01,1.596069e-01,3.377138e-02,2.755027e-02,9.297722e-03
5.175145e-02,3.818323e-02,1.726024e-02,1.221184e-02,6.409871e-02,7.102552e-03,3.238539e-03,2.727890e-02,2.237979e-01,3.254066e-02,3.495086e-01,1.198678e-01,2.487862e-02,2.052126e-02,7.759743e-03
6.901726e-02,4.971110e-02,2.196761e-02,9.824569e-03,6.912798e-02,7.243874e-03,3.635675e-03,3.236982e-02,2.777422e-01,3.102180e-02,2.966167e-01,8.757130e-02,1.898988e-02,1.784377e-02,7.316429e-03
8.408256e-02,5.099819e-02,3.912827e-02,8.560242e-03,7.703501e-02,8.831374e-03,3.498754e-03,4.658669e-02,2.848802e-01,3.283838e-02,2.578443e-01,6.598546e-02,1.536610e-02,1.528671e-02,9.077846e-03
7.528654e-02,3.814372e-02,7.314863e-02,1.965836e-02,6.843238e-02,9.984928e-03,3.374432e-03,1.272554e-01,2.217572e-01,3.105341e-02,2.220986e-01,5.737123e-02,1.708663e-02,1.308901e-02,2.225964e-02
8.326346e-02,3.863788e-02,8.938582e-02,2.239291e-02,1.198038e-01,2.539063e-02,9.074021e-03,1.035208e-01,1.894397e-01,2.890812e-02,1.881499e-01,4.304125e-02,1.469947e-02,1.288600e-02,3.140628e-02
1.014427e-01,3.382337e-02,1.325133e-01,4.135408e-02,1.223210e-01,3.193882e-02,9.232497e-03,1.121148e-01,1.523627e-01,2.581895e-02,1.483074e-01,3.324423e-02,1.196118e-02,1.037415e-02,3.319088e-02
1.317862e-01,2.628007e-02,1.114049e-01,1.844582e-01,9.393049e-02,4.378018e-02,6.861730e-03,7.950579e-02,1.092658e-01,1.887508e-02,1.118942e-01,2.992915e-02,2.015692e-02,7.465063e-03,2.440620e-02
1.466124e-01,2.188551e-02,8.865152e-02,2.216030e-01,7.589935e-02,5.338454e-02,5.464213e-03,5.666596e-02,7.914853e-02,1.637278e-02,1.007989e-01,3.721231e-02,7.148901e-02,5.745442e-03,1.906655e-02
1.081194e-01,1.562070e-02,6.793179e-02,1.882980e-01,5.531230e-02,4.157635e-02,4.230934e-03,4.036909e-02,5.621056e-02,2.746638e-02,1.234311e-01,3.987657e-02,2.118275e-01,5.481910e-03,1.424743e-02
8.207013e-02,1.135730e-02,5.940239e-02,1.497121e-01,4.011834e-02,3.225778e-02,3.267497e-03,2.941285e-02,4.076128e-02,3.103119e-02,1.437294e-01,4.572191e-02,3.147664e-01,4.680316e-03,1.171108e-02
6.513581e-02,8.235348e-03,5.249455e-02,1.108514e-01,2.898458e-02,2.653562e-02,2.758688e-03,2.299667e-02,3.094907e-02,2.450292e-02,1.303824e-01,5.254759e-02,4.291969e-01,4.248391e-03,1.018005e-02
5.291855e-02,8.420601e-03,5.401242e-02,8.192813e-02,3.858535e-02,2.418321e-02,1.127038e-02,3.076775e-02,5.922481e-02,2.217939e-02,1.244880e-01,5.256278e-02,4.252841e-01,4.871011e-03,9.303529e-03
3.977842e-02,6.836557e-03,4.447529e-02,6.059512e-02,3.626458e-02,1.895803e-02,1.344870e-02,1.120440e-01,6.006104e-02,2.346493e-02,1.139510e-01,4.144791e-02,4.123890e-01,5.375120e-03,1.091042e-02
3.268217e-02,6.363386e-03,7.697657e-02,1.212861e-01,5.143535e-02,1.594143e-02,1.113572e-02,1.074294e-01,1.047732e-01,2.015419e-02,9.152679e-02,3.463689e-02,3.086518e-01,6.927199e-03,1.007982e-02
3.928010e-02,1.008030e-02,7.612959e-02,1.073541e-01,5.701426e-02,1.631062e-02,1.109299e-02,9.317128e-02,1.421421e-01,2.242338e-02,8.766991e-02,4.328768e-02,2.491683e-01,1.567740e-02,2.919792e-02
4.446099e-02,1.236356e-02,6.457059e-02,7.930048e-02,6.303902e-02,2.374366e-02,1.281107e-02,7.991451e-02,1.485282e-01,1.983229e-02,7.584465e-02,4.383200e-02,2.835098e-01,1.313766e-02,3.511144e-02
6.402719e-02,1.916886e-02,5.086660e-02,5.798795e-02,6.027471e-02,2.931248e-02,1.208590e-02,6.426203e-02,1.417894e-01,1.927793e-02,5.711062e-02,3.987963e-02,3.347731e-01,1.097834e-02,3.820531e-02
9.108740e-02,2.100419e-02,3.840598e-02,4.465997e-02,5.518267e-02,3.021500e-02,1.350405e-02,5.308627e-02,1.230149e-01,1.668070e-02,4.360639e-02,4.534945e-02,3.745589e-01,1.024713e-02,3.939695e-02
2.288101e-01,2.007665e-02,3.661739e-02,4.115895e-02,4.785694e-02,3.180238e-02,1.297825e-02,4.697688e-02,9.425052e-02,1.487471e-02,3.341815e-02,4.410306e-02,3.015707e-01,1.038399e-02,3.512138e-02
3.392057e-01,1.879680e-02,2.824253e-02,3.428410e-02,3.974652e-02,2.977165e-02,1.078316e-02,3.781460e-02,7.284863e-02,1.227496e-02,2.633028e-02,4.184573e-02,2.688019e-01,9.451602e-03,2.980176e-02
4.824374e-01,1.587342e-02,2.096137e-02,2.887792e-02,3.081117e-02,2.708498e-02,9.421965e-03,2.896456e-02,5.494668e-02,1.027791e-02,2.047929e-02,3.527834e-02,2.025874e-01,7.763490e-03,2.423421e-02
1.000000e+00,0.000000e+00,0.000000e+00,0.000000e+00,0.000000e+00,0.000000e+00,0.000000e+00,0.000000e+00,0.000000e+00,0.000000e+00,0.000000e+00,0.000000e+00,0.000000e+00,0.000000e+00,0.000000e+00
4.878810e-01,1.608854e-02,1.608344e-02,2.034878e-02,2.126965e-02,2.064529e-02,8.890559e-03,2.315277e-02,3.372086e-02,9.637864e-03,1.377011e-02,6.807792e-02,2.311113e-01,8.150410e-03,2.117146e-02
1.000000e+00,0.000000e+00,0.000000e+00,0.000000e+00,0.000000e+00,0.000000e+00,0.000000e+00,0.000000e+00,0.000000e+00,0.000000e+00,0.000000e+00,0.000000e+00,0.000000e+00,0.000000e+00,0.000000e+00
4.946907e-01,2.047028e-02,7.306030e-02,4.856470e-02,1.922250e-02,1.907669e-02,6.040574e-03,1.785688e-02,2.902436e-02,6.799548e-03,1.222213e-02,5.489901e-02,1.732009e-01,7.180824e-03,1.769062e-02
1.000000e+00,0.000000e+00,0.000000e+00,0.000000e+00,0.000000e+00,0.000000e+00,0.000000e+00,0.000000e+00,0.000000e+00,0.000000e+00,0.000000e+00,0.000000e+00,0.000000e+00,0.000000e+00,0.000000e+00
4.040313e-01,2.190764e-02,2.065457e-01,1.169295e-01,2.820583e-02,2.069911e-02,3.983316e-03,1.180403e-02,3.183118e-02,4.997808e-03,8.412883e-03,2.936072e-02,8.906198e-02,4.244887e-03,1.798409e-02
3.597807e-01,2.347118e-02,2.740037e-01,9.919289e-02,5.021497e-02,1.893059e-02,4.470469e-03,1.266507e-02,3.268414e-02,4.239526e-03,7.910438e-03,2.210416e-02,6.836116e-02,3.620750e-03,1.835034e-02
2.655402e-01,3.325488e-02,2.512627e-01,1.595315e-01,1.193294e-01,1.761001e-02,8.306766e-03,1.692330e-02,3.100551e-02,4.504113e-03,6.022941e-03,1.595750e-02,5.027294e-02,2.711144e-03,1.776719e-02
1.962422e-01,3.773889e-02,2.292402e-01,2.267006e-01,1.543424e-01,1.613738e-02,1.014147e-02,2.814338e-02,2.514989e-02,3.835099e-03,4.457383e-03,1.145380e-02,3.614717e-02,2.062453e-03,1.820772e-02
1.940089e-01,5.052604e-02,1.973671e-01,2.085675e-01,1.685288e-01,1.478126e-02,9.193686e-03,4.208199e-02,2.375317e-02,5.127220e-03,3.698148e-03,8.950202e-03,2.795025e-02,1.911065e-03,4.355466e-02
2.397966e-01,5.262960e-02,1.859500e-01,1.668346e-01,1.643786e-01,1.568981e-02,8.977141e-03,3.506857e-02,1.922536e-02,4.682435e-03,3.158804e-03,7.972858e-03,2.218638e-02,2.137716e-03,7.131155e-02
2.097381e-01,6.032605e-02,1.613380e-01,1.836963e-01,1.836972e-01,2.050282e-02,1.395033e-02,4.317732e-02,1.531803e-02,4.471310e-03,3.206030e-03,8.532462e-03,1.753012e-02,2.210635e-03,7.230520e-02
1.764321e-01,5.951457e-02,1.882744e-01,2.065055e-01,1.574471e-01,2.446354e-02,1.521594e-02,5.865929e-02,1.488189e-02,5.695970e-03,4.031657e-03,1.336219e-02,1.579502e-02,1.839493e-03,5.788132e-02
1.447515e-01,7.198406e-02,2.258090e-01,2.089670e-01,1.384538e-01,2.909144e-02,1.224199e-02,4.758653e-02,1.331896e-02,2.309596e-02,7.795290e-03,1.322021e-02,1.257869e-02,1.464772e-03,4.964074e-02
1.112518e-01,6.793416e-02,1.769350e-01,1.854207e-01,1.075788e-01,5.698462e-02,8.744742e-03,3.452662e-02,1.818524e-02,2.315882e-02,1.064126e-01,2.864004e-02,1.813561e-02,8.561179e-03,4.753012e-02
1.045034e-01,5.745330e-02,1.309413e-01,1.519318e-01,7.807966e-02,4.580997e-02,6.307473e-03,2.537629e-02,2.722948e-02,2.486538e-02,2.242108e-01,5.786294e-02,1.675713e-02,8.918206e-03,3.975287e-02
1.786122e-01,4.807640e-02,9.604068e-02,1.284418e-01,5.874943e-02,3.511226e-02,5.603611e-03,2.030846e-02,5.095696e-02,4.313142e-02,2.045133e-01,6.851801e-02,1.860380e-02,8.607041e-03,3.472465e-02
1.434251e-01,4.149894e-02,9.289016e-02,1.811864e-01,5.481282e-02,3.506189e-02,4.958957e-03,3.538403e-02,5.817993e-02,3.833211e-02,1.810320e-01,7.532422e-02,2.228149e-02,7.879092e-03,2.775289e-02
2.217498e-01,3.425151e-02,7.928446e-02,1.626292e-01,4.527722e-02,3.645989e-02,3.972837e-03,2.780819e-02,7.361539e-02,4.172311e-02,1.553464e-01,6.591326e-02,2.020336e-02,7.692621e-03,2.407279e-02
2.402691e-01,2.835249e-02,5.920716e-02,1.335600e-01,3.473856e-02,6.415610e-02,3.171158e-03,2.098555e-02,5.874100e-02,7.239862e-02,1.533253e-01,7.864051e-02,1.883150e-02,7.617205e-03,2.600587e-02
2.235963e-01,2.253913e-02,4.228263e-02,1.074232e-01,2.524887e-02,5.143599e-02,3.282201e-03,1.549799e-02,4.355368e-02,5.715884e-02,2.851554e-01,7.834615e-02,1.637089e-02,6.295168e-03,2.181352e-02
2.283584e-01,1.810325e-02,3.073414e-02,1.032411e-01,1.912726e-02,4.469560e-02,2.590002e-03,1.194477e-02,3.697916e-02,4.710918e-02,2.985882e-01,1.165805e-01,1.501529e-02,6.567207e-03,2.036597e-02
2.618757e-01,1.539746e-02,2.444808e-02,9.818174e-02,1.693507e-02,3.935683e-02,2.439116e-03,1.463079e-02,2.916342e-02,3.550902e-02,2.913571e-01,1.261872e-01,1.356589e-02,1.387215e-02,1.708038e-02
2.959763e-01,1.418719e-02,1.937053e-02,8.645439e-02,2.286144e-02,3.468108e-02,2.119698e-03,1.193197e-02,2.604343e-02,2.751036e-02,2.738152e-01,1.416538e-01,1.203570e-02,1.580739e-02,1.555155e-02
3.352642e-01,1.631115e-02,1.699726e-02,8.916721e-02,2.533559e-02,3.590413e-02,3.645990e-03,1.222858e-02,2.305554e-02,2.062206e-02,2.459480e-01,1.384107e-01,1.031115e-02,1.218214e-02,1.461631e-02
4.196965e-01,1.588633e-02,1.266815e-02,7.325955e-02,2.057105e-02,3.539702e-02,3.362407e-03,1.046268e-02,2.667145e-02,1.631475e-02,2.009537e-01,1.310015e-01,1.047953e-02,1.038799e-02,1.288729e-02
4.545862e-01,1.737184e-02,9.665624e-03,6.952175e-02,2.082276e-02,3.318502e-02,3.411607e-03,1.185700e-02,3.199383e-02,1.449309e-02,1.603983e-01,1.326475e-01,1.362954e-02,9.859356e-03,1.655662e-02
4.619009e-01,2.611168e-02,9.413567e-03,5.840985e-02,1.986087e-02,2.881839e-02,3.323417e-03,2.763320e-02,3.875763e-02,1.491293e-02,1.396974e-01,1.214494e-01,1.766599e-02,1.369847e-02,1.834629e-02
1.000000e+00,0.000000e+00,0.000000e+00,0.000000e+00,0.000000e+00,0.000000e+00,0.000000e+00,0.000000e+00,0.000000e+00,0.000000e+00,0.000000e+00,0.000000e+00,0.000000e+00,0.000000e+00,0.000000e+00
4.737284e-01,4.764257e-02,1.638810e-02,5.601064e-02,2.455385e-02,2.094744e-02,3.775311e-03,2.891148e-02,9.953349e-02,1.283573e-02,8.638638e-02,7.649551e-02,1.377925e-02,1.267952e-02,2.633232e-02
4.714461e-01,6.479307e-02,1.460300e-02,7.309133e-02,2.511616e-02,2.156710e-02,3.487364e-03,2.478325e-02,9.201232e-02,1.117484e-02,7.022225e-02,6.429195e-02,1.183467e-02,1.203722e-02,3.953932e-02
4.525229e-01,6.047783e-02,1.845334e-02,1.407252e-01,2.755958e-02,2.021877e-02,3.110783e-03,2.297088e-02,8.760089e-02,9.474735e-03,5.365893e-02,4.957176e-02,9.093770e-03,9.610481e-03,3.495009e-02
4.853789e-01,6.438064e-02,2.019240e-02,1.352140e-01,2.714934e-02,2.696397e-02,2.985328e-03,1.923717e-02,7.251669e-02,1.077594e-02,4.404154e-02,4.493404e-02,8.967148e-03,8.269456e-03,2.899354e-02
1.000000e+00,0.000000e+00,0.000000e+00,0.000000e+00,0.000000e+00,0.000000e+00,0.000000e+00,0.000000e+00,0.000000e+00,0.000000e+00,0.000000e+00,0.000000e+00,0.000000e+00,0.000000e+00,0.000000e+00
4.975005e-01,5.322660e-02,5.218416e-02,1.640304e-01,2.405830e-02,2.452631e-02,2.358794e-03,1.317850e-02,4.539225e-02,9.708319e-03,3.325802e-02,3.172969e-02,8.976549e-03,6.262030e-03,3.360970e-02
4.725437e-01,5.502748e-02,9.954385e-02,1.486045e-01,2.433306e-02,2.082682e-02,1.948161e-03,1.172308e-02,3.791941e-02,1.000371e-02,3.599741e-02,2.820585e-02,1.022509e-02,5.612746e-03,3.748517e-02
4.744918e-01,6.318337e-02,1.120833e-01,1.295593e-01,2.444778e-02,1.751990e-02,1.910700e-03,1.184656e-02,3.802776e-02,1.321898e-02,3.483534e-02,2.377017e-02,1.118857e-02,4.755121e-03,3.916137e-02
4.462245e-01,6.620912e-02,1.049768e-01,1.017037e-01,3.001351e-02,1.679381e-02,1.803566e-03,1.078595e-02,4.932635e-02,3.055418e-02,5.536100e-02,2.911277e-02,1.693988e-02,5.780505e-03,3.441437e-02
3.602900e-01,6.357620e-02,1.066164e-01,1.957797e-01,3.601425e-02,1.385067e-02,1.496808e-03,1.196017e-02,4.401867e-02,2.660015e-02,5.923956e-02,2.515458e-02,1.774962e-02,5.907129e-03,3.174610e-02
3.028264e-01,5.211294e-02,1.659912e-01,2.350021e-01,3.706541e-02,1.211439e-02,1.432720e-03,1.025066e-02,3.558040e-02,2.217099e-02,5.898870e-02,2.186574e-02,1.496769e-02,4.969199e-03,2.466151e-02
2.268007e-01,3.990008e-02,1.516947e-01,3.387944e-01,2.750733e-02,1.341130e-02,1.151413e-03,8.278337e-03,3.061757e-02,2.277649e-02,7.232071e-02,2.290773e-02,1.978565e-02,3.931142e-03,2.012261e-02
2.061032e-01,3.270333e-02,1.547362e-01,2.992873e-01,2.629100e-02,1.150493e-02,1.598687e-03,6.793031e-03,4.381306e-02,3.146742e-02,1.099285e-01,2.831779e-02,2.497486e-02,3.570290e-03,1.891049e-02
2.150655e-01,3.477320e-02,1.302626e-01,3.229597e-01,3.284888e-02,1.282049e-02,3.921817e-03,6.582919e-03,6.504263e-02,2.660855e-02,8.401215e-02,2.284603e-02,2.062301e-02,3.114776e-03,1.851772e-02
2.162860e-01,3.878117e-02,1.102231e-01,3.350569e-01,3.333579e-02,1.227475e-02,4.343929e-03,6.229143e-03,9.045765e-02,2.747359e-02,6.277283e-02,1.808279e-02,1.975693e-02,2.652811e-03,2.227250e-02
2.457627e-01,4.761453e-02,9.438495e-02,2.655866e-01,3.974907e-02,1.487781e-02,4.657568e-03,5.372809e-03,1.435418e-01,2.750551e-02,4.670160e-02,1.455653e-02,1.851142e-02,3.378339e-03,2.779877e-02
1.772968e-01,4.747572e-02,1.189430e-01,3.299160e-01,3.465656e-02,1.385487e-02,4.736981e-03,4.805458e-03,1.417790e-01,2.590600e-02,3.344798e-02,1.075192e-02,1.885174e-02,2.712172e-03,3.486567e-02
1.830534e-01,4.194751e-02,9.485719e-02,2.764901e-01,4.734934e-02,2.502940e-02,7.849667e-03,4.131814e-03,1.953186e-01,2.160457e-02,2.665743e-02,8.993804e-03,1.795765e-02,2.928135e-03,4.583138e-02
1.725220e-01,4.169946e-02,7.416601e-02,2.914025e-01,5.056240e-02,2.609012e-02,1.077913e-02,4.132118e-03,2.009579e-01,1.890787e-02,2.099854e-02,9.513497e-03,1.947594e-02,2.434078e-03,5.635849e-02
1.997166e-01,4.123647e-02,5.580996e-02,2.746597e-01,5.985764e-02,3.132081e-02,1.224242e-02,3.705210e-03,1.891499e-01,1.737881e-02,1.599778e-02,8.578710e-03,1.707746e-02,2.132696e-03,7.113588e-02
1.551040e-01,3.815091e-02,9.738082e-02,2.981740e-01,5.019221e-02,2.687206e-02,1.040125e-02,3.266812e-03,1.543055e-01,1.936289e-02,1.178868e-02,6.522370e-03,1.513901e-02,1.886499e-03,1.114530e-01
1.873235e-01,3.962457e-02,1.117231e-01,2.486826e-01,4.517863e-02,2.443737e-02,1.003729e-02,2.953634e-03,1.310975e-01,2.006554e-02,1.491828e-02,6.161797e-03,1.502368e-02,2.517954e-03,1.402545e-01
1.628535e-01,5.456600e-02,1.193646e-01,2.985386e-01,3.983529e-02,2.230226e-02,9.487659e-03,3.110394e-03,1.207755e-01,1.679720e-02,1.220203e-02,5.174424e-03,1.436854e-02,2.196321e-03,1.184277e-01
2.858789e-01,5.722320e-02,9.647053e-02,2.252930e-01,4.386223e-02,3.627490e-02,1.931001e-02,3.802779e-03,9.277546e-02,1.343390e-02,1.081952e-02,5.717062e-03,1.600340e-02,2.071767e-03,9.106335e-02
3.591288e-01,4.972352e-02,7.953381e-02,1.656064e-01,6.120313e-02,5.132720e-02,3.063826e-02,8.693518e-03,8.137827e-02,1.114190e-02,8.581651e-03,6.082721e-03,1.634185e-02,1.886801e-03,6.873232e-02
2.931015e-01,4.957462e-02,2.032038e-01,1.504732e-01,5.540841e-02,4.602524e-02,2.897608e-02,7.223604e-03,6.244741e-02,1.110735e-02,6.964539e-03,7.636026e-03,1.768928e-02,1.435222e-03,5.873374e-02
3.188906e-01,3.847126e-02,1.955274e-01,1.280398e-01,4.567776e-02,6.730866e-02,2.311665e-02,7.292139e-03,5.472348e-02,1.512635e-02,9.154841e-03,1.614877e-02,2.857114e-02,1.568346e-03,5.038285e-02
3.659708e-01,3.181723e-02,1.694665e-01,1.079490e-01,4.080890e-02,7.406653e-02,1.870324e-02,8.148406e-03,5.045668e-02,1.546941e-02,1.160872e-02,2.014853e-02,3.855942e-02,1.614499e-03,4.521219e-02
4.190783e-01,3.133230e-02,1.280719e-01,9.107389e-02,4.413430e-02,6.082241e-02,1.678385e-02,1.496374e-02,5.139151e-02,2.262028e-02,1.374295e-02,2.008103e-02,3.594615e-02,2.594766e-03,4.736259e-02
4.515386e-01,3.566089e-02,9.682688e-02,7.661267e-02,4.819028e-02,5.391670e-02,1.394436e-02,1.313876e-02,5.883652e-02,3.130983e-02,1.477913e-02,1.859266e-02,3.373625e-02,3.703016e-03,4.921340e-02
1.000000e+00,0.000000e+00,0.000000e+00,0.000000e+00,0.000000e+00,0.000000e+00,0.000000e+00,0.000000e+00,0.000000e+00,0.000000e+00,0.000000e+00,0.000000e+00,0.000000e+00,0.000000e+00,0.000000e+00
1.000000e+00,0.000000e+00,0.000000e+00,0.000000e+00,0.000000e+00,0.000000e+00,0.000000e+00,0.000000e+00,0.000000e+00,0.000000e+00,0.000000e+00,0.000000e+00,0.000000e+00,0.000000e+00,0.000000e+00
1.000000e+00,0.000000e+00,0.000000e+00,0.000000e+00,0.000000e+00,0.000000e+00,0.000000e+00,0.000000e+00,0.000000e+00,0.000000e+00,0.000000e+00,0.000000e+00,0.000000e+00,0.000000e+00,0.000000e+00
1.000000e+00,0.000000e+00,0.000000e+00,0.000000e+00,0.000000e+00,0.000000e+00,0.000000e+00,0.000000e+00,0.000000e+00,0.000000e+00,0.000000e+00,0.000000e+00,0.000000e+00,0.000000e+00,0.000000e+00
1.000000e+00,0.000000e+00,0.000000e+00,0.000000e+00,0.000000e+00,0.000000e+00,0.000000e+00,0.000000e+00,0.000000e+00,0.000000e+00,0.000000e+00,0.000000e+00,0.000000e+00,0.000000e+00,0.000000e+00
1.000000e+00,0.000000e+00,0.000000e+00,0.000000e+00,0.000000e+00,0.000000e+00,0.000000e+00,0.000000e+00,0.000000e+00,0.000000e+00,0.000000e+00,0.000000e+00,0.000000e+00,0.000000e+00,0.000000e+00
1.000000e+00,0.000000e+00,0.000000e+00,0.000000e+00,0.000000e+00,0.000000e+00,0.000000e+00,0.000000e+00,0.000000e+00,0.000000e+00,0.000000e+00,0.000000e+00,0.000000e+00,0.000000e+00,0.000000e+00
1.000000e+00,0.000000e+00,0.000000e+00,0.000000e+00,0.000000e+00,0.000000e+00,0.000000e+00,0.000000e+00,0.000000e+00,0.000000e+00,0.000000e+00,0.000000e+00,0.000000e+00,0.000000e+00,0.000000e+00
1.000000e+00,0.000000e+00,0.000000e+00,0.000000e+00,0.000000e+00,0.000000e+00,0.000000e+00,0.000000e+00,0.000000e+00,0.000000e+00,0.000000e+00,0.000000e+00,0.000000e+00,0.000000e+00,0.000000e+00
1.000000e+00,0.000000e+00,0.000000e+00,0.000000e+00,0.000000e+00,0.000000e+00,0.000000e+00,0.000000e+00,0.000000e+00,0.000000e+00,0.000000e+00,0.000000e+00,0.000000e+00,0.000000e+00,0.000000e+00
1.000000e+00,0.000000e+00,0.000000e+00,0.000000e+00,0.000000e+00,0.000000e+00,0.000000e+00,0.000000e+00,0.000000e+00,0.000000e+00,0.000000e+00,0.000000e+00,0.000000e+00,0.000000e+00,0.000000e+00
1.000000e+00,0.000000e+00,0.000000e+00,0.000000e+00,0.000000e+00,0.000000e+00,0.000000e+00,0.000000e+00,0.000000e+00,0.000000e+00,0.000000e+00,0.000000e+00,0.000000e+00,0.000000e+00,0.000000e+00
1.000000e+00,0.000000e+00,0.000000e+00,0.000000e+00,0.000000e+00,0.000000e+00,0.000000e+00,0.000000e+00,0.000000e+00,0.000000e+00,0.000000e+00,0.000000e+00,0.000000e+00,0.000000e+00,0.000000e+00
1.000000e+00,0.000000e+00,0.000000e+00,0.000000e+00,0.000000e+00,0.000000e+00,0.000000e+00,0.000000e+00,0.000000e+00,0.000000e+00,0.000000e+00,0.000000e+00,0.000000e+00,0.000000e+00,0.000000e+00
1.000000e+00,0.000000e+00,0.000000e+00,0.000000e+00,0.000000e+00,0.000000e+00,0.000000e+00,0.000000e+00,0.000000e+00,0.000000e+00,0.000000e+00,0.000000e+00,0.000000e+00,0.000000e+00,0.000000e+00
1.000000e+00,0.000000e+00,0.000000e+00,0.000000e+00,0.000000e+00,0.000000e+00,0.000000e+00,0.000000e+00,0.000000e+00,0.000000e+00,0.000000e+00,0.000000e+00,0.000000e+00,0.000000e+00,0.000000e+00
1.000000e+00,0.000000e+00,0.000000e+00,0.000000e+00,0.000000e+00,0.000000e+00,0.000000e+00,0.000000e+00,0.000000e+00,0.000000e+00,0.000000e+00,0.000000e+00,0.000000e+00,0.000000e+00,0.000000e+00
1.000000e+00,0.000000e+00,0.000000e+00,0.000000e+00,0.000000e+00,0.000000e+00,0.000000e+00,0.000000e+00,0.000000e+00,0.000000e+00,0.000000e+00,0.000000e+00,0.000000e+00,0.000000e+00,0.000000e+00
4.558265e-01,1.136283e-02,1.079942e-02,3.710587e-02,1.616964e-02,1.912345e-02,3.266318e-03,3.344204e-01,1.213357e-02,7.625428e-03,1.603087e-02,3.094833e-02,1.645286e-02,4.469013e-03,2.426559e-02
3.358485e-01,1.002457e-02,9.382124e-03,2.791326e-02,1.604418e-02,1.605800e-02,2.716372e-03,4.996744e-01,9.542593e-03,5.718034e-03,1.148589e-02,2.196327e-02,1.208135e-02,3.238875e-03,1.830859e-02
2.397295e-01,7.333081e-03,7.903870e-03,1.994948e-02,1.379065e-02,1.243814e-02,2.073226e-03,6.378106e-01,6.812102e-03,4.042779e-03,8.142703e-03,1.548174e-02,8.860940e-03,2.328638e-03,1.330260e-02
1.718161e-01,5.177950e-03,5.799809e-03,1.415091e-02,1.039536e-02,9.285249e-03,1.541979e-03,7.399958e-01,4.795823e-03,2.854633e-03,5.778211e-03,1.098126e-02,6.400441e-03,1.662164e-03,9.364311e-03
1.245246e-01,3.647326e-03,4.357852e-03,1.020900e-02,7.771650e-03,6.693866e-03,1.118551e-03,8.120192e-01,3.378603e-03,2.020985e-03,4.124961e-03,7.767399e-03,4.579006e-03,1.180886e-03,6.606151e-03
9.080698e-02,2.573682e-03,3.507816e-03,7.256194e-03,5.757937e-03,4.844042e-03,7.977944e-04,8.632885e-01,2.391066e-03,1.437675e-03,2.982155e-03,5.546113e-03,3.302714e-03,8.438979e-04,4.663424e-03
6.665047e-02,1.812901e-03,2.557304e-03,5.121595e-03,4.303828e-03,3.480181e-03,5.716055e-04,9.004515e-01,1.696902e-03,1.022509e-03,2.141299e-03,3.946429e-03,2.368735e-03,5.984124e-04,3.276316e-03
4.899794e-02,1.277239e-03,1.870471e-03,3.616669e-03,3.156883e-03,2.496746e-03,4.112237e-04,9.274634e-01,1.235865e-03,7.201218e-04,1.525024e-03,2.808497e-03,1.694012e-03,4.230511e-04,2.302933e-03
3.815280e-02,9.006718e-04,1.340443e-03,2.578005e-03,2.243750e-03,1.829575e-03,3.023894e-04,9.448630e-01,9.714224e-04,5.093514e-04,1.100316e-03,2.060773e-03,1.225708e-03,2.995207e-04,1.622406e-03
3.438112e-02,6.473922e-04,9.700879e-04,1.854789e-03,1.711870e-03,1.336191e-03,2.200054e-04,9.530340e-01,8.123482e-04,3.619453e-04,8.118582e-04,1.572067e-03,8.998571e-04,2.175032e-04,1.168951e-03
6.215690e-02,5.168056e-04,7.259205e-04,2.206713e-03,1.285834e-03,1.287583e-03,1.653556e-04,9.166797e-01,1.853928e-03,2.893594e-04,4.155454e-03,5.869227e-03,1.261224e-03,4.565509e-04,1.089361e-03
7.011888e-02,4.275145e-04,5.907703e-04,4.074065e-03,9.357888e-04,1.455975e-03,1.260133e-04,8.626253e-01,3.937490e-03,3.815788e-04,3.803843e-02,1.000710e-02,2.493180e-03,3.756192e-03,1.031705e-03
6.112812e-02,5.137444e-04,5.406021e-04,1.096335e-02,6.976611e-04,1.519833e-03,1.112815e-04,7.264329e-01,1.241748e-02,7.262234e-04,1.534768e-01,1.712904e-02,6.421253e-03,6.866658e-03,1.055134e-03
4.722954e-02,6.121334e-04,6.541419e-04,1.016010e-02,6.084508e-04,1.287428e-03,9.167642e-05,5.125594e-01,1.396963e-02,2.118541e-03,3.573847e-01,2.941270e-02,8.135499e-03,1.473934e-02,1.036767e-03
5.277469e-02,1.111759e-03,1.112136e-03,1.232716e-02,1.017976e-03,1.322884e-03,1.237399e-04,3.629025e-01,1.793753e-02,2.920639e-03,4.655852e-01,3.839631e-02,1.282194e-02,2.849549e-02,1.150113e-03
5.975568e-02,1.142787e-03,9.119143e-04,9.645469e-03,9.081449e-04,1.267579e-03,1.152748e-04,2.552640e-01,1.596323e-02,3.736523e-03,5.531019e-01,5.483931e-02,1.087015e-02,3.157417e-02,9.038500e-04
5.147265e-02,9.899471e-04,7.883523e-04,8.405504e-03,1.142837e-03,1.076072e-03,1.061593e-04,1.795056e-01,1.439847e-02,4.369574e-03,6.484398e-01,5.127288e-02,9.220682e-03,2.796637e-02,8.450796e-04
4.274829e-02,8.853129e-04,6.392465e-04,6.161469e-03,1.561193e-03,8.183512e-04,1.187179e-04,1.260129e-01,1.152799e-02,3.590385e-03,7.388515e-01,3.823113e-02,7.220755e-03,2.094744e-02,6.852753e-04
3.318254e-02,2.492674e-03,1.302371e-03,4.459205e-03,3.357867e-03,7.683238e-04,1.679571e-04,8.904045e-02,1.961184e-02,5.835956e-03,7.718531e-01,3.060778e-02,6.629992e-03,2.979755e-02,8.923566e-04
2.590612e-02,5.595237e-03,4.719959e-03,3.507403e-03,8.428345e-03,1.069824e-03,5.638234e-04,6.400912e-02,3.548233e-02,5.386611e-03,7.899041e-01,2.404781e-02,6.083879e-03,2.450449e-02,7.909438e-04
2.850783e-02,1.347454e-02,5.315446e-03,3.135866e-03,8.500714e-03,3.416037e-03,7.208253e-04,4.561729e-02,7.704392e-02,5.453973e-03,7.563108e-01,2.185319e-02,5.586239e-03,2.423339e-02,8.299556e-04
3.313753e-02,5.819885e-02,7.276330e-03,2.854067e-03,8.093565e-03,7.784404e-03,6.762112e-04,3.299494e-02,1.173061e-01,5.692130e-03,6.792113e-01,1.958618e-02,4.855127e-03,2.128351e-02,1.049767e-03
3.080440e-02,1.965509e-01,7.684937e-03,2.252333e-03,7.322391e-03,2.247454e-02,6.162055e-04,2.518364e-02,1.634751e-01,4.504111e-03,5.028317e-01,1.448407e-02,3.899775e-03,1.670170e-02,1.214158e-03
2.452549e-02,2.526184e-01,8.378044e-03,2.060849e-03,9.728909e-03,3.806008e-02,8.354099e-04,2.260813e-02,2.444115e-01,4.361938e-03,3.644565e-01,1.033075e-02,3.264216e-03,1.276520e-02,1.594611e-03
2.217215e-02,2.801856e-01,1.092222e-02,2.126098e-03,1.376889e-02,5.228782e-02,1.932962e-03,2.360079e-02,2.957765e-01,5.047401e-03,2.664981e-01,7.686461e-03,3.354277e-03,1.059887e-02,4.041773e-03
1.796070e-02,2.402733e-01,9.242075e-03,2.490450e-03,2.087582e-02,5.327497e-02,2.124591e-03,2.847710e-02,4.134760e-01,4.246772e-03,1.879511e-01,5.437251e-03,2.574532e-03,8.011673e-03,3.583599e-03
1.878379e-02,2.292468e-01,7.712198e-03,3.419915e-03,2.815999e-02,5.002410e-02,2.583902e-03,4.112988e-02,4.650698e-01,3.717943e-03,1.328455e-01,3.919110e-03,2.273420e-03,7.033112e-03,4.080556e-03
2.300012e-02,2.155488e-01,7.269424e-03,5.839279e-03,5.515057e-02,3.873334e-02,2.862968e-03,7.576292e-02,4.604115e-01,3.631184e-03,9.389621e-02,2.940388e-03,2.266131e-03,6.816582e-03,5.870637e-03
3.093417e-02,2.079115e-01,7.279102e-03,7.396475e-03,9.484158e-02,3.071246e-02,2.912979e-03,8.416110e-02,4.462579e-01,5.148928e-03,6.629590e-02,2.242759e-03,1.886986e-03,6.560093e-03,5.458105e-03
3.004198e-02,1.540344e-01,2.653167e-02,7.342753e-02,1.084534e-01,2.307076e-02,3.084177e-03,1.597965e-01,3.545136e-01,4.156405e-03,4.717010e-02,2.242615e-03,1.845997e-03,4.774421e-03,6.856401e-03
4.307174e-02,1.162236e-01,8.074944e-02,7.742097e-02,1.056755e-01,1.931561e-02,2.861939e-03,2.073934e-01,2.966738e-01,3.442470e-03,3.363084e-02,2.188236e-03,1.692282e-03,3.508099e-03,6.152100e-03
5.994947e-02,1.037096e-01,9.040938e-02,6.776971e-02,1.014817e-01,2.091334e-02,2.586408e-03,1.880556e-01,3.227365e-01,3.873369e-03,2.397662e-02,2.111418e-03,1.710790e-03,2.860345e-03,7.855780e-03
5.641985e-02,7.886823e-02,1.399795e-01,2.067012e-01,7.851782e-02,1.665939e-02,2.120312e-03,1.346814e-01,2.330385e-01,4.902760e-03,2.055546e-02,7.992025e-03,4.182447e-03,2.302038e-03,1.307905e-02
4.010479e-02,5.660434e-02,2.400125e-01,2.884668e-01,5.604130e-02,1.187911e-02,1.624035e-03,9.485595e-02,1.659963e-01,6.112450e-03,1.617141e-02,6.140078e-03,3.490136e-03,1.646625e-03,1.085421e-02
2.842025e-02,4.118770e-02,2.715952e-01,3.544623e-01,3.959014e-02,8.503513e-03,1.185736e-03,6.772213e-02,1.177280e-01,1.131474e-02,2.745169e-02,5.090557e-03,3.763384e-03,1.271409e-03,2.071335e-02
2.095141e-02,2.968162e-02,2.594926e-01,3.442618e-01,2.870803e-02,6.720149e-03,1.049351e-03,4.919686e-02,8.621553e-02,1.660854e-02,1.010182e-01,1.020647e-02,2.811583e-02,1.271682e-03,1.650191e-02
1.947641e-02,2.324317e-02,2.181862e-01,3.154622e-01,2.225841e-02,6.989197e-03,1.739875e-03,3.628147e-02,6.574203e-02,2.262868e-02,1.715477e-01,2.294471e-02,5.352928e-02,2.771868e-03,1.719891e-02
2.884481e-02,2.073032e-02,2.837594e-01,2.898440e-01,2.060889e-02,9.178128e-03,2.007382e-03,2.653031e-02,6.153656e-02,2.267129e-02,1.435987e-01,2.331633e-02,4.774192e-02,3.075318e-03,1.655668e-02
2.226210e-02,1.758138e-02,4.242405e-01,2.467664e-01,1.658051e-02,7.071993e-03,1.708536e-03,1.930803e-02,4.985993e-02,1.916141e-02,1.047267e-01,1.803414e-02,3.496233e-02,2.933512e-03,1.480258e-02
3.199706e-02,2.287630e-02,4.437920e-01,1.993635e-01,1.522118e-02,6.728405e-03,1.770572e-03,1.537569e-02,4.884420e-02,3.641747e-02,1.050090e-01,1.904571e-02,2.910168e-02,7.938951e-03,1.651835e-02
2.747675e-02,2.273882e-02,4.825765e-01,2.133749e-01,1.567283e-02,6.316514e-03,1.857897e-03,1.216873e-02,4.699472e-02,2.922405e-02,7.981285e-02,1.611010e-02,2.354410e-02,6.220924e-03,1.591035e-02
3.519478e-02,3.521129e-02,4.045116e-01,2.080781e-01,1.834749e-02,6.473897e-03,2.041952e-03,1.142982e-02,7.641461e-02,4.243432e-02,9.109063e-02,1.608843e-02,2.137696e-02,7.924966e-03,2.338117e-02
4.578891e-02,5.761645e-02,3.155946e-01,1.908903e-01,2.353244e-02,7.986184e-03,2.146038e-03,1.387372e-02,8.752101e-02,7.340489e-02,9.854074e-02,2.582685e-02,2.402765e-02,8.297650e-03,2.495266e-02
4.323572e-02,4.466579e-02,4.331011e-01,1.664656e-01,2.248636e-02,6.422227e-03,1.690605e-03,1.626547e-02,6.726524e-02,6.079469e-02,7.336268e-02,1.937703e-02,1.796743e-02,6.323216e-03,2.057694e-02
6.568199e-02,5.189655e-02,4.233444e-01,1.572782e-01,2.058152e-02,6.226333e-03,1.444532e-03,1.435363e-02,6.389201e-02,7.069549e-02,6.525253e-02,1.632494e-02,1.607832e-02,6.281958e-03,2.066764e-02
1.040586e-01,6.551529e-02,3.844983e-01,1.184011e-01,2.231228e-02,1.164605e-02,1.452001e-03,1.254829e-02,6.765121e-02,1.014008e-01,5.397997e-02,1.479008e-02,1.448458e-02,6.911921e-03,2.034962e-02
1.321795e-01,7.115066e-02,2.935706e-01,8.819801e-02,3.521860e-02,1.759389e-02,2.052956e-03,1.083575e-02,1.099292e-01,1.363637e-01,4.765756e-02,1.514224e-02,1.390143e-02,6.645062e-03,1.956099e-02
1.230043e-01,5.698708e-02,2.236038e-01,2.267047e-01,4.805695e-02,1.521833e-02,3.247402e-03,1.332369e-02,1.002918e-01,1.027105e-01,3.803885e-02,1.511228e-02,1.192993e-02,4.906234e-03,1.686413e-02
1.171312e-01,4.196309e-02,1.764474e-01,3.533820e-01,3.625584e-02,1.180774e-02,2.500341e-03,1.104996e-02,7.402886e-02,7.541254e-02,5.469625e-02,1.460849e-02,1.417757e-02,3.741962e-03,1.279670e-02
1.059117e-01,3.260773e-02,1.300860e-01,3.728614e-01,2.886281e-02,9.780097e-03,1.985630e-03,9.984246e-03,5.857165e-02,6.601050e-02,1.330612e-01,1.874341e-02,1.807891e-02,3.097247e-03,1.035731e-02
1.327288e-01,3.090400e-02,9.854743e-02,3.347084e-01,2.856819e-02,1.179234e-02,2.000959e-03,3.212415e-02,6.587298e-02,5.977608e-02,1.468278e-01,2.359430e-02,2.092478e-02,3.147167e-03,8.482602e-03
1.076484e-01,2.223198e-02,7.125496e-02,2.447243e-01,2.398208e-02,8.533667e-03,1.522520e-03,2.196341e-01,5.350947e-02,4.255458e-02,1.521776e-01,1.963174e-02,2.417821e-02,2.378898e-03,6.037400e-03
1.032971e-01,1.871684e-02,5.218188e-02,1.758430e-01,2.227442e-02,6.307010e-03,1.252074e-03,4.015278e-01,3.994739e-02,3.007847e-02,1.109068e-01,1.407149e-02,1.732879e-02,1.855467e-03,4.411541e-03
7.554047e-02,1.445134e-02,3.780254e-02,1.246789e-01,1.689077e-02,4.700922e-03,9.095803e-04,5.691365e-01,2.879422e-02,2.124192e-02,7.901233e-02,9.965668e-03,1.230027e-02,1.408821e-03,3.165794e-03
6.054133e-02,1.174202e-02,2.709558e-02,8.937096e-02,1.378656e-02,4.111026e-03,7.389992e-04,6.796731e-01,2.095443e-02,1.529074e-02,5.693148e-02,7.359177e-03,8.963799e-03,1.146407e-03,2.294441e-03
6.315345e-02,9.852395e-03,1.986483e-02,6.510847e-02,1.442886e-02,4.177998e-03,6.481825e-04,7.384427e-01,1.588836e-02,1.103775e-02,4.185581e-02,6.028361e-03,6.656725e-03,9.997012e-04,1.856475e-03
5.679281e-02,7.096676e-03,1.431649e-02,4.840654e-02,1.131924e-02,3.365551e-03,4.989223e-04,7.974863e-01,1.145381e-02,7.785789e-03,3.015732e-02,4.405105e-03,4.804897e-03,7.597051e-04,1.350842e-03
5.372130e-02,5.080212e-03,1.019503e-02,3.547904e-02,8.528891e-03,2.650269e-03,3.841306e-04,8.403894e-01,8.233649e-03,5.513182e-03,2.148662e-02,3.262033e-03,3.461958e-03,6.085084e-04,1.005789e-03
8.097292e-02,3.672324e-03,7.428277e-03,2.564360e-02,6.616038e-03,2.659986e-03,3.822783e-04,8.407326e-01,6.022052e-03,3.894357e-03,1.548386e-02,2.675979e-03,2.573510e-03,4.748232e-04,7.674017e-04
1.087287e-01,2.715764e-03,5.559595e-03,1.919609e-02,5.756704e-03,2.476843e-03,3.970379e-04,8.310176e-01,4.503054e-03,2.772765e-03,1.143862e-02,2.421163e-03,1.985225e-03,3.958424e-04,6.350428e-04
1.520091e-01,2.036193e-03,4.665084e-03,1.472547e-02,4.771057e-03,3.175006e-03,4.798372e-04,7.963330e-01,3.863116e-03,2.004490e-03,9.181829e-03,3.450047e-03,2.068925e-03,5.034019e-04,7.334676e-04
1.730982e-01,1.538507e-03,3.734967e-03,1.118634e-02,4.330696e-03,3.543788e-03,5.086405e-04,7.821201e-01,3.120594e-03,1.448466e-03,7.429863e-03,4.689476e-03,2.017723e-03,5.151837e-04,7.174737e-04
2.749130e-01,1.411302e-03,3.430059e-03,2.022386e-02,3.591254e-03,8.470356e-03,4.179108e-04,6.049831e-01,3.001908e-03,1.864621e-03,3.194235e-02,3.646611e-02,6.644940e-03,1.265465e-03,1.373731e-03
3.273966e-01,1.486660e-03,3.591907e-03,2.615762e-02,2.900901e-03,8.420791e-03,4.136421e-04,4.422902e-01,3.891931e-03,3.411547e-03,8.342703e-02,7.885969e-02,1.128500e-02,4.549953e-03,1.916513e-03
3.820761e-01,1.782593e-03,4.664458e-03,2.898873e-02,2.827672e-03,2.656336e-02,8.753093e-04,3.373114e-01,6.160364e-03,2.937084e-03,8.312818e-02,1.038152e-01,1.191962e-02,4.042017e-03,2.907911e-03
4.832946e-01,3.336225e-03,6.220904e-03,2.607184e-02,3.549702e-03,2.823536e-02,1.072917e-03,2.425431e-01,6.275139e-03,3.016687e-03,6.874626e-02,1.028325e-01,1.053654e-02,7.264025e-03,7.004243e-03
1.000000e+00,0.000000e+00,0.000000e+00,0.000000e+00,0.000000e+00,0.000000e+00,0.000000e+00,0.000000e+00,0.000000e+00,0.000000e+00,0.000000e+00,0.000000e+00,0.000000e+00,0.000000e+00,0.000000e+00
1.000000e+00,0.000000e+00,0.000000e+00,0.000000e+00,0.000000e+00,0.000000e+00,0.000000e+00,0.000000e+00,0.000000e+00,0.000000e+00,0.000000e+00,0.000000e+00,0.000000e+00,0.000000e+00,0.000000e+00
1.000000e+00,0.000000e+00,0.000000e+00,0.000000e+00,0.000000e+00,0.000000e+00,0.000000e+00,0.000000e+00,0.000000e+00,0.000000e+00,0.000000e+00,0.000000e+00,0.000000e+00,0.000000e+00,0.000000e+00
1.000000e+00,0.000000e+00,0.000000e+00,0.000000e+00,0.000000e+00,0.000000e+00,0.000000e+00,0.000000e+00,0.000000e+00,0.000000e+00,0.000000e+00,0.000000e+00,0.000000e+00,0.000000e+00,0.000000e+00
1.000000e+00,0.000000e+00,0.000000e+00,0.000000e+00,0.000000e+00,0.000000e+00,0.000000e+00,0.000000e+00,0.000000e+00,0.000000e+00,0.000000e+00,0.000000e+00,0.000000e+00,0.000000e+00,0.000000e+00
1.000000e+00,0.000000e+00,0.000000e+00,0.000000e+00,0.000000e+00,0.000000e+00,0.000000e+00,0.000000e+00,0.000000e+00,0.000000e+00,0.000000e+00,0.000000e+00,0.000000e+00,0.000000e+00,0.000000e+00
1.000000e+00,0.000000e+00,0.000000e+00,0.000000e+00,0.000000e+00,0.000000e+00,0.000000e+00,0.000000e+00,0.000000e+00,0.000000e+00,0.000000e+00,0.000000e+00,0.000000e+00,0.000000e+00,0.000000e+00
4.591886e-01,1.670887e-02,6.580610e-03,2.488133e-02,1.124317e-02,1.384300e-02,1.335046e-03,2.802338e-02,1.918510e-02,4.777211e-03,2.011548e-01,1.797228e-01,5.070390e-03,1.670982e-02,1.157589e-02
4.407181e-01,1.712210e-02,7.028180e-03,2.101960e-02,1.029119e-02,1.179588e-02,1.583693e-03,2.786523e-02,2.528851e-02,4.323787e-03,2.383797e-01,1.576277e-01,4.805661e-03,2.093412e-02,1.121660e-02
4.405010e-01,1.660514e-02,9.205547e-03,1.857613e-02,1.048620e-02,1.168948e-02,1.707029e-03,2.390501e-02,3.014587e-02,4.594242e-03,2.651076e-01,1.221606e-01,4.086669e-03,2.544037e-02,1.578914e-02
4.773659e-01,1.376463e-02,9.345337e-03,1.550431e-02,1.172511e-02,1.194962e-02,1.727078e-03,2.305039e-02,3.592706e-02,6.176472e-03,2.537369e-01,9.336762e-02,3.910532e-03,2.679822e-02,1.565092e-02
4.706621e-01,1.195134e-02,8.090429e-03,1.244665e-02,1.138973e-02,1.236124e-02,1.627901e-03,2.031220e-02,4.719809e-02,7.351791e-03,2.762826e-01,7.282449e-02,3.862539e-03,2.893784e-02,1.470107e-02
4.371283e-01,1.074838e-02,6.785764e-03,1.087172e-02,1.312682e-02,1.289022e-02,1.427509e-03,1.848286e-02,6.189945e-02,1.031946e-02,3.096286e-01,5.753163e-02,3.390425e-03,3.051562e-02,1.525326e-02
3.930618e-01,9.367336e-03,5.819365e-03,1.053404e-02,1.864676e-02,1.593732e-02,1.642528e-03,1.892665e-02,9.766796e-02,1.362586e-02,3.187764e-01,5.231024e-02,4.069987e-03,2.692145e-02,1.269234e-02
3.398056e-01,1.134180e-02,7.984582e-03,3.144562e-02,3.507341e-02,2.245358e-02,1.694694e-03,2.228431e-02,1.149018e-01,1.627382e-02,2.949344e-01,6.190277e-02,5.934524e-03,2.159639e-02,1.237271e-02
2.904625e-01,1.089505e-02,7.585302e-03,2.784542e-02,4.689865e-02,2.031936e-02,1.573720e-03,2.432778e-02,1.499085e-01,1.572686e-02,3.095773e-01,5.389977e-02,5.604778e-03,2.214100e-02,1.323406e-02
2.714201e-01,1.186663e-02,1.634544e-02,3.122518e-02,5.444036e-02,2.547470e-02,1.448934e-03,2.561827e-02,1.422337e-01,1.860866e-02,2.929409e-01,4.677424e-02,7.351959e-03,2.404924e-02,3.020176e-02
2.601120e-01,1.103468e-02,4.083763e-02,5.089163e-02,5.984005e-02,2.965300e-02,1.433649e-03,2.453280e-02,1.218817e-01,1.846668e-02,2.718928e-01,4.054005e-02,7.876452e-03,2.190177e-02,3.910508e-02
2.079068e-01,9.448622e-03,1.592173e-01,1.036703e-01,5.646837e-02,2.763890e-02,1.485292e-03,2.267439e-02,9.611365e-02,1.943928e-02,1.985653e-01,3.192788e-02,7.908151e-03,1.667023e-02,4.086553e-02
1.739856e-01,9.054148e-03,2.696238e-01,7.567479e-02,4.840967e-02,2.268187e-02,1.305882e-03,1.878479e-02,9.327161e-02,1.953285e-02,1.446500e-01,2.359734e-02,6.762166e-03,2.897037e-02,6.369513e-02
1.287080e-01,8.347791e-03,4.047712e-01,7.762884e-02,4.288673e-02,1.688462e-02,1.077682e-03,1.619268e-02,7.953220e-02,1.575750e-02,1.024939e-01,1.689459e-02,5.141705e-03,2.497298e-02,5.870956e-02
9.307753e-02,6.243626e-03,5.397935e-01,5.857660e-02,3.161099e-02,1.216431e-02,7.759244e-04,1.204254e-02,5.950220e-02,1.320874e-02,7.244681e-02,1.198101e-02,3.868605e-03,1.857507e-02,6.613253e-02
7.031129e-02,4.695774e-03,6.263691e-01,4.518383e-02,2.256104e-02,8.861836e-03,5.520433e-04,8.728226e-03,4.458934e-02,1.237630e-02,5.135940e-02,8.494890e-03,2.969363e-03,1.415744e-02,7.879009e-02
5.682407e-02,3.646927e-03,6.222386e-01,3.272993e-02,1.627259e-02,6.429967e-03,4.018850e-04,6.362905e-03,3.578113e-02,2.074863e-02,3.651920e-02,6.030334e-03,2.325258e-03,1.432133e-02,1.393672e-01
4.900688e-02,3.520127e-03,5.493229e-01,2.483338e-02,1.175383e-02,5.042899e-03,3.258351e-04,4.707544e-03,3.023402e-02,2.790578e-02,2.622283e-02,4.367171e-03,2.031353e-03,1.560366e-02,2.451218e-01
4.970388e-02,4.760024e-03,5.791989e-01,1.818454e-02,1.168692e-02,4.394922e-03,3.250618e-04,5.749981e-03,2.372873e-02,2.301530e-02,1.867729e-02,3.088114e-03,1.630358e-03,1.594051e-02,2.399155e-01
5.179694e-02,2.633221e-02,4.758296e-01,3.087422e-02,1.313932e-02,8.943013e-03,7.829868e-04,7.582563e-03,2.379144e-02,2.412765e-02,1.384908e-02,2.386871e-03,1.711691e-03,1.750991e-02,3.013425e-01
4.662986e-02,5.722626e-02,3.871509e-01,1.153817e-01,1.669805e-02,1.156560e-02,9.373917e-04,5.946860e-03,1.974904e-02,1.872905e-02,1.011455e-02,1.731405e-03,1.306066e-03,1.304285e-02,2.937903e-01
4.551182e-02,6.240451e-02,3.174474e-01,9.380303e-02,1.556919e-02,1.141357e-02,7.992033e-04,4.394187e-03,2.017997e-02,1.917233e-02,7.700678e-03,1.315610e-03,1.081667e-03,1.253932e-02,3.866675e-01
3.845974e-02,5.031290e-02,2.494503e-01,7.551457e-02,1.200025e-02,8.301673e-03,5.927105e-04,3.139769e-03,2.279238e-02,1.724141e-02,6.071955e-03,1.122403e-03,9.939591e-04,1.177813e-02,5.022279e-01
3.407470e-02,3.797450e-02,1.865066e-01,5.372950e-02,8.981472e-03,6.038175e-03,4.596879e-04,2.239902e-03,2.032804e-02,1.564173e-02,4.606583e-03,8.997484e-04,9.215320e-04,1.922964e-02,6.083682e-01
3.034185e-02,3.607019e-02,1.642356e-01,6.679843e-02,8.115174e-03,4.939371e-03,4.487494e-04,1.706734e-03,2.165364e-02,1.499127e-02,4.018321e-03,1.096991e-03,8.817825e-04,1.716756e-02,6.275343e-01
4.099090e-02,6.034666e-02,1.963774e-01,1.051485e-01,1.023350e-02,6.333666e-03,6.742177e-04,1.761035e-03,1.972065e-02,1.431697e-02,3.450852e-03,9.606289e-04,8.137503e-04,1.423166e-02,5.246395e-01
4.210925e-02,5.373834e-02,2.045356e-01,9.601340e-02,7.987126e-03,5.014622e-03,5.459051e-04,1.367965e-03,2.402392e-02,2.537514e-02,3.434153e-03,7.988600e-04,7.700680e-04,1.318785e-02,5.210978e-01
1.473493e-01,4.981982e-02,1.884102e-01,7.676844e-02,7.615096e-03,5.060046e-03,5.409097e-04,1.908804e-03,2.418362e-02,2.169893e-02,4.107292e-03,1.065620e-03,1.000279e-03,1.597773e-02,4.544939e-01
2.442177e-01,6.027370e-02,1.414605e-01,8.484334e-02,6.585496e-03,5.067937e-03,6.179090e-04,2.050852e-03,2.537000e-02,1.711236e-02,4.134298e-03,1.287114e-03,1.317160e-03,1.468200e-02,3.909796e-01
3.040870e-01,5.118676e-02,1.383568e-01,1.449981e-01,7.441182e-03,5.370828e-03,8.136752e-04,2.860233e-03,2.114610e-02,1.258739e-02,4.349069e-03,1.934926e-03,1.860755e-03,1.153024e-02,2.914769e-01
2.439225e-01,4.580080e-02,1.630872e-01,2.641646e-01,6.737545e-03,4.306025e-03,6.945935e-04,2.387246e-03,1.909503e-02,9.847388e-03,3.893081e-03,1.736426e-03,1.542093e-03,9.299932e-03,2.234856e-01
2.629659e-01,4.367083e-02,1.748726e-01,2.177217e-01,5.726268e-03,4.093101e-03,5.389830e-04,1.908443e-03,2.958720e-02,9.330700e-03,7.493643e-03,1.751354e-03,1.403864e-03,1.957797e-02,2.193575e-01
2.314973e-01,3.906951e-02,1.533740e-01,1.631278e-01,4.692146e-03,3.713755e-03,4.252832e-04,1.563977e-03,3.136912e-02,9.277570e-03,6.707596e-03,2.149398e-03,1.506475e-03,2.610265e-02,3.254235e-01
2.273215e-01,6.308500e-02,1.228753e-01,2.327898e-01,8.272482e-03,5.991158e-03,1.214058e-03,3.119118e-03,2.647272e-02,7.684905e-03,6.324739e-03,2.449200e-03,1.813574e-03,2.004241e-02,2.705441e-01
2.626319e-01,8.564515e-02,1.277860e-01,2.064029e-01,3.180466e-02,1.274068e-02,3.978428e-03,1.285538e-02,2.102157e-02,6.354577e-03,6.319939e-03,3.029825e-03,2.070326e-03,1.624849e-02,2.011102e-01
3.296465e-01,9.459700e-02,1.149994e-01,1.935697e-01,3.755915e-02,1.374753e-02,4.389877e-03,1.299614e-02,1.752119e-02,5.240185e-03,5.969247e-03,4.256943e-03,2.856963e-03,1.280287e-02,1.498473e-01
4.518608e-01,7.843740e-02,9.710451e-02,1.501348e-01,3.470272e-02,1.276140e-02,3.482065e-03,1.067154e-02,1.479716e-02,4.257323e-03,5.533056e-03,5.964400e-03,3.712735e-03,1.289128e-02,1.136888e-01
1.000000e+00,0.000000e+00,0.000000e+00,0.000000e+00,0.000000e+00,0.000000e+00,0.000000e+00,0.000000e+00,0.000000e+00,0.000000e+00,0.000000e+00,0.000000e+00,0.000000e+00,0.000000e+00,0.000000e+00
1.000000e+00,0.000000e+00,0.000000e+00,0.000000e+00,0.000000e+00,0.000000e+00,0.000000e+00,0.000000e+00,0.000000e+00,0.000000e+00,0.000000e+00,0.000000e+00,0.000000e+00,0.000000e+00,0.000000e+00
1.000000e+00,0.000000e+00,0.000000e+00,0.000000e+00,0.000000e+00,0.000000e+00,0.000000e+00,0.000000e+00,0.000000e+00,0.000000e+00,0.000000e+00,0.000000e+00,0.000000e+00,0.000000e+00,0.000000e+00
1.000000e+00,0.000000e+00,0.000000e+00,0.000000e+00,0.000000e+00,0.000000e+00,0.000000e+00,0.000000e+00,0.000000e+00,0.000000e+00,0.000000e+00,0.000000e+00,0.000000e+00,0.000000e+00,0.000000e+00
1.000000e+00,0.000000e+00,0.000000e+00,0.000000e+00,0.000000e+00,0.000000e+00,0.000000e+00,0.000000e+00,0.000000e+00,0.000000e+00,0.000000e+00,0.000000e+00,0.000000e+00,0.000000e+00,0.000000e+00
1.000000e+00,0.000000e+00,0.000000e+00,0.000000e+00,0.000000e+00,0.000000e+00,0.000000e+00,0.000000e+00,0.000000e+00,0.000000e+00,0.000000e+00,0.000000e+00,0.000000e+00,0.000000e+00,0.000000e+00
1.000000e+00,0.000000e+00,0.000000e+00,0.000000e+00,0.000000e+00,0.000000e+00,0.000000e+00,0.000000e+00,0.000000e+00,0.000000e+00,0.000000e+00,0.000000e+00,0.000000e+00,0.000000e+00,0.000000e+00
1.000000e+00,0.000000e+00,0.000000e+00,0.000000e+00,0.000000e+00,0.000000e+00,0.000000e+00,0.000000e+00,0.000000e+00,0.000000e+00,0.000000e+00,0.000000e+00,0.000000e+00,0.000000e+00,0.000000e+00
1.000000e+00,0.000000e+00,0.000000e+00,0.000000e+00,0.000000e+00,0.000000e+00,0.000000e+00,0.000000e+00,0.000000e+00,0.000000e+00,0.000000e+00,0.000000e+00,0.000000e+00,0.000000e+00,0.000000e+00
1.000000e+00,0.000000e+00,0.000000e+00,0.000000e+00,0.000000e+00,0.000000e+00,0.000000e+00,0.000000e+00,0.000000e+00,0.000000e+00,0.000000e+00,0.000000e+00,0.000000e+00,0.000000e+00,0.000000e+00
1.000000e+00,0.000000e+00,0.000000e+00,0.000000e+00,0.000000e+00,0.000000e+00,0.000000e+00,0.000000e+00,0.000000e+00,0.000000e+00,0.000000e+00,0.000000e+00,0.000000e+00,0.000000e+00,0.000000e+00
1.000000e+00,0.000000e+00,0.000000e+00,0.000000e+00,0.000000e+00,0.000000e+00,0.000000e+00,0.000000e+00,0.000000e+00,0.000000e+00,0.000000e+00,0.000000e+00,0.000000e+00,0.000000e+00,0.000000e+00
1.000000e+00,0.000000e+00,0.000000e+00,0.000000e+00,0.000000e+00,0.000000e+00,0.000000e+00,0.000000e+00,0.000000e+00,0.000000e+00,0.000000e+00,0.000000e+00,0.000000e+00,0.000000e+00,0.000000e+00
1.000000e+00,0.000000e+00,0.000000e+00,0.000000e+00,0.000000e+00,0.000000e+00,0.000000e+00,0.000000e+00,0.000000e+00,0.000000e+00,0.000000e+00,0.000000e+00,0.000000e+00,0.000000e+00,0.000000e+00
1.000000e+00,0.000000e+00,0.000000e+00,0.000000e+00,0.000000e+00,0.000000e+00,0.000000e+00,0.000000e+00,0.000000e+00,0.000000e+00,0.000000e+00,0.000000e+00,0.000000e+00,0.000000e+00,0.000000e+00
1.000000e+00,0.000000e+00,0.000000e+00,0.000000e+00,0.000000e+00,0.000000e+00,0.000000e+00,0.000000e+00,0.000000e+00,0.000000e+00,0.000000e+00,0.000000e+00,0.000000e+00,0.000000e+00,0.000000e+00
1.000000e+00,0.000000e+00,0.000000e+00,0.000000e+00,0.000000e+00,0.000000e+00,0.000000e+00,0.000000e+00,0.000000e+00,0.000000e+00,0.000000e+00,0.000000e+00,0.000000e+00,0.000000e+00,0.000000e+00
1.000000e+00,0.000000e+00,0.000000e+00,0.000000e+00,0.000000e+00,0.000000e+00,0.000000e+00,0.000000e+00,0.000000e+00,0.000000e+00,0.000000e+00,0.000000e+00,0.000000e+00,0.000000e+00,0.000000e+00
1.000000e+00,0.000000e+00,0.000000e+00,0.000000e+00,0.000000e+00,0.000000e+00,0.000000e+00,0.000000e+00,0.000000e+00,0.000000e+00,0.000000e+00,0.000000e+00,0.000000e+00,0.000000e+00,0.000000e+00
1.000000e+00,0.000000e+00,0.000000e+00,0.000000e+00,0.000000e+00,0.000000e+00,0.000000e+00,0.000000e+00,0.000000e+00,0.000000e+00,0.000000e+00,0.000000e+00,0.000000e+00,0.000000e+00,0.000000e+00
1.000000e+00,0.000000e+00,0.000000e+00,0.000000e+00,0.000000e+00,0.000000e+00,0.000000e+00,0.000000e+00,0.000000e+00,0.000000e+00,0.000000e+00,0.000000e+00,0.000000e+00,0.000000e+00,0.000000e+00
1.000000e+00,0.000000e+00,0.000000e+00,0.000000e+00,0.000000e+00,0.000000e+00,0.000000e+00,0.000000e+00,0.000000e+00,0.000000e+00,0.000000e+00,0.000000e+00,0.000000e+00,0.000000e+00,0.000000e+00
1.000000e+00,0.000000e+00,0.000000e+00,0.000000e+00,0.000000e+00,0.000000e+00,0.000000e+00,0.000000e+00,0.000000e+00,0.000000e+00,0.000000e+00,0.000000e+00,0.000000e+00,0.000000e+00,0.000000e+00
1.000000e+00,0.000000e+00,0.000000e+00,0.000000e+00,0.000000e+00,0.000000e+00,0.000000e+00,0.000000e+00,0.000000e+00,0.000000e+00,0.000000e+00,0.000000e+00,0.000000e+00,0.000000e+00,0.000000e+00
1.000000e+00,0.000000e+00,0.000000e+00,0.000000e+00,0.000000e+00,0.000000e+00,0.000000e+00,0.000000e+00,0.000000e+00,0.000000e+00,0.000000e+00,0.000000e+00,0.000000e+00,0.000000e+00,0.000000e+00
1.000000e+00,0.000000e+00,0.000000e+00,0.000000e+00,0.000000e+00,0.000000e+00,0.000000e+00,0.000000e+00,0.000000e+00,0.000000e+00,0.000000e+00,0.000000e+00,0.000000e+00,0.000000e+00,0.000000e+00
1.000000e+00,0.000000e+00,0.000000e+00,0.000000e+00,0.000000e+00,0.000000e+00,0.000000e+00,0.000000e+00,0.000000e+00,0.000000e+00,0.000000e+00,0.000000e+00,0.000000e+00,0.000000e+00,0.000000e+00
1.000000e+00,0.000000e+00,0.000000e+00,0.000000e+00,0.000000e+00,0.000000e+00,0.000000e+00,0.000000e+00,0.000000e+00,0.000000e+00,0.000000e+00,0.000000e+00,0.000000e+00,0.000000e+00,0.000000e+00
1.000000e+00,0.000000e+00,0.000000e+00,0.000000e+00,0.000000e+00,0.000000e+00,0.000000e+00,0.000000e+00,0.000000e+00,0.000000e+00,0.000000e+00,0.000000e+00,0.000000e+00,0.000000e+00,0.000000e+00
1.000000e+00,0.000000e+00,0.000000e+00,0.000000e+00,0.000000e+00,0.000000e+00,0.000000e+00,0.000000e+00,0.000000e+00,0.000000e+00,0.000000e+00,0.000000e+00,0.000000e+00,0.000000e+00,0.000000e+00
1.000000e+00,0.000000e+00,0.000000e+00,0.000000e+00,0.000000e+00,0.000000e+00,0.000000e+00,0.000000e+00,0.000000e+00,0.000000e+00,0.000000e+00,0.000000e+00,0.000000e+00,0.000000e+00,0.000000e+00
1.000000e+00,0.000000e+00,0.000000e+00,0.000000e+00,0.000000e+00,0.000000e+00,0.000000e+00,0.000000e+00,0.000000e+00,0.000000e+00,0.000000e+00,0.000000e+00,0.000000e+00,0.000000e+00,0.000000e+00
1.000000e+00,0.000000e+00,0.000000e+00,0.000000e+00,0.000000e+00,0.000000e+00,0.000000e+00,0.000000e+00,0.000000e+00,0.000000e+00,0.000000e+00,0.000000e+00,0.000000e+00,0.000000e+00,0.000000e+00
1.000000e+00,0.000000e+00,0.000000e+00,0.000000e+00,0.000000e+00,0.000000e+00,0.000000e+00,0.000000e+00,0.000000e+00,0.000000e+00,0.000000e+00,0.000000e+00,0.000000e+00,0.000000e+00,0.000000e+00
1.000000e+00,0.000000e+00,0.000000e+00,0.000000e+00,0.000000e+00,0.000000e+00,0.000000e+00,0.000000e+00,0.000000e+00,0.000000e+00,0.000000e+00,0.000000e+00,0.000000e+00,0.000000e+00,0.000000e+00
1.000000e+00,0.000000e+00,0.000000e+00,0.000000e+00,0.000000e+00,0.000000e+00,0.000000e+00,0.000000e+00,0.000000e+00,0.000000e+00,0.000000e+00,0.000000e+00,0.000000e+00,0.000000e+00,0.000000e+00
1.000000e+00,0.000000e+00,0.000000e+00,0.000000e+00,0.000000e+00,0.000000e+00,0.000000e+00,0.000000e+00,0.000000e+00,0.000000e+00,0.000000e+00,0.000000e+00,0.000000e+00,0.000000e+00,0.000000e+00
1.000000e+00,0.000000e+00,0.000000e+00,0.000000e+00,0.000000e+00,0.000000e+00,0.000000e+00,0.000000e+00,0.000000e+00,0.000000e+00,0.000000e+00,0.000000e+00,0.000000e+00,0.000000e+00,0.000000e+00
1.000000e+00,0.000000e+00,0.000000e+00,0.000000e+00,0.000000e+00,0.000000e+00,0.000000e+00,0.000000e+00,0.000000e+00,0.000000e+00,0.000000e+00,0.000000e+00,0.000000e+00,0.000000e+00,0.000000e+00
1.000000e+00,0.000000e+00,0.000000e+00,0.000000e+00,0.000000e+00,0.000000e+00,0.000000e+00,0.000000e+00,0.000000e+00,0.000000e+00,0.000000e+00,0.000000e+00,0.000000e+00,0.000000e+00,0.000000e+00
1.000000e+00,0.000000e+00,0.000000e+00,0.000000e+00,0.000000e+00,0.000000e+00,0.000000e+00,0.000000e+00,0.000000e+00,0.000000e+00,0.000000e+00,0.000000e+00,0.000000e+00,0.000000e+00,0.000000e+00
1.000000e+00,0.000000e+00,0.000000e+00,0.000000e+00,0.000000e+00,0.000000e+00,0.000000e+00,0.000000e+00,0.000000e+00,0.000000e+00,0.000000e+00,0.000000e+00,0.000000e+00,0.000000e+00,0.000000e+00
1.000000e+00,0.000000e+00,0.000000e+00,0.000000e+00,0.000000e+00,0.000000e+00,0.000000e+00,0.000000e+00,0.000000e+00,0.000000e+00,0.000000e+00,0.000000e+00,0.000000e+00,0.000000e+00,0.000000e+00
1.000000e+00,0.000000e+00,0.000000e+00,0.000000e+00,0.000000e+00,0.000000e+00,0.000000e+00,0.000000e+00,0.000000e+00,0.000000e+00,0.000000e+00,0.000000e+00,0.000000e+00,0.000000e+00,0.000000e+00
1.000000e+00,0.000000e+00,0.000000e+00,0.000000e+00,0.000000e+00,0.000000e+00,0.000000e+00,0.000000e+00,0.000000e+00,0.000000e+00,0.000000e+00,0.000000e+00,0.000000e+00,0.000000e+00,0.000000e+00
1.000000e+00,0.000000e+00,0.000000e+00,0.000000e+00,0.000000e+00,0.000000e+00,0.000000e+00,0.000000e+00,0.000000e+00,0.000000e+00,0.000000e+00,0.000000e+00,0.000000e+00,0.000000e+00,0.000000e+00
1.000000e+00,0.000000e+00,0.000000e+00,0.000000e+00,0.000000e+00,0.000000e+00,0.000000e+00,0.000000e+00,0.000000e+00,0.000000e+00,0.000000e+00,0.000000e+00,0.000000e+00,0.000000e+00,0.000000e+00
1.000000e+00,0.000000e+00,0.000000e+00,0.000000e+00,0.000000e+00,0.000000e+00,0.000000e+00,0.000000e+00,0.000000e+00,0.000000e+00,0.000000e+00,0.000000e+00,0.000000e+00,0.000000e+00,0.000000e+00
1.000000e+00,0.000000e+00,0.000000e+00,0.000000e+00,0.000000e+00,0.000000e+00,0.000000e+00,0.000000e+00,0.000000e+00,0.000000e+00,0.000000e+00,0.000000e+00,0.000000e+00,0.000000e+00,0.000000e+00
1.000000e+00,0.000000e+00,0.000000e+00,0.000000e+00,0.000000e+00,0.000000e+00,0.000000e+00,0.000000e+00,0.000000e+00,0.000000e+00,0.000000e+00,0.000000e+00,0.000000e+00,0.000000e+00,0.000000e+00
1.000000e+00,0.000000e+00,0.000000e+00,0.000000e+00,0.000000e+00,0.000000e+00,0.000000e+00,0.000000e+00,0.000000e+00,0.000000e+00,0.000000e+00,0.000000e+00,0.000000e+00,0.000000e+00,0.000000e+00
1.000000e+00,0.000000e+00,0.000000e+00,0.000000e+00,0.000000e+00,0.000000e+00,0.000000e+00,0.000000e+00,0.000000e+00,0.000000e+00,0.000000e+00,0.000000e+00,0.000000e+00,0.000000e+00,0.000000e+00
1.000000e+00,0.000000e+00,0.000000e+00,0.000000e+00,0.000000e+00,0.000000e+00,0.000000e+00,0.000000e+00,0.000000e+00,0.000000e+00,0.000000e+00,0.000000e+00,0.000000e+00,0.000000e+00,0.000000e+00
1.000000e+00,0.000000e+00,0.000000e+00,0.000000e+00,0.000000e+00,0.000000e+00,0.000000e+00,0.000000e+00,0.000000e+00,0.000000e+00,0.000000e+00,0.000000e+00,0.000000e+00,0.000000e+00,0.000000e+00
1.000000e+00,0.000000e+00,0.000000e+00,0.000000e+00,0.000000e+00,0.000000e+00,0.000000e+00,0.000000e+00,0.000000e+00,0.000000e+00,0.000000e+00,0.000000e+00,0.000000e+00,0.000000e+00,0.000000e+00
1.000000e+00,0.000000e+00,0.000000e+00,0.000000e+00,0.000000e+00,0.000000e+00,0.000000e+00,0.000000e+00,0.000000e+00,0.000000e+00,0.000000e+00,0.000000e+00,0.000000e+00,0.000000e+00,0.000000e+00
1.000000e+00,0.000000e+00,0.000000e+00,0.000000e+00,0.000000e+00,0.000000e+00,0.000000e+00,0.000000e+00,0.000000e+00,0.000000e+00,0.000000e+00,0.000000e+00,0.000000e+00,0.000000e+00,0.000000e+00
1.000000e+00,0.000000e+00,0.000000e+00,0.000000e+00,0.000000e+00,0.000000e+00,0.000000e+00,0.000000e+00,0.000000e+00,0.000000e+00,0.000000e+00,0.000000e+00,0.000000e+00,0.000000e+00,0.000000e+00
1.000000e+00,0.000000e+00,0.000000e+00,0.000000e+00,0.000000e+00,0.000000e+00,0.000000e+00,0.000000e+00,0.000000e+00,0.000000e+00,0.000000e+00,0.000000e+00,0.000000e+00,0.000000e+00,0.000000e+00
1.000000e+00,0.000000e+00,0.000000e+00,0.000000e+00,0.000000e+00,0.000000e+00,0.000000e+00,0.000000e+00,0.000000e+00,0.000000e+00,0.000000e+00,0.000000e+00,0.000000e+00,0.000000e+00,0.000000e+00
1.000000e+00,0.000000e+00,0.000000e+00,0.000000e+00,0.000000e+00,0.000000e+00,0.000000e+00,0.000000e+00,0.000000e+00,0.000000e+00,0.000000e+00,0.000000e+00,0.000000e+00,0.000000e+00,0.000000e+00
1.000000e+00,0.000000e+00,0.000000e+00,0.000000e+00,0.000000e+00,0.000000e+00,0.000000e+00,0.000000e+00,0.000000e+00,0.000000e+00,0.000000e+00,0.000000e+00,0.000000e+00,0.000000e+00,0.000000e+00
1.000000e+00,0.000000e+00,0.000000e+00,0.000000e+00,0.000000e+00,0.000000e+00,0.000000e+00,0.000000e+00,0.000000e+00,0.000000e+00,0.000000e+00,0.000000e+00,0.000000e+00,0.000000e+00,0.000000e+00
1.000000e+00,0.000000e+00,0.000000e+00,0.000000e+00,0.000000e+00,0.000000e+00,0.000000e+00,0.000000e+00,0.000000e+00,0.000000e+00,0.000000e+00,0.000000e+00,0.000000e+00,0.000000e+00,0.000000e+00
1.000000e+00,0.000000e+00,0.000000e+00,0.000000e+00,0.000000e+00,0.000000e+00,0.000000e+00,0.000000e+00,0.000000e+00,0.000000e+00,0.000000e+00,0.000000e+00,0.000000e+00,0.000000e+00,0.000000e+00
1.000000e+00,0.000000e+00,0.000000e+00,0.000000e+00,0.000000e+00,0.000000e+00,0.000000e+00,0.000000e+00,0.000000e+00,0.000000e+00,0.000000e+00,0.000000e+00,0.000000e+00,0.000000e+00,0.000000e+00
1.000000e+00,0.000000e+00,0.000000e+00,0.000000e+00,0.000000e+00,0.000000e+00,0.000000e+00,0.000000e+00,0.000000e+00,0.000000e+00,0.000000e+00,0.000000e+00,0.000000e+00,0.000000e+00,0.000000e+00
1.000000e+00,0.000000e+00,0.000000e+00,0.000000e+00,0.000000e+00,0.000000e+00,0.000000e+00,0.000000e+00,0.000000e+00,0.000000e+00,0.000000e+00,0.000000e+00,0.000000e+00,0.000000e+00,0.000000e+00
1.000000e+00,0.000000e+00,0.000000e+00,0.000000e+00,0.000000e+00,0.000000e+00,0.000000e+00,0.000000e+00,0.000000e+00,0.000000e+00,0.000000e+00,0.000000e+00,0.000000e+00,0.000000e+00,0.000000e+00
1.000000e+00,0.000000e+00,0.000000e+00,0.000000e+00,0.000000e+00,0.000000e+00,0.000000e+00,0.000000e+00,0.000000e+00,0.000000e+00,0.000000e+00,0.000000e+00,0.000000e+00,0.000000e+00,0.000000e+00
1.000000e+00,0.000000e+00,0.000000e+00,0.000000e+00,0.000000e+00,0.000000e+00,0.000000e+00,0.000000e+00,0.000000e+00,0.000000e+00,0.000000e+00,0.000000e+00,0.000000e+00,0.000000e+00,0.000000e+00
1.000000e+00,0.000000e+00,0.000000e+00,0.000000e+00,0.000000e+00,0.000000e+00,0.000000e+00,0.000000e+00,0.000000e+00,0.000000e+00,0.000000e+00,0.000000e+00,0.000000e+00,0.000000e+00,0.000000e+00
