1.000000e+00,0.000000e+00,0.000000e+00,0.000000e+00,0.000000e+00,0.000000e+00,0.000000e+00,0.000000e+00,0.000000e+00,0.000000e+00,0.000000e+00,0.000000e+00,0.000000e+00,0.000000e+00,0.000000e+00
1.000000e+00,0.000000e+00,0.000000e+00,0.000000e+00,0.000000e+00,0.000000e+00,0.000000e+00,0.000000e+00,0.000000e+00,0.000000e+00,0.000000e+00,0.000000e+00,0.000000e+00,0.000000e+00,0.000000e+00
1.000000e+00,0.000000e+00,0.000000e+00,0.000000e+00,0.000000e+00,0.000000e+00,0.000000e+00,0.000000e+00,0.000000e+00,0.000000e+00,0.000000e+00,0.000000e+00,0.000000e+00,0.000000e+00,0.000000e+00
1.000000e+00,0.000000e+00,0.000000e+00,0.000000e+00,0.000000e+00,0.000000e+00,0.000000e+00,0.000000e+00,0.000000e+00,0.000000e+00,0.000000e+00,0.000000e+00,0.000000e+00,0.000000e+00,0.000000e+00
1.000000e+00,0.000000e+00,0.000000e+00,0.000000e+00,0.000000e+00,0.000000e+00,0.000000e+00,0.000000e+00,0.000000e+00,0.000000e+00,0.000000e+00,0.000000e+00,0.000000e+00,0.000000e+00,0.000000e+00
1.000000e+00,0.000000e+00,0.000000e+00,0.000000e+00,0.000000e+00,0.000000e+00,0.000000e+00,0.000000e+00,0.000000e+00,0.000000e+00,0.000000e+00,0.000000e+00,0.000000e+00,0.000000e+00,0.000000e+00
1.000000e+00,0.000000e+00,0.000000e+00,0.000000e+00,0.000000e+00,0.000000e+00,0.000000e+00,0.000000e+00,0.000000e+00,0.000000e+00,0.000000e+00,0.000000e+00,0.000000e+00,0.000000e+00,0.000000e+00
1.000000e+00,0.000000e+00,0.000000e+00,0.000000e+00,0.000000e+00,0.000000e+00,0.000000e+00,0.000000e+00,0.000000e+00,0.000000e+00,0.000000e+00,0.000000e+00,0.000000e+00,0.000000e+00,0.000000e+00
1.000000e+00,0.000000e+00,0.000000e+00,0.000000e+00,0.000000e+00,0.000000e+00,0.000000e+00,0.000000e+00,0.000000e+00,0.000000e+00,0.000000e+00,0.000000e+00,0.000000e+00,0.000000e+00,0.000000e+00
1.000000e+00,0.000000e+00,0.000000e+00,0.000000e+00,0.000000e+00,0.000000e+00,0.000000e+00,0.000000e+00,0.000000e+00,0.000000e+00,0.000000e+00,0.000000e+00,0.000000e+00,0.000000e+00,0.000000e+00
1.000000e+00,0.000000e+00,0.000000e+00,0.000000e+00,0.000000e+00,0.000000e+00,0.000000e+00,0.000000e+00,0.000000e+00,0.000000e+00,0.000000e+00,0.000000e+00,0.000000e+00,0.000000e+00,0.000000e+00
1.000000e+00,0.000000e+00,0.000000e+00,0.000000e+00,0.000000e+00,0.000000e+00,0.000000e+00,0.000000e+00,0.000000e+00,0.000000e+00,0.000000e+00,0.000000e+00,0.000000e+00,0.000000e+00,0.000000e+00
1.000000e+00,0.000000e+00,0.000000e+00,0.000000e+00,0.000000e+00,0.000000e+00,0.000000e+00,0.000000e+00,0.000000e+00,0.000000e+00,0.000000e+00,0.000000e+00,0.000000e+00,0.000000e+00,0.000000e+00
1.000000e+00,0.000000e+00,0.000000e+00,0.000000e+00,0.000000e+00,0.000000e+00,0.000000e+00,0.000000e+00,0.000000e+00,0.000000e+00,0.000000e+00,0.000000e+00,0.000000e+00,0.000000e+00,0.000000e+00
1.000000e+00,0.000000e+00,0.000000e+00,0.000000e+00,0.000000e+00,0.000000e+00,0.000000e+00,0.000000e+00,0.000000e+00,0.000000e+00,0.000000e+00,0.000000e+00,0.000000e+00,0.000000e+00,0.000000e+00
1.000000e+00,0.000000e+00,0.000000e+00,0.000000e+00,0.000000e+00,0.000000e+00,0.000000e+00,0.000000e+00,0.000000e+00,0.000000e+00,0.000000e+00,0.000000e+00,0.000000e+00,0.000000e+00,0.000000e+00
1.000000e+00,0.000000e+00,0.000000e+00,0.000000e+00,0.000000e+00,0.000000e+00,0.000000e+00,0.000000e+00,0.000000e+00,0.000000e+00,0.000000e+00,0.000000e+00,0.000000e+00,0.000000e+00,0.000000e+00
1.000000e+00,0.000000e+00,0.000000e+00,0.000000e+00,0.000000e+00,0.000000e+00,0.000000e+00,0.000000e+00,0.000000e+00,0.000000e+00,0.000000e+00,0.000000e+00,0.000000e+00,0.000000e+00,0.000000e+00
1.000000e+00,0.000000e+00,0.000000e+00,0.000000e+00,0.000000e+00,0.000000e+00,0.000000e+00,0.000000e+00,0.000000e+00,0.000000e+00,0.000000e+00,0.000000e+00,0.000000e+00,0.000000e+00,0.000000e+00
1.000000e+00,0.000000e+00,0.000000e+00,0.000000e+00,0.000000e+00,0.000000e+00,0.000000e+00,0.000000e+00,0.000000e+00,0.000000e+00,0.000000e+00,0.000000e+00,0.000000e+00,0.000000e+00,0.000000e+00
1.000000e+00,0.000000e+00,0.000000e+00,0.000000e+00,0.000000e+00,0.000000e+00,0.000000e+00,0.000000e+00,0.000000e+00,0.000000e+00,0.000000e+00,0.000000e+00,0.000000e+00,0.000000e+00,0.000000e+00
1.000000e+00,0.000000e+00,0.000000e+00,0.000000e+00,0.000000e+00,0.000000e+00,0.000000e+00,0.000000e+00,0.000000e+00,0.000000e+00,0.000000e+00,0.000000e+00,0.000000e+00,0.000000e+00,0.000000e+00
1.000000e+00,0.000000e+00,0.000000e+00,0.000000e+00,0.000000e+00,0.000000e+00,0.000000e+00,0.000000e+00,0.000000e+00,0.000000e+00,0.000000e+00,0.000000e+00,0.000000e+00,0.000000e+00,0.000000e+00
1.000000e+00,0.000000e+00,0.000000e+00,0.000000e+00,0.000000e+00,0.000000e+00,0.000000e+00,0.000000e+00,0.000000e+00,0.000000e+00,0.000000e+00,0.000000e+00,0.000000e+00,0.000000e+00,0.000000e+00
1.000000e+00,0.000000e+00,0.000000e+00,0.000000e+00,0.000000e+00,0.000000e+00,0.000000e+00,0.000000e+00,0.000000e+00,0.000000e+00,0.000000e+00,0.000000e+00,0.000000e+00,0.000000e+00,0.000000e+00
1.000000e+00,0.000000e+00,0.000000e+00,0.000000e+00,0.000000e+00,0.000000e+00,0.000000e+00,0.000000e+00,0.000000e+00,0.000000e+00,0.000000e+00,0.000000e+00,0.000000e+00,0.000000e+00,0.000000e+00
1.000000e+00,0.000000e+00,0.000000e+00,0.000000e+00,0.000000e+00,0.000000e+00,0.000000e+00,0.000000e+00,0.000000e+00,0.000000e+00,0.000000e+00,0.000000e+00,0.000000e+00,0.000000e+00,0.000000e+00
1.000000e+00,0.000000e+00,0.000000e+00,0.000000e+00,0.000000e+00,0.000000e+00,0.000000e+00,0.000000e+00,0.000000e+00,0.000000e+00,0.000000e+00,0.000000e+00,0.000000e+00,0.000000e+00,0.000000e+00
1.000000e+00,0.000000e+00,0.000000e+00,0.000000e+00,0.000000e+00,0.000000e+00,0.000000e+00,0.000000e+00,0.000000e+00,0.000000e+00,0.000000e+00,0.000000e+00,0.000000e+00,0.000000e+00,0.000000e+00
1.000000e+00,0.000000e+00,0.000000e+00,0.000000e+00,0.000000e+00,0.000000e+00,0.000000e+00,0.000000e+00,0.000000e+00,0.000000e+00,0.000000e+00,0.000000e+00,0.000000e+00,0.000000e+00,0.000000e+00
1.000000e+00,0.000000e+00,0.000000e+00,0.000000e+00,0.000000e+00,0.000000e+00,0.000000e+00,0.000000e+00,0.000000e+00,0.000000e+00,0.000000e+00,0.000000e+00,0.000000e+00,0.000000e+00,0.000000e+00
1.000000e+00,0.000000e+00,0.000000e+00,0.000000e+00,0.000000e+00,0.000000e+00,0.000000e+00,0.000000e+00,0.000000e+00,0.000000e+00,0.000000e+00,0.000000e+00,0.000000e+00,0.000000e+00,0.000000e+00
1.000000e+00,0.000000e+00,0.000000e+00,0.000000e+00,0.000000e+00,0.000000e+00,0.000000e+00,0.000000e+00,0.000000e+00,0.000000e+00,0.000000e+00,0.000000e+00,0.000000e+00,0.000000e+00,0.000000e+00
1.000000e+00,0.000000e+00,0.000000e+00,0.000000e+00,0.000000e+00,0.000000e+00,0.000000e+00,0.000000e+00,0.000000e+00,0.000000e+00,0.000000e+00,0.000000e+00,0.000000e+00,0.000000e+00,0.000000e+00
1.000000e+00,0.000000e+00,0.000000e+00,0.000000e+00,0.000000e+00,0.000000e+00,0.000000e+00,0.000000e+00,0.000000e+00,0.000000e+00,0.000000e+00,0.000000e+00,0.000000e+00,0.000000e+00,0.000000e+00
1.000000e+00,0.000000e+00,0.000000e+00,0.000000e+00,0.000000e+00,0.000000e+00,0.000000e+00,0.000000e+00,0.000000e+00,0.000000e+00,0.000000e+00,0.000000e+00,0.000000e+00,0.000000e+00,0.000000e+00
1.000000e+00,0.000000e+00,0.000000e+00,0.000000e+00,0.000000e+00,0.000000e+00,0.000000e+00,0.000000e+00,0.000000e+00,0.000000e+00,0.000000e+00,0.000000e+00,0.000000e+00,0.000000e+00,0.000000e+00
1.000000e+00,0.000000e+00,0.000000e+00,0.000000e+00,0.000000e+00,0.000000e+00,0.000000e+00,0.000000e+00,0.000000e+00,0.000000e+00,0.000000e+00,0.000000e+00,0.000000e+00,0.000000e+00,0.000000e+00
1.000000e+00,0.000000e+00,0.000000e+00,0.000000e+00,0.000000e+00,0.000000e+00,0.000000e+00,0.000000e+00,0.000000e+00,0.000000e+00,0.000000e+00,0.000000e+00,0.000000e+00,0.000000e+00,0.000000e+00
1.000000e+00,0.000000e+00,0.000000e+00,0.000000e+00,0.000000e+00,0.000000e+00,0.000000e+00,0.000000e+00,0.000000e+00,0.000000e+00,0.000000e+00,0.000000e+00,0.000000e+00,0.000000e+00,0.000000e+00
1.000000e+00,0.000000e+00,0.000000e+00,0.000000e+00,0.000000e+00,0.000000e+00,0.000000e+00,0.000000e+00,0.000000e+00,0.000000e+00,0.000000e+00,0.000000e+00,0.000000e+00,0.000000e+00,0.000000e+00
1.000000e+00,0.000000e+00,0.000000e+00,0.000000e+00,0.000000e+00,0.000000e+00,0.000000e+00,0.000000e+00,0.000000e+00,0.000000e+00,0.000000e+00,0.000000e+00,0.000000e+00,0.000000e+00,0.000000e+00
1.000000e+00,0.000000e+00,0.000000e+00,0.000000e+00,0.000000e+00,0.000000e+00,0.000000e+00,0.000000e+00,0.000000e+00,0.000000e+00,0.000000e+00,0.000000e+00,0.000000e+00,0.000000e+00,0.000000e+00
1.000000e+00,0.000000e+00,0.000000e+00,0.000000e+00,0.000000e+00,0.000000e+00,0.000000e+00,0.000000e+00,0.000000e+00,0.000000e+00,0.000000e+00,0.000000e+00,0.000000e+00,0.000000e+00,0.000000e+00
1.000000e+00,0.000000e+00,0.000000e+00,0.000000e+00,0.000000e+00,0.000000e+00,0.000000e+00,0.000000e+00,0.000000e+00,0.000000e+00,0.000000e+00,0.000000e+00,0.000000e+00,0.000000e+00,0.000000e+00
1.000000e+00,0.000000e+00,0.000000e+00,0.000000e+00,0.000000e+00,0.000000e+00,0.000000e+00,0.000000e+00,0.000000e+00,0.000000e+00,0.000000e+00,0.000000e+00,0.000000e+00,0.000000e+00,0.000000e+00
1.000000e+00,0.000000e+00,0.000000e+00,0.000000e+00,0.000000e+00,0.000000e+00,0.000000e+00,0.000000e+00,0.000000e+00,0.000000e+00,0.000000e+00,0.000000e+00,0.000000e+00,0.000000e+00,0.000000e+00
1.000000e+00,0.000000e+00,0.000000e+00,0.000000e+00,0.000000e+00,0.000000e+00,0.000000e+00,0.000000e+00,0.000000e+00,0.000000e+00,0.000000e+00,0.000000e+00,0.000000e+00,0.000000e+00,0.000000e+00
1.000000e+00,0.000000e+00,0.000000e+00,0.000000e+00,0.000000e+00,0.000000e+00,0.000000e+00,0.000000e+00,0.000000e+00,0.000000e+00,0.000000e+00,0.000000e+00,0.000000e+00,0.000000e+00,0.000000e+00
1.000000e+00,0.000000e+00,0.000000e+00,0.000000e+00,0.000000e+00,0.000000e+00,0.000000e+00,0.000000e+00,0.000000e+00,0.000000e+00,0.000000e+00,0.000000e+00,0.000000e+00,0.000000e+00,0.000000e+00
1.000000e+00,0.000000e+00,0.000000e+00,0.000000e+00,0.000000e+00,0.000000e+00,0.000000e+00,0.000000e+00,0.000000e+00,0.000000e+00,0.000000e+00,0.000000e+00,0.000000e+00,0.000000e+00,0.000000e+00
1.000000e+00,0.000000e+00,0.000000e+00,0.000000e+00,0.000000e+00,0.000000e+00,0.000000e+00,0.000000e+00,0.000000e+00,0.000000e+00,0.000000e+00,0.000000e+00,0.000000e+00,0.000000e+00,0.000000e+00
1.000000e+00,0.000000e+00,0.000000e+00,0.000000e+00,0.000000e+00,0.000000e+00,0.000000e+00,0.000000e+00,0.000000e+00,0.000000e+00,0.000000e+00,0.000000e+00,0.000000e+00,0.000000e+00,0.000000e+00
1.000000e+00,0.000000e+00,0.000000e+00,0.000000e+00,0.000000e+00,0.000000e+00,0.000000e+00,0.000000e+00,0.000000e+00,0.000000e+00,0.000000e+00,0.000000e+00,0.000000e+00,0.000000e+00,0.000000e+00
1.000000e+00,0.000000e+00,0.000000e+00,0.000000e+00,0.000000e+00,0.000000e+00,0.000000e+00,0.000000e+00,0.000000e+00,0.000000e+00,0.000000e+00,0.000000e+00,0.000000e+00,0.000000e+00,0.000000e+00
1.000000e+00,0.000000e+00,0.000000e+00,0.000000e+00,0.000000e+00,0.000000e+00,0.000000e+00,0.000000e+00,0.000000e+00,0.000000e+00,0.000000e+00,0.000000e+00,0.000000e+00,0.000000e+00,0.000000e+00
1.000000e+00,0.000000e+00,0.000000e+00,0.000000e+00,0.000000e+00,0.000000e+00,0.000000e+00,0.000000e+00,0.000000e+00,0.000000e+00,0.000000e+00,0.000000e+00,0.000000e+00,0.000000e+00,0.000000e+00
1.000000e+00,0.000000e+00,0.000000e+00,0.000000e+00,0.000000e+00,0.000000e+00,0.000000e+00,0.000000e+00,0.000000e+00,0.000000e+00,0.000000e+00,0.000000e+00,0.000000e+00,0.000000e+00,0.000000e+00
1.000000e+00,0.000000e+00,0.000000e+00,0.000000e+00,0.000000e+00,0.000000e+00,0.000000e+00,0.000000e+00,0.000000e+00,0.000000e+00,0.000000e+00,0.000000e+00,0.000000e+00,0.000000e+00,0.000000e+00
1.000000e+00,0.000000e+00,0.000000e+00,0.000000e+00,0.000000e+00,0.000000e+00,0.000000e+00,0.000000e+00,0.000000e+00,0.000000e+00,0.000000e+00,0.000000e+00,0.000000e+00,0.000000e+00,0.000000e+00
1.000000e+00,0.000000e+00,0.000000e+00,0.000000e+00,0.000000e+00,0.000000e+00,0.000000e+00,0.000000e+00,0.000000e+00,0.000000e+00,0.000000e+00,0.000000e+00,0.000000e+00,0.000000e+00,0.000000e+00
1.000000e+00,0.000000e+00,0.000000e+00,0.000000e+00,0.000000e+00,0.000000e+00,0.000000e+00,0.000000e+00,0.000000e+00,0.000000e+00,0.000000e+00,0.000000e+00,0.000000e+00,0.000000e+00,0.000000e+00
1.000000e+00,0.000000e+00,0.000000e+00,0.000000e+00,0.000000e+00,0.000000e+00,0.000000e+00,0.000000e+00,0.000000e+00,0.000000e+00,0.000000e+00,0.000000e+00,0.000000e+00,0.000000e+00,0.000000e+00
1.000000e+00,0.000000e+00,0.000000e+00,0.000000e+00,0.000000e+00,0.000000e+00,0.000000e+00,0.000000e+00,0.000000e+00,0.000000e+00,0.000000e+00,0.000000e+00,0.000000e+00,0.000000e+00,0.000000e+00
1.000000e+00,0.000000e+00,0.000000e+00,0.000000e+00,0.000000e+00,0.000000e+00,0.000000e+00,0.000000e+00,0.000000e+00,0.000000e+00,0.000000e+00,0.000000e+00,0.000000e+00,0.000000e+00,0.000000e+00
1.000000e+00,0.000000e+00,0.000000e+00,0.000000e+00,0.000000e+00,0.000000e+00,0.000000e+00,0.000000e+00,0.000000e+00,0.000000e+00,0.000000e+00,0.000000e+00,0.000000e+00,0.000000e+00,0.000000e+00
1.000000e+00,0.000000e+00,0.000000e+00,0.000000e+00,0.000000e+00,0.000000e+00,0.000000e+00,0.000000e+00,0.000000e+00,0.000000e+00,0.000000e+00,0.000000e+00,0.000000e+00,0.000000e+00,0.000000e+00
1.000000e+00,0.000000e+00,0.000000e+00,0.000000e+00,0.000000e+00,0.000000e+00,0.000000e+00,0.000000e+00,0.000000e+00,0.000000e+00,0.000000e+00,0.000000e+00,0.000000e+00,0.000000e+00,0.000000e+00
1.000000e+00,0.000000e+00,0.000000e+00,0.000000e+00,0.000000e+00,0.000000e+00,0.000000e+00,0.000000e+00,0.000000e+00,0.000000e+00,0.000000e+00,0.000000e+00,0.000000e+00,0.000000e+00,0.000000e+00
1.000000e+00,0.000000e+00,0.000000e+00,0.000000e+00,0.000000e+00,0.000000e+00,0.000000e+00,0.000000e+00,0.000000e+00,0.000000e+00,0.000000e+00,0.000000e+00,0.000000e+00,0.000000e+00,0.000000e+00
1.000000e+00,0.000000e+00,0.000000e+00,0.000000e+00,0.000000e+00,0.000000e+00,0.000000e+00,0.000000e+00,0.000000e+00,0.000000e+00,0.000000e+00,0.000000e+00,0.000000e+00,0.000000e+00,0.000000e+00
1.000000e+00,0.000000e+00,0.000000e+00,0.000000e+00,0.000000e+00,0.000000e+00,0.000000e+00,0.000000e+00,0.000000e+00,0.000000e+00,0.000000e+00,0.000000e+00,0.000000e+00,0.000000e+00,0.000000e+00
1.000000e+00,0.000000e+00,0.000000e+00,0.000000e+00,0.000000e+00,0.000000e+00,0.000000e+00,0.000000e+00,0.000000e+00,0.000000e+00,0.000000e+00,0.000000e+00,0.000000e+00,0.000000e+00,0.000000e+00
1.000000e+00,0.000000e+00,0.000000e+00,0.000000e+00,0.000000e+00,0.000000e+00,0.000000e+00,0.000000e+00,0.000000e+00,0.000000e+00,0.000000e+00,0.000000e+00,0.000000e+00,0.000000e+00,0.000000e+00
1.000000e+00,0.000000e+00,0.000000e+00,0.000000e+00,0.000000e+00,0.000000e+00,0.000000e+00,0.000000e+00,0.000000e+00,0.000000e+00,0.000000e+00,0.000000e+00,0.000000e+00,0.000000e+00,0.000000e+00
1.000000e+00,0.000000e+00,0.000000e+00,0.000000e+00,0.000000e+00,0.000000e+00,0.000000e+00,0.000000e+00,0.000000e+00,0.000000e+00,0.000000e+00,0.000000e+00,0.000000e+00,0.000000e+00,0.000000e+00
1.000000e+00,0.000000e+00,0.000000e+00,0.000000e+00,0.000000e+00,0.000000e+00,0.000000e+00,0.000000e+00,0.000000e+00,0.000000e+00,0.000000e+00,0.000000e+00,0.000000e+00,0.000000e+00,0.000000e+00
1.000000e+00,0.000000e+00,0.000000e+00,0.000000e+00,0.000000e+00,0.000000e+00,0.000000e+00,0.000000e+00,0.000000e+00,0.000000e+00,0.000000e+00,0.000000e+00,0.000000e+00,0.000000e+00,0.000000e+00
1.000000e+00,0.000000e+00,0.000000e+00,0.000000e+00,0.000000e+00,0.000000e+00,0.000000e+00,0.000000e+00,0.000000e+00,0.000000e+00,0.000000e+00,0.000000e+00,0.000000e+00,0.000000e+00,0.000000e+00
1.000000e+00,0.000000e+00,0.000000e+00,0.000000e+00,0.000000e+00,0.000000e+00,0.000000e+00,0.000000e+00,0.000000e+00,0.000000e+00,0.000000e+00,0.000000e+00,0.000000e+00,0.000000e+00,0.000000e+00
1.000000e+00,0.000000e+00,0.000000e+00,0.000000e+00,0.000000e+00,0.000000e+00,0.000000e+00,0.000000e+00,0.000000e+00,0.000000e+00,0.000000e+00,0.000000e+00,0.000000e+00,0.000000e+00,0.000000e+00
1.000000e+00,0.000000e+00,0.000000e+00,0.000000e+00,0.000000e+00,0.000000e+00,0.000000e+00,0.000000e+00,0.000000e+00,0.000000e+00,0.000000e+00,0.000000e+00,0.000000e+00,0.000000e+00,0.000000e+00
1.000000e+00,0.000000e+00,0.000000e+00,0.000000e+00,0.000000e+00,0.000000e+00,0.000000e+00,0.000000e+00,0.000000e+00,0.000000e+00,0.000000e+00,0.000000e+00,0.000000e+00,0.000000e+00,0.000000e+00
1.000000e+00,0.000000e+00,0.000000e+00,0.000000e+00,0.000000e+00,0.000000e+00,0.000000e+00,0.000000e+00,0.000000e+00,0.000000e+00,0.000000e+00,0.000000e+00,0.000000e+00,0.000000e+00,0.000000e+00
4.839069e-01,2.757582e-02,6.944458e-03,1.045166e-01,5.358326e-03,3.215440e-02,9.715630e-03,4.335514e-02,6.501111e-02,3.009885e-02,1.661417e-02,4.429591e-02,5.985323e-02,3.749472e-03,6.685007e-02
3.880402e-01,3.881620e-02,6.262994e-03,1.442842e-01,5.212153e-03,2.834062e-02,7.337256e-03,3.349084e-02,7.808935e-02,3.944101e-02,3.114808e-02,5.247529e-02,5.820618e-02,5.832870e-03,8.302279e-02
3.497942e-01,3.472577e-02,5.327503e-03,1.644579e-01,6.726754e-03,2.609546e-02,6.284697e-03,2.665458e-02,8.509294e-02,3.414123e-02,5.065060e-02,5.398158e-02,5.898365e-02,1.092058e-02,8.616259e-02
2.670104e-01,3.424646e-02,5.066032e-03,2.190416e-01,6.341487e-03,1.941538e-02,4.634577e-03,2.083193e-02,9.090697e-02,2.656185e-02,6.929809e-02,4.754453e-02,5.688011e-02,5.529807e-02,7.692257e-02
2.074353e-01,3.351360e-02,4.243349e-03,2.081483e-01,5.026507e-03,1.614669e-02,3.622485e-03,1.574321e-02,8.499311e-02,2.575246e-02,1.128430e-01,4.620753e-02,6.751986e-02,8.101133e-02,8.779329e-02
1.873386e-01,2.536227e-02,3.319120e-03,1.606673e-01,5.180267e-03,1.325660e-02,2.920832e-03,1.169397e-02,6.517779e-02,2.377549e-02,1.993927e-01,4.479478e-02,6.204961e-02,1.259528e-01,6.911788e-02
2.446313e-01,2.518918e-02,9.475966e-03,1.270065e-01,6.938132e-03,1.529338e-02,3.318340e-03,1.126748e-02,6.499279e-02,2.200658e-02,1.632386e-01,4.410374e-02,5.917054e-02,1.445231e-01,5.884446e-02
3.080361e-01,2.662844e-02,1.219676e-02,9.471244e-02,6.770388e-03,1.943702e-02,3.142739e-03,9.931337e-03,6.189239e-02,1.793698e-02,1.293991e-01,3.594642e-02,5.743681e-02,1.509292e-01,6.560390e-02
2.794406e-01,3.436644e-02,1.238422e-02,7.609080e-02,6.075291e-03,2.997954e-02,3.220210e-03,8.668693e-03,5.642813e-02,1.508751e-02,1.013034e-01,3.154031e-02,5.292787e-02,2.045991e-01,8.788782e-02
2.500212e-01,4.587354e-02,1.672195e-02,6.717046e-02,6.346578e-03,3.382263e-02,3.313285e-03,7.616565e-03,5.877325e-02,1.448249e-02,1.073765e-01,2.616262e-02,4.242148e-02,2.029610e-01,1.169364e-01
1.861883e-01,8.637871e-02,1.730626e-02,4.966687e-02,5.657193e-03,2.831938e-02,2.588429e-03,6.316045e-03,1.693471e-01,1.451601e-02,9.484041e-02,1.987723e-02,3.169390e-02,1.772899e-01,1.100143e-01
1.359834e-01,1.351756e-01,1.497078e-02,3.543758e-02,8.838790e-03,2.750845e-02,2.024424e-03,6.107177e-03,2.556607e-01,1.483843e-02,7.456570e-02,1.442725e-02,2.340521e-02,1.469345e-01,1.041219e-01
1.123049e-01,1.595740e-01,1.721809e-02,2.665258e-02,1.163596e-02,3.845141e-02,1.565008e-03,5.952300e-03,2.484665e-01,1.856784e-02,6.427027e-02,1.060012e-02,1.785259e-02,1.385795e-01,1.283089e-01
9.140760e-02,1.481812e-01,1.779236e-02,2.070652e-02,1.358566e-02,3.217673e-02,1.248568e-03,7.536952e-03,2.641703e-01,1.734065e-02,5.681021e-02,8.316245e-03,1.497630e-02,1.988653e-01,1.068854e-01
8.189990e-02,1.402698e-01,5.828811e-02,3.060468e-02,2.081166e-02,3.127560e-02,1.503878e-03,1.654083e-02,2.390991e-01,1.559209e-02,5.268367e-02,7.157029e-03,1.298507e-02,2.052331e-01,8.605544e-02
9.837397e-02,1.044460e-01,2.031671e-01,3.654693e-02,1.705334e-02,2.502177e-02,1.536083e-03,1.286722e-02,1.833665e-01,1.413008e-02,4.127508e-02,6.432351e-03,9.933016e-03,1.539547e-01,9.189591e-02
1.888731e-01,8.231402e-02,2.413497e-01,3.747151e-02,1.440042e-02,2.112153e-02,1.608637e-03,1.141196e-02,1.476911e-01,1.115871e-02,3.343199e-02,7.001568e-03,8.036650e-03,1.153407e-01,7.878839e-02
2.104795e-01,6.217165e-02,3.142754e-01,4.520475e-02,1.166917e-02,1.669262e-02,1.481413e-03,9.421129e-03,1.191760e-01,9.611980e-03,2.619631e-02,6.194241e-03,6.075192e-03,8.543439e-02,7.591615e-02
2.547888e-01,4.810816e-02,3.274603e-01,5.143168e-02,1.009289e-02,1.621950e-02,1.520984e-03,8.652924e-03,9.646212e-02,8.031812e-03,2.383087e-02,1.019350e-02,6.450150e-03,6.928245e-02,6.747380e-02
2.799432e-01,3.768308e-02,3.387960e-01,5.134706e-02,8.831184e-03,1.428666e-02,1.522452e-03,9.070746e-03,8.304899e-02,1.044554e-02,1.990970e-02,9.465888e-03,5.322366e-03,5.997441e-02,7.035272e-02
3.113337e-01,3.139721e-02,2.505031e-01,3.963081e-02,8.821055e-03,1.457354e-02,1.284718e-03,7.858372e-03,1.310500e-01,3.101500e-02,2.136168e-02,7.269220e-03,4.341227e-03,6.041559e-02,7.914478e-02
2.647338e-01,2.622556e-02,1.916505e-01,3.144713e-02,8.147560e-03,1.365675e-02,1.064747e-03,6.463763e-03,1.821889e-01,5.796121e-02,2.018070e-02,5.481164e-03,3.670536e-03,1.007317e-01,8.639602e-02
1.948252e-01,1.979211e-02,1.385504e-01,2.248314e-02,6.326397e-03,1.031179e-02,7.951342e-04,4.782766e-03,1.685124e-01,1.203600e-01,1.711811e-02,3.924720e-03,2.964345e-03,2.013480e-01,8.790544e-02
1.437145e-01,1.526956e-02,1.005944e-01,1.619370e-02,6.253797e-03,7.704798e-03,5.994207e-04,3.987371e-03,2.098445e-01,1.808996e-01,1.294591e-02,2.856058e-03,2.349473e-03,2.019057e-01,9.488125e-02
1.063924e-01,1.243094e-02,8.755943e-02,1.496996e-02,7.380868e-03,6.076350e-03,5.302111e-04,4.109750e-03,2.217779e-01,2.623776e-01,1.028445e-02,2.379356e-03,2.120500e-03,1.736278e-01,8.798238e-02
8.595880e-02,1.145339e-02,9.608217e-02,1.800993e-02,8.352268e-03,4.460734e-03,4.398192e-04,6.493983e-03,2.441033e-01,2.914250e-01,7.893397e-03,1.834812e-03,1.817084e-03,1.273726e-01,9.430274e-02
7.942974e-02,2.043185e-02,8.237509e-02,1.598183e-02,1.447551e-02,3.807648e-03,4.531048e-04,2.130667e-02,3.697110e-01,2.154569e-01,6.289582e-03,1.608464e-03,1.458591e-03,9.364681e-02,7.356717e-02
7.603399e-02,3.944698e-02,6.282697e-02,1.652666e-02,1.492154e-02,3.635578e-03,4.623279e-04,2.636295e-02,4.622981e-01,1.639539e-01,5.104144e-03,1.533316e-03,1.385170e-03,6.808235e-02,5.742596e-02
9.611857e-02,7.219303e-02,4.664328e-02,1.788556e-02,1.496284e-02,5.118608e-03,5.410223e-04,2.482568e-02,4.844806e-01,1.221594e-01,5.017054e-03,2.825968e-03,4.153267e-03,5.062257e-02,5.245242e-02
1.002330e-01,1.060031e-01,3.386940e-02,1.633942e-02,1.716160e-02,6.463454e-03,5.446288e-04,2.432329e-02,4.883152e-01,9.868127e-02,4.753903e-03,3.553140e-03,4.630288e-03,3.784706e-02,5.728113e-02
7.711659e-02,8.658899e-02,2.428510e-02,3.090869e-02,1.213344e-02,4.769583e-03,4.001175e-04,1.709153e-02,5.884009e-01,7.240440e-02,4.435705e-03,2.936396e-03,5.154777e-03,2.671490e-02,4.665880e-02
1.115122e-01,7.261401e-02,1.792760e-02,2.873703e-02,8.989388e-03,4.541805e-03,4.145876e-04,1.253154e-02,5.908506e-01,5.786443e-02,7.057037e-03,4.280347e-03,8.473223e-03,2.125067e-02,5.295544e-02
2.196723e-01,7.353097e-02,1.446055e-02,2.403123e-02,1.152898e-02,7.988384e-03,4.697925e-04,1.493820e-02,4.852107e-01,5.295441e-02,1.042682e-02,5.233973e-03,8.119414e-03,1.820988e-02,5.322438e-02
2.164173e-01,6.705907e-02,2.623869e-02,3.006430e-02,1.203037e-02,7.729056e-03,6.188800e-04,2.254390e-02,4.820083e-01,4.667477e-02,1.168321e-02,5.202988e-03,8.776653e-03,1.383132e-02,4.912114e-02
2.191564e-01,5.626430e-02,7.634782e-02,3.544828e-02,3.044480e-02,1.775655e-02,2.061045e-03,4.958025e-02,3.898137e-01,3.979028e-02,1.125231e-02,4.263792e-03,1.203747e-02,1.075621e-02,4.502684e-02
1.616823e-01,4.510625e-02,1.900615e-01,3.436618e-02,2.233236e-02,1.361899e-02,1.484759e-03,3.679383e-02,3.058348e-01,8.766104e-02,9.160997e-03,3.409124e-03,9.795242e-03,7.849319e-03,7.084331e-02
1.416400e-01,5.706007e-02,1.586119e-01,3.372678e-02,3.126138e-02,1.479970e-02,1.592015e-03,3.010316e-02,2.736559e-01,1.232877e-01,1.362264e-02,3.760030e-03,1.233413e-02,1.086524e-02,9.367935e-02
1.091231e-01,7.014097e-02,1.415634e-01,1.076943e-01,2.803477e-02,1.311416e-02,1.384775e-03,2.369905e-02,2.391625e-01,1.036245e-01,1.530849e-02,5.320255e-03,1.277432e-02,9.130421e-03,1.199249e-01
7.995159e-02,5.349745e-02,1.052168e-01,7.589550e-02,2.024822e-02,1.055247e-02,1.058022e-03,1.664527e-02,1.983403e-01,9.466809e-02,1.672938e-02,3.967585e-03,9.578614e-03,2.811564e-02,2.855350e-01
7.921676e-02,4.384854e-02,7.643808e-02,6.151264e-02,1.609930e-02,9.043627e-03,8.717391e-04,1.198268e-02,2.068308e-01,7.543325e-02,1.354478e-02,3.796740e-03,7.886820e-03,4.319809e-02,3.502961e-01
1.438603e-01,3.404763e-02,5.472236e-02,4.400737e-02,1.402736e-02,8.365231e-03,7.063678e-04,8.822879e-03,1.498901e-01,5.412701e-02,1.330894e-02,3.535958e-03,7.051699e-03,9.828483e-02,3.652419e-01
2.862907e-01,2.590929e-02,3.905395e-02,3.272240e-02,1.204044e-02,8.158650e-03,8.580874e-04,6.925617e-03,1.101861e-01,3.954924e-02,1.083165e-02,3.852601e-03,8.019144e-03,8.826606e-02,3.273361e-01
3.323881e-01,2.044196e-02,2.793373e-02,2.480308e-02,9.215677e-03,1.058377e-02,1.168324e-03,5.518342e-03,8.299597e-02,2.883091e-02,8.350299e-03,3.989902e-03,1.063050e-02,7.667211e-02,3.564773e-01
3.593629e-01,1.815134e-02,2.054937e-02,1.882650e-02,8.737179e-03,1.815473e-02,1.394270e-03,4.275542e-03,7.109892e-02,2.352594e-02,8.396381e-03,4.384672e-03,1.280394e-02,8.498436e-02,3.453539e-01
3.797255e-01,1.750193e-02,1.508584e-02,1.492969e-02,6.949768e-03,1.712771e-02,1.636546e-03,3.602851e-03,6.002567e-02,1.773413e-02,9.442231e-03,4.435698e-03,1.289636e-02,8.301184e-02,3.558943e-01
3.035213e-01,1.546776e-02,1.229726e-02,1.128584e-02,5.384593e-03,1.420610e-02,1.570198e-03,2.682995e-03,5.626754e-02,1.742245e-02,1.302257e-02,3.870449e-03,1.119111e-02,2.040987e-01,3.277112e-01
2.278937e-01,1.268033e-02,1.031793e-02,8.775171e-03,4.415939e-03,1.152865e-02,1.185721e-03,1.959167e-03,1.633345e-01,1.487245e-02,2.089451e-02,2.975525e-03,8.891935e-03,2.428977e-01,2.673767e-01
1.904112e-01,1.471186e-02,9.023311e-03,7.487690e-03,5.151366e-03,1.148774e-02,1.136332e-03,2.219126e-03,2.226365e-01,1.505685e-02,2.097494e-02,2.598490e-03,9.202036e-03,2.532896e-01,2.346130e-01
1.743311e-01,2.151482e-02,1.018450e-02,9.307565e-03,5.850836e-03,1.092509e-02,1.060883e-03,1.814846e-03,2.205935e-01,1.529873e-02,1.749981e-02,3.659426e-03,7.756842e-03,2.030521e-01,2.971500e-01
1.977770e-01,1.871395e-02,3.601232e-02,1.489796e-02,5.739762e-03,1.076062e-02,1.696742e-03,2.868884e-03,1.909189e-01,1.630605e-02,1.701905e-02,4.715639e-03,7.564225e-03,1.652903e-01,3.097187e-01
3.035765e-01,2.826929e-02,3.007253e-02,1.397667e-02,1.418500e-02,9.672630e-03,1.670862e-03,3.842105e-03,1.490189e-01,1.375513e-02,1.294463e-02,4.379760e-03,6.577100e-03,1.233353e-01,2.847236e-01
2.840390e-01,3.299403e-02,6.579347e-02,2.888944e-02,2.690315e-02,1.506567e-02,2.058380e-03,1.597656e-02,1.346161e-01,1.645511e-02,1.168198e-02,3.909381e-03,5.521517e-03,9.551562e-02,2.605806e-01
3.469225e-01,3.032025e-02,6.041143e-02,3.215471e-02,3.299365e-02,1.967553e-02,2.289179e-03,2.215071e-02,1.027372e-01,1.824586e-02,1.261117e-02,5.024141e-03,6.602702e-03,7.682557e-02,2.310353e-01
2.703407e-01,4.758904e-02,6.730812e-02,1.402666e-01,5.106869e-02,1.571891e-02,1.836402e-03,3.157232e-02,8.971996e-02,2.119056e-02,1.021464e-02,4.014587e-03,5.155710e-03,5.455088e-02,1.894528e-01
2.469231e-01,4.408339e-02,1.819902e-01,1.068372e-01,5.364557e-02,1.261242e-02,1.461812e-03,2.707904e-02,7.447734e-02,1.874170e-02,8.126369e-03,3.115395e-03,3.801173e-03,4.120071e-02,1.759045e-01
2.556871e-01,7.877623e-02,1.599564e-01,1.450738e-01,6.640057e-02,1.231302e-02,1.650769e-03,2.774726e-02,6.260438e-02,1.374541e-02,7.212036e-03,4.534986e-03,3.385697e-03,3.051626e-02,1.303961e-01
2.604582e-01,7.068563e-02,2.125841e-01,1.203633e-01,1.015590e-01,1.266330e-02,1.404854e-03,2.100396e-02,5.224430e-02,1.044328e-02,5.748520e-03,3.793004e-03,3.050687e-03,2.353670e-02,1.004613e-01
2.759986e-01,7.739097e-02,1.662533e-01,1.494263e-01,1.281070e-01,1.450408e-02,2.279386e-03,1.804840e-02,4.136249e-02,7.726635e-03,5.672878e-03,6.912542e-03,4.615552e-03,1.791579e-02,8.378605e-02
3.518591e-01,7.184139e-02,1.426378e-01,1.446610e-01,1.033215e-01,1.445919e-02,2.444785e-03,1.546915e-02,3.867159e-02,6.245079e-03,6.393278e-03,9.709312e-03,5.279376e-03,1.378606e-02,7.322142e-02
4.689893e-01,6.460431e-02,1.058036e-01,1.093297e-01,8.371621e-02,1.259848e-02,2.363698e-03,1.403135e-02,3.335053e-02,4.868535e-03,6.271140e-03,1.008088e-02,6.070980e-03,1.184266e-02,6.607869e-02
1.000000e+00,0.000000e+00,0.000000e+00,0.000000e+00,0.000000e+00,0.000000e+00,0.000000e+00,0.000000e+00,0.000000e+00,0.000000e+00,0.000000e+00,0.000000e+00,0.000000e+00,0.000000e+00,0.000000e+00
4.968953e-01,5.761502e-02,1.012305e-01,1.401062e-01,5.308280e-02,1.099825e-02,2.271763e-03,9.938117e-03,2.724077e-02,4.138508e-03,7.092671e-03,1.241241e-02,7.812030e-03,1.044338e-02,5.872230e-02
4.782910e-01,5.289151e-02,1.028621e-01,1.440334e-01,4.085823e-02,9.661727e-03,1.875009e-03,7.997382e-03,3.340117e-02,4.881755e-03,8.450058e-03,1.225093e-02,7.554149e-03,1.005447e-02,8.493717e-02
1.000000e+00,0.000000e+00,0.000000e+00,0.000000e+00,0.000000e+00,0.000000e+00,0.000000e+00,0.000000e+00,0.000000e+00,0.000000e+00,0.000000e+00,0.000000e+00,0.000000e+00,0.000000e+00,0.000000e+00
1.000000e+00,0.000000e+00,0.000000e+00,0.000000e+00,0.000000e+00,0.000000e+00,0.000000e+00,0.000000e+00,0.000000e+00,0.000000e+00,0.000000e+00,0.000000e+00,0.000000e+00,0.000000e+00,0.000000e+00
1.000000e+00,0.000000e+00,0.000000e+00,0.000000e+00,0.000000e+00,0.000000e+00,0.000000e+00,0.000000e+00,0.000000e+00,0.000000e+00,0.000000e+00,0.000000e+00,0.000000e+00,0.000000e+00,0.000000e+00
1.000000e+00,0.000000e+00,0.000000e+00,0.000000e+00,0.000000e+00,0.000000e+00,0.000000e+00,0.000000e+00,0.000000e+00,0.000000e+00,0.000000e+00,0.000000e+00,0.000000e+00,0.000000e+00,0.000000e+00
1.000000e+00,0.000000e+00,0.000000e+00,0.000000e+00,0.000000e+00,0.000000e+00,0.000000e+00,0.000000e+00,0.000000e+00,0.000000e+00,0.000000e+00,0.000000e+00,0.000000e+00,0.000000e+00,0.000000e+00
1.000000e+00,0.000000e+00,0.000000e+00,0.000000e+00,0.000000e+00,0.000000e+00,0.000000e+00,0.000000e+00,0.000000e+00,0.000000e+00,0.000000e+00,0.000000e+00,0.000000e+00,0.000000e+00,0.000000e+00
1.000000e+00,0.000000e+00,0.000000e+00,0.000000e+00,0.000000e+00,0.000000e+00,0.000000e+00,0.000000e+00,0.000000e+00,0.000000e+00,0.000000e+00,0.000000e+00,0.000000e+00,0.000000e+00,0.000000e+00
1.000000e+00,0.000000e+00,0.000000e+00,0.000000e+00,0.000000e+00,0.000000e+00,0.000000e+00,0.000000e+00,0.000000e+00,0.000000e+00,0.000000e+00,0.000000e+00,0.000000e+00,0.000000e+00,0.000000e+00
1.000000e+00,0.000000e+00,0.000000e+00,0.000000e+00,0.000000e+00,0.000000e+00,0.000000e+00,0.000000e+00,0.000000e+00,0.000000e+00,0.000000e+00,0.000000e+00,0.000000e+00,0.000000e+00,0.000000e+00
1.000000e+00,0.000000e+00,0.000000e+00,0.000000e+00,0.000000e+00,0.000000e+00,0.000000e+00,0.000000e+00,0.000000e+00,0.000000e+00,0.000000e+00,0.000000e+00,0.000000e+00,0.000000e+00,0.000000e+00
1.000000e+00,0.000000e+00,0.000000e+00,0.000000e+00,0.000000e+00,0.000000e+00,0.000000e+00,0.000000e+00,0.000000e+00,0.000000e+00,0.000000e+00,0.000000e+00,0.000000e+00,0.000000e+00,0.000000e+00
4.450940e-01,1.892867e-02,8.137494e-03,6.515114e-02,8.065114e-03,4.212467e-02,3.906603e-03,9.884111e-03,7.761725e-02,1.420034e-03,7.418696e-03,1.238635e-02,2.771284e-01,3.842322e-03,1.889520e-02
3.121421e-01,1.573459e-02,7.375376e-03,5.933770e-02,5.803864e-03,3.048437e-02,3.035293e-03,6.946474e-03,3.046831e-01,1.590591e-03,5.367917e-03,8.882951e-03,2.197522e-01,2.743088e-03,1.612042e-02
2.187112e-01,1.242849e-02,5.661903e-03,4.444093e-02,4.138370e-03,2.457830e-02,2.919012e-03,4.893897e-03,2.262034e-01,1.298781e-03,3.851391e-03,6.967298e-03,4.267960e-01,1.939239e-03,1.517191e-02
1.536518e-01,1.296122e-02,4.262533e-03,3.372556e-02,3.001210e-03,2.381738e-02,3.657695e-03,3.527968e-03,1.788498e-01,1.431898e-03,3.448458e-03,8.885147e-03,5.345271e-01,1.436678e-03,3.281564e-02
1.082001e-01,4.409919e-02,5.861577e-03,3.469948e-02,2.276320e-03,1.982591e-02,3.046043e-03,2.563360e-03,2.628308e-01,1.935935e-03,2.692989e-03,7.807424e-03,4.703870e-01,1.081918e-03,3.269200e-02
9.498712e-02,3.846990e-02,6.720171e-03,3.585391e-02,3.669722e-03,3.871682e-02,4.599449e-03,2.804679e-03,2.233251e-01,1.837178e-03,3.873749e-03,9.392570e-03,4.799318e-01,1.054860e-03,5.476290e-02
6.716786e-02,5.553757e-02,9.078214e-03,4.661263e-02,2.648712e-03,2.730896e-02,3.244559e-03,2.006010e-03,3.974087e-01,1.713235e-03,2.948849e-03,6.982977e-03,3.373571e-01,8.173476e-04,3.916729e-02
8.830874e-02,4.433180e-02,8.174914e-03,3.664073e-02,2.541129e-03,3.162114e-02,3.070704e-03,2.331434e-03,4.111834e-01,1.598720e-03,3.825030e-03,6.175589e-03,2.936125e-01,1.618126e-03,6.496596e-02
8.911562e-02,4.147535e-02,1.258359e-02,3.577798e-02,2.853832e-03,2.352404e-02,2.944901e-03,2.330209e-03,4.975325e-01,1.988367e-03,4.064738e-03,5.378443e-03,2.185489e-01,2.196409e-03,5.968514e-02
1.319204e-01,3.137613e-02,1.443198e-02,4.465030e-02,3.936387e-03,1.838437e-02,2.660622e-03,1.973157e-03,5.192321e-01,3.848170e-03,5.135671e-03,4.873364e-03,1.628133e-01,2.934731e-03,5.182938e-02
2.025892e-01,2.457368e-02,1.279406e-02,3.606985e-02,7.520543e-03,2.705065e-02,5.131114e-03,2.145765e-03,4.510294e-01,3.594073e-03,7.362079e-03,6.758711e-03,1.550499e-01,4.423654e-03,5.390729e-02
2.038789e-01,2.047087e-02,1.121241e-02,3.166755e-02,1.107165e-02,3.243782e-02,6.791113e-03,5.934455e-03,4.391510e-01,3.348482e-03,8.752551e-03,6.245452e-03,1.630546e-01,4.385079e-03,5.159804e-02
2.241048e-01,2.358501e-02,1.565968e-02,2.810381e-02,1.657406e-02,5.969564e-02,1.455173e-02,7.746817e-03,3.982491e-01,3.555685e-03,7.620485e-03,6.394759e-03,1.414388e-01,4.074314e-03,4.864535e-02
2.171781e-01,2.708157e-02,3.008367e-02,2.929180e-02,2.607001e-02,6.933790e-02,1.425375e-02,1.109101e-02,3.693652e-01,4.445064e-03,6.855556e-03,7.485539e-03,1.192805e-01,3.908260e-03,6.427209e-02
1.886267e-01,3.219735e-02,5.115220e-02,4.307435e-02,2.011637e-02,5.466576e-02,1.081902e-02,8.865769e-03,3.739245e-01,8.865369e-03,6.811630e-03,7.914577e-03,8.861244e-02,3.306620e-03,1.010475e-01
1.752865e-01,3.362533e-02,4.069285e-02,3.743428e-02,2.398451e-02,5.957744e-02,8.684259e-03,1.010768e-02,3.270153e-01,7.570198e-03,7.326699e-03,9.112461e-03,1.477314e-01,5.231104e-03,1.066201e-01
1.447953e-01,4.379494e-02,5.279375e-02,4.652531e-02,2.491754e-02,5.666764e-02,8.213697e-03,1.158250e-02,3.045470e-01,1.311529e-02,8.399421e-03,1.253130e-02,1.514972e-01,1.142232e-02,1.091969e-01
1.232424e-01,3.976203e-02,8.338602e-02,6.262156e-02,2.744431e-02,5.324242e-02,6.798706e-03,1.081938e-02,2.837675e-01,2.018841e-02,1.173032e-02,1.226529e-02,1.509743e-01,1.098168e-02,1.027758e-01
1.227292e-01,4.484506e-02,6.872503e-02,5.138757e-02,2.880865e-02,4.686706e-02,5.838376e-03,9.251244e-03,2.820182e-01,2.372586e-02,1.344694e-02,1.133873e-02,1.554660e-01,1.150777e-02,1.240444e-01
9.978675e-02,3.719236e-02,5.801441e-02,2.073401e-01,2.197727e-02,3.558674e-02,4.364636e-03,7.201940e-03,2.705387e-01,2.085353e-02,1.289292e-02,9.106858e-03,1.118066e-01,8.292345e-03,9.504487e-02
1.396096e-01,3.160288e-02,4.220546e-02,1.491824e-01,2.127915e-02,1.307287e-01,4.585281e-03,1.881506e-02,2.263309e-01,1.575754e-02,1.120355e-02,8.127131e-03,1.166542e-01,6.541973e-03,7.737616e-02
1.478622e-01,2.460482e-02,3.749929e-02,1.570622e-01,3.387459e-02,1.204028e-01,5.409370e-03,9.153917e-02,2.041149e-01,1.147047e-02,9.200284e-03,7.222902e-03,8.944073e-02,4.811191e-03,5.548501e-02
2.073021e-01,1.977146e-02,3.259475e-02,1.442839e-01,3.401288e-02,1.164965e-01,4.728593e-03,8.998080e-02,1.815838e-01,8.523237e-03,8.239102e-03,7.063818e-03,9.770103e-02,3.996151e-03,4.372185e-02
2.380529e-01,1.653889e-02,2.362472e-02,1.106314e-01,3.846618e-02,1.796284e-01,5.464724e-03,7.460320e-02,1.606590e-01,6.036155e-03,7.021751e-03,6.716602e-03,9.432925e-02,3.137006e-03,3.508982e-02
2.187170e-01,2.197972e-02,1.718994e-02,8.588436e-02,4.075987e-02,1.907125e-01,4.341168e-03,5.512669e-02,2.224590e-01,4.331649e-03,6.307958e-03,5.890959e-03,9.419996e-02,3.050540e-03,2.904874e-02
1.927561e-01,2.129707e-02,1.240615e-02,6.324697e-02,3.650283e-02,2.214627e-01,3.398130e-03,4.238022e-02,2.647898e-01,3.079863e-03,5.191735e-03,5.458804e-03,1.028082e-01,2.438310e-03,2.278314e-02
1.673427e-01,2.066002e-02,1.131922e-02,1.116618e-01,3.082505e-02,2.303412e-01,2.805073e-03,4.362592e-02,2.396495e-01,2.838902e-03,6.949118e-03,1.207738e-02,9.442046e-02,2.153218e-03,2.333055e-02
1.447117e-01,1.605213e-02,1.486916e-01,1.084405e-01,2.603622e-02,1.961130e-01,2.328166e-03,4.357888e-02,1.840675e-01,2.181365e-03,5.936263e-03,1.208559e-02,9.097636e-02,1.657332e-03,1.714355e-02
1.247679e-01,1.701778e-02,1.146884e-01,1.553251e-01,1.943847e-02,1.681729e-01,1.737286e-03,4.380341e-02,1.445392e-01,6.631071e-03,2.796797e-02,2.000654e-02,8.501989e-02,2.665792e-03,6.821841e-02
1.569946e-01,2.370510e-02,8.285458e-02,1.457669e-01,1.514094e-02,1.256060e-01,2.363450e-03,3.245886e-02,1.254299e-01,5.903359e-03,2.663978e-02,1.648136e-02,1.876282e-01,2.025120e-03,5.100189e-02
1.415327e-01,1.726346e-02,6.049753e-02,1.150435e-01,1.127145e-02,1.270486e-01,2.769214e-03,2.417297e-02,9.005244e-02,4.336075e-03,2.028695e-02,1.607958e-02,3.305115e-01,1.547810e-03,3.758623e-02
1.082122e-01,1.287490e-02,4.248859e-02,8.197303e-02,1.080921e-02,9.129690e-02,1.993905e-03,1.706769e-02,6.365440e-02,3.048537e-03,1.439943e-02,1.285116e-02,5.113124e-01,1.099719e-03,2.691792e-02
9.291160e-02,9.430528e-03,2.984107e-02,5.759015e-02,1.005628e-02,6.458670e-02,1.440079e-03,1.207565e-02,4.474977e-02,2.148993e-03,1.064276e-02,1.245420e-02,6.321651e-01,8.477594e-04,1.905944e-02
7.673013e-02,6.756995e-03,2.091267e-02,4.052766e-02,8.431727e-03,4.587286e-02,1.032776e-03,8.667445e-03,3.149239e-02,1.523263e-03,7.972457e-03,1.310665e-02,7.228769e-01,6.528063e-04,1.344334e-02
5.600786e-02,4.800627e-03,1.465463e-02,2.842728e-02,6.831098e-03,3.325458e-02,8.963691e-04,6.189025e-03,2.219871e-02,1.120115e-03,6.039792e-03,2.014779e-02,7.894394e-01,4.966285e-04,9.496151e-03
4.016753e-02,3.394572e-03,1.027975e-02,1.995331e-02,5.302955e-03,2.419225e-02,7.603272e-04,4.454718e-03,1.568981e-02,9.178250e-04,4.575775e-03,3.350710e-02,8.296452e-01,3.898776e-04,6.768981e-03
2.897753e-02,2.527027e-03,7.450405e-03,1.413255e-02,5.349177e-03,1.982639e-02,6.011805e-04,3.659142e-03,1.148241e-02,8.410328e-04,4.598753e-03,3.771009e-02,8.568509e-01,7.475846e-04,5.245757e-03
2.112685e-02,3.349931e-03,1.084643e-02,1.009034e-02,7.719551e-03,1.941287e-02,7.030932e-04,3.048409e-03,1.130913e-02,1.207649e-03,7.558365e-03,5.393014e-02,8.444104e-01,9.120733e-04,4.374694e-03
1.580345e-02,2.920824e-03,1.194048e-02,7.639715e-03,7.517744e-03,3.347967e-02,6.599972e-04,3.652465e-03,1.085257e-02,1.389620e-03,8.555168e-03,6.489699e-02,8.260871e-01,1.063511e-03,3.540610e-03
1.168866e-02,2.229766e-03,1.060803e-02,6.225848e-03,6.479972e-03,2.755105e-02,7.537392e-04,1.955879e-02,1.426267e-02,1.686664e-03,9.005349e-03,5.644324e-02,8.297217e-01,8.430626e-04,2.941333e-03
8.372688e-03,1.624724e-03,7.975589e-03,4.590789e-03,4.827922e-03,1.757800e-01,5.674055e-04,1.384981e-02,1.461363e-02,1.788214e-03,8.893328e-03,9.472395e-02,6.595722e-01,6.532641e-04,2.166373e-03
7.053224e-03,1.430474e-03,6.402063e-03,3.595998e-03,8.918173e-03,1.287461e-01,1.365258e-03,1.384326e-02,8.670887e-02,3.221827e-03,1.103837e-02,1.119487e-01,6.133519e-01,5.211805e-04,1.854594e-03
8.820703e-03,2.207409e-03,5.206344e-03,2.767829e-03,1.210712e-02,9.114949e-02,2.350952e-03,1.504364e-02,1.724399e-01,1.008529e-02,1.616211e-02,1.692438e-01,4.900034e-01,4.261386e-04,1.985880e-03
9.695588e-03,2.286948e-03,4.438261e-03,2.597364e-03,1.867002e-02,6.703213e-02,3.362202e-03,2.151985e-02,1.921928e-01,1.539091e-02,2.038087e-02,2.547417e-01,3.853653e-01,4.349379e-04,1.891130e-03
7.271017e-03,2.138137e-03,3.324596e-03,1.970429e-03,1.395386e-02,4.847237e-02,2.539645e-03,1.598302e-02,1.605617e-01,2.204643e-02,1.984938e-02,4.158240e-01,2.842898e-01,3.355548e-04,1.440079e-03
6.477608e-03,3.885409e-03,2.619907e-03,1.513166e-03,1.168517e-02,3.439534e-02,2.192003e-03,1.248700e-02,1.869312e-01,2.532051e-02,1.932301e-02,4.813949e-01,2.103012e-01,2.883159e-04,1.185233e-03
5.595393e-03,8.284659e-03,4.166459e-03,1.955496e-03,1.379050e-02,2.528831e-02,2.562243e-03,1.132193e-02,3.127201e-01,2.439068e-02,1.657109e-02,4.184744e-01,1.535210e-01,2.582883e-04,1.099397e-03
5.514810e-03,1.046960e-02,4.027762e-03,1.558664e-03,1.550861e-02,1.835302e-02,4.031690e-03,1.103762e-02,4.814335e-01,2.063657e-02,1.300080e-02,3.049546e-01,1.083542e-01,2.067254e-04,9.118350e-04
7.533804e-03,1.086046e-02,4.286644e-03,1.537796e-03,1.750477e-02,1.352713e-02,4.833468e-03,1.393366e-02,5.961823e-01,1.774327e-02,1.099458e-02,2.234059e-01,7.670490e-02,1.735475e-04,7.776373e-04
1.227456e-02,1.131537e-02,7.043942e-03,4.103166e-03,2.034603e-02,1.057623e-02,4.720011e-03,2.976476e-02,6.509373e-01,1.375058e-02,1.016391e-02,1.689569e-01,5.506774e-02,1.923953e-04,7.870675e-04
1.859457e-02,1.258824e-02,5.903443e-03,4.617896e-03,3.552901e-02,1.263758e-02,6.135340e-03,2.784437e-02,6.875862e-01,1.158522e-02,9.156723e-03,1.273441e-01,3.925541e-02,2.936534e-04,9.281134e-04
1.958539e-02,1.129677e-02,4.819451e-03,5.058032e-03,4.864922e-02,1.196041e-02,5.878099e-03,4.085056e-02,7.128565e-01,1.031886e-02,7.782036e-03,9.097441e-02,2.865881e-02,4.502124e-04,8.611591e-04
2.576382e-02,9.246336e-03,4.096188e-03,6.242931e-03,7.010468e-02,1.169752e-02,5.818809e-03,6.012725e-02,7.012925e-01,8.506927e-03,7.176703e-03,6.630960e-02,2.140102e-02,6.937509e-04,1.521902e-03
4.608499e-02,7.822364e-03,7.420899e-03,1.630929e-02,9.155269e-02,1.306434e-02,6.627675e-03,7.131828e-02,6.588323e-01,7.882499e-03,6.123428e-03,4.872911e-02,1.546919e-02,9.560717e-04,1.806882e-03
5.908708e-02,6.403882e-03,3.133649e-02,1.087591e-01,1.132949e-01,1.264660e-02,6.022816e-03,9.575786e-02,5.071099e-01,6.189352e-03,5.108650e-03,3.472891e-02,1.101976e-02,7.377905e-04,1.796876e-03
1.437273e-01,7.003690e-03,2.478714e-02,8.430116e-02,9.158642e-02,1.056580e-02,4.618607e-03,1.005593e-01,4.848961e-01,5.464427e-03,5.013857e-03,2.548998e-02,8.173175e-03,6.376756e-04,3.175325e-03
2.450813e-01,1.376326e-02,2.073376e-02,7.625700e-02,8.890289e-02,1.135997e-02,4.175837e-03,7.870878e-02,4.183159e-01,4.559522e-03,5.777492e-03,1.991208e-02,6.619779e-03,9.228915e-04,4.909548e-03
3.404520e-01,1.474905e-02,2.582252e-02,8.808399e-02,8.386603e-02,1.099344e-02,4.784998e-03,7.539981e-02,3.155414e-01,4.011710e-03,5.814310e-03,1.789166e-02,5.587616e-03,1.449088e-03,5.552436e-03
3.448085e-01,1.397420e-02,5.398637e-02,1.277413e-01,7.841792e-02,1.102256e-02,4.879931e-03,8.601202e-02,2.459218e-01,3.383556e-03,4.733107e-03,1.467303e-02,4.400952e-03,1.463671e-03,4.581031e-03
3.480529e-01,1.277736e-02,8.762246e-02,1.673517e-01,6.831262e-02,1.428795e-02,4.309792e-03,8.773181e-02,1.826665e-01,2.704115e-03,4.203501e-03,1.087482e-02,3.448638e-03,1.455662e-03,4.200144e-03
3.621308e-01,2.835367e-02,7.590482e-02,1.361306e-01,6.599100e-02,3.847194e-02,3.819306e-03,7.134810e-02,1.802536e-01,2.991054e-03,4.235324e-03,9.326049e-03,3.730468e-03,2.705360e-03,1.460801e-02
3.806084e-01,2.767586e-02,8.062435e-02,1.659878e-01,6.217369e-02,4.431135e-02,3.797750e-03,5.910307e-02,1.369129e-01,2.884839e-03,5.154426e-03,9.746921e-03,4.135998e-03,2.806814e-03,1.407595e-02
3.504204e-01,2.105251e-02,1.181951e-01,2.163738e-01,5.419405e-02,3.249123e-02,3.014810e-03,7.284275e-02,9.987948e-02,2.642487e-03,4.466747e-03,7.821870e-03,3.977693e-03,2.140031e-03,1.048704e-02
3.756315e-01,1.754707e-02,1.337715e-01,2.264072e-01,5.007123e-02,2.400660e-02,2.607851e-03,6.329750e-02,7.482217e-02,5.008150e-03,4.345131e-03,6.545429e-03,4.592425e-03,2.035850e-03,9.310460e-03
4.618713e-01,1.556094e-02,1.061164e-01,1.863274e-01,6.727192e-02,2.095245e-02,2.159356e-03,4.990740e-02,6.234924e-02,3.863279e-03,3.714181e-03,5.244751e-03,4.100597e-03,1.919925e-03,8.640937e-03
1.000000e+00,0.000000e+00,0.000000e+00,0.000000e+00,0.000000e+00,0.000000e+00,0.000000e+00,0.000000e+00,0.000000e+00,0.000000e+00,0.000000e+00,0.000000e+00,0.000000e+00,0.000000e+00,0.000000e+00
1.000000e+00,0.000000e+00,0.000000e+00,0.000000e+00,0.000000e+00,0.000000e+00,0.000000e+00,0.000000e+00,0.000000e+00,0.000000e+00,0.000000e+00,0.000000e+00,0.000000e+00,0.000000e+00,0.000000e+00
4.846699e-01,6.056403e-02,5.797004e-02,1.454292e-01,4.418667e-02,2.610240e-02,2.706970e-03,2.694058e-02,3.353655e-02,6.647620e-03,5.197329e-02,1.387494e-02,7.553649e-03,1.611733e-02,2.172685e-02
3.452631e-01,5.912044e-02,4.219642e-02,1.088331e-01,3.158337e-02,1.928500e-02,1.955008e-03,1.918383e-02,3.324031e-02,6.707510e-03,2.719603e-01,1.931908e-02,6.342144e-03,1.427514e-02,2.073536e-02
2.618240e-01,4.443683e-02,3.193243e-02,7.927851e-02,2.294616e-02,1.898610e-02,1.562103e-03,1.456358e-02,2.450036e-02,6.159055e-03,4.140857e-01,3.876386e-02,5.275211e-03,1.636548e-02,1.932074e-02
2.271293e-01,3.954944e-02,2.773741e-02,6.317223e-02,3.525353e-02,3.465911e-02,1.944886e-03,1.146636e-02,1.902730e-02,1.846430e-02,3.675441e-01,9.224655e-02,4.500438e-03,2.324422e-02,3.406088e-02
1.771332e-01,2.904636e-02,2.111152e-02,4.607107e-02,3.299632e-02,2.712738e-02,1.775987e-03,8.332052e-03,1.500812e-02,4.480407e-02,3.320787e-01,1.899596e-01,4.140112e-03,4.381347e-02,2.660217e-02
1.430299e-01,2.085508e-02,1.498765e-02,3.329185e-02,2.503041e-02,2.502369e-02,1.627221e-03,6.354447e-03,1.165167e-02,4.679284e-02,3.492015e-01,2.574423e-01,4.260539e-03,4.063655e-02,1.981441e-02
1.155022e-01,1.504663e-02,1.061279e-02,2.386004e-02,1.832002e-02,2.222227e-02,1.388386e-03,4.623606e-03,8.698034e-03,4.695936e-02,3.636345e-01,3.134284e-01,4.083935e-03,3.678519e-02,1.483474e-02
1.023853e-01,1.100085e-02,7.740165e-03,1.770293e-02,1.411220e-02,2.115470e-02,1.346943e-03,3.698634e-03,7.325243e-03,4.287674e-02,3.481670e-01,3.734198e-01,3.394951e-03,3.401092e-02,1.166364e-02
8.999765e-02,8.528570e-03,5.673965e-03,1.494758e-02,1.267037e-02,2.300711e-02,1.087109e-03,2.762856e-03,5.919764e-03,3.302554e-02,3.330966e-01,4.220440e-01,3.080792e-03,3.296822e-02,1.118984e-02
6.630220e-02,6.114162e-03,4.024671e-03,1.088140e-02,1.240725e-02,1.795458e-02,8.323690e-04,2.007239e-03,4.418072e-03,2.448849e-02,3.972644e-01,3.998957e-01,2.886325e-03,4.223154e-02,8.291614e-03
4.726949e-02,4.519780e-03,2.844854e-03,7.681901e-03,1.360532e-02,1.356161e-02,6.720002e-04,1.464496e-03,3.361134e-03,1.795600e-02,4.732913e-01,3.673881e-01,2.827158e-03,3.730153e-02,6.255322e-03
3.391730e-02,3.657705e-03,2.038361e-03,5.459928e-03,1.280526e-02,1.108899e-02,5.305702e-04,1.075014e-03,2.967949e-03,1.441634e-02,5.084561e-01,3.602033e-01,2.945246e-03,3.490919e-02,5.528827e-03
2.679601e-02,4.907183e-03,1.710668e-03,3.985136e-03,1.809254e-02,1.035088e-02,1.700588e-03,1.293971e-03,2.583043e-03,1.076721e-02,5.380926e-01,3.434957e-01,3.264062e-03,2.831558e-02,4.644873e-03
2.627285e-02,5.016230e-03,2.137217e-03,3.239821e-03,2.706150e-02,1.382594e-02,2.382295e-03,2.868391e-03,2.710050e-03,8.034805e-03,4.668642e-01,4.079180e-01,3.053077e-03,2.460734e-02,4.008343e-03
2.350287e-02,8.916222e-03,3.751349e-03,2.654539e-03,3.077200e-02,1.189637e-02,2.098745e-03,4.552386e-03,5.425615e-03,6.347969e-03,3.779410e-01,4.940456e-01,2.435294e-03,2.189563e-02,3.764526e-03
1.793723e-02,1.673048e-02,5.045872e-03,2.082764e-03,4.967143e-02,1.006117e-02,1.698916e-03,4.891040e-03,9.593416e-03,6.325864e-03,3.037075e-01,5.488905e-01,1.864849e-03,1.737945e-02,4.119431e-03
3.715611e-02,2.257288e-02,1.063124e-02,3.433422e-03,6.257822e-02,1.183140e-02,1.452886e-03,1.174705e-02,9.595572e-03,5.797968e-03,2.542035e-01,5.480580e-01,1.879150e-03,1.554147e-02,3.521091e-03
3.408659e-02,2.115412e-02,4.116517e-02,8.064169e-03,1.116449e-01,1.246260e-02,2.233140e-03,8.109624e-02,1.153565e-02,4.664402e-03,1.878897e-01,4.679218e-01,1.606768e-03,1.173029e-02,2.744532e-03
3.448138e-02,1.869901e-02,6.504237e-02,1.521697e-02,1.116755e-01,1.493880e-02,2.943170e-03,1.004852e-01,1.174540e-02,3.734567e-03,1.404471e-01,4.682921e-01,1.360421e-03,8.865859e-03,2.072179e-03
2.988028e-02,1.737007e-02,9.012839e-02,2.580873e-02,1.264143e-01,2.053814e-02,4.546647e-03,1.469633e-01,1.128706e-02,2.889406e-03,1.057498e-01,4.088699e-01,1.369526e-03,6.626663e-03,1.557801e-03
2.686194e-02,3.723205e-02,7.248068e-02,2.314834e-02,2.282478e-01,3.618721e-02,9.108222e-03,1.387440e-01,9.288155e-03,2.776347e-03,8.497546e-02,3.236159e-01,1.098623e-03,5.086549e-03,1.148776e-03
4.663169e-02,4.358648e-02,6.168005e-02,2.150945e-02,2.459150e-01,3.959816e-02,7.568159e-03,1.642065e-01,9.828068e-03,2.825330e-03,7.934722e-02,2.695686e-01,1.295649e-03,4.921434e-03,1.518223e-03
5.921508e-02,4.842892e-02,6.067646e-02,2.394865e-02,2.668905e-01,4.975947e-02,6.676842e-03,1.584836e-01,1.818400e-02,3.750034e-03,7.265747e-02,2.211051e-01,2.105554e-03,4.950610e-03,3.167739e-03
7.297887e-02,3.832734e-02,5.660100e-02,3.350112e-02,2.865189e-01,5.241432e-02,5.511668e-03,1.255509e-01,4.063658e-02,4.217357e-03,9.392476e-02,1.782470e-01,2.238250e-03,6.125581e-03,3.206317e-03
1.667367e-01,3.387405e-02,5.747673e-02,3.997638e-02,2.332028e-01,4.043597e-02,5.265859e-03,1.256587e-01,3.885685e-02,3.975255e-03,8.128663e-02,1.602702e-01,3.229009e-03,6.486911e-03,3.268042e-03
2.843410e-01,2.750922e-02,4.887305e-02,4.463374e-02,1.833262e-01,3.124411e-02,4.905050e-03,1.003881e-01,5.109805e-02,4.854206e-03,6.986223e-02,1.319820e-01,3.437548e-03,7.358512e-03,6.186992e-03
3.375717e-01,2.464654e-02,4.411098e-02,4.846662e-02,1.559073e-01,2.689183e-02,4.601280e-03,7.540013e-02,6.372547e-02,4.985982e-03,7.731179e-02,1.089981e-01,4.067660e-03,1.206591e-02,1.124861e-02
3.594984e-01,2.224392e-02,3.590910e-02,5.256448e-02,1.355654e-01,2.236293e-02,4.288319e-03,7.229263e-02,8.402136e-02,4.667232e-03,8.127723e-02,9.096260e-02,5.008534e-03,1.864397e-02,1.069393e-02
3.759621e-01,1.774823e-02,2.860471e-02,5.059251e-02,1.061387e-01,1.825197e-02,4.235198e-03,1.372052e-01,8.078058e-02,3.870984e-03,6.894353e-02,7.596304e-02,5.051297e-03,1.747034e-02,9.181602e-03
2.778754e-01,1.284409e-02,2.206107e-02,4.089869e-02,8.161741e-02,1.328175e-02,3.827488e-03,3.578009e-01,5.947328e-02,2.933465e-03,4.975041e-02,5.403426e-02,4.114033e-03,1.276493e-02,6.722930e-03
2.121351e-01,9.390040e-03,1.652816e-02,3.323152e-02,6.252539e-02,9.625949e-03,3.163378e-03,5.175738e-01,4.284877e-02,2.176815e-03,3.539279e-02,3.824661e-02,3.068144e-03,9.172924e-03,4.920606e-03
2.796440e-01,9.245802e-03,1.437088e-02,2.974268e-02,5.308138e-02,8.969738e-03,3.172129e-03,4.856494e-01,3.277428e-02,2.021992e-03,2.980029e-02,3.128047e-02,5.379392e-03,8.126078e-03,6.741477e-03
2.706765e-01,1.552668e-02,1.311567e-02,3.784570e-02,4.319187e-02,9.899138e-03,3.584861e-03,4.393914e-01,4.746902e-02,3.732481e-03,3.482699e-02,3.703329e-02,2.400636e-02,8.574218e-03,1.112586e-02
2.782327e-01,1.308450e-02,1.008174e-02,4.140654e-02,3.618328e-02,1.597746e-02,5.406270e-03,4.066298e-01,4.713857e-02,3.124995e-03,3.674544e-02,2.853819e-02,6.081331e-02,7.158238e-03,9.479012e-03
3.309532e-01,1.142215e-02,9.850696e-03,3.874476e-02,3.242921e-02,2.090012e-02,6.097883e-03,3.400744e-01,3.977655e-02,5.240367e-03,4.106428e-02,2.519626e-02,7.903273e-02,9.220186e-03,9.997151e-03
3.393546e-01,1.015456e-02,8.515855e-03,3.535900e-02,4.958447e-02,2.273178e-02,5.615344e-03,2.809312e-01,3.313018e-02,4.854942e-03,4.516268e-02,2.100853e-02,1.198034e-01,7.925207e-03,1.586821e-02
2.984863e-01,8.894200e-03,8.385819e-03,2.960373e-02,8.077651e-02,2.559152e-02,5.020202e-03,2.252226e-01,2.744744e-02,4.958348e-03,5.212866e-02,2.515781e-02,1.807026e-01,7.875759e-03,1.974846e-02
3.596190e-01,9.839080e-03,1.957900e-02,6.596693e-02,7.399000e-02,1.939318e-02,3.819722e-03,1.637201e-01,3.268376e-02,4.022226e-03,5.639528e-02,2.306207e-02,1.441520e-01,6.561904e-03,1.719575e-02
3.394461e-01,9.451712e-03,2.154974e-02,5.750534e-02,1.016729e-01,1.490296e-02,3.369332e-03,1.254291e-01,3.012525e-02,3.519252e-03,9.240693e-02,2.258668e-02,1.517308e-01,6.366895e-03,1.993701e-02
2.668853e-01,1.177970e-02,6.813739e-02,4.505134e-02,9.776668e-02,1.156939e-02,2.892116e-03,1.184022e-01,4.228885e-02,3.230223e-03,1.166050e-01,2.760140e-02,1.507711e-01,9.188917e-03,2.783051e-02
2.099706e-01,1.665786e-02,6.248188e-02,4.408619e-02,8.137718e-02,1.019253e-02,2.269331e-03,9.567022e-02,1.738580e-01,5.085593e-03,1.001638e-01,2.164318e-02,1.218167e-01,9.506686e-03,4.522034e-02
1.547207e-01,1.799984e-02,1.133668e-01,5.236880e-02,6.286184e-02,8.436888e-03,1.688400e-03,6.878042e-02,2.794943e-01,5.252132e-03,8.046088e-02,1.579685e-02,8.884073e-02,8.829623e-03,4.110183e-02
1.218638e-01,1.946036e-02,1.588963e-01,6.047291e-02,4.644044e-02,7.379379e-03,1.306613e-03,5.281497e-02,3.221965e-01,6.346060e-03,6.708216e-02,1.166312e-02,6.470096e-02,1.059318e-02,4.878321e-02
1.007283e-01,2.313158e-02,1.475749e-01,6.112429e-02,3.470359e-02,6.737991e-03,1.261684e-03,3.817899e-02,3.325036e-01,7.968673e-03,7.339449e-02,8.845591e-03,5.065615e-02,1.777296e-02,9.541716e-02
1.229188e-01,2.011489e-02,1.188731e-01,4.669013e-02,2.971082e-02,6.288857e-03,1.657899e-03,3.469919e-02,2.689463e-01,6.952443e-03,7.618948e-02,7.255238e-03,4.507957e-02,3.686197e-02,1.777613e-01
2.039801e-01,2.046629e-02,9.114762e-02,3.699228e-02,2.481639e-02,7.186892e-03,1.669069e-03,2.573525e-02,2.452535e-01,6.474344e-03,5.997870e-02,6.867076e-03,3.727330e-02,3.824400e-02,1.939152e-01
3.748011e-01,1.789939e-02,6.492244e-02,2.900385e-02,2.084983e-02,9.597998e-03,1.781084e-03,1.895238e-02,1.796246e-01,5.035785e-03,4.470022e-02,6.034104e-03,2.972832e-02,3.987019e-02,1.571987e-01
4.214896e-01,2.624549e-02,5.715236e-02,3.256266e-02,1.906040e-02,1.093370e-02,2.135103e-03,1.450083e-02,1.892791e-01,4.915822e-03,3.337662e-02,6.626419e-03,2.281433e-02,3.262935e-02,1.262782e-01
4.854234e-01,2.396653e-02,4.305378e-02,2.604703e-02,1.612006e-02,1.669577e-02,2.093690e-03,1.097863e-02,1.589348e-01,4.209605e-03,2.595288e-02,7.536257e-03,2.330785e-02,4.539505e-02,1.102846e-01
4.256299e-01,2.655158e-02,6.015282e-02,2.488258e-02,1.473683e-02,1.409740e-02,1.929247e-03,8.799135e-03,2.301205e-01,5.166235e-03,2.071188e-02,7.781473e-03,1.990838e-02,3.833865e-02,1.011933e-01
4.212435e-01,2.625000e-02,8.783880e-02,2.169300e-02,1.752939e-02,1.358142e-02,2.212900e-03,9.666484e-03,2.279046e-01,6.508701e-03,1.861228e-02,8.485986e-03,1.612408e-02,3.407026e-02,8.827858e-02
4.853110e-01,2.897136e-02,8.286532e-02,1.891100e-02,1.629918e-02,1.515418e-02,2.718920e-03,8.348692e-03,1.845101e-01,5.978695e-03,1.623050e-02,7.363849e-03,1.330704e-02,3.471634e-02,7.931390e-02
4.713990e-01,2.865196e-02,8.131257e-02,2.084734e-02,1.913929e-02,1.576938e-02,2.650991e-03,8.495042e-03,1.907370e-01,1.171796e-02,1.422075e-02,7.202168e-03,1.041171e-02,3.593592e-02,8.150892e-02
4.512217e-01,3.099095e-02,6.931580e-02,2.103667e-02,2.176774e-02,1.382096e-02,2.603374e-03,1.065548e-02,1.861003e-01,1.473642e-02,1.256448e-02,6.800008e-03,8.977363e-03,3.637841e-02,1.130304e-01
1.000000e+00,0.000000e+00,0.000000e+00,0.000000e+00,0.000000e+00,0.000000e+00,0.000000e+00,0.000000e+00,0.000000e+00,0.000000e+00,0.000000e+00,0.000000e+00,0.000000e+00,0.000000e+00,0.000000e+00
1.000000e+00,0.000000e+00,0.000000e+00,0.000000e+00,0.000000e+00,0.000000e+00,0.000000e+00,0.000000e+00,0.000000e+00,0.000000e+00,0.000000e+00,0.000000e+00,0.000000e+00,0.000000e+00,0.000000e+00
1.000000e+00,0.000000e+00,0.000000e+00,0.000000e+00,0.000000e+00,0.000000e+00,0.000000e+00,0.000000e+00,0.000000e+00,0.000000e+00,0.000000e+00,0.000000e+00,0.000000e+00,0.000000e+00,0.000000e+00
1.000000e+00,0.000000e+00,0.000000e+00,0.000000e+00,0.000000e+00,0.000000e+00,0.000000e+00,0.000000e+00,0.000000e+00,0.000000e+00,0.000000e+00,0.000000e+00,0.000000e+00,0.000000e+00,0.000000e+00
1.000000e+00,0.000000e+00,0.000000e+00,0.000000e+00,0.000000e+00,0.000000e+00,0.000000e+00,0.000000e+00,0.000000e+00,0.000000e+00,0.000000e+00,0.000000e+00,0.000000e+00,0.000000e+00,0.000000e+00
1.000000e+00,0.000000e+00,0.000000e+00,0.000000e+00,0.000000e+00,0.000000e+00,0.000000e+00,0.000000e+00,0.000000e+00,0.000000e+00,0.000000e+00,0.000000e+00,0.000000e+00,0.000000e+00,0.000000e+00
1.000000e+00,0.000000e+00,0.000000e+00,0.000000e+00,0.000000e+00,0.000000e+00,0.000000e+00,0.000000e+00,0.000000e+00,0.000000e+00,0.000000e+00,0.000000e+00,0.000000e+00,0.000000e+00,0.000000e+00
1.000000e+00,0.000000e+00,0.000000e+00,0.000000e+00,0.000000e+00,0.000000e+00,0.000000e+00,0.000000e+00,0.000000e+00,0.000000e+00,0.000000e+00,0.000000e+00,0.000000e+00,0.000000e+00,0.000000e+00
1.000000e+00,0.000000e+00,0.000000e+00,0.000000e+00,0.000000e+00,0.000000e+00,0.000000e+00,0.000000e+00,0.000000e+00,0.000000e+00,0.000000e+00,0.000000e+00,0.000000e+00,0.000000e+00,0.000000e+00
1.000000e+00,0.000000e+00,0.000000e+00,0.000000e+00,0.000000e+00,0.000000e+00,0.000000e+00,0.000000e+00,0.000000e+00,0.000000e+00,0.000000e+00,0.000000e+00,0.000000e+00,0.000000e+00,0.000000e+00
1.000000e+00,0.000000e+00,0.000000e+00,0.000000e+00,0.000000e+00,0.000000e+00,0.000000e+00,0.000000e+00,0.000000e+00,0.000000e+00,0.000000e+00,0.000000e+00,0.000000e+00,0.000000e+00,0.000000e+00
3.965419e-01,7.195681e-03,3.735710e-02,1.124420e-02,7.339362e-03,7.846379e-02,3.873368e-03,1.206321e-02,2.531848e-02,1.719713e-03,2.259957e-03,5.511909e-03,3.989069e-01,2.282135e-03,9.922252e-03
3.498766e-01,5.751384e-03,2.757171e-02,8.568618e-03,7.904053e-03,6.788244e-02,3.628372e-03,1.152529e-02,1.910270e-02,1.255553e-03,1.873500e-03,7.246878e-03,4.788963e-01,1.672282e-03,7.244320e-03
2.790962e-01,5.112007e-03,1.948313e-02,6.320916e-03,8.173816e-03,5.695616e-02,3.106867e-03,9.503056e-03,1.473561e-02,9.469793e-04,1.762629e-03,9.145739e-03,5.787927e-01,1.351905e-03,5.512224e-03
2.524534e-01,7.239311e-03,1.382079e-02,5.412142e-03,8.250411e-03,5.027095e-02,2.616407e-03,7.799957e-03,1.284248e-02,7.843038e-04,1.481945e-03,1.015996e-02,6.214194e-01,1.081439e-03,4.367151e-03
2.007416e-01,6.704239e-03,1.002723e-02,4.104566e-03,6.832376e-03,3.685615e-02,2.118372e-03,6.883423e-03,1.382165e-02,6.375058e-04,1.217986e-03,8.385107e-03,6.968397e-01,8.509817e-04,3.979060e-03
2.411526e-01,9.210265e-03,7.463819e-03,5.581798e-03,5.851632e-03,3.863650e-02,2.003786e-03,6.836068e-03,1.427108e-02,5.512834e-04,1.668215e-03,8.471299e-03,6.532284e-01,7.767081e-04,4.296593e-03
2.995126e-01,8.705692e-03,5.484126e-03,6.612195e-03,5.326332e-03,6.925887e-02,2.015540e-03,5.637050e-03,1.197373e-02,4.332587e-04,1.877284e-03,8.019633e-03,5.700692e-01,6.127678e-04,4.461832e-03
2.274996e-01,7.320958e-03,3.893783e-03,4.827405e-03,4.495181e-03,5.194055e-02,1.529648e-03,4.234578e-03,9.488000e-03,3.173206e-04,1.452523e-03,6.511918e-03,6.722847e-01,4.532954e-04,3.750577e-03
1.789899e-01,7.165098e-03,2.799907e-03,3.796061e-03,3.685264e-03,4.904345e-02,1.202705e-03,3.181799e-03,7.667332e-03,2.347186e-04,1.157016e-03,4.928076e-03,7.320398e-01,3.336469e-04,3.775344e-03
1.302685e-01,5.471287e-03,1.998494e-03,2.833662e-03,2.996510e-03,3.812747e-02,9.109020e-04,2.381694e-03,6.324416e-03,1.694316e-04,9.611711e-04,4.082341e-03,7.996703e-01,2.443435e-04,3.559440e-03
9.735192e-02,5.249070e-03,1.511521e-03,2.212055e-03,2.436740e-03,2.905877e-02,6.958815e-04,1.753896e-03,8.069793e-03,1.302724e-04,1.028134e-03,3.579443e-03,8.430972e-01,2.254044e-04,3.599939e-03
7.212035e-02,4.135102e-03,1.137080e-03,1.670877e-03,2.220547e-03,4.250000e-02,7.440138e-04,1.374323e-03,6.363162e-03,1.006157e-04,9.565409e-04,3.239959e-03,8.598865e-01,1.700203e-04,3.380928e-03
5.298963e-02,4.710109e-03,2.452907e-03,1.439578e-03,2.940619e-03,6.326839e-02,8.821602e-04,1.065030e-03,6.737277e-03,1.131962e-04,9.984619e-04,3.108293e-03,8.561531e-01,1.516378e-04,2.989630e-03
4.169670e-02,3.491836e-03,2.219878e-03,1.072395e-03,3.361666e-03,1.358295e-01,1.894757e-03,1.648309e-03,4.911412e-03,9.354160e-05,9.626014e-04,2.759713e-03,7.968991e-01,1.432649e-04,3.015325e-03
3.381980e-02,2.479940e-03,1.608838e-03,7.951462e-04,3.583633e-03,1.301961e-01,1.469817e-03,1.245179e-03,3.501187e-03,6.818307e-05,9.105005e-04,2.642652e-03,8.152794e-01,1.180867e-04,2.281544e-03
3.141658e-02,2.143931e-03,1.765112e-03,7.371390e-04,3.403862e-03,2.579152e-01,1.207750e-03,1.012459e-03,2.682331e-03,8.358934e-05,1.309867e-03,3.516225e-03,6.905530e-01,2.100897e-04,2.042794e-03
2.658520e-02,1.812896e-03,1.666984e-03,7.127148e-04,4.739905e-03,2.910604e-01,1.029111e-03,1.058104e-03,2.157407e-03,8.274838e-05,1.334929e-03,3.959355e-03,6.615603e-01,1.905871e-04,2.049395e-03
2.521837e-02,1.445682e-03,1.756527e-03,6.226458e-04,7.732342e-03,2.168998e-01,1.368360e-03,1.462554e-03,2.089272e-03,8.103094e-05,1.159049e-03,3.854642e-03,7.344150e-01,1.927120e-04,1.701997e-03
2.416786e-02,1.272460e-03,1.453092e-03,4.934581e-04,1.281441e-02,1.672257e-01,1.385102e-03,1.364489e-03,1.705769e-03,6.687748e-05,9.168920e-04,4.397430e-03,7.811606e-01,1.504397e-04,1.425422e-03
2.686434e-02,1.850683e-03,5.817824e-03,1.549252e-03,5.229723e-02,1.340670e-01,8.432983e-03,2.613172e-03,3.833751e-03,7.591714e-05,8.333074e-04,3.815619e-03,7.563284e-01,1.974017e-04,1.423182e-03
3.841034e-02,1.028129e-02,1.549965e-02,2.202900e-03,1.327899e-01,1.059266e-01,1.064342e-02,3.431599e-03,2.018759e-02,3.205133e-04,1.038139e-03,3.161393e-03,6.535169e-01,2.985792e-04,2.291257e-03
5.744099e-02,2.061808e-02,1.397446e-02,2.144822e-03,1.393006e-01,9.359042e-02,1.161351e-02,4.485130e-03,3.040111e-02,3.391884e-04,1.156194e-03,2.559245e-03,6.194768e-01,3.744954e-04,2.524944e-03
6.186185e-02,1.620995e-02,1.033035e-02,1.660987e-03,1.013093e-01,7.637014e-02,8.611580e-03,3.326332e-03,2.436089e-02,2.792907e-04,9.193468e-04,2.002684e-03,6.903867e-01,3.463221e-04,2.024315e-03
5.788542e-02,1.441509e-02,7.667735e-03,1.417197e-03,7.411516e-02,6.511250e-02,6.434829e-03,2.586263e-03,2.064993e-02,3.096651e-04,8.250398e-04,1.569893e-03,7.443862e-01,3.145467e-04,2.310452e-03
5.777898e-02,9.117811e-02,3.864240e-02,8.283202e-02,7.042028e-02,4.934697e-02,5.703236e-03,5.723041e-03,2.437291e-02,7.508338e-04,1.490499e-03,2.257037e-03,5.411725e-01,3.230212e-04,2.800805e-02
1.137905e-01,8.276501e-02,4.691533e-02,7.033358e-02,5.480656e-02,4.134101e-02,5.818122e-03,6.901604e-03,2.826505e-02,2.342898e-03,2.783036e-03,3.837824e-03,4.763970e-01,6.588124e-04,6.304357e-02
1.894176e-01,6.198461e-02,3.540124e-02,5.307953e-02,4.338376e-02,3.767185e-02,5.491096e-03,6.506591e-03,2.340032e-02,1.754674e-03,2.428625e-03,3.885908e-03,4.858304e-01,8.820554e-04,4.888168e-02
2.638031e-01,4.558756e-02,2.624282e-02,3.914075e-02,3.147247e-02,4.319813e-02,4.147981e-03,5.258325e-03,2.030097e-02,1.341761e-03,2.466202e-03,4.058778e-03,4.736139e-01,1.212293e-03,3.815498e-02
3.116887e-01,4.029245e-02,2.676419e-02,4.044386e-02,2.665726e-02,4.114892e-02,4.059190e-03,6.772744e-03,1.889609e-02,1.460459e-03,5.319085e-03,9.343579e-03,4.278069e-01,2.837626e-03,3.650887e-02
2.859765e-01,3.625947e-02,1.459838e-01,7.796983e-02,2.145213e-02,3.641136e-02,3.400367e-03,1.055777e-02,1.720780e-02,1.506123e-03,4.799848e-03,9.993937e-03,3.115515e-01,2.476955e-03,3.445258e-02
3.611517e-01,2.804135e-02,1.688788e-01,8.248277e-02,1.714346e-02,2.962922e-02,3.036085e-03,1.086556e-02,1.511868e-02,1.520950e-03,5.005650e-03,1.141321e-02,2.370691e-01,1.949501e-03,2.669398e-02
4.531025e-01,2.160927e-02,1.232273e-01,1.011556e-01,1.425644e-02,2.637899e-02,2.434239e-03,9.200845e-03,1.506059e-02,1.429630e-03,7.953480e-03,1.702212e-02,1.822073e-01,2.019383e-03,2.294237e-02
3.963987e-01,1.812335e-02,9.073071e-02,2.461190e-01,1.124512e-02,1.998348e-02,1.895664e-03,7.108288e-03,1.790358e-02,2.937892e-03,1.131584e-02,1.920519e-02,1.364945e-01,1.701323e-03,1.883742e-02
2.805740e-01,1.313388e-02,6.397719e-02,3.541920e-01,8.468055e-03,1.508010e-02,1.361110e-03,5.241289e-03,1.667242e-02,3.091237e-03,3.833799e-02,1.888864e-02,1.657592e-01,1.233691e-03,1.398918e-02
1.971153e-01,9.852054e-03,4.569381e-02,4.303097e-01,6.292094e-03,1.121562e-02,9.795966e-04,4.074638e-03,1.896791e-02,2.431775e-03,5.248163e-02,1.526465e-02,1.939479e-01,8.911152e-04,1.048220e-02
1.587078e-01,7.694238e-03,3.308884e-02,3.820930e-01,4.790011e-03,9.785820e-03,7.786329e-04,3.469154e-03,3.251342e-02,3.217558e-03,5.249927e-02,1.537119e-02,2.853848e-01,9.333522e-04,9.672881e-03
1.148010e-01,5.541799e-03,2.337167e-02,2.928217e-01,6.265237e-03,8.612495e-03,7.374493e-04,3.029407e-03,2.820039e-02,3.169470e-03,1.032902e-01,1.462895e-02,3.875896e-01,7.133988e-04,7.227187e-03
8.732946e-02,3.947324e-03,1.664118e-02,2.057168e-01,7.376402e-03,6.400779e-03,8.318128e-04,1.543523e-02,2.541728e-02,2.614475e-03,1.187713e-01,1.184759e-02,4.919562e-01,5.577039e-04,5.156492e-03
6.553210e-02,2.923647e-03,1.175647e-02,1.465166e-01,1.245287e-02,6.230198e-03,1.190489e-03,1.655018e-02,3.157661e-02,1.956569e-03,9.893313e-02,1.088449e-02,5.892996e-01,4.514560e-04,3.745538e-03
5.478991e-02,2.182083e-03,9.047545e-03,1.059384e-01,1.009847e-02,6.320474e-03,1.070030e-03,3.139485e-02,3.634778e-02,1.603622e-03,7.838491e-02,9.888461e-03,6.496863e-01,4.092758e-04,2.837881e-03
7.894704e-02,1.752242e-03,1.090555e-02,8.221094e-02,8.465922e-03,9.127223e-03,1.247014e-03,3.345710e-02,3.831463e-02,2.202931e-03,7.483276e-02,1.334437e-02,6.421528e-01,5.638837e-04,2.475656e-03
7.471082e-02,1.634138e-03,1.171380e-02,7.610052e-02,7.882495e-03,3.889498e-02,2.160552e-03,4.161671e-02,5.601108e-02,2.051792e-03,6.977504e-02,7.102367e-02,5.418805e-01,2.275427e-03,2.268438e-03
5.878795e-02,2.483973e-03,1.055254e-02,5.759222e-02,8.099762e-03,3.618257e-02,1.950467e-03,4.063599e-02,8.096349e-02,1.892009e-03,6.427482e-02,1.721742e-01,4.592659e-01,3.339223e-03,1.804829e-03
5.012975e-02,2.967059e-03,8.041848e-03,4.158759e-02,6.433313e-03,3.033295e-02,1.570801e-03,3.441788e-02,8.849227e-02,1.633294e-03,6.043408e-02,2.932810e-01,3.742448e-01,4.951246e-03,1.482079e-03
4.791056e-02,2.663608e-03,6.412996e-03,3.156802e-02,6.894811e-03,3.119609e-02,1.381459e-03,2.851710e-02,9.538832e-02,1.371832e-03,5.546026e-02,4.026685e-01,2.821057e-01,5.283694e-03,1.177002e-03
3.798608e-02,2.432683e-03,4.647082e-03,2.285655e-02,1.003265e-02,2.316702e-02,1.025153e-03,2.195097e-02,8.656190e-02,1.212538e-03,4.640336e-02,5.290403e-01,2.076938e-01,4.127100e-03,8.627493e-04
3.207456e-02,2.608740e-03,3.441510e-03,1.684673e-02,1.959067e-02,1.703485e-02,8.696953e-04,1.986570e-02,1.129254e-01,1.496032e-03,4.720598e-02,5.664979e-01,1.557465e-01,3.160851e-03,6.348792e-04
2.716590e-02,3.849797e-03,2.664952e-03,1.380334e-02,2.355162e-02,1.313715e-02,7.241755e-04,2.520907e-02,1.330879e-01,1.429619e-03,3.966583e-02,5.991778e-01,1.135990e-01,2.471211e-03,4.625590e-04
2.224321e-02,7.125863e-03,2.592239e-03,1.117063e-02,4.098260e-02,9.512395e-03,6.429614e-04,3.469338e-02,2.025584e-01,1.294596e-03,3.116821e-02,5.487256e-01,8.509301e-02,1.860619e-03,3.362709e-04
1.823564e-02,3.828422e-02,1.129945e-02,1.014963e-02,4.424337e-02,6.840860e-03,6.674324e-04,6.120081e-02,2.720409e-01,1.189059e-03,2.387894e-02,4.474662e-01,6.265765e-02,1.586227e-03,2.595973e-04
1.678927e-02,5.177728e-02,1.571339e-02,7.795310e-03,3.548861e-02,5.015029e-03,5.382933e-04,6.319454e-02,3.598973e-01,1.517637e-03,2.385442e-02,3.702118e-01,4.581367e-02,2.150399e-03,2.429891e-04
1.967413e-02,4.570957e-02,1.716959e-02,7.118442e-03,3.476010e-02,4.019302e-03,5.358475e-04,6.301793e-02,3.952568e-01,1.842580e-03,2.871793e-02,3.457742e-01,3.347131e-02,2.641434e-03,2.907930e-04
1.944922e-02,3.890086e-02,2.395264e-02,1.999472e-02,4.057706e-02,5.598667e-03,8.944105e-04,2.208216e-01,3.240630e-01,2.066025e-03,2.218328e-02,2.547446e-01,2.424848e-02,2.245604e-03,2.598784e-04
3.223959e-02,3.528628e-02,4.883368e-02,3.425166e-02,6.190170e-02,6.262550e-03,7.370034e-04,2.491677e-01,2.919256e-01,3.091515e-03,1.859002e-02,1.969219e-01,1.838787e-02,1.992685e-03,4.102910e-04
4.014834e-02,2.717035e-02,8.588175e-02,1.143428e-01,5.386819e-02,4.885661e-03,6.265217e-04,2.675369e-01,2.296515e-01,3.378823e-03,1.433251e-02,1.426942e-01,1.343411e-02,1.659636e-03,3.887124e-04
4.270467e-02,2.496916e-02,8.313452e-02,1.121557e-01,7.506034e-02,4.398333e-03,6.368289e-04,2.249100e-01,2.906465e-01,4.398135e-03,1.323926e-02,1.108101e-01,1.067691e-02,1.660108e-03,5.994260e-04
4.672247e-02,2.053655e-02,9.253643e-02,1.905354e-01,7.405238e-02,4.431255e-03,5.946491e-04,1.851894e-01,2.733347e-01,3.991071e-03,1.104354e-02,8.642878e-02,8.240473e-03,1.611093e-03,7.517770e-04
5.198015e-02,1.555898e-02,8.425672e-02,3.048187e-01,6.939280e-02,3.733034e-03,5.155174e-04,1.731429e-01,2.063918e-01,3.972197e-03,1.226198e-02,6.491476e-02,6.340053e-03,1.784289e-03,9.361703e-04
4.905939e-02,1.443957e-02,6.676794e-02,3.824346e-01,7.425368e-02,3.238930e-03,4.278639e-04,1.428607e-01,1.913078e-01,4.526290e-03,1.314828e-02,4.930664e-02,4.954322e-03,2.282307e-03,9.916634e-04
7.247472e-02,1.344401e-02,5.906629e-02,3.960450e-01,9.378576e-02,3.652917e-03,5.510421e-04,1.268122e-01,1.713212e-01,6.364365e-03,1.185570e-02,3.667272e-02,3.775687e-03,2.984389e-03,1.193973e-03
1.135989e-01,1.232556e-02,7.450688e-02,3.832811e-01,1.000629e-01,4.235804e-03,9.969297e-04,1.195671e-01,1.282518e-01,1.310565e-02,1.098935e-02,3.028710e-02,3.486850e-03,3.280801e-03,2.023319e-03
1.573937e-01,1.124635e-02,7.422335e-02,4.329166e-01,7.588425e-02,4.124001e-03,1.658546e-03,9.335689e-02,9.461212e-02,1.136561e-02,9.667013e-03,2.474067e-02,2.918117e-03,3.453633e-03,2.439127e-03
2.600568e-01,9.533072e-03,7.429244e-02,3.824593e-01,6.219167e-02,4.727304e-03,2.881573e-03,7.886083e-02,7.491999e-02,9.624363e-03,9.448532e-03,2.125282e-02,2.750549e-03,3.917444e-03,3.083294e-03
3.778409e-01,9.216104e-03,6.372774e-02,3.029104e-01,4.823013e-02,4.822101e-03,3.448257e-03,7.297342e-02,6.665371e-02,1.034832e-02,9.581747e-03,1.861427e-02,2.524569e-03,4.747709e-03,4.360587e-03
1.000000e+00,0.000000e+00,0.000000e+00,0.000000e+00,0.000000e+00,0.000000e+00,0.000000e+00,0.000000e+00,0.000000e+00,0.000000e+00,0.000000e+00,0.000000e+00,0.000000e+00,0.000000e+00,0.000000e+00
1.000000e+00,0.000000e+00,0.000000e+00,0.000000e+00,0.000000e+00,0.000000e+00,0.000000e+00,0.000000e+00,0.000000e+00,0.000000e+00,0.000000e+00,0.000000e+00,0.000000e+00,0.000000e+00,0.000000e+00
1.000000e+00,0.000000e+00,0.000000e+00,0.000000e+00,0.000000e+00,0.000000e+00,0.000000e+00,0.000000e+00,0.000000e+00,0.000000e+00,0.000000e+00,0.000000e+00,0.000000e+00,0.000000e+00,0.000000e+00
1.000000e+00,0.000000e+00,0.000000e+00,0.000000e+00,0.000000e+00,0.000000e+00,0.000000e+00,0.000000e+00,0.000000e+00,0.000000e+00,0.000000e+00,0.000000e+00,0.000000e+00,0.000000e+00,0.000000e+00
1.000000e+00,0.000000e+00,0.000000e+00,0.000000e+00,0.000000e+00,0.000000e+00,0.000000e+00,0.000000e+00,0.000000e+00,0.000000e+00,0.000000e+00,0.000000e+00,0.000000e+00,0.000000e+00,0.000000e+00
1.000000e+00,0.000000e+00,0.000000e+00,0.000000e+00,0.000000e+00,0.000000e+00,0.000000e+00,0.000000e+00,0.000000e+00,0.000000e+00,0.000000e+00,0.000000e+00,0.000000e+00,0.000000e+00,0.000000e+00
1.000000e+00,0.000000e+00,0.000000e+00,0.000000e+00,0.000000e+00,0.000000e+00,0.000000e+00,0.000000e+00,0.000000e+00,0.000000e+00,0.000000e+00,0.000000e+00,0.000000e+00,0.000000e+00,0.000000e+00
1.000000e+00,0.000000e+00,0.000000e+00,0.000000e+00,0.000000e+00,0.000000e+00,0.000000e+00,0.000000e+00,0.000000e+00,0.000000e+00,0.000000e+00,0.000000e+00,0.000000e+00,0.000000e+00,0.000000e+00
1.000000e+00,0.000000e+00,0.000000e+00,0.000000e+00,0.000000e+00,0.000000e+00,0.000000e+00,0.000000e+00,0.000000e+00,0.000000e+00,0.000000e+00,0.000000e+00,0.000000e+00,0.000000e+00,0.000000e+00
1.000000e+00,0.000000e+00,0.000000e+00,0.000000e+00,0.000000e+00,0.000000e+00,0.000000e+00,0.000000e+00,0.000000e+00,0.000000e+00,0.000000e+00,0.000000e+00,0.000000e+00,0.000000e+00,0.000000e+00
1.000000e+00,0.000000e+00,0.000000e+00,0.000000e+00,0.000000e+00,0.000000e+00,0.000000e+00,0.000000e+00,0.000000e+00,0.000000e+00,0.000000e+00,0.000000e+00,0.000000e+00,0.000000e+00,0.000000e+00
1.000000e+00,0.000000e+00,0.000000e+00,0.000000e+00,0.000000e+00,0.000000e+00,0.000000e+00,0.000000e+00,0.000000e+00,0.000000e+00,0.000000e+00,0.000000e+00,0.000000e+00,0.000000e+00,0.000000e+00
1.000000e+00,0.000000e+00,0.000000e+00,0.000000e+00,0.000000e+00,0.000000e+00,0.000000e+00,0.000000e+00,0.000000e+00,0.000000e+00,0.000000e+00,0.000000e+00,0.000000e+00,0.000000e+00,0.000000e+00
1.000000e+00,0.000000e+00,0.000000e+00,0.000000e+00,0.000000e+00,0.000000e+00,0.000000e+00,0.000000e+00,0.000000e+00,0.000000e+00,0.000000e+00,0.000000e+00,0.000000e+00,0.000000e+00,0.000000e+00
1.000000e+00,0.000000e+00,0.000000e+00,0.000000e+00,0.000000e+00,0.000000e+00,0.000000e+00,0.000000e+00,0.000000e+00,0.000000e+00,0.000000e+00,0.000000e+00,0.000000e+00,0.000000e+00,0.000000e+00
1.000000e+00,0.000000e+00,0.000000e+00,0.000000e+00,0.000000e+00,0.000000e+00,0.000000e+00,0.000000e+00,0.000000e+00,0.000000e+00,0.000000e+00,0.000000e+00,0.000000e+00,0.000000e+00,0.000000e+00
1.000000e+00,0.000000e+00,0.000000e+00,0.000000e+00,0.000000e+00,0.000000e+00,0.000000e+00,0.000000e+00,0.000000e+00,0.000000e+00,0.000000e+00,0.000000e+00,0.000000e+00,0.000000e+00,0.000000e+00
1.000000e+00,0.000000e+00,0.000000e+00,0.000000e+00,0.000000e+00,0.000000e+00,0.000000e+00,0.000000e+00,0.000000e+00,0.000000e+00,0.000000e+00,0.000000e+00,0.000000e+00,0.000000e+00,0.000000e+00
1.000000e+00,0.000000e+00,0.000000e+00,0.000000e+00,0.000000e+00,0.000000e+00,0.000000e+00,0.000000e+00,0.000000e+00,0.000000e+00,0.000000e+00,0.000000e+00,0.000000e+00,0.000000e+00,0.000000e+00
1.000000e+00,0.000000e+00,0.000000e+00,0.000000e+00,0.000000e+00,0.000000e+00,0.000000e+00,0.000000e+00,0.000000e+00,0.000000e+00,0.000000e+00,0.000000e+00,0.000000e+00,0.000000e+00,0.000000e+00
1.000000e+00,0.000000e+00,0.000000e+00,0.000000e+00,0.000000e+00,0.000000e+00,0.000000e+00,0.000000e+00,0.000000e+00,0.000000e+00,0.000000e+00,0.000000e+00,0.000000e+00,0.000000e+00,0.000000e+00
1.000000e+00,0.000000e+00,0.000000e+00,0.000000e+00,0.000000e+00,0.000000e+00,0.000000e+00,0.000000e+00,0.000000e+00,0.000000e+00,0.000000e+00,0.000000e+00,0.000000e+00,0.000000e+00,0.000000e+00
1.000000e+00,0.000000e+00,0.000000e+00,0.000000e+00,0.000000e+00,0.000000e+00,0.000000e+00,0.000000e+00,0.000000e+00,0.000000e+00,0.000000e+00,0.000000e+00,0.000000e+00,0.000000e+00,0.000000e+00
1.000000e+00,0.000000e+00,0.000000e+00,0.000000e+00,0.000000e+00,0.000000e+00,0.000000e+00,0.000000e+00,0.000000e+00,0.000000e+00,0.000000e+00,0.000000e+00,0.000000e+00,0.000000e+00,0.000000e+00
1.000000e+00,0.000000e+00,0.000000e+00,0.000000e+00,0.000000e+00,0.000000e+00,0.000000e+00,0.000000e+00,0.000000e+00,0.000000e+00,0.000000e+00,0.000000e+00,0.000000e+00,0.000000e+00,0.000000e+00
1.000000e+00,0.000000e+00,0.000000e+00,0.000000e+00,0.000000e+00,0.000000e+00,0.000000e+00,0.000000e+00,0.000000e+00,0.000000e+00,0.000000e+00,0.000000e+00,0.000000e+00,0.000000e+00,0.000000e+00
1.000000e+00,0.000000e+00,0.000000e+00,0.000000e+00,0.000000e+00,0.000000e+00,0.000000e+00,0.000000e+00,0.000000e+00,0.000000e+00,0.000000e+00,0.000000e+00,0.000000e+00,0.000000e+00,0.000000e+00
1.000000e+00,0.000000e+00,0.000000e+00,0.000000e+00,0.000000e+00,0.000000e+00,0.000000e+00,0.000000e+00,0.000000e+00,0.000000e+00,0.000000e+00,0.000000e+00,0.000000e+00,0.000000e+00,0.000000e+00
1.000000e+00,0.000000e+00,0.000000e+00,0.000000e+00,0.000000e+00,0.000000e+00,0.000000e+00,0.000000e+00,0.000000e+00,0.000000e+00,0.000000e+00,0.000000e+00,0.000000e+00,0.000000e+00,0.000000e+00
1.000000e+00,0.000000e+00,0.000000e+00,0.000000e+00,0.000000e+00,0.000000e+00,0.000000e+00,0.000000e+00,0.000000e+00,0.000000e+00,0.000000e+00,0.000000e+00,0.000000e+00,0.000000e+00,0.000000e+00
1.000000e+00,0.000000e+00,0.000000e+00,0.000000e+00,0.000000e+00,0.000000e+00,0.000000e+00,0.000000e+00,0.000000e+00,0.000000e+00,0.000000e+00,0.000000e+00,0.000000e+00,0.000000e+00,0.000000e+00
1.000000e+00,0.000000e+00,0.000000e+00,0.000000e+00,0.000000e+00,0.000000e+00,0.000000e+00,0.000000e+00,0.000000e+00,0.000000e+00,0.000000e+00,0.000000e+00,0.000000e+00,0.000000e+00,0.000000e+00
1.000000e+00,0.000000e+00,0.000000e+00,0.000000e+00,0.000000e+00,0.000000e+00,0.000000e+00,0.000000e+00,0.000000e+00,0.000000e+00,0.000000e+00,0.000000e+00,0.000000e+00,0.000000e+00,0.000000e+00
1.000000e+00,0.000000e+00,0.000000e+00,0.000000e+00,0.000000e+00,0.000000e+00,0.000000e+00,0.000000e+00,0.000000e+00,0.000000e+00,0.000000e+00,0.000000e+00,0.000000e+00,0.000000e+00,0.000000e+00
1.000000e+00,0.000000e+00,0.000000e+00,0.000000e+00,0.000000e+00,0.000000e+00,0.000000e+00,0.000000e+00,0.000000e+00,0.000000e+00,0.000000e+00,0.000000e+00,0.000000e+00,0.000000e+00,0.000000e+00
1.000000e+00,0.000000e+00,0.000000e+00,0.000000e+00,0.000000e+00,0.000000e+00,0.000000e+00,0.000000e+00,0.000000e+00,0.000000e+00,0.000000e+00,0.000000e+00,0.000000e+00,0.000000e+00,0.000000e+00
1.000000e+00,0.000000e+00,0.000000e+00,0.000000e+00,0.000000e+00,0.000000e+00,0.000000e+00,0.000000e+00,0.000000e+00,0.000000e+00,0.000000e+00,0.000000e+00,0.000000e+00,0.000000e+00,0.000000e+00
1.000000e+00,0.000000e+00,0.000000e+00,0.000000e+00,0.000000e+00,0.000000e+00,0.000000e+00,0.000000e+00,0.000000e+00,0.000000e+00,0.000000e+00,0.000000e+00,0.000000e+00,0.000000e+00,0.000000e+00
1.000000e+00,0.000000e+00,0.000000e+00,0.000000e+00,0.000000e+00,0.000000e+00,0.000000e+00,0.000000e+00,0.000000e+00,0.000000e+00,0.000000e+00,0.000000e+00,0.000000e+00,0.000000e+00,0.000000e+00
1.000000e+00,0.000000e+00,0.000000e+00,0.000000e+00,0.000000e+00,0.000000e+00,0.000000e+00,0.000000e+00,0.000000e+00,0.000000e+00,0.000000e+00,0.000000e+00,0.000000e+00,0.000000e+00,0.000000e+00
1.000000e+00,0.000000e+00,0.000000e+00,0.000000e+00,0.000000e+00,0.000000e+00,0.000000e+00,0.000000e+00,0.000000e+00,0.000000e+00,0.000000e+00,0.000000e+00,0.000000e+00,0.000000e+00,0.000000e+00
1.000000e+00,0.000000e+00,0.000000e+00,0.000000e+00,0.000000e+00,0.000000e+00,0.000000e+00,0.000000e+00,0.000000e+00,0.000000e+00,0.000000e+00,0.000000e+00,0.000000e+00,0.000000e+00,0.000000e+00
1.000000e+00,0.000000e+00,0.000000e+00,0.000000e+00,0.000000e+00,0.000000e+00,0.000000e+00,0.000000e+00,0.000000e+00,0.000000e+00,0.000000e+00,0.000000e+00,0.000000e+00,0.000000e+00,0.000000e+00
1.000000e+00,0.000000e+00,0.000000e+00,0.000000e+00,0.000000e+00,0.000000e+00,0.000000e+00,0.000000e+00,0.000000e+00,0.000000e+00,0.000000e+00,0.000000e+00,0.000000e+00,0.000000e+00,0.000000e+00
1.000000e+00,0.000000e+00,0.000000e+00,0.000000e+00,0.000000e+00,0.000000e+00,0.000000e+00,0.000000e+00,0.000000e+00,0.000000e+00,0.000000e+00,0.000000e+00,0.000000e+00,0.000000e+00,0.000000e+00
1.000000e+00,0.000000e+00,0.000000e+00,0.000000e+00,0.000000e+00,0.000000e+00,0.000000e+00,0.000000e+00,0.000000e+00,0.000000e+00,0.000000e+00,0.000000e+00,0.000000e+00,0.000000e+00,0.000000e+00
1.000000e+00,0.000000e+00,0.000000e+00,0.000000e+00,0.000000e+00,0.000000e+00,0.000000e+00,0.000000e+00,0.000000e+00,0.000000e+00,0.000000e+00,0.000000e+00,0.000000e+00,0.000000e+00,0.000000e+00
1.000000e+00,0.000000e+00,0.000000e+00,0.000000e+00,0.000000e+00,0.000000e+00,0.000000e+00,0.000000e+00,0.000000e+00,0.000000e+00,0.000000e+00,0.000000e+00,0.000000e+00,0.000000e+00,0.000000e+00
1.000000e+00,0.000000e+00,0.000000e+00,0.000000e+00,0.000000e+00,0.000000e+00,0.000000e+00,0.000000e+00,0.000000e+00,0.000000e+00,0.000000e+00,0.000000e+00,0.000000e+00,0.000000e+00,0.000000e+00
1.000000e+00,0.000000e+00,0.000000e+00,0.000000e+00,0.000000e+00,0.000000e+00,0.000000e+00,0.000000e+00,0.000000e+00,0.000000e+00,0.000000e+00,0.000000e+00,0.000000e+00,0.000000e+00,0.000000e+00
1.000000e+00,0.000000e+00,0.000000e+00,0.000000e+00,0.000000e+00,0.000000e+00,0.000000e+00,0.000000e+00,0.000000e+00,0.000000e+00,0.000000e+00,0.000000e+00,0.000000e+00,0.000000e+00,0.000000e+00
1.000000e+00,0.000000e+00,0.000000e+00,0.000000e+00,0.000000e+00,0.000000e+00,0.000000e+00,0.000000e+00,0.000000e+00,0.000000e+00,0.000000e+00,0.000000e+00,0.000000e+00,0.000000e+00,0.000000e+00
1.000000e+00,0.000000e+00,0.000000e+00,0.000000e+00,0.000000e+00,0.000000e+00,0.000000e+00,0.000000e+00,0.000000e+00,0.000000e+00,0.000000e+00,0.000000e+00,0.000000e+00,0.000000e+00,0.000000e+00
1.000000e+00,0.000000e+00,0.000000e+00,0.000000e+00,0.000000e+00,0.000000e+00,0.000000e+00,0.000000e+00,0.000000e+00,0.000000e+00,0.000000e+00,0.000000e+00,0.000000e+00,0.000000e+00,0.000000e+00
1.000000e+00,0.000000e+00,0.000000e+00,0.000000e+00,0.000000e+00,0.000000e+00,0.000000e+00,0.000000e+00,0.000000e+00,0.000000e+00,0.000000e+00,0.000000e+00,0.000000e+00,0.000000e+00,0.000000e+00
1.000000e+00,0.000000e+00,0.000000e+00,0.000000e+00,0.000000e+00,0.000000e+00,0.000000e+00,0.000000e+00,0.000000e+00,0.000000e+00,0.000000e+00,0.000000e+00,0.000000e+00,0.000000e+00,0.000000e+00
1.000000e+00,0.000000e+00,0.000000e+00,0.000000e+00,0.000000e+00,0.000000e+00,0.000000e+00,0.000000e+00,0.000000e+00,0.000000e+00,0.000000e+00,0.000000e+00,0.000000e+00,0.000000e+00,0.000000e+00
1.000000e+00,0.000000e+00,0.000000e+00,0.000000e+00,0.000000e+00,0.000000e+00,0.000000e+00,0.000000e+00,0.000000e+00,0.000000e+00,0.000000e+00,0.000000e+00,0.000000e+00,0.000000e+00,0.000000e+00
1.000000e+00,0.000000e+00,0.000000e+00,0.000000e+00,0.000000e+00,0.000000e+00,0.000000e+00,0.000000e+00,0.000000e+00,0.000000e+00,0.000000e+00,0.000000e+00,0.000000e+00,0.000000e+00,0.000000e+00
1.000000e+00,0.000000e+00,0.000000e+00,0.000000e+00,0.000000e+00,0.000000e+00,0.000000e+00,0.000000e+00,0.000000e+00,0.000000e+00,0.000000e+00,0.000000e+00,0.000000e+00,0.000000e+00,0.000000e+00
1.000000e+00,0.000000e+00,0.000000e+00,0.000000e+00,0.000000e+00,0.000000e+00,0.000000e+00,0.000000e+00,0.000000e+00,0.000000e+00,0.000000e+00,0.000000e+00,0.000000e+00,0.000000e+00,0.000000e+00
1.000000e+00,0.000000e+00,0.000000e+00,0.000000e+00,0.000000e+00,0.000000e+00,0.000000e+00,0.000000e+00,0.000000e+00,0.000000e+00,0.000000e+00,0.000000e+00,0.000000e+00,0.000000e+00,0.000000e+00
1.000000e+00,0.000000e+00,0.000000e+00,0.000000e+00,0.000000e+00,0.000000e+00,0.000000e+00,0.000000e+00,0.000000e+00,0.000000e+00,0.000000e+00,0.000000e+00,0.000000e+00,0.000000e+00,0.000000e+00
1.000000e+00,0.000000e+00,0.000000e+00,0.000000e+00,0.000000e+00,0.000000e+00,0.000000e+00,0.000000e+00,0.000000e+00,0.000000e+00,0.000000e+00,0.000000e+00,0.000000e+00,0.000000e+00,0.000000e+00
1.000000e+00,0.000000e+00,0.000000e+00,0.000000e+00,0.000000e+00,0.000000e+00,0.000000e+00,0.000000e+00,0.000000e+00,0.000000e+00,0.000000e+00,0.000000e+00,0.000000e+00,0.000000e+00,0.000000e+00
1.000000e+00,0.000000e+00,0.000000e+00,0.000000e+00,0.000000e+00,0.000000e+00,0.000000e+00,0.000000e+00,0.000000e+00,0.000000e+00,0.000000e+00,0.000000e+00,0.000000e+00,0.000000e+00,0.000000e+00
1.000000e+00,0.000000e+00,0.000000e+00,0.000000e+00,0.000000e+00,0.000000e+00,0.000000e+00,0.000000e+00,0.000000e+00,0.000000e+00,0.000000e+00,0.000000e+00,0.000000e+00,0.000000e+00,0.000000e+00
1.000000e+00,0.000000e+00,0.000000e+00,0.000000e+00,0.000000e+00,0.000000e+00,0.000000e+00,0.000000e+00,0.000000e+00,0.000000e+00,0.000000e+00,0.000000e+00,0.000000e+00,0.000000e+00,0.000000e+00
1.000000e+00,0.000000e+00,0.000000e+00,0.000000e+00,0.000000e+00,0.000000e+00,0.000000e+00,0.000000e+00,0.000000e+00,0.000000e+00,0.000000e+00,0.000000e+00,0.000000e+00,0.000000e+00,0.000000e+00
1.000000e+00,0.000000e+00,0.000000e+00,0.000000e+00,0.000000e+00,0.000000e+00,0.000000e+00,0.000000e+00,0.000000e+00,0.000000e+00,0.000000e+00,0.000000e+00,0.000000e+00,0.000000e+00,0.000000e+00
1.000000e+00,0.000000e+00,0.000000e+00,0.000000e+00,0.000000e+00,0.000000e+00,0.000000e+00,0.000000e+00,0.000000e+00,0.000000e+00,0.000000e+00,0.000000e+00,0.000000e+00,0.000000e+00,0.000000e+00
1.000000e+00,0.000000e+00,0.000000e+00,0.000000e+00,0.000000e+00,0.000000e+00,0.000000e+00,0.000000e+00,0.000000e+00,0.000000e+00,0.000000e+00,0.000000e+00,0.000000e+00,0.000000e+00,0.000000e+00
1.000000e+00,0.000000e+00,0.000000e+00,0.000000e+00,0.000000e+00,0.000000e+00,0.000000e+00,0.000000e+00,0.000000e+00,0.000000e+00,0.000000e+00,0.000000e+00,0.000000e+00,0.000000e+00,0.000000e+00
1.000000e+00,0.000000e+00,0.000000e+00,0.000000e+00,0.000000e+00,0.000000e+00,0.000000e+00,0.000000e+00,0.000000e+00,0.000000e+00,0.000000e+00,0.000000e+00,0.000000e+00,0.000000e+00,0.000000e+00
1.000000e+00,0.000000e+00,0.000000e+00,0.000000e+00,0.000000e+00,0.000000e+00,0.000000e+00,0.000000e+00,0.000000e+00,0.000000e+00,0.000000e+00,0.000000e+00,0.000000e+00,0.000000e+00,0.000000e+00
1.000000e+00,0.000000e+00,0.000000e+00,0.000000e+00,0.000000e+00,0.000000e+00,0.000000e+00,0.000000e+00,0.000000e+00,0.000000e+00,0.000000e+00,0.000000e+00,0.000000e+00,0.000000e+00,0.000000e+00
1.000000e+00,0.000000e+00,0.000000e+00,0.000000e+00,0.000000e+00,0.000000e+00,0.000000e+00,0.000000e+00,0.000000e+00,0.000000e+00,0.000000e+00,0.000000e+00,0.000000e+00,0.000000e+00,0.000000e+00
