1.000000e+00,0.000000e+00,0.000000e+00,0.000000e+00,0.000000e+00,0.000000e+00,0.000000e+00,0.000000e+00,0.000000e+00,0.000000e+00,0.000000e+00,0.000000e+00,0.000000e+00,0.000000e+00,0.000000e+00
1.000000e+00,0.000000e+00,0.000000e+00,0.000000e+00,0.000000e+00,0.000000e+00,0.000000e+00,0.000000e+00,0.000000e+00,0.000000e+00,0.000000e+00,0.000000e+00,0.000000e+00,0.000000e+00,0.000000e+00
1.000000e+00,0.000000e+00,0.000000e+00,0.000000e+00,0.000000e+00,0.000000e+00,0.000000e+00,0.000000e+00,0.000000e+00,0.000000e+00,0.000000e+00,0.000000e+00,0.000000e+00,0.000000e+00,0.000000e+00
1.000000e+00,0.000000e+00,0.000000e+00,0.000000e+00,0.000000e+00,0.000000e+00,0.000000e+00,0.000000e+00,0.000000e+00,0.000000e+00,0.000000e+00,0.000000e+00,0.000000e+00,0.000000e+00,0.000000e+00
1.000000e+00,0.000000e+00,0.000000e+00,0.000000e+00,0.000000e+00,0.000000e+00,0.000000e+00,0.000000e+00,0.000000e+00,0.000000e+00,0.000000e+00,0.000000e+00,0.000000e+00,0.000000e+00,0.000000e+00
1.000000e+00,0.000000e+00,0.000000e+00,0.000000e+00,0.000000e+00,0.000000e+00,0.000000e+00,0.000000e+00,0.000000e+00,0.000000e+00,0.000000e+00,0.000000e+00,0.000000e+00,0.000000e+00,0.000000e+00
1.000000e+00,0.000000e+00,0.000000e+00,0.000000e+00,0.000000e+00,0.000000e+00,0.000000e+00,0.000000e+00,0.000000e+00,0.000000e+00,0.000000e+00,0.000000e+00,0.000000e+00,0.000000e+00,0.000000e+00
1.000000e+00,0.000000e+00,0.000000e+00,0.000000e+00,0.000000e+00,0.000000e+00,0.000000e+00,0.000000e+00,0.000000e+00,0.000000e+00,0.000000e+00,0.000000e+00,0.000000e+00,0.000000e+00,0.000000e+00
1.000000e+00,0.000000e+00,0.000000e+00,0.000000e+00,0.000000e+00,0.000000e+00,0.000000e+00,0.000000e+00,0.000000e+00,0.000000e+00,0.000000e+00,0.000000e+00,0.000000e+00,0.000000e+00,0.000000e+00
1.000000e+00,0.000000e+00,0.000000e+00,0.000000e+00,0.000000e+00,0.000000e+00,0.000000e+00,0.000000e+00,0.000000e+00,0.000000e+00,0.000000e+00,0.000000e+00,0.000000e+00,0.000000e+00,0.000000e+00
1.000000e+00,0.000000e+00,0.000000e+00,0.000000e+00,0.000000e+00,0.000000e+00,0.000000e+00,0.000000e+00,0.000000e+00,0.000000e+00,0.000000e+00,0.000000e+00,0.000000e+00,0.000000e+00,0.000000e+00
1.000000e+00,0.000000e+00,0.000000e+00,0.000000e+00,0.000000e+00,0.000000e+00,0.000000e+00,0.000000e+00,0.000000e+00,0.000000e+00,0.000000e+00,0.000000e+00,0.000000e+00,0.000000e+00,0.000000e+00
1.000000e+00,0.000000e+00,0.000000e+00,0.000000e+00,0.000000e+00,0.000000e+00,0.000000e+00,0.000000e+00,0.000000e+00,0.000000e+00,0.000000e+00,0.000000e+00,0.000000e+00,0.000000e+00,0.000000e+00
1.000000e+00,0.000000e+00,0.000000e+00,0.000000e+00,0.000000e+00,0.000000e+00,0.000000e+00,0.000000e+00,0.000000e+00,0.000000e+00,0.000000e+00,0.000000e+00,0.000000e+00,0.000000e+00,0.000000e+00
1.000000e+00,0.000000e+00,0.000000e+00,0.000000e+00,0.000000e+00,0.000000e+00,0.000000e+00,0.000000e+00,0.000000e+00,0.000000e+00,0.000000e+00,0.000000e+00,0.000000e+00,0.000000e+00,0.000000e+00
1.000000e+00,0.000000e+00,0.000000e+00,0.000000e+00,0.000000e+00,0.000000e+00,0.000000e+00,0.000000e+00,0.000000e+00,0.000000e+00,0.000000e+00,0.000000e+00,0.000000e+00,0.000000e+00,0.000000e+00
1.000000e+00,0.000000e+00,0.000000e+00,0.000000e+00,0.000000e+00,0.000000e+00,0.000000e+00,0.000000e+00,0.000000e+00,0.000000e+00,0.000000e+00,0.000000e+00,0.000000e+00,0.000000e+00,0.000000e+00
1.000000e+00,0.000000e+00,0.000000e+00,0.000000e+00,0.000000e+00,0.000000e+00,0.000000e+00,0.000000e+00,0.000000e+00,0.000000e+00,0.000000e+00,0.000000e+00,0.000000e+00,0.000000e+00,0.000000e+00
1.000000e+00,0.000000e+00,0.000000e+00,0.000000e+00,0.000000e+00,0.000000e+00,0.000000e+00,0.000000e+00,0.000000e+00,0.000000e+00,0.000000e+00,0.000000e+00,0.000000e+00,0.000000e+00,0.000000e+00
1.000000e+00,0.000000e+00,0.000000e+00,0.000000e+00,0.000000e+00,0.000000e+00,0.000000e+00,0.000000e+00,0.000000e+00,0.000000e+00,0.000000e+00,0.000000e+00,0.000000e+00,0.000000e+00,0.000000e+00
1.000000e+00,0.000000e+00,0.000000e+00,0.000000e+00,0.000000e+00,0.000000e+00,0.000000e+00,0.000000e+00,0.000000e+00,0.000000e+00,0.000000e+00,0.000000e+00,0.000000e+00,0.000000e+00,0.000000e+00
1.000000e+00,0.000000e+00,0.000000e+00,0.000000e+00,0.000000e+00,0.000000e+00,0.000000e+00,0.000000e+00,0.000000e+00,0.000000e+00,0.000000e+00,0.000000e+00,0.000000e+00,0.000000e+00,0.000000e+00
1.000000e+00,0.000000e+00,0.000000e+00,0.000000e+00,0.000000e+00,0.000000e+00,0.000000e+00,0.000000e+00,0.000000e+00,0.000000e+00,0.000000e+00,0.000000e+00,0.000000e+00,0.000000e+00,0.000000e+00
1.000000e+00,0.000000e+00,0.000000e+00,0.000000e+00,0.000000e+00,0.000000e+00,0.000000e+00,0.000000e+00,0.000000e+00,0.000000e+00,0.000000e+00,0.000000e+00,0.000000e+00,0.000000e+00,0.000000e+00
1.000000e+00,0.000000e+00,0.000000e+00,0.000000e+00,0.000000e+00,0.000000e+00,0.000000e+00,0.000000e+00,0.000000e+00,0.000000e+00,0.000000e+00,0.000000e+00,0.000000e+00,0.000000e+00,0.000000e+00
1.000000e+00,0.000000e+00,0.000000e+00,0.000000e+00,0.000000e+00,0.000000e+00,0.000000e+00,0.000000e+00,0.000000e+00,0.000000e+00,0.000000e+00,0.000000e+00,0.000000e+00,0.000000e+00,0.000000e+00
1.000000e+00,0.000000e+00,0.000000e+00,0.000000e+00,0.000000e+00,0.000000e+00,0.000000e+00,0.000000e+00,0.000000e+00,0.000000e+00,0.000000e+00,0.000000e+00,0.000000e+00,0.000000e+00,0.000000e+00
1.000000e+00,0.000000e+00,0.000000e+00,0.000000e+00,0.000000e+00,0.000000e+00,0.000000e+00,0.000000e+00,0.000000e+00,0.000000e+00,0.000000e+00,0.000000e+00,0.000000e+00,0.000000e+00,0.000000e+00
1.000000e+00,0.000000e+00,0.000000e+00,0.000000e+00,0.000000e+00,0.000000e+00,0.000000e+00,0.000000e+00,0.000000e+00,0.000000e+00,0.000000e+00,0.000000e+00,0.000000e+00,0.000000e+00,0.000000e+00
1.000000e+00,0.000000e+00,0.000000e+00,0.000000e+00,0.000000e+00,0.000000e+00,0.000000e+00,0.000000e+00,0.000000e+00,0.000000e+00,0.000000e+00,0.000000e+00,0.000000e+00,0.000000e+00,0.000000e+00
1.000000e+00,0.000000e+00,0.000000e+00,0.000000e+00,0.000000e+00,0.000000e+00,0.000000e+00,0.000000e+00,0.000000e+00,0.000000e+00,0.000000e+00,0.000000e+00,0.000000e+00,0.000000e+00,0.000000e+00
1.000000e+00,0.000000e+00,0.000000e+00,0.000000e+00,0.000000e+00,0.000000e+00,0.000000e+00,0.000000e+00,0.000000e+00,0.000000e+00,0.000000e+00,0.000000e+00,0.000000e+00,0.000000e+00,0.000000e+00
1.000000e+00,0.000000e+00,0.000000e+00,0.000000e+00,0.000000e+00,0.000000e+00,0.000000e+00,0.000000e+00,0.000000e+00,0.000000e+00,0.000000e+00,0.000000e+00,0.000000e+00,0.000000e+00,0.000000e+00
1.000000e+00,0.000000e+00,0.000000e+00,0.000000e+00,0.000000e+00,0.000000e+00,0.000000e+00,0.000000e+00,0.000000e+00,0.000000e+00,0.000000e+00,0.000000e+00,0.000000e+00,0.000000e+00,0.000000e+00
1.000000e+00,0.000000e+00,0.000000e+00,0.000000e+00,0.000000e+00,0.000000e+00,0.000000e+00,0.000000e+00,0.000000e+00,0.000000e+00,0.000000e+00,0.000000e+00,0.000000e+00,0.000000e+00,0.000000e+00
1.000000e+00,0.000000e+00,0.000000e+00,0.000000e+00,0.000000e+00,0.000000e+00,0.000000e+00,0.000000e+00,0.000000e+00,0.000000e+00,0.000000e+00,0.000000e+00,0.000000e+00,0.000000e+00,0.000000e+00
1.000000e+00,0.000000e+00,0.000000e+00,0.000000e+00,0.000000e+00,0.000000e+00,0.000000e+00,0.000000e+00,0.000000e+00,0.000000e+00,0.000000e+00,0.000000e+00,0.000000e+00,0.000000e+00,0.000000e+00
1.000000e+00,0.000000e+00,0.000000e+00,0.000000e+00,0.000000e+00,0.000000e+00,0.000000e+00,0.000000e+00,0.000000e+00,0.000000e+00,0.000000e+00,0.000000e+00,0.000000e+00,0.000000e+00,0.000000e+00
1.000000e+00,0.000000e+00,0.000000e+00,0.000000e+00,0.000000e+00,0.000000e+00,0.000000e+00,0.000000e+00,0.000000e+00,0.000000e+00,0.000000e+00,0.000000e+00,0.000000e+00,0.000000e+00,0.000000e+00
1.000000e+00,0.000000e+00,0.000000e+00,0.000000e+00,0.000000e+00,0.000000e+00,0.000000e+00,0.000000e+00,0.000000e+00,0.000000e+00,0.000000e+00,0.000000e+00,0.000000e+00,0.000000e+00,0.000000e+00
1.000000e+00,0.000000e+00,0.000000e+00,0.000000e+00,0.000000e+00,0.000000e+00,0.000000e+00,0.000000e+00,0.000000e+00,0.000000e+00,0.000000e+00,0.000000e+00,0.000000e+00,0.000000e+00,0.000000e+00
1.000000e+00,0.000000e+00,0.000000e+00,0.000000e+00,0.000000e+00,0.000000e+00,0.000000e+00,0.000000e+00,0.000000e+00,0.000000e+00,0.000000e+00,0.000000e+00,0.000000e+00,0.000000e+00,0.000000e+00
1.000000e+00,0.000000e+00,0.000000e+00,0.000000e+00,0.000000e+00,0.000000e+00,0.000000e+00,0.000000e+00,0.000000e+00,0.000000e+00,0.000000e+00,0.000000e+00,0.000000e+00,0.000000e+00,0.000000e+00
1.000000e+00,0.000000e+00,0.000000e+00,0.000000e+00,0.000000e+00,0.000000e+00,0.000000e+00,0.000000e+00,0.000000e+00,0.000000e+00,0.000000e+00,0.000000e+00,0.000000e+00,0.000000e+00,0.000000e+00
1.000000e+00,0.000000e+00,0.000000e+00,0.000000e+00,0.000000e+00,0.000000e+00,0.000000e+00,0.000000e+00,0.000000e+00,0.000000e+00,0.000000e+00,0.000000e+00,0.000000e+00,0.000000e+00,0.000000e+00
1.000000e+00,0.000000e+00,0.000000e+00,0.000000e+00,0.000000e+00,0.000000e+00,0.000000e+00,0.000000e+00,0.000000e+00,0.000000e+00,0.000000e+00,0.000000e+00,0.000000e+00,0.000000e+00,0.000000e+00
1.000000e+00,0.000000e+00,0.000000e+00,0.000000e+00,0.000000e+00,0.000000e+00,0.000000e+00,0.000000e+00,0.000000e+00,0.000000e+00,0.000000e+00,0.000000e+00,0.000000e+00,0.000000e+00,0.000000e+00
1.000000e+00,0.000000e+00,0.000000e+00,0.000000e+00,0.000000e+00,0.000000e+00,0.000000e+00,0.000000e+00,0.000000e+00,0.000000e+00,0.000000e+00,0.000000e+00,0.000000e+00,0.000000e+00,0.000000e+00
1.000000e+00,0.000000e+00,0.000000e+00,0.000000e+00,0.000000e+00,0.000000e+00,0.000000e+00,0.000000e+00,0.000000e+00,0.000000e+00,0.000000e+00,0.000000e+00,0.000000e+00,0.000000e+00,0.000000e+00
1.000000e+00,0.000000e+00,0.000000e+00,0.000000e+00,0.000000e+00,0.000000e+00,0.000000e+00,0.000000e+00,0.000000e+00,0.000000e+00,0.000000e+00,0.000000e+00,0.000000e+00,0.000000e+00,0.000000e+00
1.000000e+00,0.000000e+00,0.000000e+00,0.000000e+00,0.000000e+00,0.000000e+00,0.000000e+00,0.000000e+00,0.000000e+00,0.000000e+00,0.000000e+00,0.000000e+00,0.000000e+00,0.000000e+00,0.000000e+00
1.000000e+00,0.000000e+00,0.000000e+00,0.000000e+00,0.000000e+00,0.000000e+00,0.000000e+00,0.000000e+00,0.000000e+00,0.000000e+00,0.000000e+00,0.000000e+00,0.000000e+00,0.000000e+00,0.000000e+00
1.000000e+00,0.000000e+00,0.000000e+00,0.000000e+00,0.000000e+00,0.000000e+00,0.000000e+00,0.000000e+00,0.000000e+00,0.000000e+00,0.000000e+00,0.000000e+00,0.000000e+00,0.000000e+00,0.000000e+00
1.000000e+00,0.000000e+00,0.000000e+00,0.000000e+00,0.000000e+00,0.000000e+00,0.000000e+00,0.000000e+00,0.000000e+00,0.000000e+00,0.000000e+00,0.000000e+00,0.000000e+00,0.000000e+00,0.000000e+00
1.000000e+00,0.000000e+00,0.000000e+00,0.000000e+00,0.000000e+00,0.000000e+00,0.000000e+00,0.000000e+00,0.000000e+00,0.000000e+00,0.000000e+00,0.000000e+00,0.000000e+00,0.000000e+00,0.000000e+00
1.000000e+00,0.000000e+00,0.000000e+00,0.000000e+00,0.000000e+00,0.000000e+00,0.000000e+00,0.000000e+00,0.000000e+00,0.000000e+00,0.000000e+00,0.000000e+00,0.000000e+00,0.000000e+00,0.000000e+00
1.000000e+00,0.000000e+00,0.000000e+00,0.000000e+00,0.000000e+00,0.000000e+00,0.000000e+00,0.000000e+00,0.000000e+00,0.000000e+00,0.000000e+00,0.000000e+00,0.000000e+00,0.000000e+00,0.000000e+00
1.000000e+00,0.000000e+00,0.000000e+00,0.000000e+00,0.000000e+00,0.000000e+00,0.000000e+00,0.000000e+00,0.000000e+00,0.000000e+00,0.000000e+00,0.000000e+00,0.000000e+00,0.000000e+00,0.000000e+00
1.000000e+00,0.000000e+00,0.000000e+00,0.000000e+00,0.000000e+00,0.000000e+00,0.000000e+00,0.000000e+00,0.000000e+00,0.000000e+00,0.000000e+00,0.000000e+00,0.000000e+00,0.000000e+00,0.000000e+00
1.000000e+00,0.000000e+00,0.000000e+00,0.000000e+00,0.000000e+00,0.000000e+00,0.000000e+00,0.000000e+00,0.000000e+00,0.000000e+00,0.000000e+00,0.000000e+00,0.000000e+00,0.000000e+00,0.000000e+00
1.000000e+00,0.000000e+00,0.000000e+00,0.000000e+00,0.000000e+00,0.000000e+00,0.000000e+00,0.000000e+00,0.000000e+00,0.000000e+00,0.000000e+00,0.000000e+00,0.000000e+00,0.000000e+00,0.000000e+00
1.000000e+00,0.000000e+00,0.000000e+00,0.000000e+00,0.000000e+00,0.000000e+00,0.000000e+00,0.000000e+00,0.000000e+00,0.000000e+00,0.000000e+00,0.000000e+00,0.000000e+00,0.000000e+00,0.000000e+00
1.000000e+00,0.000000e+00,0.000000e+00,0.000000e+00,0.000000e+00,0.000000e+00,0.000000e+00,0.000000e+00,0.000000e+00,0.000000e+00,0.000000e+00,0.000000e+00,0.000000e+00,0.000000e+00,0.000000e+00
1.000000e+00,0.000000e+00,0.000000e+00,0.000000e+00,0.000000e+00,0.000000e+00,0.000000e+00,0.000000e+00,0.000000e+00,0.000000e+00,0.000000e+00,0.000000e+00,0.000000e+00,0.000000e+00,0.000000e+00
1.000000e+00,0.000000e+00,0.000000e+00,0.000000e+00,0.000000e+00,0.000000e+00,0.000000e+00,0.000000e+00,0.000000e+00,0.000000e+00,0.000000e+00,0.000000e+00,0.000000e+00,0.000000e+00,0.000000e+00
1.000000e+00,0.000000e+00,0.000000e+00,0.000000e+00,0.000000e+00,0.000000e+00,0.000000e+00,0.000000e+00,0.000000e+00,0.000000e+00,0.000000e+00,0.000000e+00,0.000000e+00,0.000000e+00,0.000000e+00
1.000000e+00,0.000000e+00,0.000000e+00,0.000000e+00,0.000000e+00,0.000000e+00,0.000000e+00,0.000000e+00,0.000000e+00,0.000000e+00,0.000000e+00,0.000000e+00,0.000000e+00,0.000000e+00,0.000000e+00
1.000000e+00,0.000000e+00,0.000000e+00,0.000000e+00,0.000000e+00,0.000000e+00,0.000000e+00,0.000000e+00,0.000000e+00,0.000000e+00,0.000000e+00,0.000000e+00,0.000000e+00,0.000000e+00,0.000000e+00
1.000000e+00,0.000000e+00,0.000000e+00,0.000000e+00,0.000000e+00,0.000000e+00,0.000000e+00,0.000000e+00,0.000000e+00,0.000000e+00,0.000000e+00,0.000000e+00,0.000000e+00,0.000000e+00,0.000000e+00
1.000000e+00,0.000000e+00,0.000000e+00,0.000000e+00,0.000000e+00,0.000000e+00,0.000000e+00,0.000000e+00,0.000000e+00,0.000000e+00,0.000000e+00,0.000000e+00,0.000000e+00,0.000000e+00,0.000000e+00
1.000000e+00,0.000000e+00,0.000000e+00,0.000000e+00,0.000000e+00,0.000000e+00,0.000000e+00,0.000000e+00,0.000000e+00,0.000000e+00,0.000000e+00,0.000000e+00,0.000000e+00,0.000000e+00,0.000000e+00
1.000000e+00,0.000000e+00,0.000000e+00,0.000000e+00,0.000000e+00,0.000000e+00,0.000000e+00,0.000000e+00,0.000000e+00,0.000000e+00,0.000000e+00,0.000000e+00,0.000000e+00,0.000000e+00,0.000000e+00
1.000000e+00,0.000000e+00,0.000000e+00,0.000000e+00,0.000000e+00,0.000000e+00,0.000000e+00,0.000000e+00,0.000000e+00,0.000000e+00,0.000000e+00,0.000000e+00,0.000000e+00,0.000000e+00,0.000000e+00
4.487780e-01,3.312363e-02,6.217376e-02,2.641420e-01,5.398378e-03,1.168076e-02,2.463730e-03,9.792012e-03,1.995841e-02,8.290313e-03,1.095534e-02,1.475114e-02,1.330152e-02,3.064446e-03,9.212667e-02
4.122896e-01,3.216935e-02,9.969199e-02,2.267643e-01,5.300978e-03,1.031881e-02,2.171990e-03,9.808682e-03,2.735862e-02,1.594397e-02,1.361600e-02,1.344926e-02,1.355775e-02,3.727421e-03,1.138313e-01
2.971552e-01,3.647972e-02,1.972213e-01,2.614791e-01,4.608917e-03,7.597025e-03,1.624313e-03,7.316720e-03,3.015243e-02,1.917572e-02,1.060502e-02,9.810097e-03,9.972525e-03,2.905759e-03,1.038962e-01
2.227691e-01,2.887404e-02,2.493190e-01,2.055296e-01,3.528298e-03,5.933411e-03,1.195417e-03,5.621202e-03,3.039773e-02,2.101596e-02,1.153149e-02,7.508113e-03,8.543717e-03,5.154864e-03,1.930781e-01
1.960526e-01,2.076345e-02,3.168506e-01,1.451463e-01,2.793968e-03,5.655876e-03,8.995029e-04,4.409118e-03,3.135869e-02,3.378164e-02,1.025177e-02,6.077525e-03,9.045037e-03,1.561390e-02,2.013001e-01
1.956035e-01,1.566713e-02,2.422704e-01,1.027715e-01,2.037917e-03,5.773769e-03,6.769890e-04,3.442704e-03,5.862330e-02,3.592831e-02,1.256088e-02,6.227529e-03,2.026469e-02,1.779206e-02,2.803594e-01
1.854191e-01,1.667103e-02,1.719081e-01,1.107169e-01,2.474593e-03,6.093325e-03,6.362845e-04,4.503751e-03,2.110837e-01,2.673580e-02,1.329485e-02,5.834840e-03,1.745579e-02,1.356576e-02,2.136062e-01
1.505630e-01,1.664319e-02,1.223954e-01,9.796572e-02,1.940556e-03,4.910153e-03,5.149205e-04,3.666425e-03,3.613108e-01,2.359030e-02,1.550511e-02,5.349197e-03,2.024365e-02,1.067463e-02,1.647270e-01
1.108996e-01,1.576975e-02,9.092607e-02,8.724789e-02,1.695563e-03,4.815165e-03,5.030069e-04,3.043459e-03,3.984101e-01,2.352584e-02,2.189857e-02,9.267766e-03,4.621669e-02,9.029356e-03,1.767513e-01
8.140939e-02,1.463287e-02,6.566468e-02,7.208265e-02,1.753720e-03,3.702336e-03,4.934670e-04,2.949222e-03,4.888127e-01,1.736081e-02,1.770014e-02,8.841809e-03,3.822912e-02,8.121968e-03,1.782451e-01
8.172150e-02,1.234845e-02,4.651314e-02,5.415068e-02,1.926650e-03,5.640337e-03,1.702451e-03,3.494842e-03,4.200284e-01,1.326743e-02,1.900793e-02,1.349709e-02,1.072229e-01,6.784018e-03,2.126941e-01
8.429527e-02,9.565980e-03,3.335669e-02,3.876496e-02,2.166567e-03,7.852598e-03,7.441708e-03,4.238055e-03,3.300597e-01,1.015812e-02,1.647872e-02,2.215127e-02,2.511854e-01,5.786126e-03,1.764989e-01
1.322512e-01,8.988585e-03,2.817989e-02,4.112810e-02,2.659264e-03,1.934361e-02,8.481888e-03,3.582658e-03,2.800980e-01,1.038954e-02,1.913865e-02,2.225330e-02,2.735804e-01,1.114169e-02,1.387833e-01
1.312869e-01,7.871514e-03,2.073615e-02,4.222775e-02,4.872450e-03,2.701194e-02,1.020705e-02,2.882226e-03,2.215586e-01,1.331487e-02,4.404059e-02,3.494808e-02,2.741712e-01,1.231817e-02,1.525525e-01
2.666845e-01,7.103031e-03,1.693295e-02,3.702638e-02,5.653846e-03,4.067680e-02,1.440772e-02,3.184337e-03,1.672024e-01,1.116079e-02,3.682548e-02,3.966904e-02,2.296302e-01,1.060595e-02,1.132366e-01
3.416505e-01,7.897130e-03,1.458863e-02,3.192988e-02,7.183919e-03,4.457999e-02,1.310073e-02,3.287061e-03,1.271276e-01,1.121591e-02,3.405441e-02,3.952517e-02,2.130141e-01,1.078727e-02,1.000577e-01
3.902041e-01,9.618605e-03,3.183831e-02,4.026556e-02,7.763373e-03,4.266841e-02,1.232025e-02,5.457916e-03,1.011132e-01,9.524713e-03,3.278993e-02,5.450163e-02,1.678775e-01,1.254363e-02,8.151285e-02
3.002506e-01,7.861629e-03,2.295381e-02,2.890476e-02,5.841836e-03,4.148940e-02,9.028923e-03,3.960040e-03,7.347395e-02,7.617397e-03,5.210209e-02,9.368788e-02,2.772387e-01,1.538486e-02,6.020410e-02
2.260451e-01,6.690455e-03,1.991697e-02,2.065904e-02,4.690484e-03,4.479788e-02,6.908040e-03,2.918946e-03,5.478938e-02,7.386625e-03,6.605922e-02,2.188673e-01,2.647979e-01,1.241946e-02,4.305311e-02
1.948316e-01,5.996109e-03,1.622275e-02,1.588534e-02,3.717925e-03,5.319750e-02,5.058294e-03,2.336182e-03,4.588575e-02,6.074589e-03,8.913299e-02,3.256277e-01,1.940636e-01,1.089402e-02,3.107562e-02
1.428522e-01,5.388211e-03,1.501951e-02,1.217435e-02,3.021310e-03,5.613303e-02,3.761632e-03,1.804632e-03,3.726472e-02,5.118886e-03,1.050415e-01,4.367914e-01,1.450690e-01,8.320223e-03,2.223947e-02
1.240801e-01,4.287189e-03,2.512438e-02,1.158359e-02,3.000107e-03,5.893020e-02,3.447494e-03,1.633567e-03,2.804827e-02,6.076691e-03,1.167708e-01,4.898887e-01,1.033838e-01,6.892059e-03,1.685298e-02
8.840506e-02,3.752678e-03,1.866338e-02,9.063431e-03,3.628575e-03,5.178092e-02,2.497634e-03,1.284567e-03,2.105362e-02,5.026508e-03,1.671220e-01,5.362426e-01,7.286683e-02,6.195382e-03,1.241673e-02
6.497011e-02,4.558967e-03,2.104233e-02,9.251590e-03,9.735002e-03,4.221312e-02,2.020724e-03,1.737652e-03,1.891253e-02,4.991381e-03,2.093187e-01,5.418583e-01,5.249125e-02,7.124324e-03,9.774015e-03
5.616756e-02,4.476709e-03,1.637732e-02,9.996157e-03,9.772311e-03,3.189548e-02,1.553035e-03,1.781177e-03,1.526927e-02,1.341008e-02,3.106292e-01,4.738744e-01,3.826459e-02,8.482149e-03,8.050608e-03
4.997730e-02,4.082391e-03,1.246108e-02,1.105353e-02,8.704796e-03,2.407034e-02,1.173350e-03,1.578452e-03,1.217989e-02,1.701499e-02,3.802561e-01,4.237192e-01,2.807883e-02,1.848297e-02,7.166820e-03
5.706283e-02,4.674145e-03,1.150072e-02,1.338888e-02,9.574869e-03,3.613377e-02,1.092482e-03,3.395333e-03,1.138762e-02,1.605586e-02,3.878446e-01,3.896269e-01,2.131945e-02,2.547725e-02,1.146526e-02
7.541141e-02,6.082343e-03,9.342625e-03,1.235441e-02,9.115065e-03,2.970777e-02,8.673744e-04,2.886544e-03,1.175971e-02,1.511692e-02,4.178157e-01,3.472672e-01,1.583595e-02,3.111372e-02,1.532323e-02
1.104512e-01,1.020736e-02,8.182093e-03,1.468495e-02,1.005839e-02,2.460472e-02,6.939154e-04,2.698238e-03,1.161474e-02,1.439073e-02,4.033294e-01,3.158179e-01,1.258459e-02,3.778920e-02,2.289257e-02
1.102119e-01,1.570307e-02,5.927445e-02,1.518714e-02,4.024217e-02,2.362520e-02,3.260207e-03,1.028576e-02,1.094891e-02,1.240407e-02,3.417040e-01,2.977498e-01,9.224260e-03,3.085256e-02,1.932658e-02
1.268379e-01,1.392524e-02,9.855685e-02,2.201180e-02,6.476421e-02,2.155332e-02,3.752812e-03,1.584850e-02,1.008656e-02,1.038917e-02,2.884150e-01,2.764443e-01,7.146101e-03,2.406792e-02,1.620041e-02
1.385613e-01,1.681513e-02,1.136741e-01,2.207004e-02,7.066716e-02,4.597759e-02,4.656848e-03,1.304461e-02,8.227012e-03,1.022542e-02,2.395493e-01,2.727070e-01,5.971129e-03,2.001634e-02,1.783706e-02
1.655568e-01,1.798796e-02,9.899164e-02,2.974554e-02,7.846055e-02,4.669758e-02,5.930760e-03,1.179946e-02,1.109912e-02,1.123546e-02,1.937502e-01,2.878842e-01,5.779272e-03,1.583402e-02,1.924748e-02
1.740497e-01,2.115629e-02,8.535301e-02,3.579208e-02,6.883568e-02,5.041606e-02,6.197537e-03,1.044810e-02,1.655649e-02,1.059490e-02,1.667347e-01,3.099355e-01,7.904972e-03,1.303730e-02,2.298784e-02
2.137096e-01,2.351420e-02,7.918891e-02,5.932370e-02,5.889840e-02,4.603728e-02,5.703925e-03,1.667360e-02,1.556969e-02,8.286544e-03,1.347135e-01,2.974710e-01,8.280325e-03,1.079948e-02,2.182980e-02
2.545291e-01,2.842500e-02,9.183747e-02,6.754156e-02,5.782592e-02,4.333119e-02,5.355875e-03,1.353319e-02,1.604672e-02,1.036687e-02,1.104620e-01,2.597430e-01,7.781373e-03,9.503909e-03,2.371682e-02
3.350641e-01,2.616099e-02,7.728958e-02,7.074280e-02,5.398766e-02,3.881418e-02,5.166125e-03,1.689119e-02,2.193428e-02,9.324599e-03,8.668262e-02,2.083181e-01,1.128929e-02,1.009812e-02,2.823631e-02
4.318112e-01,2.308692e-02,6.055482e-02,5.963857e-02,4.194710e-02,4.080167e-02,5.370353e-03,1.426431e-02,2.048149e-02,8.350989e-03,7.407622e-02,1.671893e-01,1.624615e-02,8.725304e-03,2.745558e-02
4.902014e-01,2.063008e-02,4.947444e-02,5.308172e-02,3.356377e-02,3.998374e-02,6.232054e-03,1.255603e-02,2.143959e-02,7.628258e-03,6.813694e-02,1.371585e-01,2.104585e-02,8.597529e-03,3.027011e-02
1.000000e+00,0.000000e+00,0.000000e+00,0.000000e+00,0.000000e+00,0.000000e+00,0.000000e+00,0.000000e+00,0.000000e+00,0.000000e+00,0.000000e+00,0.000000e+00,0.000000e+00,0.000000e+00,0.000000e+00
1.000000e+00,0.000000e+00,0.000000e+00,0.000000e+00,0.000000e+00,0.000000e+00,0.000000e+00,0.000000e+00,0.000000e+00,0.000000e+00,0.000000e+00,0.000000e+00,0.000000e+00,0.000000e+00,0.000000e+00
1.000000e+00,0.000000e+00,0.000000e+00,0.000000e+00,0.000000e+00,0.000000e+00,0.000000e+00,0.000000e+00,0.000000e+00,0.000000e+00,0.000000e+00,0.000000e+00,0.000000e+00,0.000000e+00,0.000000e+00
1.000000e+00,0.000000e+00,0.000000e+00,0.000000e+00,0.000000e+00,0.000000e+00,0.000000e+00,0.000000e+00,0.000000e+00,0.000000e+00,0.000000e+00,0.000000e+00,0.000000e+00,0.000000e+00,0.000000e+00
1.000000e+00,0.000000e+00,0.000000e+00,0.000000e+00,0.000000e+00,0.000000e+00,0.000000e+00,0.000000e+00,0.000000e+00,0.000000e+00,0.000000e+00,0.000000e+00,0.000000e+00,0.000000e+00,0.000000e+00
1.000000e+00,0.000000e+00,0.000000e+00,0.000000e+00,0.000000e+00,0.000000e+00,0.000000e+00,0.000000e+00,0.000000e+00,0.000000e+00,0.000000e+00,0.000000e+00,0.000000e+00,0.000000e+00,0.000000e+00
1.000000e+00,0.000000e+00,0.000000e+00,0.000000e+00,0.000000e+00,0.000000e+00,0.000000e+00,0.000000e+00,0.000000e+00,0.000000e+00,0.000000e+00,0.000000e+00,0.000000e+00,0.000000e+00,0.000000e+00
1.000000e+00,0.000000e+00,0.000000e+00,0.000000e+00,0.000000e+00,0.000000e+00,0.000000e+00,0.000000e+00,0.000000e+00,0.000000e+00,0.000000e+00,0.000000e+00,0.000000e+00,0.000000e+00,0.000000e+00
4.416319e-01,1.236134e-02,5.971164e-02,5.113607e-02,5.026973e-02,2.183877e-02,3.276501e-03,6.248881e-02,6.533855e-02,5.579934e-03,4.387449e-02,5.397502e-02,8.484868e-02,9.283826e-03,3.438468e-02
4.309705e-01,1.286494e-02,8.062705e-02,5.765612e-02,4.725073e-02,1.831895e-02,3.375174e-03,6.166384e-02,5.499808e-02,7.582469e-03,4.803674e-02,4.758994e-02,8.349913e-02,1.122055e-02,3.434578e-02
4.347002e-01,1.407174e-02,8.926477e-02,4.938426e-02,3.930424e-02,1.457881e-02,3.732799e-03,7.976170e-02,4.429992e-02,7.790630e-03,4.091736e-02,3.832531e-02,7.718886e-02,1.420824e-02,5.247117e-02
4.527954e-01,2.188617e-02,9.090339e-02,3.959472e-02,3.702225e-02,1.321660e-02,3.645514e-03,6.299376e-02,4.141922e-02,8.384691e-03,3.635836e-02,3.145668e-02,7.092910e-02,1.816931e-02,7.122482e-02
4.240266e-01,2.215145e-02,1.426588e-01,3.258095e-02,3.651606e-02,1.370493e-02,3.799976e-03,5.223243e-02,3.617194e-02,8.109845e-03,2.875956e-02,3.288903e-02,6.002983e-02,1.930120e-02,8.706737e-02
4.309565e-01,2.346238e-02,1.601134e-01,3.776162e-02,4.022488e-02,1.335964e-02,4.586619e-03,4.640528e-02,3.127996e-02,7.451135e-03,2.472051e-02,2.911076e-02,4.854450e-02,1.622489e-02,8.579792e-02
4.946118e-01,3.166435e-02,1.187792e-01,3.920971e-02,3.176528e-02,1.550119e-02,4.148880e-03,3.554488e-02,2.947417e-02,8.087578e-03,2.224325e-02,2.947361e-02,4.300548e-02,1.556136e-02,8.092927e-02
4.963036e-01,3.283336e-02,8.950529e-02,4.203174e-02,2.685812e-02,1.779841e-02,3.276355e-03,2.722517e-02,2.683966e-02,8.503987e-03,2.048337e-02,2.660102e-02,3.631107e-02,1.731253e-02,1.281164e-01
1.000000e+00,0.000000e+00,0.000000e+00,0.000000e+00,0.000000e+00,0.000000e+00,0.000000e+00,0.000000e+00,0.000000e+00,0.000000e+00,0.000000e+00,0.000000e+00,0.000000e+00,0.000000e+00,0.000000e+00
4.633459e-01,2.437426e-02,1.854636e-01,7.642090e-02,2.104364e-02,1.672840e-02,3.085321e-03,1.926444e-02,1.775439e-02,7.712909e-03,1.409070e-02,1.780866e-02,2.509878e-02,1.235331e-02,9.545475e-02
4.212009e-01,2.731828e-02,2.335492e-01,6.462343e-02,2.261443e-02,1.441558e-02,2.731100e-03,1.916055e-02,1.708171e-02,7.105188e-03,1.140902e-02,1.369203e-02,1.889552e-02,1.414010e-02,1.120629e-01
3.615303e-01,2.661141e-02,1.935538e-01,1.116739e-01,7.403528e-02,1.520795e-02,5.114881e-03,4.572559e-02,1.509192e-02,6.190560e-03,1.014078e-02,1.284044e-02,1.608049e-02,1.190548e-02,9.429726e-02
3.261206e-01,2.205851e-02,2.122688e-01,1.318349e-01,7.284079e-02,1.343302e-02,4.877892e-03,4.390952e-02,1.602397e-02,5.292994e-03,8.987645e-03,9.714294e-03,1.202105e-02,1.140638e-02,1.092097e-01
3.153673e-01,1.917383e-02,2.658172e-01,1.054538e-01,7.135996e-02,1.232561e-02,4.431950e-03,3.504441e-02,2.009871e-02,4.712697e-03,7.079032e-03,7.373442e-03,9.435058e-03,1.272144e-02,1.096055e-01
2.769381e-01,1.640157e-02,3.702850e-01,8.074952e-02,6.673782e-02,1.044937e-02,3.546662e-03,2.714575e-02,2.006804e-02,4.271992e-03,5.548411e-03,6.088676e-03,7.390945e-03,1.592764e-02,8.845054e-02
2.731980e-01,1.835149e-02,3.868257e-01,1.022038e-01,6.416472e-02,1.004510e-02,3.060770e-03,2.185570e-02,1.818681e-02,3.744766e-03,5.028245e-03,5.668256e-03,6.572746e-03,1.452252e-02,6.657127e-02
2.261608e-01,2.390889e-02,3.861008e-01,1.546010e-01,5.374890e-02,1.135086e-02,2.445845e-03,1.617452e-02,1.881438e-02,4.717113e-03,6.278026e-03,6.526599e-03,8.076520e-03,1.249001e-02,6.860578e-02
1.631081e-01,1.885345e-02,3.510363e-01,1.098315e-01,3.827739e-02,9.340623e-03,1.728706e-03,1.153745e-02,3.796784e-02,3.449287e-02,1.436988e-02,5.573474e-03,8.595617e-03,7.114752e-02,1.241392e-01
1.166876e-01,1.492217e-02,3.027839e-01,7.735483e-02,2.703304e-02,7.321211e-03,1.224557e-03,8.131008e-03,5.114722e-02,4.314648e-02,2.084466e-02,4.465959e-03,8.011343e-03,1.696050e-01,1.473210e-01
8.675179e-02,1.212990e-02,2.585282e-01,5.956168e-02,1.908186e-02,5.548987e-03,8.855148e-04,5.742329e-03,1.130353e-01,5.518726e-02,1.836346e-02,3.401157e-03,6.781345e-03,1.506969e-01,2.043043e-01
6.610431e-02,9.588924e-03,1.939145e-01,4.301969e-02,1.370061e-02,4.189479e-03,6.746478e-04,4.121770e-03,1.264728e-01,5.825688e-02,1.415004e-02,2.631088e-03,5.495271e-03,2.801412e-01,1.775389e-01
5.160683e-02,7.419670e-03,1.419303e-01,3.077055e-02,9.992125e-03,3.214084e-03,5.229663e-04,2.986298e-03,1.025716e-01,7.900658e-02,1.121610e-02,1.942170e-03,4.358674e-03,4.059661e-01,1.464961e-01
7.819097e-02,7.639171e-03,1.782017e-01,2.969155e-02,9.348915e-03,3.819356e-03,6.689691e-04,2.629625e-03,1.532501e-01,6.825171e-02,1.101637e-02,1.815788e-03,3.618331e-03,3.336673e-01,1.181901e-01
1.539389e-01,7.641388e-03,1.375282e-01,2.306449e-02,9.071290e-03,5.772398e-03,6.522076e-04,2.296535e-03,1.611872e-01,5.604595e-02,1.232734e-02,1.812119e-03,3.119966e-03,3.344025e-01,9.113945e-02
2.782324e-01,6.574308e-03,9.947464e-02,2.024326e-02,1.023539e-02,1.337504e-02,1.063323e-03,2.724321e-03,1.352010e-01,4.848259e-02,1.408402e-02,2.607168e-03,3.697503e-03,2.906671e-01,7.333795e-02
3.339295e-01,6.500629e-03,7.098297e-02,1.573076e-02,1.309636e-02,1.537246e-02,1.391292e-03,2.658426e-03,1.762848e-01,4.607254e-02,1.238056e-02,3.670868e-03,3.567652e-03,2.373305e-01,6.103063e-02
3.514089e-01,5.378579e-03,5.179263e-02,1.239892e-02,1.283262e-02,1.597754e-02,3.777691e-03,5.598838e-03,2.641132e-01,4.001535e-02,1.040237e-02,4.346187e-03,3.301237e-03,1.721055e-01,4.655044e-02
2.982795e-01,4.312871e-03,3.882520e-02,1.239151e-02,1.107828e-02,1.468563e-02,2.969505e-03,5.401113e-03,4.004842e-01,3.341613e-02,9.073566e-03,4.419208e-03,2.681963e-03,1.235146e-01,3.846678e-02
2.698657e-01,3.721912e-03,3.099790e-02,1.332765e-02,1.023511e-02,1.475612e-02,2.366519e-03,4.906889e-03,4.796635e-01,3.174242e-02,7.661766e-03,3.764464e-03,2.134837e-03,9.251709e-02,3.233819e-02
3.149970e-01,4.834155e-03,2.413483e-02,1.462685e-02,9.841775e-03,1.306196e-02,1.794691e-03,4.207392e-03,4.494045e-01,3.712278e-02,7.829143e-03,4.947260e-03,2.354371e-03,7.487767e-02,3.596576e-02
2.810935e-01,6.934179e-03,1.140857e-01,8.041596e-02,1.212889e-02,1.101740e-02,2.049706e-03,7.511197e-03,3.487148e-01,3.241606e-02,7.343751e-03,6.314379e-03,2.937753e-03,5.571383e-02,3.132290e-02
3.086543e-01,6.059582e-03,9.383037e-02,6.942553e-02,1.101939e-02,9.760960e-03,1.925891e-03,6.677791e-03,3.815817e-01,2.646632e-02,6.747365e-03,6.801836e-03,2.590947e-03,4.153595e-02,2.692216e-02
3.761974e-01,5.790144e-03,8.811089e-02,5.500500e-02,1.119966e-02,9.869106e-03,2.425613e-03,5.482206e-03,3.449356e-01,2.229974e-02,6.668065e-03,8.179699e-03,2.649406e-03,3.468763e-02,2.649996e-02
4.684663e-01,6.373043e-03,7.063536e-02,4.635397e-02,1.155504e-02,9.993734e-03,2.482148e-03,4.638607e-03,2.867198e-01,1.887318e-02,6.330546e-03,8.568002e-03,2.755380e-03,2.832393e-02,2.793110e-02
1.000000e+00,0.000000e+00,0.000000e+00,0.000000e+00,0.000000e+00,0.000000e+00,0.000000e+00,0.000000e+00,0.000000e+00,0.000000e+00,0.000000e+00,0.000000e+00,0.000000e+00,0.000000e+00,0.000000e+00
1.000000e+00,0.000000e+00,0.000000e+00,0.000000e+00,0.000000e+00,0.000000e+00,0.000000e+00,0.000000e+00,0.000000e+00,0.000000e+00,0.000000e+00,0.000000e+00,0.000000e+00,0.000000e+00,0.000000e+00
1.000000e+00,0.000000e+00,0.000000e+00,0.000000e+00,0.000000e+00,0.000000e+00,0.000000e+00,0.000000e+00,0.000000e+00,0.000000e+00,0.000000e+00,0.000000e+00,0.000000e+00,0.000000e+00,0.000000e+00
1.000000e+00,0.000000e+00,0.000000e+00,0.000000e+00,0.000000e+00,0.000000e+00,0.000000e+00,0.000000e+00,0.000000e+00,0.000000e+00,0.000000e+00,0.000000e+00,0.000000e+00,0.000000e+00,0.000000e+00
1.000000e+00,0.000000e+00,0.000000e+00,0.000000e+00,0.000000e+00,0.000000e+00,0.000000e+00,0.000000e+00,0.000000e+00,0.000000e+00,0.000000e+00,0.000000e+00,0.000000e+00,0.000000e+00,0.000000e+00
1.000000e+00,0.000000e+00,0.000000e+00,0.000000e+00,0.000000e+00,0.000000e+00,0.000000e+00,0.000000e+00,0.000000e+00,0.000000e+00,0.000000e+00,0.000000e+00,0.000000e+00,0.000000e+00,0.000000e+00
1.000000e+00,0.000000e+00,0.000000e+00,0.000000e+00,0.000000e+00,0.000000e+00,0.000000e+00,0.000000e+00,0.000000e+00,0.000000e+00,0.000000e+00,0.000000e+00,0.000000e+00,0.000000e+00,0.000000e+00
1.000000e+00,0.000000e+00,0.000000e+00,0.000000e+00,0.000000e+00,0.000000e+00,0.000000e+00,0.000000e+00,0.000000e+00,0.000000e+00,0.000000e+00,0.000000e+00,0.000000e+00,0.000000e+00,0.000000e+00
1.000000e+00,0.000000e+00,0.000000e+00,0.000000e+00,0.000000e+00,0.000000e+00,0.000000e+00,0.000000e+00,0.000000e+00,0.000000e+00,0.000000e+00,0.000000e+00,0.000000e+00,0.000000e+00,0.000000e+00
1.000000e+00,0.000000e+00,0.000000e+00,0.000000e+00,0.000000e+00,0.000000e+00,0.000000e+00,0.000000e+00,0.000000e+00,0.000000e+00,0.000000e+00,0.000000e+00,0.000000e+00,0.000000e+00,0.000000e+00
1.000000e+00,0.000000e+00,0.000000e+00,0.000000e+00,0.000000e+00,0.000000e+00,0.000000e+00,0.000000e+00,0.000000e+00,0.000000e+00,0.000000e+00,0.000000e+00,0.000000e+00,0.000000e+00,0.000000e+00
1.000000e+00,0.000000e+00,0.000000e+00,0.000000e+00,0.000000e+00,0.000000e+00,0.000000e+00,0.000000e+00,0.000000e+00,0.000000e+00,0.000000e+00,0.000000e+00,0.000000e+00,0.000000e+00,0.000000e+00
1.000000e+00,0.000000e+00,0.000000e+00,0.000000e+00,0.000000e+00,0.000000e+00,0.000000e+00,0.000000e+00,0.000000e+00,0.000000e+00,0.000000e+00,0.000000e+00,0.000000e+00,0.000000e+00,0.000000e+00
4.574492e-01,1.161768e-02,3.921632e-02,6.695337e-02,5.360751e-03,1.062771e-02,2.934727e-03,3.395742e-01,5.916701e-03,1.363540e-03,8.964995e-03,2.225617e-02,1.248800e-02,4.196444e-03,1.108013e-02
4.105276e-01,9.008409e-03,3.248446e-02,4.934477e-02,4.285578e-03,1.045812e-02,3.836521e-03,4.261697e-01,4.331252e-03,1.141599e-03,7.309355e-03,1.802037e-02,1.085121e-02,3.368320e-03,8.862603e-03
4.414725e-01,7.699875e-03,2.911881e-02,3.732524e-02,3.951582e-03,1.111028e-02,5.209267e-03,4.162109e-01,3.296422e-03,1.166244e-03,6.491903e-03,1.617756e-02,9.742714e-03,2.773868e-03,8.252822e-03
4.427965e-01,6.255597e-03,2.500074e-02,2.927254e-02,4.485805e-03,1.335880e-02,6.140823e-03,4.230942e-01,2.674090e-03,1.320256e-03,5.818918e-03,1.744921e-02,1.212231e-02,2.392821e-03,7.817395e-03
4.584393e-01,5.557094e-03,2.107472e-02,2.367762e-02,6.263536e-03,1.394863e-02,6.231802e-03,4.131569e-01,2.369085e-03,1.418069e-03,5.617314e-03,1.902312e-02,1.338283e-02,2.183767e-03,7.656207e-03
4.539821e-01,4.444302e-03,1.730158e-02,1.835131e-02,6.298890e-03,1.306897e-02,5.786661e-03,4.330008e-01,2.017902e-03,1.491948e-03,4.806056e-03,1.788629e-02,1.289265e-02,1.962157e-03,6.708352e-03
3.819859e-01,3.760876e-03,1.495903e-02,1.621949e-02,6.125100e-03,1.089022e-02,4.653453e-03,5.115091e-01,2.342784e-03,1.993598e-03,4.860603e-03,1.699095e-02,1.490399e-02,2.056314e-03,6.748666e-03
3.437910e-01,8.915233e-03,1.193234e-02,1.432464e-02,8.394829e-03,9.384020e-03,5.121139e-03,5.326835e-01,7.818495e-03,3.253384e-03,6.530473e-03,1.694255e-02,2.137158e-02,1.769389e-03,7.767428e-03
3.342402e-01,7.139126e-03,9.517038e-03,1.303705e-02,7.934251e-03,1.050775e-02,4.891430e-03,5.423023e-01,6.357334e-03,2.882723e-03,5.953068e-03,2.238685e-02,2.322360e-02,1.753107e-03,7.874190e-03
3.071123e-01,6.385732e-03,8.133315e-03,1.137824e-02,7.655604e-03,3.659172e-02,6.921465e-03,5.395746e-01,5.836304e-03,2.294302e-03,4.809880e-03,1.843379e-02,3.626891e-02,1.442415e-03,7.161372e-03
3.689333e-01,6.358124e-03,6.964763e-03,1.299119e-02,8.565368e-03,6.063645e-02,6.081368e-03,4.548950e-01,4.853650e-03,1.816829e-03,4.281861e-03,1.619191e-02,3.867179e-02,1.163613e-03,7.594770e-03
4.400949e-01,5.780669e-03,6.256661e-03,1.208431e-02,9.046205e-03,6.922875e-02,6.874824e-03,3.762049e-01,3.878587e-03,1.477539e-03,3.858694e-03,1.798116e-02,3.829260e-02,1.074719e-03,7.865431e-03
1.000000e+00,0.000000e+00,0.000000e+00,0.000000e+00,0.000000e+00,0.000000e+00,0.000000e+00,0.000000e+00,0.000000e+00,0.000000e+00,0.000000e+00,0.000000e+00,0.000000e+00,0.000000e+00,0.000000e+00
1.000000e+00,0.000000e+00,0.000000e+00,0.000000e+00,0.000000e+00,0.000000e+00,0.000000e+00,0.000000e+00,0.000000e+00,0.000000e+00,0.000000e+00,0.000000e+00,0.000000e+00,0.000000e+00,0.000000e+00
1.000000e+00,0.000000e+00,0.000000e+00,0.000000e+00,0.000000e+00,0.000000e+00,0.000000e+00,0.000000e+00,0.000000e+00,0.000000e+00,0.000000e+00,0.000000e+00,0.000000e+00,0.000000e+00,0.000000e+00
1.000000e+00,0.000000e+00,0.000000e+00,0.000000e+00,0.000000e+00,0.000000e+00,0.000000e+00,0.000000e+00,0.000000e+00,0.000000e+00,0.000000e+00,0.000000e+00,0.000000e+00,0.000000e+00,0.000000e+00
1.000000e+00,0.000000e+00,0.000000e+00,0.000000e+00,0.000000e+00,0.000000e+00,0.000000e+00,0.000000e+00,0.000000e+00,0.000000e+00,0.000000e+00,0.000000e+00,0.000000e+00,0.000000e+00,0.000000e+00
1.000000e+00,0.000000e+00,0.000000e+00,0.000000e+00,0.000000e+00,0.000000e+00,0.000000e+00,0.000000e+00,0.000000e+00,0.000000e+00,0.000000e+00,0.000000e+00,0.000000e+00,0.000000e+00,0.000000e+00
1.000000e+00,0.000000e+00,0.000000e+00,0.000000e+00,0.000000e+00,0.000000e+00,0.000000e+00,0.000000e+00,0.000000e+00,0.000000e+00,0.000000e+00,0.000000e+00,0.000000e+00,0.000000e+00,0.000000e+00
1.000000e+00,0.000000e+00,0.000000e+00,0.000000e+00,0.000000e+00,0.000000e+00,0.000000e+00,0.000000e+00,0.000000e+00,0.000000e+00,0.000000e+00,0.000000e+00,0.000000e+00,0.000000e+00,0.000000e+00
1.000000e+00,0.000000e+00,0.000000e+00,0.000000e+00,0.000000e+00,0.000000e+00,0.000000e+00,0.000000e+00,0.000000e+00,0.000000e+00,0.000000e+00,0.000000e+00,0.000000e+00,0.000000e+00,0.000000e+00
1.000000e+00,0.000000e+00,0.000000e+00,0.000000e+00,0.000000e+00,0.000000e+00,0.000000e+00,0.000000e+00,0.000000e+00,0.000000e+00,0.000000e+00,0.000000e+00,0.000000e+00,0.000000e+00,0.000000e+00
1.000000e+00,0.000000e+00,0.000000e+00,0.000000e+00,0.000000e+00,0.000000e+00,0.000000e+00,0.000000e+00,0.000000e+00,0.000000e+00,0.000000e+00,0.000000e+00,0.000000e+00,0.000000e+00,0.000000e+00
1.000000e+00,0.000000e+00,0.000000e+00,0.000000e+00,0.000000e+00,0.000000e+00,0.000000e+00,0.000000e+00,0.000000e+00,0.000000e+00,0.000000e+00,0.000000e+00,0.000000e+00,0.000000e+00,0.000000e+00
1.000000e+00,0.000000e+00,0.000000e+00,0.000000e+00,0.000000e+00,0.000000e+00,0.000000e+00,0.000000e+00,0.000000e+00,0.000000e+00,0.000000e+00,0.000000e+00,0.000000e+00,0.000000e+00,0.000000e+00
1.000000e+00,0.000000e+00,0.000000e+00,0.000000e+00,0.000000e+00,0.000000e+00,0.000000e+00,0.000000e+00,0.000000e+00,0.000000e+00,0.000000e+00,0.000000e+00,0.000000e+00,0.000000e+00,0.000000e+00
1.000000e+00,0.000000e+00,0.000000e+00,0.000000e+00,0.000000e+00,0.000000e+00,0.000000e+00,0.000000e+00,0.000000e+00,0.000000e+00,0.000000e+00,0.000000e+00,0.000000e+00,0.000000e+00,0.000000e+00
1.000000e+00,0.000000e+00,0.000000e+00,0.000000e+00,0.000000e+00,0.000000e+00,0.000000e+00,0.000000e+00,0.000000e+00,0.000000e+00,0.000000e+00,0.000000e+00,0.000000e+00,0.000000e+00,0.000000e+00
1.000000e+00,0.000000e+00,0.000000e+00,0.000000e+00,0.000000e+00,0.000000e+00,0.000000e+00,0.000000e+00,0.000000e+00,0.000000e+00,0.000000e+00,0.000000e+00,0.000000e+00,0.000000e+00,0.000000e+00
1.000000e+00,0.000000e+00,0.000000e+00,0.000000e+00,0.000000e+00,0.000000e+00,0.000000e+00,0.000000e+00,0.000000e+00,0.000000e+00,0.000000e+00,0.000000e+00,0.000000e+00,0.000000e+00,0.000000e+00
1.000000e+00,0.000000e+00,0.000000e+00,0.000000e+00,0.000000e+00,0.000000e+00,0.000000e+00,0.000000e+00,0.000000e+00,0.000000e+00,0.000000e+00,0.000000e+00,0.000000e+00,0.000000e+00,0.000000e+00
4.255457e-01,1.356233e-02,1.289995e-02,6.096373e-02,9.245983e-03,5.605894e-02,3.498989e-03,8.473339e-03,1.685400e-01,1.022358e-02,2.337461e-02,2.553530e-02,1.179571e-01,6.679268e-03,5.744118e-02
3.146018e-01,1.155088e-02,1.167168e-02,5.742207e-02,6.862332e-03,4.136223e-02,2.627214e-03,6.967514e-03,3.238129e-01,9.565607e-03,2.022256e-02,1.826269e-02,8.875636e-02,5.521705e-03,8.079252e-02
2.590839e-01,8.956700e-03,8.695472e-03,4.846833e-02,6.665761e-03,3.813913e-02,2.709448e-03,6.937452e-03,2.738684e-01,8.870749e-03,3.060008e-02,1.405498e-02,8.431077e-02,6.900514e-03,2.017384e-01
1.870945e-01,7.204913e-03,7.759233e-03,4.441326e-02,6.429244e-03,3.309887e-02,2.271691e-03,6.127118e-03,2.728842e-01,7.425031e-03,4.862070e-02,1.246324e-02,8.549327e-02,8.922001e-03,2.697928e-01
1.333416e-01,5.840952e-03,8.516381e-03,3.470420e-02,1.289872e-02,2.406485e-02,1.847986e-03,5.112314e-03,1.987925e-01,6.893762e-03,6.315234e-02,1.647078e-02,7.548063e-02,2.329998e-02,3.895830e-01
9.739280e-02,4.547163e-03,8.657603e-03,2.702706e-02,2.186784e-02,1.799020e-02,2.088759e-03,7.298229e-03,1.455458e-01,8.790395e-03,6.553869e-02,1.983248e-02,6.312018e-02,3.323562e-02,4.770672e-01
9.189665e-02,4.832029e-03,1.314753e-02,2.954632e-02,4.040895e-02,1.755626e-02,5.640187e-03,2.180804e-02,1.380054e-01,1.079633e-02,5.807422e-02,1.850332e-02,5.096560e-02,2.990258e-02,4.689166e-01
6.821353e-02,4.539314e-03,7.157955e-02,8.049788e-02,4.367254e-02,2.133578e-02,4.331818e-03,1.731105e-02,1.668505e-01,9.445341e-03,4.987326e-02,1.958278e-02,5.282016e-02,2.193007e-02,3.680164e-01
4.989669e-02,4.123385e-03,1.542847e-01,7.919560e-02,3.870011e-02,2.446911e-02,3.316442e-03,1.401095e-02,1.307687e-01,1.082884e-02,4.974512e-02,2.003664e-02,7.175200e-02,1.625363e-02,3.326182e-01
3.890018e-02,4.774633e-03,2.891786e-01,6.051552e-02,4.201686e-02,1.915168e-02,2.897038e-03,1.197987e-02,1.018092e-01,1.596038e-02,4.137108e-02,1.720534e-02,6.677395e-02,1.304228e-02,2.744234e-01
3.088227e-02,4.556607e-03,2.836249e-01,4.611574e-02,7.597782e-02,1.547754e-02,2.562871e-03,1.351356e-02,7.575746e-02,2.017071e-02,4.143446e-02,1.417492e-02,6.349525e-02,1.106734e-02,3.011886e-01
2.922325e-02,4.458735e-03,3.149540e-01,3.749584e-02,6.760225e-02,1.323776e-02,2.064931e-03,1.178772e-02,6.509897e-02,3.137271e-02,3.497047e-02,1.259462e-02,6.086702e-02,1.124343e-02,3.030283e-01
2.267468e-02,5.259052e-03,4.375349e-01,3.033848e-02,5.550004e-02,1.001194e-02,1.718787e-03,1.209858e-02,6.157734e-02,3.172564e-02,3.184838e-02,9.438746e-03,4.707097e-02,8.967419e-03,2.342351e-01
2.076958e-02,7.921476e-03,4.871356e-01,2.299627e-02,4.509288e-02,7.607336e-03,1.477827e-03,1.072817e-02,5.946324e-02,3.322301e-02,2.650049e-02,7.780746e-03,4.040588e-02,8.854203e-03,2.200432e-01
2.618081e-02,1.013360e-02,4.909968e-01,1.680546e-02,6.470453e-02,7.721429e-03,3.939599e-03,1.696768e-02,5.083121e-02,3.582473e-02,2.554959e-02,7.379564e-03,4.175217e-02,9.141111e-03,1.920717e-01
2.627464e-02,1.121446e-02,4.970546e-01,1.262663e-02,5.935795e-02,1.089697e-02,3.648790e-03,2.443407e-02,4.294171e-02,3.487217e-02,1.946869e-02,6.851509e-03,3.760856e-02,1.094778e-02,2.018014e-01
2.808490e-02,1.125557e-02,5.933197e-01,1.327111e-02,4.564712e-02,8.344047e-03,2.919761e-03,1.989299e-02,4.505777e-02,2.637357e-02,1.440279e-02,5.051174e-03,2.698871e-02,8.629933e-03,1.507608e-01
3.610685e-02,2.544286e-02,6.347135e-01,1.454318e-02,3.717060e-02,6.753325e-03,2.510510e-03,2.031728e-02,4.488583e-02,2.102101e-02,1.089912e-02,3.901221e-03,2.048612e-02,7.332915e-03,1.139157e-01
4.324545e-02,3.380116e-02,6.468174e-01,1.712612e-02,4.056316e-02,6.193048e-03,2.529614e-03,3.137526e-02,4.086860e-02,1.726675e-02,8.084335e-03,3.171023e-03,1.618833e-02,6.505214e-03,8.626444e-02
5.444904e-02,3.132037e-02,6.699762e-01,1.494364e-02,4.983933e-02,6.617530e-03,3.153755e-03,3.006778e-02,3.114843e-02,1.318278e-02,6.522509e-03,3.257189e-03,1.429842e-02,5.484052e-03,6.573892e-02
5.605421e-02,3.065173e-02,6.580794e-01,1.421140e-02,6.904583e-02,8.710399e-03,3.655270e-03,4.670683e-02,2.533649e-02,1.025566e-02,5.259868e-03,3.077572e-03,1.307104e-02,4.910043e-03,5.097420e-02
7.301632e-02,2.722462e-02,6.423286e-01,2.704217e-02,8.395612e-02,1.284378e-02,3.447593e-03,4.407637e-02,2.022499e-02,7.421926e-03,3.944621e-03,2.586921e-03,1.040147e-02,3.985843e-03,3.749862e-02
1.733328e-01,2.717492e-02,5.186073e-01,3.036439e-02,1.055155e-01,2.297579e-02,4.044907e-03,3.805872e-02,1.695986e-02,5.895697e-03,4.113952e-03,5.918127e-03,1.230120e-02,3.809565e-03,3.092715e-02
2.375648e-01,2.909635e-02,4.323169e-01,2.775417e-02,1.350363e-01,2.136473e-02,3.647000e-03,3.026266e-02,1.763574e-02,5.368395e-03,4.927441e-03,9.234549e-03,1.517244e-02,4.108397e-03,2.651018e-02
2.819964e-01,5.038068e-02,3.066516e-01,8.681438e-02,1.086318e-01,2.480737e-02,4.231263e-03,2.445091e-02,1.766517e-02,4.693707e-03,8.588975e-03,2.485601e-02,1.824088e-02,3.557118e-03,3.443378e-02
3.269069e-01,4.650292e-02,2.285546e-01,1.422060e-01,9.146047e-02,2.461366e-02,4.167659e-03,2.255871e-02,1.578250e-02,4.408083e-03,1.004599e-02,2.755431e-02,1.783750e-02,3.105522e-03,3.429525e-02
3.995677e-01,3.884872e-02,2.236138e-01,1.201396e-01,7.022372e-02,2.153671e-02,4.039974e-03,1.790018e-02,1.281877e-02,4.111274e-03,9.390509e-03,3.011310e-02,1.530506e-02,2.879634e-03,2.951140e-02
4.728503e-01,2.983036e-02,1.741911e-01,1.204049e-01,6.516192e-02,2.090546e-02,3.369838e-03,1.440764e-02,1.347409e-02,3.687754e-03,8.798648e-03,2.871456e-02,1.535085e-02,3.294438e-03,2.555810e-02
1.000000e+00,0.000000e+00,0.000000e+00,0.000000e+00,0.000000e+00,0.000000e+00,0.000000e+00,0.000000e+00,0.000000e+00,0.000000e+00,0.000000e+00,0.000000e+00,0.000000e+00,0.000000e+00,0.000000e+00
1.000000e+00,0.000000e+00,0.000000e+00,0.000000e+00,0.000000e+00,0.000000e+00,0.000000e+00,0.000000e+00,0.000000e+00,0.000000e+00,0.000000e+00,0.000000e+00,0.000000e+00,0.000000e+00,0.000000e+00
1.000000e+00,0.000000e+00,0.000000e+00,0.000000e+00,0.000000e+00,0.000000e+00,0.000000e+00,0.000000e+00,0.000000e+00,0.000000e+00,0.000000e+00,0.000000e+00,0.000000e+00,0.000000e+00,0.000000e+00
1.000000e+00,0.000000e+00,0.000000e+00,0.000000e+00,0.000000e+00,0.000000e+00,0.000000e+00,0.000000e+00,0.000000e+00,0.000000e+00,0.000000e+00,0.000000e+00,0.000000e+00,0.000000e+00,0.000000e+00
1.000000e+00,0.000000e+00,0.000000e+00,0.000000e+00,0.000000e+00,0.000000e+00,0.000000e+00,0.000000e+00,0.000000e+00,0.000000e+00,0.000000e+00,0.000000e+00,0.000000e+00,0.000000e+00,0.000000e+00
1.000000e+00,0.000000e+00,0.000000e+00,0.000000e+00,0.000000e+00,0.000000e+00,0.000000e+00,0.000000e+00,0.000000e+00,0.000000e+00,0.000000e+00,0.000000e+00,0.000000e+00,0.000000e+00,0.000000e+00
1.000000e+00,0.000000e+00,0.000000e+00,0.000000e+00,0.000000e+00,0.000000e+00,0.000000e+00,0.000000e+00,0.000000e+00,0.000000e+00,0.000000e+00,0.000000e+00,0.000000e+00,0.000000e+00,0.000000e+00
1.000000e+00,0.000000e+00,0.000000e+00,0.000000e+00,0.000000e+00,0.000000e+00,0.000000e+00,0.000000e+00,0.000000e+00,0.000000e+00,0.000000e+00,0.000000e+00,0.000000e+00,0.000000e+00,0.000000e+00
1.000000e+00,0.000000e+00,0.000000e+00,0.000000e+00,0.000000e+00,0.000000e+00,0.000000e+00,0.000000e+00,0.000000e+00,0.000000e+00,0.000000e+00,0.000000e+00,0.000000e+00,0.000000e+00,0.000000e+00
1.000000e+00,0.000000e+00,0.000000e+00,0.000000e+00,0.000000e+00,0.000000e+00,0.000000e+00,0.000000e+00,0.000000e+00,0.000000e+00,0.000000e+00,0.000000e+00,0.000000e+00,0.000000e+00,0.000000e+00
1.000000e+00,0.000000e+00,0.000000e+00,0.000000e+00,0.000000e+00,0.000000e+00,0.000000e+00,0.000000e+00,0.000000e+00,0.000000e+00,0.000000e+00,0.000000e+00,0.000000e+00,0.000000e+00,0.000000e+00
1.000000e+00,0.000000e+00,0.000000e+00,0.000000e+00,0.000000e+00,0.000000e+00,0.000000e+00,0.000000e+00,0.000000e+00,0.000000e+00,0.000000e+00,0.000000e+00,0.000000e+00,0.000000e+00,0.000000e+00
1.000000e+00,0.000000e+00,0.000000e+00,0.000000e+00,0.000000e+00,0.000000e+00,0.000000e+00,0.000000e+00,0.000000e+00,0.000000e+00,0.000000e+00,0.000000e+00,0.000000e+00,0.000000e+00,0.000000e+00
1.000000e+00,0.000000e+00,0.000000e+00,0.000000e+00,0.000000e+00,0.000000e+00,0.000000e+00,0.000000e+00,0.000000e+00,0.000000e+00,0.000000e+00,0.000000e+00,0.000000e+00,0.000000e+00,0.000000e+00
1.000000e+00,0.000000e+00,0.000000e+00,0.000000e+00,0.000000e+00,0.000000e+00,0.000000e+00,0.000000e+00,0.000000e+00,0.000000e+00,0.000000e+00,0.000000e+00,0.000000e+00,0.000000e+00,0.000000e+00
1.000000e+00,0.000000e+00,0.000000e+00,0.000000e+00,0.000000e+00,0.000000e+00,0.000000e+00,0.000000e+00,0.000000e+00,0.000000e+00,0.000000e+00,0.000000e+00,0.000000e+00,0.000000e+00,0.000000e+00
1.000000e+00,0.000000e+00,0.000000e+00,0.000000e+00,0.000000e+00,0.000000e+00,0.000000e+00,0.000000e+00,0.000000e+00,0.000000e+00,0.000000e+00,0.000000e+00,0.000000e+00,0.000000e+00,0.000000e+00
1.000000e+00,0.000000e+00,0.000000e+00,0.000000e+00,0.000000e+00,0.000000e+00,0.000000e+00,0.000000e+00,0.000000e+00,0.000000e+00,0.000000e+00,0.000000e+00,0.000000e+00,0.000000e+00,0.000000e+00
1.000000e+00,0.000000e+00,0.000000e+00,0.000000e+00,0.000000e+00,0.000000e+00,0.000000e+00,0.000000e+00,0.000000e+00,0.000000e+00,0.000000e+00,0.000000e+00,0.000000e+00,0.000000e+00,0.000000e+00
1.000000e+00,0.000000e+00,0.000000e+00,0.000000e+00,0.000000e+00,0.000000e+00,0.000000e+00,0.000000e+00,0.000000e+00,0.000000e+00,0.000000e+00,0.000000e+00,0.000000e+00,0.000000e+00,0.000000e+00
1.000000e+00,0.000000e+00,0.000000e+00,0.000000e+00,0.000000e+00,0.000000e+00,0.000000e+00,0.000000e+00,0.000000e+00,0.000000e+00,0.000000e+00,0.000000e+00,0.000000e+00,0.000000e+00,0.000000e+00
1.000000e+00,0.000000e+00,0.000000e+00,0.000000e+00,0.000000e+00,0.000000e+00,0.000000e+00,0.000000e+00,0.000000e+00,0.000000e+00,0.000000e+00,0.000000e+00,0.000000e+00,0.000000e+00,0.000000e+00
1.000000e+00,0.000000e+00,0.000000e+00,0.000000e+00,0.000000e+00,0.000000e+00,0.000000e+00,0.000000e+00,0.000000e+00,0.000000e+00,0.000000e+00,0.000000e+00,0.000000e+00,0.000000e+00,0.000000e+00
1.000000e+00,0.000000e+00,0.000000e+00,0.000000e+00,0.000000e+00,0.000000e+00,0.000000e+00,0.000000e+00,0.000000e+00,0.000000e+00,0.000000e+00,0.000000e+00,0.000000e+00,0.000000e+00,0.000000e+00
1.000000e+00,0.000000e+00,0.000000e+00,0.000000e+00,0.000000e+00,0.000000e+00,0.000000e+00,0.000000e+00,0.000000e+00,0.000000e+00,0.000000e+00,0.000000e+00,0.000000e+00,0.000000e+00,0.000000e+00
1.000000e+00,0.000000e+00,0.000000e+00,0.000000e+00,0.000000e+00,0.000000e+00,0.000000e+00,0.000000e+00,0.000000e+00,0.000000e+00,0.000000e+00,0.000000e+00,0.000000e+00,0.000000e+00,0.000000e+00
1.000000e+00,0.000000e+00,0.000000e+00,0.000000e+00,0.000000e+00,0.000000e+00,0.000000e+00,0.000000e+00,0.000000e+00,0.000000e+00,0.000000e+00,0.000000e+00,0.000000e+00,0.000000e+00,0.000000e+00
1.000000e+00,0.000000e+00,0.000000e+00,0.000000e+00,0.000000e+00,0.000000e+00,0.000000e+00,0.000000e+00,0.000000e+00,0.000000e+00,0.000000e+00,0.000000e+00,0.000000e+00,0.000000e+00,0.000000e+00
1.000000e+00,0.000000e+00,0.000000e+00,0.000000e+00,0.000000e+00,0.000000e+00,0.000000e+00,0.000000e+00,0.000000e+00,0.000000e+00,0.000000e+00,0.000000e+00,0.000000e+00,0.000000e+00,0.000000e+00
1.000000e+00,0.000000e+00,0.000000e+00,0.000000e+00,0.000000e+00,0.000000e+00,0.000000e+00,0.000000e+00,0.000000e+00,0.000000e+00,0.000000e+00,0.000000e+00,0.000000e+00,0.000000e+00,0.000000e+00
1.000000e+00,0.000000e+00,0.000000e+00,0.000000e+00,0.000000e+00,0.000000e+00,0.000000e+00,0.000000e+00,0.000000e+00,0.000000e+00,0.000000e+00,0.000000e+00,0.000000e+00,0.000000e+00,0.000000e+00
1.000000e+00,0.000000e+00,0.000000e+00,0.000000e+00,0.000000e+00,0.000000e+00,0.000000e+00,0.000000e+00,0.000000e+00,0.000000e+00,0.000000e+00,0.000000e+00,0.000000e+00,0.000000e+00,0.000000e+00
1.000000e+00,0.000000e+00,0.000000e+00,0.000000e+00,0.000000e+00,0.000000e+00,0.000000e+00,0.000000e+00,0.000000e+00,0.000000e+00,0.000000e+00,0.000000e+00,0.000000e+00,0.000000e+00,0.000000e+00
1.000000e+00,0.000000e+00,0.000000e+00,0.000000e+00,0.000000e+00,0.000000e+00,0.000000e+00,0.000000e+00,0.000000e+00,0.000000e+00,0.000000e+00,0.000000e+00,0.000000e+00,0.000000e+00,0.000000e+00
1.000000e+00,0.000000e+00,0.000000e+00,0.000000e+00,0.000000e+00,0.000000e+00,0.000000e+00,0.000000e+00,0.000000e+00,0.000000e+00,0.000000e+00,0.000000e+00,0.000000e+00,0.000000e+00,0.000000e+00
1.000000e+00,0.000000e+00,0.000000e+00,0.000000e+00,0.000000e+00,0.000000e+00,0.000000e+00,0.000000e+00,0.000000e+00,0.000000e+00,0.000000e+00,0.000000e+00,0.000000e+00,0.000000e+00,0.000000e+00
4.942241e-01,6.714073e-03,9.759312e-03,1.064732e-02,1.142833e-02,1.112278e-01,6.794319e-03,4.257143e-03,1.433834e-02,1.825361e-03,9.816512e-03,1.864885e-02,2.783124e-01,2.877585e-03,1.912866e-02
3.592129e-01,5.029590e-03,8.400509e-03,8.015500e-03,8.637560e-03,2.956347e-01,5.053249e-03,3.046578e-03,1.125710e-02,1.698079e-03,1.044660e-02,5.272396e-02,2.142643e-01,2.210205e-03,1.436915e-02
3.519381e-01,8.056488e-03,1.319657e-02,7.410364e-03,1.158269e-02,2.323383e-01,4.803280e-03,5.109215e-03,5.809699e-02,3.232704e-03,2.067286e-02,5.670915e-02,2.042605e-01,2.352295e-03,2.024049e-02
3.131082e-01,1.391250e-02,1.150884e-02,1.612341e-02,1.481685e-02,1.989995e-01,4.075428e-03,4.700546e-03,1.536315e-01,3.309029e-03,1.798618e-02,4.334717e-02,1.794440e-01,1.921020e-03,2.311569e-02
2.443522e-01,2.451917e-02,2.032282e-02,5.002135e-02,1.215587e-02,1.609383e-01,3.277289e-03,3.604961e-03,2.696570e-01,4.544488e-03,1.597766e-02,3.449137e-02,1.352591e-01,1.487303e-03,1.939116e-02
2.236962e-01,2.817408e-02,1.763244e-02,7.562239e-02,1.137642e-02,1.197184e-01,2.679322e-03,2.858730e-03,3.413626e-01,4.623938e-03,1.538396e-02,2.907835e-02,1.012826e-01,1.369170e-03,2.514145e-02
1.859144e-01,4.044661e-02,1.710916e-02,1.060562e-01,9.274354e-03,8.583187e-02,2.097287e-03,2.239469e-03,4.050967e-01,5.262949e-03,1.286282e-02,2.253996e-02,7.805689e-02,1.101105e-03,2.611022e-02
1.463981e-01,4.489376e-02,1.584243e-02,9.326932e-02,1.017104e-02,6.432652e-02,1.928916e-03,1.829906e-03,4.864188e-01,6.867073e-03,1.546293e-02,1.807416e-02,6.203875e-02,9.796082e-04,3.149868e-02
1.148046e-01,7.703717e-02,2.276865e-02,1.516516e-01,8.480889e-03,4.708554e-02,1.445665e-03,1.724200e-03,4.466200e-01,7.202992e-03,1.219638e-02,1.294990e-02,4.515176e-02,8.562830e-04,5.002437e-02
1.363716e-01,6.443783e-02,1.932631e-02,1.157361e-01,2.201248e-02,5.280521e-02,2.626510e-03,2.386631e-03,4.754782e-01,6.618452e-03,9.810207e-03,9.629706e-03,3.362704e-02,1.090649e-03,4.804305e-02
1.143511e-01,5.600404e-02,2.513454e-02,2.172026e-01,2.381562e-02,4.103519e-02,2.389697e-03,4.932813e-03,4.105720e-01,6.940123e-03,1.053029e-02,7.904193e-03,2.629997e-02,1.099735e-03,5.178801e-02
1.613803e-01,4.378220e-02,1.939351e-02,1.677377e-01,3.527137e-02,4.979719e-02,4.054694e-03,8.535229e-03,4.156595e-01,6.381676e-03,9.354386e-03,6.993044e-03,2.057887e-02,1.398662e-03,4.968170e-02
2.382427e-01,3.821156e-02,2.097817e-02,1.473641e-01,3.747293e-02,4.726256e-02,4.425007e-03,1.414095e-02,3.439048e-01,7.575046e-03,1.124766e-02,1.093586e-02,1.906116e-02,1.994025e-03,5.718339e-02
2.774352e-01,3.500733e-02,1.622789e-02,1.120093e-01,4.160681e-02,5.115863e-02,3.814221e-03,2.934634e-02,3.360787e-01,7.489198e-03,1.113647e-02,8.963002e-03,1.655726e-02,2.199063e-03,5.097063e-02
2.505221e-01,2.956767e-02,1.720056e-02,1.172723e-01,4.700135e-02,7.098629e-02,3.937582e-03,1.058046e-01,2.746155e-01,6.956459e-03,1.037916e-02,8.450255e-03,1.390650e-02,1.815315e-03,4.158444e-02
2.285960e-01,3.268392e-02,2.205787e-02,9.806845e-02,4.435055e-02,6.389286e-02,3.792555e-03,1.152139e-01,2.880084e-01,1.200180e-02,9.255549e-03,6.923892e-03,1.459257e-02,2.845939e-03,5.771568e-02
2.376906e-01,3.670508e-02,2.331276e-02,8.929353e-02,4.087349e-02,5.376398e-02,3.813472e-03,1.298069e-01,2.935287e-01,1.025815e-02,8.380929e-03,6.734279e-03,1.267352e-02,3.683237e-03,4.948135e-02
2.375575e-01,3.251019e-02,2.948502e-02,7.652725e-02,3.402278e-02,4.515525e-02,3.291430e-03,2.086997e-01,2.491321e-01,9.435975e-03,7.307806e-03,5.899229e-03,1.159022e-02,3.940328e-03,4.544521e-02
2.428474e-01,3.588355e-02,2.539974e-02,6.361344e-02,2.921139e-02,3.677788e-02,2.960637e-03,2.726050e-01,2.189082e-01,8.489419e-03,6.867621e-03,4.969405e-03,1.026126e-02,3.512239e-03,3.769282e-02
2.134046e-01,2.739595e-02,2.005675e-02,4.849501e-02,2.149557e-02,2.697406e-02,2.199584e-03,4.177776e-01,1.681744e-01,6.310696e-03,5.487922e-03,3.812745e-03,7.708133e-03,2.665373e-03,2.804163e-02
2.996775e-01,2.565492e-02,1.562432e-02,3.613069e-02,1.786335e-02,2.013517e-02,1.815299e-03,3.961567e-01,1.442484e-01,4.803666e-03,4.887363e-03,3.251731e-03,6.403098e-03,2.312072e-03,2.103565e-02
3.937472e-01,2.053430e-02,1.234858e-02,2.729991e-02,1.449575e-02,1.574645e-02,1.682381e-03,3.602736e-01,1.183004e-01,3.472979e-03,4.664989e-03,3.224964e-03,6.764838e-03,1.855605e-03,1.558794e-02
4.106636e-01,2.084269e-02,1.031266e-02,2.128601e-02,1.498700e-02,1.290161e-02,1.537974e-03,3.636715e-01,1.144898e-01,2.596156e-03,3.851888e-03,2.771964e-03,5.723093e-03,1.562342e-03,1.280170e-02
3.663546e-01,1.746486e-02,1.645444e-02,2.870270e-02,1.696640e-02,9.847506e-03,1.544805e-03,4.237151e-01,9.551865e-02,1.974907e-03,3.159270e-03,2.699116e-03,4.540621e-03,1.223597e-03,9.833427e-03
3.207504e-01,1.479690e-02,1.389465e-02,2.519061e-02,1.845818e-02,8.623163e-03,1.375822e-03,4.822982e-01,9.667584e-02,1.428097e-03,2.395648e-03,2.220510e-03,3.551116e-03,9.710804e-04,7.369828e-03
3.091815e-01,1.165179e-02,2.746646e-02,3.812694e-02,1.907129e-02,8.304069e-03,1.351710e-03,4.585244e-01,1.096907e-01,1.077274e-03,2.184044e-03,3.866000e-03,3.156116e-03,8.722959e-04,5.475547e-03
3.311022e-01,9.502672e-03,3.357420e-02,4.490532e-02,1.947404e-02,1.315779e-02,1.131423e-03,4.073233e-01,1.260786e-01,7.782226e-04,1.797944e-03,3.431090e-03,2.990090e-03,7.159958e-04,4.037157e-03
3.739123e-01,8.792113e-03,3.643418e-02,4.171868e-02,1.833354e-02,1.486108e-02,1.501763e-03,3.493107e-01,1.422656e-01,6.185186e-04,1.572398e-03,3.949966e-03,2.820517e-03,6.330099e-04,3.275598e-03
3.157343e-01,9.427692e-03,8.033398e-02,6.373793e-02,1.997652e-02,2.493683e-02,1.749635e-03,3.156099e-01,1.566243e-01,6.332312e-04,1.426189e-03,3.333787e-03,2.471283e-03,5.839823e-04,3.420455e-03
3.307891e-01,1.646238e-02,7.140992e-02,7.360657e-02,4.622672e-02,2.037982e-02,1.733380e-03,2.571107e-01,1.460003e-01,2.298031e-03,3.958524e-03,5.769061e-03,4.849910e-03,2.132717e-03,1.727289e-02
2.840926e-01,1.707323e-02,5.989840e-02,6.300235e-02,3.771719e-02,1.536855e-02,1.373847e-03,2.318330e-01,1.850108e-01,1.021066e-02,6.579470e-03,5.230238e-03,7.229750e-03,5.650218e-03,6.972974e-02
2.653851e-01,1.447685e-02,4.826557e-02,5.520129e-02,3.131868e-02,1.226888e-02,1.167527e-03,2.308503e-01,2.365409e-01,8.489836e-03,7.317541e-03,4.928692e-03,1.055490e-02,6.936512e-03,6.629743e-02
2.241226e-01,1.176217e-02,4.645527e-02,5.842844e-02,2.460236e-02,9.889369e-03,1.494376e-03,2.185176e-01,3.114401e-01,6.989927e-03,9.283753e-03,5.849048e-03,1.335487e-02,6.400798e-03,5.140931e-02
2.523257e-01,9.267873e-03,5.118784e-02,7.703805e-02,2.141336e-02,8.569233e-03,2.078661e-03,2.728086e-01,2.326114e-01,5.289616e-03,7.901804e-03,4.886243e-03,1.194458e-02,5.457911e-03,3.721909e-02
3.686137e-01,9.855323e-03,4.708456e-02,7.267103e-02,2.529824e-02,8.923746e-03,2.098945e-03,2.359810e-01,1.683009e-01,4.191455e-03,6.877345e-03,4.472174e-03,1.164649e-02,5.744311e-03,2.824080e-02
1.000000e+00,0.000000e+00,0.000000e+00,0.000000e+00,0.000000e+00,0.000000e+00,0.000000e+00,0.000000e+00,0.000000e+00,0.000000e+00,0.000000e+00,0.000000e+00,0.000000e+00,0.000000e+00,0.000000e+00
1.000000e+00,0.000000e+00,0.000000e+00,0.000000e+00,0.000000e+00,0.000000e+00,0.000000e+00,0.000000e+00,0.000000e+00,0.000000e+00,0.000000e+00,0.000000e+00,0.000000e+00,0.000000e+00,0.000000e+00
1.000000e+00,0.000000e+00,0.000000e+00,0.000000e+00,0.000000e+00,0.000000e+00,0.000000e+00,0.000000e+00,0.000000e+00,0.000000e+00,0.000000e+00,0.000000e+00,0.000000e+00,0.000000e+00,0.000000e+00
1.000000e+00,0.000000e+00,0.000000e+00,0.000000e+00,0.000000e+00,0.000000e+00,0.000000e+00,0.000000e+00,0.000000e+00,0.000000e+00,0.000000e+00,0.000000e+00,0.000000e+00,0.000000e+00,0.000000e+00
1.000000e+00,0.000000e+00,0.000000e+00,0.000000e+00,0.000000e+00,0.000000e+00,0.000000e+00,0.000000e+00,0.000000e+00,0.000000e+00,0.000000e+00,0.000000e+00,0.000000e+00,0.000000e+00,0.000000e+00
1.000000e+00,0.000000e+00,0.000000e+00,0.000000e+00,0.000000e+00,0.000000e+00,0.000000e+00,0.000000e+00,0.000000e+00,0.000000e+00,0.000000e+00,0.000000e+00,0.000000e+00,0.000000e+00,0.000000e+00
1.000000e+00,0.000000e+00,0.000000e+00,0.000000e+00,0.000000e+00,0.000000e+00,0.000000e+00,0.000000e+00,0.000000e+00,0.000000e+00,0.000000e+00,0.000000e+00,0.000000e+00,0.000000e+00,0.000000e+00
1.000000e+00,0.000000e+00,0.000000e+00,0.000000e+00,0.000000e+00,0.000000e+00,0.000000e+00,0.000000e+00,0.000000e+00,0.000000e+00,0.000000e+00,0.000000e+00,0.000000e+00,0.000000e+00,0.000000e+00
1.000000e+00,0.000000e+00,0.000000e+00,0.000000e+00,0.000000e+00,0.000000e+00,0.000000e+00,0.000000e+00,0.000000e+00,0.000000e+00,0.000000e+00,0.000000e+00,0.000000e+00,0.000000e+00,0.000000e+00
1.000000e+00,0.000000e+00,0.000000e+00,0.000000e+00,0.000000e+00,0.000000e+00,0.000000e+00,0.000000e+00,0.000000e+00,0.000000e+00,0.000000e+00,0.000000e+00,0.000000e+00,0.000000e+00,0.000000e+00
1.000000e+00,0.000000e+00,0.000000e+00,0.000000e+00,0.000000e+00,0.000000e+00,0.000000e+00,0.000000e+00,0.000000e+00,0.000000e+00,0.000000e+00,0.000000e+00,0.000000e+00,0.000000e+00,0.000000e+00
1.000000e+00,0.000000e+00,0.000000e+00,0.000000e+00,0.000000e+00,0.000000e+00,0.000000e+00,0.000000e+00,0.000000e+00,0.000000e+00,0.000000e+00,0.000000e+00,0.000000e+00,0.000000e+00,0.000000e+00
1.000000e+00,0.000000e+00,0.000000e+00,0.000000e+00,0.000000e+00,0.000000e+00,0.000000e+00,0.000000e+00,0.000000e+00,0.000000e+00,0.000000e+00,0.000000e+00,0.000000e+00,0.000000e+00,0.000000e+00
1.000000e+00,0.000000e+00,0.000000e+00,0.000000e+00,0.000000e+00,0.000000e+00,0.000000e+00,0.000000e+00,0.000000e+00,0.000000e+00,0.000000e+00,0.000000e+00,0.000000e+00,0.000000e+00,0.000000e+00
1.000000e+00,0.000000e+00,0.000000e+00,0.000000e+00,0.000000e+00,0.000000e+00,0.000000e+00,0.000000e+00,0.000000e+00,0.000000e+00,0.000000e+00,0.000000e+00,0.000000e+00,0.000000e+00,0.000000e+00
1.000000e+00,0.000000e+00,0.000000e+00,0.000000e+00,0.000000e+00,0.000000e+00,0.000000e+00,0.000000e+00,0.000000e+00,0.000000e+00,0.000000e+00,0.000000e+00,0.000000e+00,0.000000e+00,0.000000e+00
1.000000e+00,0.000000e+00,0.000000e+00,0.000000e+00,0.000000e+00,0.000000e+00,0.000000e+00,0.000000e+00,0.000000e+00,0.000000e+00,0.000000e+00,0.000000e+00,0.000000e+00,0.000000e+00,0.000000e+00
1.000000e+00,0.000000e+00,0.000000e+00,0.000000e+00,0.000000e+00,0.000000e+00,0.000000e+00,0.000000e+00,0.000000e+00,0.000000e+00,0.000000e+00,0.000000e+00,0.000000e+00,0.000000e+00,0.000000e+00
1.000000e+00,0.000000e+00,0.000000e+00,0.000000e+00,0.000000e+00,0.000000e+00,0.000000e+00,0.000000e+00,0.000000e+00,0.000000e+00,0.000000e+00,0.000000e+00,0.000000e+00,0.000000e+00,0.000000e+00
1.000000e+00,0.000000e+00,0.000000e+00,0.000000e+00,0.000000e+00,0.000000e+00,0.000000e+00,0.000000e+00,0.000000e+00,0.000000e+00,0.000000e+00,0.000000e+00,0.000000e+00,0.000000e+00,0.000000e+00
1.000000e+00,0.000000e+00,0.000000e+00,0.000000e+00,0.000000e+00,0.000000e+00,0.000000e+00,0.000000e+00,0.000000e+00,0.000000e+00,0.000000e+00,0.000000e+00,0.000000e+00,0.000000e+00,0.000000e+00
1.000000e+00,0.000000e+00,0.000000e+00,0.000000e+00,0.000000e+00,0.000000e+00,0.000000e+00,0.000000e+00,0.000000e+00,0.000000e+00,0.000000e+00,0.000000e+00,0.000000e+00,0.000000e+00,0.000000e+00
1.000000e+00,0.000000e+00,0.000000e+00,0.000000e+00,0.000000e+00,0.000000e+00,0.000000e+00,0.000000e+00,0.000000e+00,0.000000e+00,0.000000e+00,0.000000e+00,0.000000e+00,0.000000e+00,0.000000e+00
1.000000e+00,0.000000e+00,0.000000e+00,0.000000e+00,0.000000e+00,0.000000e+00,0.000000e+00,0.000000e+00,0.000000e+00,0.000000e+00,0.000000e+00,0.000000e+00,0.000000e+00,0.000000e+00,0.000000e+00
1.000000e+00,0.000000e+00,0.000000e+00,0.000000e+00,0.000000e+00,0.000000e+00,0.000000e+00,0.000000e+00,0.000000e+00,0.000000e+00,0.000000e+00,0.000000e+00,0.000000e+00,0.000000e+00,0.000000e+00
1.000000e+00,0.000000e+00,0.000000e+00,0.000000e+00,0.000000e+00,0.000000e+00,0.000000e+00,0.000000e+00,0.000000e+00,0.000000e+00,0.000000e+00,0.000000e+00,0.000000e+00,0.000000e+00,0.000000e+00
1.000000e+00,0.000000e+00,0.000000e+00,0.000000e+00,0.000000e+00,0.000000e+00,0.000000e+00,0.000000e+00,0.000000e+00,0.000000e+00,0.000000e+00,0.000000e+00,0.000000e+00,0.000000e+00,0.000000e+00
1.000000e+00,0.000000e+00,0.000000e+00,0.000000e+00,0.000000e+00,0.000000e+00,0.000000e+00,0.000000e+00,0.000000e+00,0.000000e+00,0.000000e+00,0.000000e+00,0.000000e+00,0.000000e+00,0.000000e+00
1.000000e+00,0.000000e+00,0.000000e+00,0.000000e+00,0.000000e+00,0.000000e+00,0.000000e+00,0.000000e+00,0.000000e+00,0.000000e+00,0.000000e+00,0.000000e+00,0.000000e+00,0.000000e+00,0.000000e+00
1.000000e+00,0.000000e+00,0.000000e+00,0.000000e+00,0.000000e+00,0.000000e+00,0.000000e+00,0.000000e+00,0.000000e+00,0.000000e+00,0.000000e+00,0.000000e+00,0.000000e+00,0.000000e+00,0.000000e+00
1.000000e+00,0.000000e+00,0.000000e+00,0.000000e+00,0.000000e+00,0.000000e+00,0.000000e+00,0.000000e+00,0.000000e+00,0.000000e+00,0.000000e+00,0.000000e+00,0.000000e+00,0.000000e+00,0.000000e+00
1.000000e+00,0.000000e+00,0.000000e+00,0.000000e+00,0.000000e+00,0.000000e+00,0.000000e+00,0.000000e+00,0.000000e+00,0.000000e+00,0.000000e+00,0.000000e+00,0.000000e+00,0.000000e+00,0.000000e+00
1.000000e+00,0.000000e+00,0.000000e+00,0.000000e+00,0.000000e+00,0.000000e+00,0.000000e+00,0.000000e+00,0.000000e+00,0.000000e+00,0.000000e+00,0.000000e+00,0.000000e+00,0.000000e+00,0.000000e+00
1.000000e+00,0.000000e+00,0.000000e+00,0.000000e+00,0.000000e+00,0.000000e+00,0.000000e+00,0.000000e+00,0.000000e+00,0.000000e+00,0.000000e+00,0.000000e+00,0.000000e+00,0.000000e+00,0.000000e+00
1.000000e+00,0.000000e+00,0.000000e+00,0.000000e+00,0.000000e+00,0.000000e+00,0.000000e+00,0.000000e+00,0.000000e+00,0.000000e+00,0.000000e+00,0.000000e+00,0.000000e+00,0.000000e+00,0.000000e+00
1.000000e+00,0.000000e+00,0.000000e+00,0.000000e+00,0.000000e+00,0.000000e+00,0.000000e+00,0.000000e+00,0.000000e+00,0.000000e+00,0.000000e+00,0.000000e+00,0.000000e+00,0.000000e+00,0.000000e+00
1.000000e+00,0.000000e+00,0.000000e+00,0.000000e+00,0.000000e+00,0.000000e+00,0.000000e+00,0.000000e+00,0.000000e+00,0.000000e+00,0.000000e+00,0.000000e+00,0.000000e+00,0.000000e+00,0.000000e+00
1.000000e+00,0.000000e+00,0.000000e+00,0.000000e+00,0.000000e+00,0.000000e+00,0.000000e+00,0.000000e+00,0.000000e+00,0.000000e+00,0.000000e+00,0.000000e+00,0.000000e+00,0.000000e+00,0.000000e+00
1.000000e+00,0.000000e+00,0.000000e+00,0.000000e+00,0.000000e+00,0.000000e+00,0.000000e+00,0.000000e+00,0.000000e+00,0.000000e+00,0.000000e+00,0.000000e+00,0.000000e+00,0.000000e+00,0.000000e+00
4.140462e-01,1.556692e-02,3.839043e-02,2.655915e-01,1.071156e-02,1.545232e-02,3.845864e-03,3.634673e-02,2.935311e-02,8.364514e-03,2.484063e-02,5.666595e-02,4.079174e-02,3.544616e-03,3.648800e-02
3.823288e-01,1.309192e-02,3.562344e-02,2.892907e-01,1.031573e-02,1.276793e-02,3.083090e-03,2.858492e-02,2.957535e-02,7.320930e-03,3.727564e-02,5.298612e-02,6.390328e-02,3.551613e-03,3.030054e-02
4.096947e-01,1.057627e-02,2.801583e-02,2.252792e-01,2.077782e-02,9.991198e-03,2.620340e-03,2.240893e-02,3.021867e-02,5.720885e-03,5.215400e-02,4.903035e-02,1.064129e-01,4.013735e-03,2.308515e-02
4.746865e-01,9.576934e-03,2.480157e-02,1.723999e-01,1.870621e-02,9.685690e-03,2.800565e-03,2.324574e-02,3.675736e-02,5.375034e-03,5.545191e-02,4.612697e-02,9.670594e-02,3.861319e-03,1.981835e-02
1.000000e+00,0.000000e+00,0.000000e+00,0.000000e+00,0.000000e+00,0.000000e+00,0.000000e+00,0.000000e+00,0.000000e+00,0.000000e+00,0.000000e+00,0.000000e+00,0.000000e+00,0.000000e+00,0.000000e+00
1.000000e+00,0.000000e+00,0.000000e+00,0.000000e+00,0.000000e+00,0.000000e+00,0.000000e+00,0.000000e+00,0.000000e+00,0.000000e+00,0.000000e+00,0.000000e+00,0.000000e+00,0.000000e+00,0.000000e+00
1.000000e+00,0.000000e+00,0.000000e+00,0.000000e+00,0.000000e+00,0.000000e+00,0.000000e+00,0.000000e+00,0.000000e+00,0.000000e+00,0.000000e+00,0.000000e+00,0.000000e+00,0.000000e+00,0.000000e+00
1.000000e+00,0.000000e+00,0.000000e+00,0.000000e+00,0.000000e+00,0.000000e+00,0.000000e+00,0.000000e+00,0.000000e+00,0.000000e+00,0.000000e+00,0.000000e+00,0.000000e+00,0.000000e+00,0.000000e+00
4.294573e-01,1.193557e-02,2.395174e-02,1.198616e-01,1.225042e-01,1.241079e-02,1.002892e-02,2.924962e-02,6.663675e-02,4.491876e-03,4.870338e-02,5.246928e-02,4.454765e-02,8.561730e-03,1.518948e-02
3.872441e-01,1.537268e-02,1.977348e-02,1.149088e-01,1.024549e-01,1.308947e-02,9.055649e-03,2.706587e-02,6.039391e-02,4.132566e-03,8.485608e-02,9.587210e-02,4.266086e-02,8.890522e-03,1.422902e-02
3.428698e-01,1.430866e-02,1.586478e-02,1.007432e-01,8.446551e-02,1.192765e-02,8.096549e-03,2.394345e-02,5.761236e-02,3.661639e-03,1.558011e-01,1.133930e-01,4.322935e-02,1.136761e-02,1.271533e-02
3.062349e-01,2.436670e-02,1.582077e-02,1.365649e-01,8.268046e-02,1.839489e-02,7.109703e-03,2.810593e-02,6.522205e-02,3.604286e-03,1.289005e-01,1.205453e-01,3.763034e-02,1.283871e-02,1.198060e-02
2.923143e-01,2.141218e-02,1.516926e-02,1.285646e-01,6.689432e-02,1.695885e-02,5.953765e-03,2.570184e-02,8.103466e-02,4.982816e-03,1.355778e-01,1.384296e-01,3.476668e-02,1.578623e-02,1.645301e-02
3.245978e-01,1.858247e-02,1.531182e-02,1.114090e-01,5.896951e-02,1.465188e-02,4.698076e-03,2.078458e-02,7.036253e-02,5.389106e-03,1.443731e-01,1.388064e-01,3.057085e-02,2.259211e-02,1.890076e-02
3.092593e-01,2.070886e-02,1.564959e-02,1.299166e-01,5.813774e-02,1.528691e-02,3.778533e-03,1.889652e-02,7.474032e-02,9.279374e-03,1.393416e-01,1.259881e-01,2.746425e-02,2.654572e-02,2.500655e-02
2.898939e-01,1.947788e-02,1.436943e-02,1.393594e-01,5.149123e-02,1.567716e-02,3.395227e-03,1.994307e-02,7.633311e-02,8.682004e-03,1.416815e-01,1.288356e-01,2.779588e-02,3.508420e-02,2.798035e-02
3.158743e-01,1.776291e-02,1.264849e-02,1.577195e-01,5.014201e-02,1.731607e-02,3.391708e-03,2.422317e-02,7.010323e-02,8.262403e-03,1.189984e-01,1.166042e-01,2.345978e-02,3.232487e-02,3.116896e-02
3.577997e-01,1.722272e-02,1.094933e-02,1.634066e-01,4.262539e-02,1.883654e-02,3.041002e-03,2.197155e-02,6.300499e-02,8.850264e-03,9.975870e-02,1.020038e-01,1.895144e-02,3.188539e-02,3.969253e-02
3.664951e-01,1.843797e-02,1.159407e-02,1.610397e-01,3.384786e-02,1.730825e-02,3.436991e-03,2.661398e-02,6.196319e-02,7.969624e-03,9.528612e-02,1.033208e-01,1.820240e-02,3.293210e-02,4.155182e-02
4.559278e-01,1.571203e-02,1.056200e-02,1.309062e-01,2.609221e-02,1.750481e-02,3.443886e-03,2.046306e-02,5.956759e-02,6.758082e-03,7.921027e-02,8.705606e-02,1.501409e-02,3.277780e-02,3.900408e-02
4.423740e-01,1.539120e-02,1.152261e-02,1.296305e-01,2.282911e-02,1.902283e-02,7.018476e-03,2.945701e-02,6.802922e-02,5.431160e-03,7.172919e-02,9.712350e-02,1.997609e-02,2.960334e-02,3.086169e-02
4.369682e-01,1.462741e-02,3.374102e-02,1.362425e-01,1.964116e-02,1.713196e-02,7.689332e-03,4.261700e-02,7.609644e-02,4.524485e-03,5.828795e-02,8.328156e-02,1.771917e-02,2.613290e-02,2.529888e-02
4.396217e-01,1.741097e-02,2.873272e-02,1.237106e-01,1.740618e-02,1.941273e-02,7.148881e-03,3.319407e-02,9.131259e-02,4.159330e-03,6.613313e-02,7.603400e-02,1.774506e-02,2.789965e-02,3.007835e-02
1.000000e+00,0.000000e+00,0.000000e+00,0.000000e+00,0.000000e+00,0.000000e+00,0.000000e+00,0.000000e+00,0.000000e+00,0.000000e+00,0.000000e+00,0.000000e+00,0.000000e+00,0.000000e+00,0.000000e+00
1.000000e+00,0.000000e+00,0.000000e+00,0.000000e+00,0.000000e+00,0.000000e+00,0.000000e+00,0.000000e+00,0.000000e+00,0.000000e+00,0.000000e+00,0.000000e+00,0.000000e+00,0.000000e+00,0.000000e+00
1.000000e+00,0.000000e+00,0.000000e+00,0.000000e+00,0.000000e+00,0.000000e+00,0.000000e+00,0.000000e+00,0.000000e+00,0.000000e+00,0.000000e+00,0.000000e+00,0.000000e+00,0.000000e+00,0.000000e+00
1.000000e+00,0.000000e+00,0.000000e+00,0.000000e+00,0.000000e+00,0.000000e+00,0.000000e+00,0.000000e+00,0.000000e+00,0.000000e+00,0.000000e+00,0.000000e+00,0.000000e+00,0.000000e+00,0.000000e+00
1.000000e+00,0.000000e+00,0.000000e+00,0.000000e+00,0.000000e+00,0.000000e+00,0.000000e+00,0.000000e+00,0.000000e+00,0.000000e+00,0.000000e+00,0.000000e+00,0.000000e+00,0.000000e+00,0.000000e+00
1.000000e+00,0.000000e+00,0.000000e+00,0.000000e+00,0.000000e+00,0.000000e+00,0.000000e+00,0.000000e+00,0.000000e+00,0.000000e+00,0.000000e+00,0.000000e+00,0.000000e+00,0.000000e+00,0.000000e+00
1.000000e+00,0.000000e+00,0.000000e+00,0.000000e+00,0.000000e+00,0.000000e+00,0.000000e+00,0.000000e+00,0.000000e+00,0.000000e+00,0.000000e+00,0.000000e+00,0.000000e+00,0.000000e+00,0.000000e+00
1.000000e+00,0.000000e+00,0.000000e+00,0.000000e+00,0.000000e+00,0.000000e+00,0.000000e+00,0.000000e+00,0.000000e+00,0.000000e+00,0.000000e+00,0.000000e+00,0.000000e+00,0.000000e+00,0.000000e+00
1.000000e+00,0.000000e+00,0.000000e+00,0.000000e+00,0.000000e+00,0.000000e+00,0.000000e+00,0.000000e+00,0.000000e+00,0.000000e+00,0.000000e+00,0.000000e+00,0.000000e+00,0.000000e+00,0.000000e+00
1.000000e+00,0.000000e+00,0.000000e+00,0.000000e+00,0.000000e+00,0.000000e+00,0.000000e+00,0.000000e+00,0.000000e+00,0.000000e+00,0.000000e+00,0.000000e+00,0.000000e+00,0.000000e+00,0.000000e+00
1.000000e+00,0.000000e+00,0.000000e+00,0.000000e+00,0.000000e+00,0.000000e+00,0.000000e+00,0.000000e+00,0.000000e+00,0.000000e+00,0.000000e+00,0.000000e+00,0.000000e+00,0.000000e+00,0.000000e+00
1.000000e+00,0.000000e+00,0.000000e+00,0.000000e+00,0.000000e+00,0.000000e+00,0.000000e+00,0.000000e+00,0.000000e+00,0.000000e+00,0.000000e+00,0.000000e+00,0.000000e+00,0.000000e+00,0.000000e+00
1.000000e+00,0.000000e+00,0.000000e+00,0.000000e+00,0.000000e+00,0.000000e+00,0.000000e+00,0.000000e+00,0.000000e+00,0.000000e+00,0.000000e+00,0.000000e+00,0.000000e+00,0.000000e+00,0.000000e+00
1.000000e+00,0.000000e+00,0.000000e+00,0.000000e+00,0.000000e+00,0.000000e+00,0.000000e+00,0.000000e+00,0.000000e+00,0.000000e+00,0.000000e+00,0.000000e+00,0.000000e+00,0.000000e+00,0.000000e+00
1.000000e+00,0.000000e+00,0.000000e+00,0.000000e+00,0.000000e+00,0.000000e+00,0.000000e+00,0.000000e+00,0.000000e+00,0.000000e+00,0.000000e+00,0.000000e+00,0.000000e+00,0.000000e+00,0.000000e+00
1.000000e+00,0.000000e+00,0.000000e+00,0.000000e+00,0.000000e+00,0.000000e+00,0.000000e+00,0.000000e+00,0.000000e+00,0.000000e+00,0.000000e+00,0.000000e+00,0.000000e+00,0.000000e+00,0.000000e+00
1.000000e+00,0.000000e+00,0.000000e+00,0.000000e+00,0.000000e+00,0.000000e+00,0.000000e+00,0.000000e+00,0.000000e+00,0.000000e+00,0.000000e+00,0.000000e+00,0.000000e+00,0.000000e+00,0.000000e+00
1.000000e+00,0.000000e+00,0.000000e+00,0.000000e+00,0.000000e+00,0.000000e+00,0.000000e+00,0.000000e+00,0.000000e+00,0.000000e+00,0.000000e+00,0.000000e+00,0.000000e+00,0.000000e+00,0.000000e+00
1.000000e+00,0.000000e+00,0.000000e+00,0.000000e+00,0.000000e+00,0.000000e+00,0.000000e+00,0.000000e+00,0.000000e+00,0.000000e+00,0.000000e+00,0.000000e+00,0.000000e+00,0.000000e+00,0.000000e+00
1.000000e+00,0.000000e+00,0.000000e+00,0.000000e+00,0.000000e+00,0.000000e+00,0.000000e+00,0.000000e+00,0.000000e+00,0.000000e+00,0.000000e+00,0.000000e+00,0.000000e+00,0.000000e+00,0.000000e+00
1.000000e+00,0.000000e+00,0.000000e+00,0.000000e+00,0.000000e+00,0.000000e+00,0.000000e+00,0.000000e+00,0.000000e+00,0.000000e+00,0.000000e+00,0.000000e+00,0.000000e+00,0.000000e+00,0.000000e+00
1.000000e+00,0.000000e+00,0.000000e+00,0.000000e+00,0.000000e+00,0.000000e+00,0.000000e+00,0.000000e+00,0.000000e+00,0.000000e+00,0.000000e+00,0.000000e+00,0.000000e+00,0.000000e+00,0.000000e+00
1.000000e+00,0.000000e+00,0.000000e+00,0.000000e+00,0.000000e+00,0.000000e+00,0.000000e+00,0.000000e+00,0.000000e+00,0.000000e+00,0.000000e+00,0.000000e+00,0.000000e+00,0.000000e+00,0.000000e+00
1.000000e+00,0.000000e+00,0.000000e+00,0.000000e+00,0.000000e+00,0.000000e+00,0.000000e+00,0.000000e+00,0.000000e+00,0.000000e+00,0.000000e+00,0.000000e+00,0.000000e+00,0.000000e+00,0.000000e+00
1.000000e+00,0.000000e+00,0.000000e+00,0.000000e+00,0.000000e+00,0.000000e+00,0.000000e+00,0.000000e+00,0.000000e+00,0.000000e+00,0.000000e+00,0.000000e+00,0.000000e+00,0.000000e+00,0.000000e+00
1.000000e+00,0.000000e+00,0.000000e+00,0.000000e+00,0.000000e+00,0.000000e+00,0.000000e+00,0.000000e+00,0.000000e+00,0.000000e+00,0.000000e+00,0.000000e+00,0.000000e+00,0.000000e+00,0.000000e+00
1.000000e+00,0.000000e+00,0.000000e+00,0.000000e+00,0.000000e+00,0.000000e+00,0.000000e+00,0.000000e+00,0.000000e+00,0.000000e+00,0.000000e+00,0.000000e+00,0.000000e+00,0.000000e+00,0.000000e+00
1.000000e+00,0.000000e+00,0.000000e+00,0.000000e+00,0.000000e+00,0.000000e+00,0.000000e+00,0.000000e+00,0.000000e+00,0.000000e+00,0.000000e+00,0.000000e+00,0.000000e+00,0.000000e+00,0.000000e+00
1.000000e+00,0.000000e+00,0.000000e+00,0.000000e+00,0.000000e+00,0.000000e+00,0.000000e+00,0.000000e+00,0.000000e+00,0.000000e+00,0.000000e+00,0.000000e+00,0.000000e+00,0.000000e+00,0.000000e+00
1.000000e+00,0.000000e+00,0.000000e+00,0.000000e+00,0.000000e+00,0.000000e+00,0.000000e+00,0.000000e+00,0.000000e+00,0.000000e+00,0.000000e+00,0.000000e+00,0.000000e+00,0.000000e+00,0.000000e+00
1.000000e+00,0.000000e+00,0.000000e+00,0.000000e+00,0.000000e+00,0.000000e+00,0.000000e+00,0.000000e+00,0.000000e+00,0.000000e+00,0.000000e+00,0.000000e+00,0.000000e+00,0.000000e+00,0.000000e+00
1.000000e+00,0.000000e+00,0.000000e+00,0.000000e+00,0.000000e+00,0.000000e+00,0.000000e+00,0.000000e+00,0.000000e+00,0.000000e+00,0.000000e+00,0.000000e+00,0.000000e+00,0.000000e+00,0.000000e+00
1.000000e+00,0.000000e+00,0.000000e+00,0.000000e+00,0.000000e+00,0.000000e+00,0.000000e+00,0.000000e+00,0.000000e+00,0.000000e+00,0.000000e+00,0.000000e+00,0.000000e+00,0.000000e+00,0.000000e+00
1.000000e+00,0.000000e+00,0.000000e+00,0.000000e+00,0.000000e+00,0.000000e+00,0.000000e+00,0.000000e+00,0.000000e+00,0.000000e+00,0.000000e+00,0.000000e+00,0.000000e+00,0.000000e+00,0.000000e+00
1.000000e+00,0.000000e+00,0.000000e+00,0.000000e+00,0.000000e+00,0.000000e+00,0.000000e+00,0.000000e+00,0.000000e+00,0.000000e+00,0.000000e+00,0.000000e+00,0.000000e+00,0.000000e+00,0.000000e+00
1.000000e+00,0.000000e+00,0.000000e+00,0.000000e+00,0.000000e+00,0.000000e+00,0.000000e+00,0.000000e+00,0.000000e+00,0.000000e+00,0.000000e+00,0.000000e+00,0.000000e+00,0.000000e+00,0.000000e+00
1.000000e+00,0.000000e+00,0.000000e+00,0.000000e+00,0.000000e+00,0.000000e+00,0.000000e+00,0.000000e+00,0.000000e+00,0.000000e+00,0.000000e+00,0.000000e+00,0.000000e+00,0.000000e+00,0.000000e+00
1.000000e+00,0.000000e+00,0.000000e+00,0.000000e+00,0.000000e+00,0.000000e+00,0.000000e+00,0.000000e+00,0.000000e+00,0.000000e+00,0.000000e+00,0.000000e+00,0.000000e+00,0.000000e+00,0.000000e+00
1.000000e+00,0.000000e+00,0.000000e+00,0.000000e+00,0.000000e+00,0.000000e+00,0.000000e+00,0.000000e+00,0.000000e+00,0.000000e+00,0.000000e+00,0.000000e+00,0.000000e+00,0.000000e+00,0.000000e+00
1.000000e+00,0.000000e+00,0.000000e+00,0.000000e+00,0.000000e+00,0.000000e+00,0.000000e+00,0.000000e+00,0.000000e+00,0.000000e+00,0.000000e+00,0.000000e+00,0.000000e+00,0.000000e+00,0.000000e+00
1.000000e+00,0.000000e+00,0.000000e+00,0.000000e+00,0.000000e+00,0.000000e+00,0.000000e+00,0.000000e+00,0.000000e+00,0.000000e+00,0.000000e+00,0.000000e+00,0.000000e+00,0.000000e+00,0.000000e+00
1.000000e+00,0.000000e+00,0.000000e+00,0.000000e+00,0.000000e+00,0.000000e+00,0.000000e+00,0.000000e+00,0.000000e+00,0.000000e+00,0.000000e+00,0.000000e+00,0.000000e+00,0.000000e+00,0.000000e+00
1.000000e+00,0.000000e+00,0.000000e+00,0.000000e+00,0.000000e+00,0.000000e+00,0.000000e+00,0.000000e+00,0.000000e+00,0.000000e+00,0.000000e+00,0.000000e+00,0.000000e+00,0.000000e+00,0.000000e+00
1.000000e+00,0.000000e+00,0.000000e+00,0.000000e+00,0.000000e+00,0.000000e+00,0.000000e+00,0.000000e+00,0.000000e+00,0.000000e+00,0.000000e+00,0.000000e+00,0.000000e+00,0.000000e+00,0.000000e+00
1.000000e+00,0.000000e+00,0.000000e+00,0.000000e+00,0.000000e+00,0.000000e+00,0.000000e+00,0.000000e+00,0.000000e+00,0.000000e+00,0.000000e+00,0.000000e+00,0.000000e+00,0.000000e+00,0.000000e+00
1.000000e+00,0.000000e+00,0.000000e+00,0.000000e+00,0.000000e+00,0.000000e+00,0.000000e+00,0.000000e+00,0.000000e+00,0.000000e+00,0.000000e+00,0.000000e+00,0.000000e+00,0.000000e+00,0.000000e+00
1.000000e+00,0.000000e+00,0.000000e+00,0.000000e+00,0.000000e+00,0.000000e+00,0.000000e+00,0.000000e+00,0.000000e+00,0.000000e+00,0.000000e+00,0.000000e+00,0.000000e+00,0.000000e+00,0.000000e+00
1.000000e+00,0.000000e+00,0.000000e+00,0.000000e+00,0.000000e+00,0.000000e+00,0.000000e+00,0.000000e+00,0.000000e+00,0.000000e+00,0.000000e+00,0.000000e+00,0.000000e+00,0.000000e+00,0.000000e+00
1.000000e+00,0.000000e+00,0.000000e+00,0.000000e+00,0.000000e+00,0.000000e+00,0.000000e+00,0.000000e+00,0.000000e+00,0.000000e+00,0.000000e+00,0.000000e+00,0.000000e+00,0.000000e+00,0.000000e+00
1.000000e+00,0.000000e+00,0.000000e+00,0.000000e+00,0.000000e+00,0.000000e+00,0.000000e+00,0.000000e+00,0.000000e+00,0.000000e+00,0.000000e+00,0.000000e+00,0.000000e+00,0.000000e+00,0.000000e+00
