1.000000e+00,0.000000e+00,0.000000e+00,0.000000e+00,0.000000e+00,0.000000e+00,0.000000e+00,0.000000e+00,0.000000e+00,0.000000e+00,0.000000e+00,0.000000e+00,0.000000e+00,0.000000e+00,0.000000e+00
1.000000e+00,0.000000e+00,0.000000e+00,0.000000e+00,0.000000e+00,0.000000e+00,0.000000e+00,0.000000e+00,0.000000e+00,0.000000e+00,0.000000e+00,0.000000e+00,0.000000e+00,0.000000e+00,0.000000e+00
1.000000e+00,0.000000e+00,0.000000e+00,0.000000e+00,0.000000e+00,0.000000e+00,0.000000e+00,0.000000e+00,0.000000e+00,0.000000e+00,0.000000e+00,0.000000e+00,0.000000e+00,0.000000e+00,0.000000e+00
1.000000e+00,0.000000e+00,0.000000e+00,0.000000e+00,0.000000e+00,0.000000e+00,0.000000e+00,0.000000e+00,0.000000e+00,0.000000e+00,0.000000e+00,0.000000e+00,0.000000e+00,0.000000e+00,0.000000e+00
1.000000e+00,0.000000e+00,0.000000e+00,0.000000e+00,0.000000e+00,0.000000e+00,0.000000e+00,0.000000e+00,0.000000e+00,0.000000e+00,0.000000e+00,0.000000e+00,0.000000e+00,0.000000e+00,0.000000e+00
1.000000e+00,0.000000e+00,0.000000e+00,0.000000e+00,0.000000e+00,0.000000e+00,0.000000e+00,0.000000e+00,0.000000e+00,0.000000e+00,0.000000e+00,0.000000e+00,0.000000e+00,0.000000e+00,0.000000e+00
1.000000e+00,0.000000e+00,0.000000e+00,0.000000e+00,0.000000e+00,0.000000e+00,0.000000e+00,0.000000e+00,0.000000e+00,0.000000e+00,0.000000e+00,0.000000e+00,0.000000e+00,0.000000e+00,0.000000e+00
1.000000e+00,0.000000e+00,0.000000e+00,0.000000e+00,0.000000e+00,0.000000e+00,0.000000e+00,0.000000e+00,0.000000e+00,0.000000e+00,0.000000e+00,0.000000e+00,0.000000e+00,0.000000e+00,0.000000e+00
1.000000e+00,0.000000e+00,0.000000e+00,0.000000e+00,0.000000e+00,0.000000e+00,0.000000e+00,0.000000e+00,0.000000e+00,0.000000e+00,0.000000e+00,0.000000e+00,0.000000e+00,0.000000e+00,0.000000e+00
1.000000e+00,0.000000e+00,0.000000e+00,0.000000e+00,0.000000e+00,0.000000e+00,0.000000e+00,0.000000e+00,0.000000e+00,0.000000e+00,0.000000e+00,0.000000e+00,0.000000e+00,0.000000e+00,0.000000e+00
1.000000e+00,0.000000e+00,0.000000e+00,0.000000e+00,0.000000e+00,0.000000e+00,0.000000e+00,0.000000e+00,0.000000e+00,0.000000e+00,0.000000e+00,0.000000e+00,0.000000e+00,0.000000e+00,0.000000e+00
1.000000e+00,0.000000e+00,0.000000e+00,0.000000e+00,0.000000e+00,0.000000e+00,0.000000e+00,0.000000e+00,0.000000e+00,0.000000e+00,0.000000e+00,0.000000e+00,0.000000e+00,0.000000e+00,0.000000e+00
1.000000e+00,0.000000e+00,0.000000e+00,0.000000e+00,0.000000e+00,0.000000e+00,0.000000e+00,0.000000e+00,0.000000e+00,0.000000e+00,0.000000e+00,0.000000e+00,0.000000e+00,0.000000e+00,0.000000e+00
1.000000e+00,0.000000e+00,0.000000e+00,0.000000e+00,0.000000e+00,0.000000e+00,0.000000e+00,0.000000e+00,0.000000e+00,0.000000e+00,0.000000e+00,0.000000e+00,0.000000e+00,0.000000e+00,0.000000e+00
1.000000e+00,0.000000e+00,0.000000e+00,0.000000e+00,0.000000e+00,0.000000e+00,0.000000e+00,0.000000e+00,0.000000e+00,0.000000e+00,0.000000e+00,0.000000e+00,0.000000e+00,0.000000e+00,0.000000e+00
1.000000e+00,0.000000e+00,0.000000e+00,0.000000e+00,0.000000e+00,0.000000e+00,0.000000e+00,0.000000e+00,0.000000e+00,0.000000e+00,0.000000e+00,0.000000e+00,0.000000e+00,0.000000e+00,0.000000e+00
1.000000e+00,0.000000e+00,0.000000e+00,0.000000e+00,0.000000e+00,0.000000e+00,0.000000e+00,0.000000e+00,0.000000e+00,0.000000e+00,0.000000e+00,0.000000e+00,0.000000e+00,0.000000e+00,0.000000e+00
1.000000e+00,0.000000e+00,0.000000e+00,0.000000e+00,0.000000e+00,0.000000e+00,0.000000e+00,0.000000e+00,0.000000e+00,0.000000e+00,0.000000e+00,0.000000e+00,0.000000e+00,0.000000e+00,0.000000e+00
1.000000e+00,0.000000e+00,0.000000e+00,0.000000e+00,0.000000e+00,0.000000e+00,0.000000e+00,0.000000e+00,0.000000e+00,0.000000e+00,0.000000e+00,0.000000e+00,0.000000e+00,0.000000e+00,0.000000e+00
1.000000e+00,0.000000e+00,0.000000e+00,0.000000e+00,0.000000e+00,0.000000e+00,0.000000e+00,0.000000e+00,0.000000e+00,0.000000e+00,0.000000e+00,0.000000e+00,0.000000e+00,0.000000e+00,0.000000e+00
1.000000e+00,0.000000e+00,0.000000e+00,0.000000e+00,0.000000e+00,0.000000e+00,0.000000e+00,0.000000e+00,0.000000e+00,0.000000e+00,0.000000e+00,0.000000e+00,0.000000e+00,0.000000e+00,0.000000e+00
1.000000e+00,0.000000e+00,0.000000e+00,0.000000e+00,0.000000e+00,0.000000e+00,0.000000e+00,0.000000e+00,0.000000e+00,0.000000e+00,0.000000e+00,0.000000e+00,0.000000e+00,0.000000e+00,0.000000e+00
1.000000e+00,0.000000e+00,0.000000e+00,0.000000e+00,0.000000e+00,0.000000e+00,0.000000e+00,0.000000e+00,0.000000e+00,0.000000e+00,0.000000e+00,0.000000e+00,0.000000e+00,0.000000e+00,0.000000e+00
1.000000e+00,0.000000e+00,0.000000e+00,0.000000e+00,0.000000e+00,0.000000e+00,0.000000e+00,0.000000e+00,0.000000e+00,0.000000e+00,0.000000e+00,0.000000e+00,0.000000e+00,0.000000e+00,0.000000e+00
1.000000e+00,0.000000e+00,0.000000e+00,0.000000e+00,0.000000e+00,0.000000e+00,0.000000e+00,0.000000e+00,0.000000e+00,0.000000e+00,0.000000e+00,0.000000e+00,0.000000e+00,0.000000e+00,0.000000e+00
1.000000e+00,0.000000e+00,0.000000e+00,0.000000e+00,0.000000e+00,0.000000e+00,0.000000e+00,0.000000e+00,0.000000e+00,0.000000e+00,0.000000e+00,0.000000e+00,0.000000e+00,0.000000e+00,0.000000e+00
1.000000e+00,0.000000e+00,0.000000e+00,0.000000e+00,0.000000e+00,0.000000e+00,0.000000e+00,0.000000e+00,0.000000e+00,0.000000e+00,0.000000e+00,0.000000e+00,0.000000e+00,0.000000e+00,0.000000e+00
1.000000e+00,0.000000e+00,0.000000e+00,0.000000e+00,0.000000e+00,0.000000e+00,0.000000e+00,0.000000e+00,0.000000e+00,0.000000e+00,0.000000e+00,0.000000e+00,0.000000e+00,0.000000e+00,0.000000e+00
1.000000e+00,0.000000e+00,0.000000e+00,0.000000e+00,0.000000e+00,0.000000e+00,0.000000e+00,0.000000e+00,0.000000e+00,0.000000e+00,0.000000e+00,0.000000e+00,0.000000e+00,0.000000e+00,0.000000e+00
1.000000e+00,0.000000e+00,0.000000e+00,0.000000e+00,0.000000e+00,0.000000e+00,0.000000e+00,0.000000e+00,0.000000e+00,0.000000e+00,0.000000e+00,0.000000e+00,0.000000e+00,0.000000e+00,0.000000e+00
1.000000e+00,0.000000e+00,0.000000e+00,0.000000e+00,0.000000e+00,0.000000e+00,0.000000e+00,0.000000e+00,0.000000e+00,0.000000e+00,0.000000e+00,0.000000e+00,0.000000e+00,0.000000e+00,0.000000e+00
1.000000e+00,0.000000e+00,0.000000e+00,0.000000e+00,0.000000e+00,0.000000e+00,0.000000e+00,0.000000e+00,0.000000e+00,0.000000e+00,0.000000e+00,0.000000e+00,0.000000e+00,0.000000e+00,0.000000e+00
1.000000e+00,0.000000e+00,0.000000e+00,0.000000e+00,0.000000e+00,0.000000e+00,0.000000e+00,0.000000e+00,0.000000e+00,0.000000e+00,0.000000e+00,0.000000e+00,0.000000e+00,0.000000e+00,0.000000e+00
1.000000e+00,0.000000e+00,0.000000e+00,0.000000e+00,0.000000e+00,0.000000e+00,0.000000e+00,0.000000e+00,0.000000e+00,0.000000e+00,0.000000e+00,0.000000e+00,0.000000e+00,0.000000e+00,0.000000e+00
1.000000e+00,0.000000e+00,0.000000e+00,0.000000e+00,0.000000e+00,0.000000e+00,0.000000e+00,0.000000e+00,0.000000e+00,0.000000e+00,0.000000e+00,0.000000e+00,0.000000e+00,0.000000e+00,0.000000e+00
1.000000e+00,0.000000e+00,0.000000e+00,0.000000e+00,0.000000e+00,0.000000e+00,0.000000e+00,0.000000e+00,0.000000e+00,0.000000e+00,0.000000e+00,0.000000e+00,0.000000e+00,0.000000e+00,0.000000e+00
1.000000e+00,0.000000e+00,0.000000e+00,0.000000e+00,0.000000e+00,0.000000e+00,0.000000e+00,0.000000e+00,0.000000e+00,0.000000e+00,0.000000e+00,0.000000e+00,0.000000e+00,0.000000e+00,0.000000e+00
1.000000e+00,0.000000e+00,0.000000e+00,0.000000e+00,0.000000e+00,0.000000e+00,0.000000e+00,0.000000e+00,0.000000e+00,0.000000e+00,0.000000e+00,0.000000e+00,0.000000e+00,0.000000e+00,0.000000e+00
1.000000e+00,0.000000e+00,0.000000e+00,0.000000e+00,0.000000e+00,0.000000e+00,0.000000e+00,0.000000e+00,0.000000e+00,0.000000e+00,0.000000e+00,0.000000e+00,0.000000e+00,0.000000e+00,0.000000e+00
1.000000e+00,0.000000e+00,0.000000e+00,0.000000e+00,0.000000e+00,0.000000e+00,0.000000e+00,0.000000e+00,0.000000e+00,0.000000e+00,0.000000e+00,0.000000e+00,0.000000e+00,0.000000e+00,0.000000e+00
1.000000e+00,0.000000e+00,0.000000e+00,0.000000e+00,0.000000e+00,0.000000e+00,0.000000e+00,0.000000e+00,0.000000e+00,0.000000e+00,0.000000e+00,0.000000e+00,0.000000e+00,0.000000e+00,0.000000e+00
1.000000e+00,0.000000e+00,0.000000e+00,0.000000e+00,0.000000e+00,0.000000e+00,0.000000e+00,0.000000e+00,0.000000e+00,0.000000e+00,0.000000e+00,0.000000e+00,0.000000e+00,0.000000e+00,0.000000e+00
1.000000e+00,0.000000e+00,0.000000e+00,0.000000e+00,0.000000e+00,0.000000e+00,0.000000e+00,0.000000e+00,0.000000e+00,0.000000e+00,0.000000e+00,0.000000e+00,0.000000e+00,0.000000e+00,0.000000e+00
1.000000e+00,0.000000e+00,0.000000e+00,0.000000e+00,0.000000e+00,0.000000e+00,0.000000e+00,0.000000e+00,0.000000e+00,0.000000e+00,0.000000e+00,0.000000e+00,0.000000e+00,0.000000e+00,0.000000e+00
1.000000e+00,0.000000e+00,0.000000e+00,0.000000e+00,0.000000e+00,0.000000e+00,0.000000e+00,0.000000e+00,0.000000e+00,0.000000e+00,0.000000e+00,0.000000e+00,0.000000e+00,0.000000e+00,0.000000e+00
1.000000e+00,0.000000e+00,0.000000e+00,0.000000e+00,0.000000e+00,0.000000e+00,0.000000e+00,0.000000e+00,0.000000e+00,0.000000e+00,0.000000e+00,0.000000e+00,0.000000e+00,0.000000e+00,0.000000e+00
1.000000e+00,0.000000e+00,0.000000e+00,0.000000e+00,0.000000e+00,0.000000e+00,0.000000e+00,0.000000e+00,0.000000e+00,0.000000e+00,0.000000e+00,0.000000e+00,0.000000e+00,0.000000e+00,0.000000e+00
1.000000e+00,0.000000e+00,0.000000e+00,0.000000e+00,0.000000e+00,0.000000e+00,0.000000e+00,0.000000e+00,0.000000e+00,0.000000e+00,0.000000e+00,0.000000e+00,0.000000e+00,0.000000e+00,0.000000e+00
1.000000e+00,0.000000e+00,0.000000e+00,0.000000e+00,0.000000e+00,0.000000e+00,0.000000e+00,0.000000e+00,0.000000e+00,0.000000e+00,0.000000e+00,0.000000e+00,0.000000e+00,0.000000e+00,0.000000e+00
1.000000e+00,0.000000e+00,0.000000e+00,0.000000e+00,0.000000e+00,0.000000e+00,0.000000e+00,0.000000e+00,0.000000e+00,0.000000e+00,0.000000e+00,0.000000e+00,0.000000e+00,0.000000e+00,0.000000e+00
1.000000e+00,0.000000e+00,0.000000e+00,0.000000e+00,0.000000e+00,0.000000e+00,0.000000e+00,0.000000e+00,0.000000e+00,0.000000e+00,0.000000e+00,0.000000e+00,0.000000e+00,0.000000e+00,0.000000e+00
4.392891e-01,1.325054e-02,1.765854e-01,7.237912e-02,6.455920e-03,1.544002e-02,6.902039e-03,2.053184e-01,5.711338e-03,1.146688e-03,8.545622e-03,1.841241e-02,1.636344e-02,1.788766e-03,1.241116e-02
3.233699e-01,9.524886e-03,1.548069e-01,6.335990e-02,4.836065e-03,1.202126e-02,5.659965e-03,3.796023e-01,4.087232e-03,8.609031e-04,6.270974e-03,1.330773e-02,1.182805e-02,1.466607e-03,8.997423e-03
2.428470e-01,6.913101e-03,1.582775e-01,5.977139e-02,3.759108e-03,1.023800e-02,6.358427e-03,4.763559e-01,2.999132e-03,6.671246e-04,4.752375e-03,1.003542e-02,9.056943e-03,1.276710e-03,6.691923e-03
1.805790e-01,4.939310e-03,1.664419e-01,4.984458e-02,2.957411e-03,7.711443e-03,5.513665e-03,5.562890e-01,2.130236e-03,5.065454e-04,3.446474e-03,7.221931e-03,6.671156e-03,9.704732e-04,4.776827e-03
1.389799e-01,3.812198e-03,1.870887e-01,3.815611e-02,3.725346e-03,1.438022e-02,6.012392e-02,5.243500e-01,1.875362e-03,6.424634e-04,2.569536e-03,5.467234e-03,1.430005e-02,8.047112e-04,3.724164e-03
1.072962e-01,3.031400e-03,1.801230e-01,2.865667e-02,4.626805e-03,1.692791e-02,1.448710e-01,4.841762e-01,1.552224e-03,7.154954e-04,1.936908e-03,4.121372e-03,1.827139e-02,6.762288e-04,3.017098e-03
9.853314e-02,2.624457e-03,1.385740e-01,2.112833e-02,7.650786e-03,2.027349e-02,1.677118e-01,5.155197e-01,1.247815e-03,6.661798e-04,1.547840e-03,3.471644e-03,1.780647e-02,6.145154e-04,2.629759e-03
1.393850e-01,2.402205e-03,1.037086e-01,1.585338e-02,1.079779e-02,3.485561e-02,1.847709e-01,4.793775e-01,1.157553e-03,7.103190e-04,1.512752e-03,3.509009e-03,1.863428e-02,6.314612e-04,2.693661e-03
2.171867e-01,2.414107e-03,8.267145e-02,1.255913e-02,1.249440e-02,4.535250e-02,1.870492e-01,4.089186e-01,1.415994e-03,1.403064e-03,1.994251e-03,5.343077e-03,1.690956e-02,7.937972e-04,3.494071e-03
3.470533e-01,3.133867e-03,6.109567e-02,1.153628e-02,1.406508e-02,4.065176e-02,1.729557e-01,3.115986e-01,1.920835e-03,2.067449e-03,2.592360e-03,8.206372e-03,1.553312e-02,1.038516e-03,6.551021e-03
4.086913e-01,4.296062e-03,4.485888e-02,1.079090e-02,1.426346e-02,3.790839e-02,1.886317e-01,2.479776e-01,2.121144e-03,2.451331e-03,2.928309e-03,9.317747e-03,1.478644e-02,1.155422e-03,9.821260e-03
1.000000e+00,0.000000e+00,0.000000e+00,0.000000e+00,0.000000e+00,0.000000e+00,0.000000e+00,0.000000e+00,0.000000e+00,0.000000e+00,0.000000e+00,0.000000e+00,0.000000e+00,0.000000e+00,0.000000e+00
1.000000e+00,0.000000e+00,0.000000e+00,0.000000e+00,0.000000e+00,0.000000e+00,0.000000e+00,0.000000e+00,0.000000e+00,0.000000e+00,0.000000e+00,0.000000e+00,0.000000e+00,0.000000e+00,0.000000e+00
1.000000e+00,0.000000e+00,0.000000e+00,0.000000e+00,0.000000e+00,0.000000e+00,0.000000e+00,0.000000e+00,0.000000e+00,0.000000e+00,0.000000e+00,0.000000e+00,0.000000e+00,0.000000e+00,0.000000e+00
1.000000e+00,0.000000e+00,0.000000e+00,0.000000e+00,0.000000e+00,0.000000e+00,0.000000e+00,0.000000e+00,0.000000e+00,0.000000e+00,0.000000e+00,0.000000e+00,0.000000e+00,0.000000e+00,0.000000e+00
1.000000e+00,0.000000e+00,0.000000e+00,0.000000e+00,0.000000e+00,0.000000e+00,0.000000e+00,0.000000e+00,0.000000e+00,0.000000e+00,0.000000e+00,0.000000e+00,0.000000e+00,0.000000e+00,0.000000e+00
4.843092e-01,6.643638e-02,8.880791e-03,2.615906e-02,6.089922e-03,2.214930e-02,2.878088e-02,3.424501e-02,1.358106e-01,1.291483e-02,1.087079e-02,2.098949e-02,9.532915e-02,1.399858e-03,4.563471e-02
3.904496e-01,8.609156e-02,6.849549e-03,2.371585e-02,6.017002e-03,1.707487e-02,2.115534e-02,2.526115e-02,2.140877e-01,1.085595e-02,1.102199e-02,1.654866e-02,1.304818e-01,1.212270e-03,3.917671e-02
2.974224e-01,7.573202e-02,5.037176e-03,1.759768e-02,4.897842e-03,1.384152e-02,1.558200e-02,1.803523e-02,1.623392e-01,8.829871e-03,8.506448e-03,1.331928e-02,3.206410e-01,9.729431e-04,3.724542e-02
2.154156e-01,5.537958e-02,4.416120e-03,1.363698e-02,4.641544e-03,1.164564e-02,1.436883e-02,2.423493e-02,1.213184e-01,7.781112e-03,9.806992e-03,1.169561e-02,3.786571e-01,1.199062e-03,1.258025e-01
1.718211e-01,4.038344e-02,3.393802e-03,1.032371e-02,4.785934e-03,1.020143e-02,1.119553e-02,1.787764e-02,8.892481e-02,6.390960e-03,9.040835e-03,1.559012e-02,4.754374e-01,1.126205e-03,1.335070e-01
1.298955e-01,2.870145e-02,2.967614e-03,8.330477e-03,5.976631e-03,9.271782e-03,8.854831e-03,1.375453e-02,6.467791e-02,5.767726e-03,9.913569e-03,1.605762e-02,5.628433e-01,1.040710e-03,1.319464e-01
9.809643e-02,2.044481e-02,2.801411e-03,6.394607e-03,7.163046e-03,9.356689e-03,8.019264e-03,1.030279e-02,4.852999e-02,7.584361e-03,1.179050e-02,1.636325e-02,5.949504e-01,9.767292e-04,1.572256e-01
7.134169e-02,1.552996e-02,6.727288e-03,5.318349e-03,7.560524e-03,7.308963e-03,6.458891e-03,7.783256e-03,4.870831e-02,2.131076e-02,9.495171e-03,1.227610e-02,6.536074e-01,7.617495e-04,1.258116e-01
5.409291e-02,1.130003e-02,6.665900e-03,4.102840e-03,6.552895e-03,6.700305e-03,7.284639e-03,6.247716e-03,3.647031e-02,1.778328e-02,7.777386e-03,1.021669e-02,7.231734e-01,6.546200e-04,1.009771e-01
5.612986e-02,8.608554e-03,6.308664e-03,3.332761e-03,7.893306e-03,9.667598e-03,6.774083e-03,5.462082e-03,3.333321e-02,1.702430e-02,7.983504e-03,9.848814e-03,7.425929e-01,1.300378e-03,8.374005e-02
4.366991e-02,6.262696e-03,4.723960e-03,2.720834e-03,9.354468e-03,7.613757e-03,6.884343e-03,4.514647e-03,2.790513e-02,1.642774e-02,8.486915e-03,1.159072e-02,7.543803e-01,1.161218e-03,9.430334e-02
3.405090e-02,4.643851e-03,3.678070e-03,2.140052e-03,2.413486e-02,5.913669e-03,6.463794e-03,3.731675e-03,2.432312e-02,1.747640e-02,8.047765e-03,1.380217e-02,7.541516e-01,1.194606e-03,9.624742e-02
2.490959e-02,3.491750e-03,6.665363e-03,2.050458e-03,3.839592e-02,4.529584e-03,9.896173e-02,2.941047e-02,2.325363e-02,1.596785e-02,7.147654e-03,1.141751e-02,6.292506e-01,1.044177e-03,1.035036e-01
2.553260e-02,3.228619e-03,7.318433e-03,2.963150e-03,4.140234e-02,7.867907e-03,8.730306e-02,2.252124e-02,3.172002e-02,1.422471e-02,1.055617e-02,1.272271e-02,6.426322e-01,1.018562e-03,8.898819e-02
1.945264e-02,2.957853e-03,1.230459e-02,5.335649e-03,5.037358e-02,6.903523e-03,1.887326e-01,2.027620e-02,5.596986e-02,2.003719e-02,1.164365e-02,1.409185e-02,5.161618e-01,8.901283e-04,7.486878e-02
1.458674e-02,3.194794e-03,3.098306e-02,1.205425e-02,5.566694e-02,7.239177e-03,1.599109e-01,2.001150e-02,6.287575e-02,2.998268e-02,5.303285e-02,1.712766e-02,4.665602e-01,7.838586e-04,6.598951e-02
1.367478e-02,4.305671e-03,3.249693e-02,1.794756e-02,5.153444e-02,7.132609e-03,1.323563e-01,1.717144e-02,7.192989e-02,3.262708e-02,5.530673e-02,1.808479e-02,4.749482e-01,9.435772e-04,6.953995e-02
3.440642e-02,3.916039e-03,2.640163e-02,1.608911e-02,4.453729e-02,9.791015e-03,9.781817e-02,1.556276e-02,6.154659e-02,2.580640e-02,8.245589e-02,4.800976e-02,4.511710e-01,1.082968e-03,8.140492e-02
4.952287e-02,3.321966e-03,2.122711e-02,1.433961e-02,3.677788e-02,9.591765e-03,7.127707e-02,1.915179e-02,5.056783e-02,1.982939e-02,9.323921e-02,6.330860e-02,4.567280e-01,2.003791e-03,8.911309e-02
4.974131e-02,2.582828e-03,1.593809e-02,1.139121e-02,3.402450e-02,8.105464e-03,5.403920e-02,1.809940e-02,4.187288e-02,2.207108e-02,1.198300e-01,6.824868e-02,4.552241e-01,1.817569e-03,9.701362e-02
5.116381e-02,2.833297e-03,1.497879e-02,9.724958e-03,4.362693e-02,7.238591e-03,4.068885e-02,3.050336e-02,5.348574e-02,2.448535e-02,1.522781e-01,6.878176e-02,4.083445e-01,1.774929e-03,9.009098e-02
5.323410e-02,2.924216e-03,2.068689e-02,1.037051e-02,4.229784e-02,7.299029e-03,3.794247e-02,4.783653e-02,4.569457e-02,3.594080e-02,1.496770e-01,6.046242e-02,3.825986e-01,1.806711e-03,1.012283e-01
3.967332e-02,2.209039e-03,3.995823e-02,7.909246e-03,3.825885e-02,5.677831e-03,3.863558e-02,1.473776e-01,3.324646e-02,3.410068e-02,1.446617e-01,4.485042e-02,3.132916e-01,1.494057e-03,1.086554e-01
6.172800e-02,2.159391e-03,1.652121e-01,8.979665e-03,4.134717e-02,9.817099e-03,3.971451e-02,1.561733e-01,2.502447e-02,2.795383e-02,1.055113e-01,3.339835e-02,2.278412e-01,1.275519e-03,9.386405e-02
1.068517e-01,2.238517e-03,2.946795e-01,8.929726e-03,3.595977e-02,1.208516e-02,2.983748e-02,1.297624e-01,1.916398e-02,2.092828e-02,7.545740e-02,2.597881e-02,1.636788e-01,1.137777e-03,7.331074e-02
1.706126e-01,4.653529e-03,3.127925e-01,1.129256e-02,3.382209e-02,2.016810e-02,2.245978e-02,1.266192e-01,1.743535e-02,1.624598e-02,5.548226e-02,2.328836e-02,1.264184e-01,1.224785e-03,5.748440e-02
1.557813e-01,1.211871e-02,3.379075e-01,1.174676e-02,8.766519e-02,1.704322e-02,2.332054e-02,1.047436e-01,2.599209e-02,1.381465e-02,4.145322e-02,1.997015e-02,9.732667e-02,1.210145e-03,4.990623e-02
1.443432e-01,3.482413e-02,2.701416e-01,1.570524e-02,1.628371e-01,1.538727e-02,2.571026e-02,9.490796e-02,4.424294e-02,1.407218e-02,3.310492e-02,2.053239e-02,7.730704e-02,1.013951e-03,4.586987e-02
1.120232e-01,3.738580e-02,1.963080e-01,6.467277e-02,1.922829e-01,1.522250e-02,2.194167e-02,1.402905e-01,6.155360e-02,1.156378e-02,2.851134e-02,2.161278e-02,5.944274e-02,1.005169e-03,3.618338e-02
1.007804e-01,6.371354e-02,1.460114e-01,7.825315e-02,2.100002e-01,2.166973e-02,1.819180e-02,1.141783e-01,9.332553e-02,1.026282e-02,2.815374e-02,2.837735e-02,5.030773e-02,1.378960e-03,3.539536e-02
9.073008e-02,5.724261e-02,1.080060e-01,2.332956e-01,1.817259e-01,2.134524e-02,1.474166e-02,1.018099e-01,6.896738e-02,7.869899e-03,2.288690e-02,2.520477e-02,3.804707e-02,1.235705e-03,2.689130e-02
1.539903e-01,4.926668e-02,8.327314e-02,1.973643e-01,1.880801e-01,3.300232e-02,1.474774e-02,8.674576e-02,5.754995e-02,8.169090e-03,2.224655e-02,4.209661e-02,3.378453e-02,2.325212e-03,2.735776e-02
1.588487e-01,3.966607e-02,7.525516e-02,2.336037e-01,1.487503e-01,3.376419e-02,1.556544e-02,1.016942e-01,4.482011e-02,7.286695e-03,2.176497e-02,5.957599e-02,2.996814e-02,2.568769e-03,2.686755e-02
2.879373e-01,3.331232e-02,5.766971e-02,1.715008e-01,1.338071e-01,2.802487e-02,1.415833e-02,1.068051e-01,4.683785e-02,6.413097e-03,1.697535e-02,4.809236e-02,2.462937e-02,2.623027e-03,2.121336e-02
2.686461e-01,2.428549e-02,4.227984e-02,1.270646e-01,1.012788e-01,2.309655e-02,1.296074e-02,2.691017e-01,3.724219e-02,4.925060e-03,1.394345e-02,3.796033e-02,1.979617e-02,2.020918e-03,1.539817e-02
2.615072e-01,1.824187e-02,3.161868e-02,9.156128e-02,7.417116e-02,2.126640e-02,1.106053e-02,3.871184e-01,2.897733e-02,3.804578e-03,1.123136e-02,3.011776e-02,1.575349e-02,1.574594e-03,1.199536e-02
2.437296e-01,1.378494e-02,2.367993e-02,6.599784e-02,5.539431e-02,1.864341e-02,8.906161e-03,4.898198e-01,2.203596e-02,2.934403e-03,8.565637e-03,2.349412e-02,1.232637e-02,1.219947e-03,9.467571e-03
1.822542e-01,9.809595e-03,1.711231e-02,4.667950e-02,4.013084e-02,1.347377e-02,6.445397e-03,6.268343e-01,1.584339e-02,2.083302e-03,6.204916e-03,1.667942e-02,8.796185e-03,8.874686e-04,6.765489e-03
1.531931e-01,7.131293e-03,1.223125e-02,3.320944e-02,2.900964e-02,9.921329e-03,4.601524e-03,7.085330e-01,1.181311e-02,1.499718e-03,4.589697e-03,1.221930e-02,6.354827e-03,7.076046e-04,4.985082e-03
1.509587e-01,5.754175e-03,9.120851e-03,2.709430e-02,2.184214e-02,7.849772e-03,3.326578e-03,7.243643e-01,1.305400e-02,2.223673e-03,6.684915e-03,1.363983e-02,6.501670e-03,1.105166e-03,6.479913e-03
1.613652e-01,5.921399e-03,7.208934e-03,2.168472e-02,1.658005e-02,6.639536e-03,2.470923e-03,6.302124e-01,1.039312e-01,3.490666e-03,8.276724e-03,1.250992e-02,5.929266e-03,1.648807e-03,1.213022e-02
2.140136e-01,6.480318e-03,6.151502e-03,1.747010e-02,1.388695e-02,6.283321e-03,2.104469e-03,5.619855e-01,1.249276e-01,3.836814e-03,8.468108e-03,1.031246e-02,5.227074e-03,2.094045e-03,1.675823e-02
1.567462e-01,2.434231e-02,5.397684e-03,3.323760e-02,1.122072e-02,4.832179e-03,1.611269e-03,3.955224e-01,3.103662e-01,4.448568e-03,6.939350e-03,8.205106e-03,4.704997e-03,2.828521e-03,2.959689e-02
1.224224e-01,1.989686e-02,4.720740e-03,2.884912e-02,8.008954e-03,4.283620e-03,1.168022e-03,2.775320e-01,4.217380e-01,1.062868e-02,6.496128e-03,7.994571e-03,5.915374e-03,1.055543e-02,6.979018e-02
1.443862e-01,1.857066e-02,4.045675e-03,2.325945e-02,7.008365e-03,5.328039e-03,1.195864e-03,1.957887e-01,4.192808e-01,1.997046e-02,1.036020e-02,8.653248e-03,2.054160e-02,2.539472e-02,9.621587e-02
1.870803e-01,2.001252e-02,4.172408e-03,2.124519e-02,5.972298e-03,7.238215e-03,1.294196e-03,1.384745e-01,4.021413e-01,2.165162e-02,9.322006e-03,7.389211e-03,1.899407e-02,3.064791e-02,1.243642e-01
2.043028e-01,1.968755e-02,9.501386e-03,2.505198e-02,5.397042e-03,1.091642e-02,1.518043e-03,9.958141e-02,3.662672e-01,1.895622e-02,8.095123e-03,7.020618e-03,1.781995e-02,3.189012e-02,1.739941e-01
2.124431e-01,2.781370e-02,9.366865e-03,2.213855e-02,4.947848e-03,1.315622e-02,1.647292e-03,7.112761e-02,3.028090e-01,2.291796e-02,7.861970e-03,5.768249e-03,1.442399e-02,3.429350e-02,2.492842e-01
1.574284e-01,3.161171e-02,8.889079e-03,1.961090e-02,3.589389e-03,9.637021e-03,1.238543e-03,5.018051e-02,4.527910e-01,1.986881e-02,6.428807e-03,4.438011e-03,1.133809e-02,2.707267e-02,1.958770e-01
1.880200e-01,2.981360e-02,7.794417e-03,1.745092e-02,3.758964e-03,9.802716e-03,1.218676e-03,3.606869e-02,4.276336e-01,1.842073e-02,9.431074e-03,4.805190e-03,1.420134e-02,3.296904e-02,1.986111e-01
1.809601e-01,2.426477e-02,8.042773e-03,1.661805e-02,4.969229e-03,8.309875e-03,1.317891e-03,2.670285e-02,3.778089e-01,1.807836e-02,1.478305e-02,5.077785e-03,1.614413e-02,6.535687e-02,2.315654e-01
1.651421e-01,2.157321e-02,1.124085e-02,2.064579e-02,6.378483e-03,8.336697e-03,1.164512e-03,2.067578e-02,3.046263e-01,1.624379e-02,1.755950e-02,5.557119e-03,1.588971e-02,1.399949e-01,2.449714e-01
1.507706e-01,1.772333e-02,9.326868e-03,1.525724e-02,5.736581e-03,7.274537e-03,9.455282e-04,1.485271e-02,2.360058e-01,1.496613e-02,1.591789e-02,4.516311e-03,1.250862e-02,2.407482e-01,2.534498e-01
1.127421e-01,1.343984e-02,7.142276e-03,1.090890e-02,4.716416e-03,5.735612e-03,6.929988e-04,1.046079e-02,1.710571e-01,1.194379e-02,1.268622e-02,3.364953e-03,9.212154e-03,4.034331e-01,2.224636e-01
1.187727e-01,1.284077e-02,5.986562e-03,9.656827e-03,5.509406e-03,5.450086e-03,7.343622e-04,8.024324e-03,1.441744e-01,1.109664e-02,1.457281e-02,3.901755e-03,9.976564e-03,4.355923e-01,2.137105e-01
1.730191e-01,1.889817e-02,1.699633e-02,2.517692e-02,9.619822e-03,7.438513e-03,1.691404e-03,7.881054e-03,1.181297e-01,1.129119e-02,1.540878e-02,6.164817e-03,1.050293e-02,3.920442e-01,1.857370e-01
2.237864e-01,2.035565e-02,1.426719e-02,2.070909e-02,1.078196e-02,7.814256e-03,2.015706e-03,7.148516e-03,9.083286e-02,2.139036e-02,1.389957e-02,6.386028e-03,1.092373e-02,3.925986e-01,1.570900e-01
2.483668e-01,2.521429e-02,2.521973e-02,4.322555e-02,1.408265e-02,1.070220e-02,2.949609e-03,6.671012e-03,8.645661e-02,2.373956e-02,1.296630e-02,8.147851e-03,9.975728e-03,3.272961e-01,1.549860e-01
2.219241e-01,3.567630e-02,4.853854e-02,5.004756e-02,2.307147e-02,1.122894e-02,2.648493e-03,6.265875e-03,7.868256e-02,4.892075e-02,1.066110e-02,7.102552e-03,7.908883e-03,2.598031e-01,1.875198e-01
1.588686e-01,3.586571e-02,1.610070e-01,9.627822e-02,1.835508e-02,8.224185e-03,1.900861e-03,4.865830e-03,7.612935e-02,4.567120e-02,8.071873e-03,5.542738e-03,5.942967e-03,1.828876e-01,1.903888e-01
2.015837e-01,4.159272e-02,1.448830e-01,1.024935e-01,2.095339e-02,7.906962e-03,1.525392e-03,4.965806e-03,8.067895e-02,5.283346e-02,8.991796e-03,6.229484e-03,5.723387e-03,1.304819e-01,1.891565e-01
1.566380e-01,4.059542e-02,1.771433e-01,1.087535e-01,1.881587e-02,6.607944e-03,1.281313e-03,5.023337e-03,8.806589e-02,9.018159e-02,8.115814e-03,4.927543e-03,5.520227e-03,9.230745e-02,1.960229e-01
2.064149e-01,4.674302e-02,1.913687e-01,8.586482e-02,2.453224e-02,6.656800e-03,1.191258e-03,3.060388e-02,8.259872e-02,7.507418e-02,6.783995e-03,4.679648e-03,7.117211e-03,6.790532e-02,1.624653e-01
2.063789e-01,4.722473e-02,1.896050e-01,6.543646e-02,2.422764e-02,6.212381e-03,9.969573e-04,3.329073e-02,7.084113e-02,7.809515e-02,6.315633e-03,4.071078e-03,5.537618e-03,5.031387e-02,2.114527e-01
1.867802e-01,4.899399e-02,1.566699e-01,5.041130e-02,1.936124e-02,5.492422e-03,8.547223e-04,2.856397e-02,6.265330e-02,9.607123e-02,5.253970e-03,3.483450e-03,4.326485e-03,3.686240e-02,2.942214e-01
2.199080e-01,5.257803e-02,1.188551e-01,4.512041e-02,1.712737e-02,8.293462e-03,1.176117e-03,2.959249e-02,6.662048e-02,7.747198e-02,5.885390e-03,4.711132e-03,3.947225e-03,3.467176e-02,3.140411e-01
1.730827e-01,5.023379e-02,9.343860e-02,3.352259e-02,1.456389e-02,7.487652e-03,1.060885e-03,2.144407e-02,8.350572e-02,6.325726e-02,9.591354e-03,4.179331e-03,3.346854e-03,8.210114e-02,3.591841e-01
1.618989e-01,4.969669e-02,8.313279e-02,2.548851e-02,1.268877e-02,7.815607e-03,1.187939e-03,1.627198e-02,7.590289e-02,5.501463e-02,4.317230e-02,6.467259e-03,3.448464e-03,1.328610e-01,3.249522e-01
1.472615e-01,4.479316e-02,6.460322e-02,2.272903e-02,1.120294e-02,2.173388e-02,1.680208e-03,1.375168e-02,7.164668e-02,4.157082e-02,1.699363e-01,7.492505e-03,6.790844e-03,1.430128e-01,2.317945e-01
1.168010e-01,3.460180e-02,4.672818e-02,1.658202e-02,8.153553e-03,3.008693e-02,1.392766e-03,1.078721e-02,5.798197e-02,2.988319e-02,3.027067e-01,6.872630e-03,7.618159e-03,1.655938e-01,1.642101e-01
8.827659e-02,2.509850e-02,3.277873e-02,1.198233e-02,6.007291e-03,2.339821e-02,1.049404e-03,7.713770e-03,4.225016e-02,2.145555e-02,4.218019e-01,6.666703e-03,6.096357e-03,1.900504e-01,1.153742e-01
6.489477e-02,2.365298e-02,2.312684e-02,8.654707e-03,5.398031e-03,3.150024e-02,8.415026e-04,5.646460e-03,3.826723e-02,1.681489e-02,4.461802e-01,6.414759e-03,5.903475e-03,2.407422e-01,8.196170e-02
5.277395e-02,1.810810e-02,1.671774e-02,6.331420e-03,4.227995e-03,3.030457e-02,8.314893e-04,4.524009e-03,3.203838e-02,1.410838e-02,4.646640e-01,9.030975e-03,4.473553e-03,2.841032e-01,5.776216e-02
3.745132e-02,1.287796e-02,1.310885e-02,4.660828e-03,3.624929e-03,2.368288e-02,6.896247e-04,4.324436e-03,2.622775e-02,1.222672e-02,4.680036e-01,9.180740e-03,3.308979e-03,3.400291e-01,4.060233e-02
2.652780e-02,9.140629e-03,9.392848e-03,3.441035e-03,3.217368e-03,1.949416e-02,5.483169e-04,3.273044e-03,2.066897e-02,1.225315e-02,4.595338e-01,9.608986e-03,2.983889e-03,3.912175e-01,2.869860e-02
1.932708e-02,6.554479e-03,7.061265e-03,2.779175e-03,3.903241e-03,1.547960e-02,5.503731e-04,2.566147e-03,1.767577e-02,1.286198e-02,4.886814e-01,9.252055e-03,3.981225e-03,3.890933e-01,2.023285e-02
1.387340e-02,4.693547e-03,5.171658e-03,2.074274e-03,3.580782e-03,1.353542e-02,4.811767e-04,1.899962e-03,1.436828e-02,1.210659e-02,5.222427e-01,1.149461e-02,4.164545e-03,3.760771e-01,1.423597e-02
1.011157e-02,6.587657e-03,4.538957e-03,1.767290e-03,1.680879e-02,1.896623e-02,4.196470e-03,1.643887e-03,1.182295e-01,1.420418e-02,4.376213e-01,1.078131e-02,4.401247e-03,3.399652e-01,1.017639e-02
7.506344e-03,5.264516e-03,3.791598e-03,2.173657e-03,1.833892e-02,2.721119e-02,7.074718e-03,2.424440e-03,1.255501e-01,2.022317e-02,3.697660e-01,1.124281e-02,8.055301e-03,3.839142e-01,7.462980e-03
5.794559e-03,4.493891e-03,3.632347e-03,2.599100e-03,2.158197e-02,3.256902e-02,1.071377e-02,3.519743e-03,1.095071e-01,3.162870e-02,3.184563e-01,1.177986e-02,9.645855e-03,4.284444e-01,5.633335e-03
4.553342e-03,3.521167e-03,3.128333e-03,2.140904e-03,1.883757e-02,2.719613e-02,8.543132e-03,2.559649e-03,8.833569e-02,1.196403e-01,3.122276e-01,1.215169e-02,1.042832e-02,3.823888e-01,4.347288e-03
3.425149e-03,2.788170e-03,2.327443e-03,1.608527e-03,2.134742e-02,2.128318e-02,7.513111e-03,1.901924e-03,2.704406e-01,1.084525e-01,2.456426e-01,1.032749e-02,1.027543e-02,2.895251e-01,3.141312e-03
3.178061e-03,3.217318e-03,3.136880e-03,6.546834e-03,3.921165e-02,3.844982e-02,1.511133e-02,1.422130e-02,2.313849e-01,1.869324e-01,1.998034e-01,1.004200e-02,1.197217e-02,2.336245e-01,3.167260e-03
3.066934e-03,3.640065e-03,9.516980e-03,2.140674e-02,3.961542e-02,3.430492e-02,1.214230e-02,1.484395e-01,1.945107e-01,1.767151e-01,1.560032e-01,1.114116e-02,1.843790e-02,1.682531e-01,2.806069e-03
2.443549e-03,2.689654e-03,1.111359e-02,1.741628e-02,3.032473e-02,2.459251e-02,8.746995e-03,3.636201e-01,1.396645e-01,1.310421e-01,1.148539e-01,1.238684e-02,2.010950e-02,1.188985e-01,2.097190e-03
5.110155e-03,5.020061e-03,2.967576e-02,1.623868e-02,3.739195e-02,2.065403e-02,8.950373e-03,4.367886e-01,1.529756e-01,9.457258e-02,8.200053e-02,9.442867e-03,1.529949e-02,8.374421e-02,2.135119e-03
1.379613e-02,9.823923e-03,3.263105e-02,1.404637e-02,5.454973e-02,3.452031e-02,9.099413e-03,3.925238e-01,2.173715e-01,7.056123e-02,6.542291e-02,6.923412e-03,1.174841e-02,5.914827e-02,7.833554e-03
1.682348e-02,2.285920e-02,2.785115e-02,1.160140e-02,6.692305e-02,5.747220e-02,7.145924e-03,2.990184e-01,3.244511e-01,5.033661e-02,4.918960e-02,5.139198e-03,8.833608e-03,4.431621e-02,8.038878e-03
1.414875e-02,1.677255e-02,4.609758e-02,1.049002e-02,6.624939e-02,4.439268e-02,5.401536e-03,4.040185e-01,2.755495e-01,3.528851e-02,3.482604e-02,3.638396e-03,6.288262e-03,3.116217e-02,5.676181e-03
2.169049e-02,2.586011e-02,4.946303e-02,1.151824e-02,1.292226e-01,4.272949e-02,4.980996e-03,3.343503e-01,2.924522e-01,2.486343e-02,2.655851e-02,2.665861e-03,5.266143e-03,2.363186e-02,4.746852e-03
3.405919e-02,4.036325e-02,3.982468e-02,1.727003e-02,1.542087e-01,4.336991e-02,4.008381e-03,2.449658e-01,3.537435e-01,1.827871e-02,2.053214e-02,2.185037e-03,4.079338e-03,1.807097e-02,5.040322e-03
3.512581e-02,4.443975e-02,3.460604e-02,7.828113e-02,1.914646e-01,3.240709e-02,3.371810e-03,2.362154e-01,2.923446e-01,1.312296e-02,1.649840e-02,1.920492e-03,3.035369e-03,1.313192e-02,4.034579e-03
2.903847e-02,3.280431e-02,2.614299e-02,5.841096e-02,1.623379e-01,2.399198e-02,2.607673e-03,4.134744e-01,2.140032e-01,9.264275e-03,1.188007e-02,1.440156e-03,2.448453e-03,9.252135e-03,2.902902e-03
2.161150e-02,2.319809e-02,1.879446e-02,4.133257e-02,1.178697e-01,1.692750e-02,1.920392e-03,5.809051e-01,1.512950e-01,6.508656e-03,8.361870e-03,1.017117e-03,1.732228e-03,6.480186e-03,2.045631e-03
1.735698e-02,1.668850e-02,1.452258e-02,2.944390e-02,8.749467e-02,1.204934e-02,1.504071e-03,6.956036e-01,1.067525e-01,4.635042e-03,5.914324e-03,7.335172e-04,1.253378e-03,4.556363e-03,1.491228e-03
1.596875e-02,1.190635e-02,1.105506e-02,2.141692e-02,6.419364e-02,9.538390e-03,1.281389e-03,7.757657e-01,7.515847e-02,3.357984e-03,4.280461e-03,7.307129e-04,1.005366e-03,3.210752e-03,1.130089e-03
1.959183e-02,8.820022e-03,8.779650e-03,1.636028e-02,4.891111e-02,9.314884e-03,1.355718e-03,8.222035e-01,5.335210e-02,2.513397e-03,3.139851e-03,1.161926e-03,1.220757e-03,2.282460e-03,9.925108e-04
3.988171e-02,6.342360e-03,7.102804e-03,1.259760e-02,3.637997e-02,1.213423e-02,1.116497e-03,8.349363e-01,3.777357e-02,1.821684e-03,3.043615e-03,2.158019e-03,2.141534e-03,1.631221e-03,9.388927e-04
9.506416e-02,4.961248e-03,5.285226e-03,1.289325e-02,2.629531e-02,1.562091e-02,1.283665e-03,6.091032e-01,3.018888e-02,2.737849e-03,2.817016e-02,6.581759e-02,9.984269e-02,1.448421e-03,1.287351e-03
1.149159e-01,3.713934e-03,3.936100e-03,1.419806e-02,1.893556e-02,1.662103e-02,1.195315e-03,4.478932e-01,2.367418e-02,3.603197e-03,4.058225e-02,1.010061e-01,2.069407e-01,1.376605e-03,1.407834e-03
1.601546e-01,2.847478e-03,2.930639e-03,1.329806e-02,1.408721e-02,1.383067e-02,1.189785e-03,3.206824e-01,1.811251e-02,4.779886e-03,4.218055e-02,1.085611e-01,2.937973e-01,2.135198e-03,1.412574e-03
2.474281e-01,3.608026e-03,2.716600e-03,1.670634e-02,1.301013e-02,1.568694e-02,3.968827e-03,2.304462e-01,1.818747e-02,5.855487e-03,3.943966e-02,1.544916e-01,2.356196e-01,8.939503e-03,3.895473e-03
2.330497e-01,4.031513e-03,2.865194e-03,1.582529e-02,1.126831e-02,2.255681e-02,4.284267e-03,1.642223e-01,3.319027e-02,9.261714e-03,3.845006e-02,2.609597e-01,1.821562e-01,1.254437e-02,5.334250e-03
2.300874e-01,4.076581e-03,2.343904e-03,1.264722e-02,8.980576e-03,1.936685e-02,3.575538e-03,1.153984e-01,3.761113e-02,1.355722e-02,3.622575e-02,3.645701e-01,1.342093e-01,1.256546e-02,4.784520e-03
2.520813e-01,4.077050e-03,2.215465e-03,9.873919e-03,7.755666e-03,1.777002e-02,2.945965e-03,8.131894e-02,3.059163e-02,1.327692e-02,5.232267e-02,4.130272e-01,9.772491e-02,1.097099e-02,4.047309e-03
1.988026e-01,8.377090e-03,2.900756e-03,7.520667e-03,1.255124e-02,1.369684e-02,2.216525e-03,5.743022e-02,3.180606e-02,2.067613e-02,5.635013e-02,5.038998e-01,7.018678e-02,1.034853e-02,3.236548e-03
1.778237e-01,8.503682e-03,2.580448e-03,5.814255e-03,1.734356e-02,1.302523e-02,1.776197e-03,4.059944e-02,3.369368e-02,3.119042e-02,4.909609e-02,5.577532e-01,4.983718e-02,8.288671e-03,2.674234e-03
1.856426e-01,9.821487e-03,2.748667e-03,4.300725e-03,1.474946e-02,1.171504e-02,1.346062e-03,2.897686e-02,2.570858e-02,3.194155e-02,6.328583e-02,5.747013e-01,3.568936e-02,7.080157e-03,2.292321e-03
1.581056e-01,8.006843e-03,2.228226e-03,3.316112e-03,1.148178e-02,8.912293e-03,9.917745e-04,2.060593e-02,1.972413e-02,2.814822e-02,8.724330e-02,6.176645e-01,2.552337e-02,6.101163e-03,1.946748e-03
1.385431e-01,6.467000e-03,1.851048e-03,2.755368e-03,9.248641e-03,6.792187e-03,7.451181e-04,1.471473e-02,1.621346e-02,2.568236e-02,8.623590e-02,6.643633e-01,1.868692e-02,5.989680e-03,1.711196e-03
1.485750e-01,7.851209e-03,2.808773e-03,3.570863e-03,9.437803e-03,6.795628e-03,8.029416e-04,1.143397e-02,1.294141e-02,2.204807e-02,8.273277e-02,6.679250e-01,1.417929e-02,6.927510e-03,1.969761e-03
1.398044e-01,1.066933e-02,3.756701e-03,3.617269e-03,8.346450e-03,5.768709e-03,7.606411e-04,8.694135e-03,1.067603e-02,1.825422e-02,1.082173e-01,6.611240e-01,1.092383e-02,7.564799e-03,1.822157e-03
1.372683e-01,1.180927e-02,5.420116e-03,4.625397e-03,7.288008e-03,5.863396e-03,8.365935e-04,7.423575e-03,1.020653e-02,1.648282e-02,1.287213e-01,6.437847e-01,8.604764e-03,9.299723e-03,2.365450e-03
1.098644e-01,1.205218e-02,6.410036e-03,3.640413e-03,6.029712e-03,6.228366e-03,1.274313e-03,6.970314e-03,8.844162e-03,2.000589e-02,1.734826e-01,6.265642e-01,7.405194e-03,9.070714e-03,2.157496e-03
9.134971e-02,1.085963e-02,5.366495e-03,3.165670e-03,1.101602e-02,7.531711e-03,2.295682e-03,6.419896e-03,1.055115e-02,2.019100e-02,2.692829e-01,5.447296e-01,6.275583e-03,9.049006e-03,1.915938e-03
7.161683e-02,2.148210e-02,7.513782e-03,2.870102e-03,1.464157e-02,8.661795e-03,3.282239e-03,5.809315e-03,3.223503e-02,2.558815e-02,3.100557e-01,4.786524e-01,5.057473e-03,8.851575e-03,3.681898e-03
5.327757e-02,6.231058e-02,2.873862e-02,2.328932e-03,1.537802e-02,8.850100e-03,3.110568e-03,4.486755e-03,3.354761e-02,5.480164e-02,2.571325e-01,4.203146e-01,3.781976e-03,7.066279e-03,4.487423e-02
4.107071e-02,5.408186e-02,4.840410e-02,2.261877e-03,2.327987e-02,9.903776e-03,3.747567e-03,7.098146e-03,5.103014e-02,1.120168e-01,2.214743e-01,3.648751e-01,3.920821e-03,1.199004e-02,4.484484e-02
3.444595e-02,3.871052e-02,5.541955e-02,5.571430e-03,2.123476e-02,9.473778e-03,1.302346e-02,2.022463e-01,4.063205e-02,9.397499e-02,1.656309e-01,2.721105e-01,5.942346e-03,9.712528e-03,3.187090e-02
3.972102e-02,3.015469e-02,1.478758e-01,1.215560e-02,3.992097e-02,1.447569e-02,1.694615e-02,2.027799e-01,4.462297e-02,7.950942e-02,1.352108e-01,2.002127e-01,5.297768e-03,7.830199e-03,2.328628e-02
4.293142e-02,2.204663e-02,2.449373e-01,3.740379e-02,7.559457e-02,1.453937e-02,1.287569e-02,1.650273e-01,6.055077e-02,5.864789e-02,9.612045e-02,1.428338e-01,4.420290e-03,5.603976e-03,1.646680e-02
5.018742e-02,1.680835e-02,2.971123e-01,4.213446e-02,1.516779e-01,2.175974e-02,9.709887e-03,1.210663e-01,5.307652e-02,4.316197e-02,6.902263e-02,1.040116e-01,3.576714e-03,4.364036e-03,1.233005e-02
7.892898e-02,1.486777e-02,2.872474e-01,5.588341e-02,1.874297e-01,3.849829e-02,7.641974e-03,9.282727e-02,5.206788e-02,3.375084e-02,5.586019e-02,7.726815e-02,3.531818e-03,4.441767e-03,9.754553e-03
1.178527e-01,1.517752e-02,2.866592e-01,7.219925e-02,1.894284e-01,4.288678e-02,6.202669e-03,6.863750e-02,5.078109e-02,2.919874e-02,4.418811e-02,5.826492e-02,3.793993e-03,5.436855e-03,9.292233e-03
1.184335e-01,1.659380e-02,3.461319e-01,7.130787e-02,1.764759e-01,4.707856e-02,4.647999e-03,4.940953e-02,4.397880e-02,3.054962e-02,3.517717e-02,4.266411e-02,3.296602e-03,6.466869e-03,7.787724e-03
1.109630e-01,1.954969e-02,3.054358e-01,1.039610e-01,1.857764e-01,8.867745e-02,3.862346e-03,4.311716e-02,3.322834e-02,2.519474e-02,3.071611e-02,3.333115e-02,3.367777e-03,6.284077e-03,6.534986e-03
1.149613e-01,2.195733e-02,2.265137e-01,1.808971e-01,1.490320e-01,8.232537e-02,2.890335e-03,3.314511e-02,5.062509e-02,2.851051e-02,4.483515e-02,2.624590e-02,6.786995e-03,7.109118e-03,2.416499e-02
9.505197e-02,1.825877e-02,1.623336e-01,1.412749e-01,1.070076e-01,6.484730e-02,2.074383e-03,2.362784e-02,1.768202e-01,3.328569e-02,6.949724e-02,2.044213e-02,7.622115e-03,1.052490e-02,6.733142e-02
8.227523e-02,1.443014e-02,1.285697e-01,2.645506e-01,7.845084e-02,4.771016e-02,1.535940e-03,1.791559e-02,1.624273e-01,3.296421e-02,7.664001e-02,1.710023e-02,8.685570e-03,8.324308e-03,5.842019e-02
7.341345e-02,1.167078e-02,1.343594e-01,2.469756e-01,5.635929e-02,4.277370e-02,1.148148e-03,1.363430e-02,1.214526e-01,1.208170e-01,6.451666e-02,1.322057e-02,8.058147e-03,7.238093e-03,8.436230e-02
5.562103e-02,1.046822e-02,1.108053e-01,1.902369e-01,4.027328e-02,3.133054e-02,8.659323e-04,1.042984e-02,1.256108e-01,2.241184e-01,6.013189e-02,1.019623e-02,1.874904e-02,1.211119e-02,9.905137e-02
4.129245e-02,1.107578e-02,8.753885e-02,1.547057e-01,2.921685e-02,2.349893e-02,6.707515e-04,9.337539e-03,1.173476e-01,3.174777e-01,6.440290e-02,7.854379e-03,2.618304e-02,1.070953e-02,9.868799e-02
3.116651e-02,1.310370e-02,7.556843e-02,1.110806e-01,2.140583e-02,1.690735e-02,5.222204e-04,6.730291e-03,1.054517e-01,3.949604e-01,6.875856e-02,6.161882e-03,2.978520e-02,2.809181e-02,9.030554e-02
2.309800e-02,1.051203e-02,6.254641e-02,8.017857e-02,1.804828e-02,1.226091e-02,4.589726e-04,5.200906e-03,1.443732e-01,3.651587e-01,8.384627e-02,4.658896e-03,2.670661e-02,4.309093e-02,1.198613e-01
1.726375e-02,8.627416e-03,4.902197e-02,6.280699e-02,1.366710e-02,8.920531e-03,4.186919e-04,4.090461e-03,1.829244e-01,3.239091e-01,7.033245e-02,3.751587e-03,2.126681e-02,5.923969e-02,1.737590e-01
1.410284e-02,7.549963e-03,3.751861e-02,4.575208e-02,1.424230e-02,6.821894e-03,6.050535e-04,3.764082e-03,2.273820e-01,2.761144e-01,7.302337e-02,3.341460e-03,1.928670e-02,5.635167e-02,2.141437e-01
1.191666e-02,7.319372e-03,3.003812e-02,3.415328e-02,1.287094e-02,5.795237e-03,6.663517e-04,3.114269e-03,2.734303e-01,2.161826e-01,9.139886e-02,3.815092e-03,2.154623e-02,6.737743e-02,2.203754e-01
1.132182e-02,7.152974e-03,2.434452e-02,2.697686e-02,1.008084e-02,6.342201e-03,6.327141e-04,2.454313e-03,3.479398e-01,1.598205e-01,1.055301e-01,4.965250e-03,2.061041e-02,8.003096e-02,1.917968e-01
1.094640e-02,6.259087e-03,1.823246e-02,2.096910e-02,8.897420e-03,9.164105e-03,5.503058e-04,1.812740e-03,2.742468e-01,1.145259e-01,2.414256e-01,5.908751e-03,2.788620e-02,9.504324e-02,1.641320e-01
8.815206e-03,4.852046e-03,1.326107e-02,1.665406e-02,6.677407e-03,8.225843e-03,4.478222e-04,1.322278e-03,2.148554e-01,8.122403e-02,4.073284e-01,6.353612e-03,2.418993e-02,8.841778e-02,1.173751e-01
7.412367e-03,3.914594e-03,1.073547e-02,1.236862e-02,5.540865e-03,6.422151e-03,3.405931e-04,9.721058e-04,1.685659e-01,5.886877e-02,4.445949e-01,5.257966e-03,1.882974e-02,1.713591e-01,8.481687e-02
6.257428e-03,4.745712e-03,1.312946e-02,9.076982e-03,5.253855e-03,4.781293e-03,2.622483e-04,7.136015e-04,1.421734e-01,4.298612e-02,4.856257e-01,4.292459e-03,1.452197e-02,2.035839e-01,6.259593e-02
5.716086e-03,7.311845e-03,6.446308e-02,6.984405e-03,3.889363e-03,8.131082e-03,3.254031e-04,1.847543e-03,1.214767e-01,3.105020e-02,4.829144e-01,3.304395e-03,1.223142e-02,2.035828e-01,4.677130e-02
1.037234e-02,8.152026e-03,1.285758e-01,6.269711e-03,3.449856e-03,1.582556e-02,4.912488e-04,3.078584e-03,1.161036e-01,2.282898e-02,3.782674e-01,2.451174e-03,9.515447e-03,2.592294e-01,3.538884e-02
1.285383e-02,8.322361e-03,2.731545e-01,6.907131e-03,3.081770e-03,1.511425e-02,4.760804e-04,4.314219e-03,9.598672e-02,1.682484e-02,2.752248e-01,1.812898e-03,7.175073e-03,2.530046e-01,2.574691e-02
1.506915e-02,6.824996e-03,3.906625e-01,1.062528e-02,2.963928e-03,1.949410e-02,5.201642e-04,1.205014e-02,7.768034e-02,1.231326e-02,1.951952e-01,1.358914e-03,5.243127e-03,2.315848e-01,1.841408e-02
1.863628e-02,5.232136e-03,4.289434e-01,1.054829e-02,2.936803e-03,1.891480e-02,7.091655e-04,3.372115e-02,6.109226e-02,9.145826e-03,1.430283e-01,1.041840e-03,4.059110e-03,2.480218e-01,1.396872e-02
1.874721e-02,4.271942e-03,5.057890e-01,1.174856e-02,2.772668e-03,1.696706e-02,6.083192e-04,3.434848e-02,4.550553e-02,6.594886e-03,1.013131e-01,7.572504e-04,2.943194e-03,2.374503e-01,1.018241e-02
2.312379e-02,1.147561e-02,5.226067e-01,1.420444e-02,6.075260e-03,1.377800e-02,5.786704e-04,6.937603e-02,5.005665e-02,5.092414e-03,7.135005e-02,6.487954e-04,2.192199e-03,2.018104e-01,7.630969e-03
2.766640e-02,1.271391e-02,5.147647e-01,1.423855e-02,9.754615e-03,1.094250e-02,6.822236e-04,1.023751e-01,4.272196e-02,4.156817e-03,5.039823e-02,5.179631e-04,1.639430e-03,2.015006e-01,5.926996e-03
3.752565e-02,1.664764e-02,4.744819e-01,1.517033e-02,1.081582e-02,8.789685e-03,7.043540e-04,1.121133e-01,4.380429e-02,4.215875e-03,3.573912e-02,4.149476e-04,1.370066e-03,2.328365e-01,5.370559e-03
4.824676e-02,2.245753e-02,4.182563e-01,1.460017e-02,1.390368e-02,6.998809e-03,6.411929e-04,9.198952e-02,4.512610e-02,4.456546e-03,2.552598e-02,3.939576e-04,1.151897e-03,3.012155e-01,5.035999e-03
6.164265e-02,4.408024e-02,3.120942e-01,1.568260e-02,1.862649e-02,2.814999e-02,6.682310e-04,9.783612e-02,1.134894e-01,6.928785e-03,1.888465e-02,5.416889e-04,1.240665e-03,2.714948e-01,8.639541e-03
7.779633e-02,5.672728e-02,2.338388e-01,2.702385e-02,2.080651e-02,3.481371e-02,7.269328e-04,1.329428e-01,1.613972e-01,1.120555e-02,1.438767e-02,7.558768e-04,1.491195e-03,2.092461e-01,1.684033e-02
8.675802e-02,5.117724e-02,2.782332e-01,4.697478e-02,2.288155e-02,3.288768e-02,7.525345e-04,1.209595e-01,1.545867e-01,1.425004e-02,1.138899e-02,1.979355e-03,1.524212e-03,1.481349e-01,2.751129e-02
6.106037e-02,4.192886e-02,3.198873e-01,5.407149e-02,1.623697e-02,2.317781e-02,5.356878e-04,8.473016e-02,1.185315e-01,1.890071e-02,1.801893e-02,2.095652e-03,2.163555e-03,1.056759e-01,1.329851e-01
4.302154e-02,4.814905e-02,3.349311e-01,4.877017e-02,1.157158e-02,1.634439e-02,3.865945e-04,5.933155e-02,9.306555e-02,1.764211e-02,1.831232e-02,1.972241e-03,1.834820e-03,7.596307e-02,2.287040e-01
3.035626e-02,5.658984e-02,2.531959e-01,3.513998e-02,8.258845e-03,1.183860e-02,3.221333e-04,4.164244e-02,7.667829e-02,2.119931e-02,1.388370e-01,1.774322e-02,6.145780e-03,9.790835e-02,2.041442e-01
2.239301e-02,4.075076e-02,1.797266e-01,2.611995e-02,1.492644e-02,9.355643e-03,4.566599e-04,2.960694e-02,7.263127e-02,1.723836e-02,2.046118e-01,2.975497e-02,2.068502e-02,1.467718e-01,1.849708e-01
1.693442e-02,2.959295e-02,1.277571e-01,1.985283e-02,1.252158e-02,7.606124e-03,5.137304e-04,2.100870e-02,7.526214e-02,1.653629e-02,1.674967e-01,6.311916e-02,2.936175e-02,2.524950e-01,1.599415e-01
1.329930e-02,2.157712e-02,9.071027e-02,1.689579e-02,1.268160e-02,6.092869e-03,1.063376e-03,1.574001e-02,1.245009e-01,1.939205e-02,1.284456e-01,4.882842e-02,2.705793e-02,2.898130e-01,1.839017e-01
1.079002e-02,1.703913e-02,6.441569e-02,1.418614e-02,1.266133e-02,7.242872e-03,1.031263e-03,1.153074e-02,1.544316e-01,2.232659e-02,9.669971e-02,5.664995e-02,2.824765e-02,3.491724e-01,1.535749e-01
8.813866e-03,1.966787e-02,4.616620e-02,1.261587e-02,1.001013e-02,7.157023e-02,1.742907e-03,1.109512e-02,1.814293e-01,1.829184e-02,7.921636e-02,8.547361e-02,2.897120e-02,2.916503e-01,1.332852e-01
6.658421e-03,1.910881e-02,3.293739e-02,9.500993e-03,9.974541e-03,1.456995e-01,1.574357e-03,8.780074e-03,1.646190e-01,1.377898e-02,6.051183e-02,1.041260e-01,3.090969e-02,2.778234e-01,1.139970e-01
5.683589e-03,2.197653e-02,3.184218e-02,1.174361e-02,1.226159e-02,1.428345e-01,1.780910e-03,7.744917e-03,2.297408e-01,1.163787e-02,5.561253e-02,8.991088e-02,2.755352e-02,2.584103e-01,9.126620e-02
6.427438e-03,2.866150e-02,2.324995e-02,1.254892e-02,1.107661e-02,1.539136e-01,1.401197e-03,6.216642e-03,2.147185e-01,1.131186e-02,7.178779e-02,1.220107e-01,6.571662e-02,1.979157e-01,7.304297e-02
1.341903e-02,6.074998e-02,1.861255e-02,1.483846e-02,1.958301e-02,1.558550e-01,1.430216e-03,5.525066e-03,2.249211e-01,1.061269e-02,6.655015e-02,1.281863e-01,7.508537e-02,1.488468e-01,5.578432e-02
1.060752e-02,4.827912e-02,1.433058e-02,1.177191e-02,1.843286e-02,2.101545e-01,1.306920e-03,1.404648e-02,1.941851e-01,8.598494e-03,5.853663e-02,1.050526e-01,1.521362e-01,1.113358e-01,4.122534e-02
8.316341e-03,3.787946e-02,1.438015e-02,1.158670e-02,1.705302e-02,2.763425e-01,1.552359e-03,3.362543e-02,1.691502e-01,6.507722e-03,4.922621e-02,8.707241e-02,1.543118e-01,9.616703e-02,3.682870e-02
7.884854e-03,2.842910e-02,2.055578e-02,2.934100e-02,1.493154e-02,2.594742e-01,1.356428e-03,8.741267e-02,2.122486e-01,5.597354e-03,3.878533e-02,6.245211e-02,1.320549e-01,7.084648e-02,2.862966e-02
4.037896e-02,2.272489e-02,4.954272e-02,2.686459e-02,1.415248e-02,2.099969e-01,5.933759e-03,1.036579e-01,1.708355e-01,5.115639e-03,3.627948e-02,5.012377e-02,1.604241e-01,6.617720e-02,3.779211e-02
5.001949e-02,4.177704e-02,6.979984e-02,2.163737e-02,1.933451e-02,2.156012e-01,5.260051e-03,9.680084e-02,1.500387e-01,4.377706e-03,2.979108e-02,3.742393e-02,1.563054e-01,6.104347e-02,4.078947e-02
4.729702e-02,3.404463e-02,6.008957e-02,1.843169e-02,2.112594e-02,1.810186e-01,4.299040e-03,2.656974e-01,1.210989e-01,3.254627e-03,2.160252e-02,2.664036e-02,1.177407e-01,4.576883e-02,3.189013e-02
7.898001e-02,4.884177e-02,6.000003e-02,2.763223e-02,2.767027e-02,1.430461e-01,4.809074e-03,3.061861e-01,1.136399e-01,3.337423e-03,1.610653e-02,1.974613e-02,8.951187e-02,3.417892e-02,2.631365e-02
1.259623e-01,1.203582e-01,5.557659e-02,3.238191e-02,3.423651e-02,1.091101e-01,4.650654e-03,2.473309e-01,1.119697e-01,4.304345e-03,1.268335e-02,1.478202e-02,7.407066e-02,2.566598e-02,2.691676e-02
1.750217e-01,1.424085e-01,4.935857e-02,3.575109e-02,4.839481e-02,8.585352e-02,4.417616e-03,1.874300e-01,1.242034e-01,4.313609e-03,1.100525e-02,1.161715e-02,6.255937e-02,2.457368e-02,3.309176e-02
2.083864e-01,1.405489e-01,4.507927e-02,3.999345e-02,5.879272e-02,6.994600e-02,6.332277e-03,1.686191e-01,1.349368e-01,3.968697e-03,1.026070e-02,1.007493e-02,5.557613e-02,2.021851e-02,2.726610e-02
2.701543e-01,1.098897e-01,4.477672e-02,6.045469e-02,6.739531e-02,5.797404e-02,6.513773e-03,1.240686e-01,1.190386e-01,5.453900e-03,1.338884e-02,2.354573e-02,4.998345e-02,1.612595e-02,3.123650e-02
3.059349e-01,8.472848e-02,3.367589e-02,5.943451e-02,5.151850e-02,6.830844e-02,5.449986e-03,8.801495e-02,1.053628e-01,1.785534e-02,3.308402e-02,2.484203e-02,7.033516e-02,1.244644e-02,3.900858e-02
2.534230e-01,6.324500e-02,2.732935e-02,1.147771e-01,3.987916e-02,7.647952e-02,5.278813e-03,6.225836e-02,8.377768e-02,2.412972e-02,5.089973e-02,2.599401e-02,1.238259e-01,9.583591e-03,3.911911e-02
2.985511e-01,4.573473e-02,1.989497e-02,8.925748e-02,3.039235e-02,8.025500e-02,5.508393e-03,4.393619e-02,6.340237e-02,2.322378e-02,5.433854e-02,3.002104e-02,1.690426e-01,7.386443e-03,3.905494e-02
2.516159e-01,3.353679e-02,1.907744e-02,7.643465e-02,2.727078e-02,7.676643e-02,5.978495e-03,3.184194e-02,4.984974e-02,2.440998e-02,7.508287e-02,3.273734e-02,2.425307e-01,6.033621e-03,4.683325e-02
1.938768e-01,2.404021e-02,1.448533e-02,5.617648e-02,2.426754e-02,1.028425e-01,6.883934e-03,2.375947e-02,3.930880e-02,1.848977e-02,8.493482e-02,5.095063e-02,3.093543e-01,5.392442e-03,4.523694e-02
1.488854e-01,1.779696e-02,1.183235e-02,4.185439e-02,2.303443e-02,9.078845e-02,9.234820e-03,1.710369e-02,3.064924e-02,2.078436e-02,1.317793e-01,7.879913e-02,3.297925e-01,4.697887e-03,4.296710e-02
1.133669e-01,1.377075e-02,9.454700e-03,3.085971e-02,2.159025e-02,7.224646e-02,1.060200e-02,1.226009e-02,2.310992e-02,2.661861e-02,1.617442e-01,1.180154e-01,3.443764e-01,4.045329e-03,3.793935e-02
9.032869e-02,1.051258e-02,7.214899e-03,2.177861e-02,1.931221e-02,5.299731e-02,9.573540e-03,8.831057e-03,1.941357e-02,2.525447e-02,1.708980e-01,1.496954e-01,3.785347e-01,4.141893e-03,3.151304e-02
6.892586e-02,1.026582e-02,6.852514e-03,1.543047e-02,2.195153e-02,3.846523e-02,8.348176e-03,6.461297e-03,2.053004e-02,2.747009e-02,1.649145e-01,1.725035e-01,4.053594e-01,4.516074e-03,2.800540e-02
1.017199e-01,1.297833e-02,8.363373e-03,1.104485e-02,2.459871e-02,2.814725e-02,6.985627e-03,4.958803e-03,2.519239e-02,6.142398e-02,1.301694e-01,2.079605e-01,3.482513e-01,5.564066e-03,2.264146e-02
1.147589e-01,2.134819e-02,1.164399e-01,1.035701e-02,2.976669e-02,2.417415e-02,5.681904e-03,1.126342e-02,2.245349e-02,8.539490e-02,9.542438e-02,1.678186e-01,2.734127e-01,5.210781e-03,1.649503e-02
1.382178e-01,1.837669e-02,2.131517e-01,1.371612e-02,3.604667e-02,2.078311e-02,4.571494e-03,2.825687e-02,1.847070e-02,8.427615e-02,7.141423e-02,1.335172e-01,2.030156e-01,4.430714e-03,1.175495e-02
1.452323e-01,2.225644e-02,3.239140e-01,1.242247e-02,4.141571e-02,1.763157e-02,3.602742e-03,2.558223e-02,2.041441e-02,6.994153e-02,5.289550e-02,1.039855e-01,1.476232e-01,3.972848e-03,9.109628e-03
1.277201e-01,2.982555e-02,3.317842e-01,1.326550e-02,7.057215e-02,1.541791e-02,3.367357e-03,2.668954e-02,3.991530e-02,7.064173e-02,4.516121e-02,1.004802e-01,1.131184e-01,4.139390e-03,7.901350e-03
1.173017e-01,2.973612e-02,3.262004e-01,1.898743e-02,6.194622e-02,1.640893e-02,3.239725e-03,2.657583e-02,4.956076e-02,5.900449e-02,5.156533e-02,1.301204e-01,9.771535e-02,4.458108e-03,7.179302e-03
9.274941e-02,4.272399e-02,2.557532e-01,1.686477e-02,1.454219e-01,1.325406e-02,4.842246e-03,2.326647e-02,1.373179e-01,4.595535e-02,4.122205e-02,9.794323e-02,7.371715e-02,3.499612e-03,5.468646e-03
8.029155e-02,4.026184e-02,1.974656e-01,2.596417e-02,1.934941e-01,1.147396e-02,6.567408e-03,5.255907e-02,1.607977e-01,3.963907e-02,4.049553e-02,8.096249e-02,6.249120e-02,2.939175e-03,4.597132e-03
6.956251e-02,3.595660e-02,1.455379e-01,9.786028e-02,1.837663e-01,1.083220e-02,5.499962e-03,4.367910e-02,2.304972e-01,2.947616e-02,3.262018e-02,6.061503e-02,4.759405e-02,2.316984e-03,4.185578e-03
7.268444e-02,4.210928e-02,1.085729e-01,8.218816e-02,1.533496e-01,1.033616e-02,5.716112e-03,3.617285e-02,3.368926e-01,2.313367e-02,3.086164e-02,5.090054e-02,4.099876e-02,2.142551e-03,3.940656e-03
8.426006e-02,5.093249e-02,9.798252e-02,9.525923e-02,1.181175e-01,1.068865e-02,5.947371e-03,3.401820e-02,3.668628e-01,3.073009e-02,2.509156e-02,3.997047e-02,3.263775e-02,1.758116e-03,5.743226e-03
8.983994e-02,3.900632e-02,8.693168e-02,8.480968e-02,1.305652e-01,9.807378e-03,6.490765e-03,5.274920e-02,4.006509e-01,2.226427e-02,1.866209e-02,2.869201e-02,2.401525e-02,1.314279e-03,4.201164e-03
1.489670e-01,3.453897e-02,7.474005e-02,8.587951e-02,1.254135e-01,1.104126e-02,7.180912e-03,4.548109e-02,3.801738e-01,2.329308e-02,1.541512e-02,2.175461e-02,1.847542e-02,1.378485e-03,6.267282e-03
2.330552e-01,3.378790e-02,5.604136e-02,7.082076e-02,1.133590e-01,1.547675e-02,8.454503e-03,5.402549e-02,3.254462e-01,1.957667e-02,1.578582e-02,1.843658e-02,2.451489e-02,2.215843e-03,9.003025e-03
2.602518e-01,2.875942e-02,4.211992e-02,5.871615e-02,9.875222e-02,1.604916e-02,3.446062e-02,1.089738e-01,2.662554e-01,1.554144e-02,1.534174e-02,1.519454e-02,2.822774e-02,2.241820e-03,9.114283e-03
3.061355e-01,3.158372e-02,3.342956e-02,5.009613e-02,8.713670e-02,2.478736e-02,4.216842e-02,1.047996e-01,2.406696e-01,1.266840e-02,1.403747e-02,1.338376e-02,2.462677e-02,2.213417e-03,1.226355e-02
3.386864e-01,3.252964e-02,2.561415e-02,4.111784e-02,8.029421e-02,2.471346e-02,4.480956e-02,1.090447e-01,2.256529e-01,1.128494e-02,1.257453e-02,1.347377e-02,2.205330e-02,2.199926e-03,1.595058e-02
4.012897e-01,3.448327e-02,2.138694e-02,4.049412e-02,7.067872e-02,2.628220e-02,4.893738e-02,8.745348e-02,1.736414e-01,1.654966e-02,1.219947e-02,1.664622e-02,2.155516e-02,2.697846e-03,2.570433e-02
4.408361e-01,4.101798e-02,2.009204e-02,4.366358e-02,5.478299e-02,3.271039e-02,4.775104e-02,6.579956e-02,1.276058e-01,2.756044e-02,1.498810e-02,1.847434e-02,2.718438e-02,3.537246e-03,3.399594e-02
1.000000e+00,0.000000e+00,0.000000e+00,0.000000e+00,0.000000e+00,0.000000e+00,0.000000e+00,0.000000e+00,0.000000e+00,0.000000e+00,0.000000e+00,0.000000e+00,0.000000e+00,0.000000e+00,0.000000e+00
1.000000e+00,0.000000e+00,0.000000e+00,0.000000e+00,0.000000e+00,0.000000e+00,0.000000e+00,0.000000e+00,0.000000e+00,0.000000e+00,0.000000e+00,0.000000e+00,0.000000e+00,0.000000e+00,0.000000e+00
1.000000e+00,0.000000e+00,0.000000e+00,0.000000e+00,0.000000e+00,0.000000e+00,0.000000e+00,0.000000e+00,0.000000e+00,0.000000e+00,0.000000e+00,0.000000e+00,0.000000e+00,0.000000e+00,0.000000e+00
1.000000e+00,0.000000e+00,0.000000e+00,0.000000e+00,0.000000e+00,0.000000e+00,0.000000e+00,0.000000e+00,0.000000e+00,0.000000e+00,0.000000e+00,0.000000e+00,0.000000e+00,0.000000e+00,0.000000e+00
1.000000e+00,0.000000e+00,0.000000e+00,0.000000e+00,0.000000e+00,0.000000e+00,0.000000e+00,0.000000e+00,0.000000e+00,0.000000e+00,0.000000e+00,0.000000e+00,0.000000e+00,0.000000e+00,0.000000e+00
1.000000e+00,0.000000e+00,0.000000e+00,0.000000e+00,0.000000e+00,0.000000e+00,0.000000e+00,0.000000e+00,0.000000e+00,0.000000e+00,0.000000e+00,0.000000e+00,0.000000e+00,0.000000e+00,0.000000e+00
1.000000e+00,0.000000e+00,0.000000e+00,0.000000e+00,0.000000e+00,0.000000e+00,0.000000e+00,0.000000e+00,0.000000e+00,0.000000e+00,0.000000e+00,0.000000e+00,0.000000e+00,0.000000e+00,0.000000e+00
1.000000e+00,0.000000e+00,0.000000e+00,0.000000e+00,0.000000e+00,0.000000e+00,0.000000e+00,0.000000e+00,0.000000e+00,0.000000e+00,0.000000e+00,0.000000e+00,0.000000e+00,0.000000e+00,0.000000e+00
1.000000e+00,0.000000e+00,0.000000e+00,0.000000e+00,0.000000e+00,0.000000e+00,0.000000e+00,0.000000e+00,0.000000e+00,0.000000e+00,0.000000e+00,0.000000e+00,0.000000e+00,0.000000e+00,0.000000e+00
1.000000e+00,0.000000e+00,0.000000e+00,0.000000e+00,0.000000e+00,0.000000e+00,0.000000e+00,0.000000e+00,0.000000e+00,0.000000e+00,0.000000e+00,0.000000e+00,0.000000e+00,0.000000e+00,0.000000e+00
4.940722e-01,2.152752e-02,1.520248e-02,2.588958e-02,9.235099e-03,2.482066e-02,7.149479e-03,8.631011e-03,1.451380e-01,2.843307e-02,2.079924e-02,3.131288e-02,2.215879e-02,8.479785e-02,6.083211e-02
3.543408e-01,1.835372e-02,8.361496e-02,2.700148e-02,8.511278e-03,1.926808e-02,5.278357e-03,1.012986e-02,2.184342e-01,3.825650e-02,2.445116e-02,2.413262e-02,2.275716e-02,7.515992e-02,7.030989e-02
2.489094e-01,1.834597e-02,2.457169e-01,3.675017e-02,6.854698e-03,1.420618e-02,3.769703e-03,8.701988e-03,1.992301e-01,3.312792e-02,2.217418e-02,1.844547e-02,1.995664e-02,5.678551e-02,6.702513e-02
1.756867e-01,1.697811e-02,2.764113e-01,3.457276e-02,7.038218e-03,1.231889e-02,3.026202e-03,1.065115e-02,1.766692e-01,6.366282e-02,3.971610e-02,1.798574e-02,4.033818e-02,4.956570e-02,7.537879e-02
1.249453e-01,1.626108e-02,2.337831e-01,3.860001e-02,3.396115e-02,9.330763e-03,5.519372e-03,4.651467e-02,1.388113e-01,1.121271e-01,4.830882e-02,1.623959e-02,6.380355e-02,4.340034e-02,6.839388e-02
8.985440e-02,2.135396e-02,1.829001e-01,3.462114e-02,3.550499e-02,8.947210e-03,6.312232e-03,4.977871e-02,1.176004e-01,1.174895e-01,6.055547e-02,2.093467e-02,1.535438e-01,3.374738e-02,6.685612e-02
6.427325e-02,2.170514e-02,1.406949e-01,2.765546e-02,2.857835e-02,8.600494e-03,1.566936e-02,9.473270e-02,9.447731e-02,1.060890e-01,6.269971e-02,3.210894e-02,2.171752e-01,2.593422e-02,5.960600e-02
4.584402e-02,2.075735e-02,1.017225e-01,2.440383e-02,2.145967e-02,1.721183e-02,1.268172e-02,8.080257e-02,8.609729e-02,7.710037e-02,4.796474e-02,2.724596e-02,3.702456e-01,1.849057e-02,4.797199e-02
3.304249e-02,2.443403e-02,7.335543e-02,1.816846e-02,1.679423e-02,2.891219e-02,9.881421e-03,6.129146e-02,7.790264e-02,5.579128e-02,3.630956e-02,2.780788e-02,4.815668e-01,1.330976e-02,4.143236e-02
2.403507e-02,2.748755e-02,5.851486e-02,1.830294e-02,1.553012e-02,3.673027e-02,1.110974e-02,5.868115e-02,8.187339e-02,4.068106e-02,2.831236e-02,2.411582e-02,5.257425e-01,9.934178e-03,3.894899e-02
1.799736e-02,4.715181e-02,4.321827e-02,1.636674e-02,1.297679e-02,3.550012e-02,8.696502e-03,4.910484e-02,9.044190e-02,2.970396e-02,2.103033e-02,2.184518e-02,5.584005e-01,7.377848e-03,4.018792e-02
1.561531e-02,7.470466e-02,3.233207e-02,2.554446e-02,1.107489e-02,3.517338e-02,6.499808e-03,4.158980e-02,1.247573e-01,2.241727e-02,1.651859e-02,1.630212e-02,5.249873e-01,6.101872e-03,4.638122e-02
2.002285e-02,1.207770e-01,2.808121e-02,2.113271e-02,1.235967e-02,3.241722e-02,5.071146e-03,3.279336e-02,1.308157e-01,1.643439e-02,1.209242e-02,1.182929e-02,4.889114e-01,4.599716e-03,6.266195e-02
2.651724e-02,1.339284e-01,3.821235e-02,1.811552e-02,1.096867e-02,2.966615e-02,4.102512e-03,2.910049e-02,1.069475e-01,1.485732e-02,9.685740e-03,9.121169e-03,4.812120e-01,4.859716e-03,8.270517e-02
3.026431e-02,1.432154e-01,4.395305e-02,7.060267e-02,1.768796e-02,2.557892e-02,5.213179e-03,5.002096e-02,1.097374e-01,1.412401e-02,1.044606e-02,7.644135e-03,3.882942e-01,4.484178e-03,7.873351e-02
3.214790e-02,1.114088e-01,4.489340e-02,1.016513e-01,1.708556e-02,2.195698e-02,6.015737e-03,4.705282e-02,8.874605e-02,3.488368e-02,4.385331e-02,1.320406e-02,3.485808e-01,5.435528e-03,8.308408e-02
3.641833e-02,8.140493e-02,3.705623e-02,1.782917e-01,1.631728e-02,2.580223e-02,4.824758e-03,3.804848e-02,1.124017e-01,3.137539e-02,6.127841e-02,2.311892e-02,2.842242e-01,6.025312e-03,6.341211e-02
3.914224e-02,5.974981e-02,3.200913e-02,1.743944e-01,1.773895e-02,2.500702e-02,4.991348e-03,2.814750e-02,1.595698e-01,4.641172e-02,9.695403e-02,3.574762e-02,2.185075e-01,1.089416e-02,5.073476e-02
4.962347e-02,4.325626e-02,2.573170e-02,1.329325e-01,1.585747e-02,2.104008e-02,6.924627e-03,2.184815e-02,1.271552e-01,5.223607e-02,1.352616e-01,1.360046e-01,1.733707e-01,1.853165e-02,4.022599e-02
3.860868e-02,3.048416e-02,2.140734e-02,9.983046e-02,1.377754e-02,1.617953e-02,5.326653e-03,2.564958e-02,9.920147e-02,7.993495e-02,1.909278e-01,1.805383e-01,1.512632e-01,1.748318e-02,2.938707e-02
3.059777e-02,2.183162e-02,1.987681e-02,7.453471e-02,1.220080e-02,1.215350e-02,3.968810e-03,2.632547e-02,7.789285e-02,1.000609e-01,2.117272e-01,2.428314e-01,1.249527e-01,1.903357e-02,2.201186e-02
6.355455e-02,1.714578e-02,2.273703e-02,5.967002e-02,3.418520e-02,1.229406e-02,3.593124e-03,2.832592e-02,6.943735e-02,1.174158e-01,2.494448e-01,1.767974e-01,9.869906e-02,2.525502e-02,2.144483e-02
7.070371e-02,1.519769e-02,2.715306e-02,4.699672e-02,3.963862e-02,1.122742e-02,2.959784e-03,2.556491e-02,6.302477e-02,1.726825e-01,2.418048e-01,1.311169e-01,8.714638e-02,3.455086e-02,3.023183e-02
6.627458e-02,1.757051e-02,4.066726e-02,4.112317e-02,3.419022e-02,9.939749e-03,2.295305e-03,2.514186e-02,5.684212e-02,2.142811e-01,2.387470e-01,1.016081e-01,7.527233e-02,4.257019e-02,3.347647e-02
6.008443e-02,1.837373e-02,1.103486e-01,4.409589e-02,2.959115e-02,9.047147e-03,2.453780e-03,4.002013e-02,5.047484e-02,2.086397e-01,1.973744e-01,7.325485e-02,5.903509e-02,5.088551e-02,4.632077e-02
7.163604e-02,1.845587e-02,1.945260e-01,5.369235e-02,2.696339e-02,9.391753e-03,2.298004e-03,4.265509e-02,5.191240e-02,1.749155e-01,1.500646e-01,5.294171e-02,4.531492e-02,5.129395e-02,5.393841e-02
9.823169e-02,2.664582e-02,2.868728e-01,5.314932e-02,3.929748e-02,9.631768e-03,3.047570e-03,3.266714e-02,4.642180e-02,1.274560e-01,1.082665e-01,3.913301e-02,3.375919e-02,3.878696e-02,5.663299e-02
8.112755e-02,2.762166e-02,2.470585e-01,2.334255e-01,4.376702e-02,8.321587e-03,3.481543e-03,2.470395e-02,4.045933e-02,9.070288e-02,7.687930e-02,2.795582e-02,2.412726e-02,2.784114e-02,4.252698e-02
8.650970e-02,3.876623e-02,2.697188e-01,2.378478e-01,7.967523e-02,1.171204e-02,5.292415e-03,2.168430e-02,3.249345e-02,6.530555e-02,5.560235e-02,2.094128e-02,1.799639e-02,2.057026e-02,3.588428e-02
6.868850e-02,4.264858e-02,3.065285e-01,2.668433e-01,1.016859e-01,1.072739e-02,5.187072e-03,1.841640e-02,2.435283e-02,4.639514e-02,3.968984e-02,1.492583e-02,1.283063e-02,1.457620e-02,2.650385e-02
1.019278e-01,5.970722e-02,3.017926e-01,2.290995e-01,1.155783e-01,1.439589e-02,6.865705e-03,1.979130e-02,2.303740e-02,3.745943e-02,3.140566e-02,1.152517e-02,1.059847e-02,1.107530e-02,2.574024e-02
2.000000e-01,5.622952e-02,3.033797e-01,1.697783e-01,1.133090e-01,2.013361e-02,6.211335e-03,1.464550e-02,1.717461e-02,2.970153e-02,2.314917e-02,9.632188e-03,8.526356e-03,8.334052e-03,1.979518e-02
2.133043e-01,6.002897e-02,3.006340e-01,1.252816e-01,1.482410e-01,2.174872e-02,7.989193e-03,1.736736e-02,1.919674e-02,2.850306e-02,1.815343e-02,9.486197e-03,7.577413e-03,6.948906e-03,1.553917e-02
1.646324e-01,4.602989e-02,2.139920e-01,8.989494e-02,1.317120e-01,2.509105e-01,6.690425e-03,1.350016e-02,1.411272e-02,2.292249e-02,1.487668e-02,7.902618e-03,5.594461e-03,5.550233e-03,1.167855e-02
1.689700e-01,3.539355e-02,1.557086e-01,6.424220e-02,1.066469e-01,3.637124e-01,6.159512e-03,1.129945e-02,1.106153e-02,2.871601e-02,2.059797e-02,6.592940e-03,5.094542e-03,5.804688e-03,9.999745e-03
2.301395e-01,3.007665e-02,1.196457e-01,4.766292e-02,8.756922e-02,3.788063e-01,6.080286e-03,1.016908e-02,9.910237e-03,2.754844e-02,2.509402e-02,6.785870e-03,5.130666e-03,6.448170e-03,8.932922e-03
1.690651e-01,1.162001e-01,9.135057e-02,6.934740e-02,6.272716e-02,3.897315e-01,4.374370e-03,7.570017e-03,7.829749e-03,2.369948e-02,3.127579e-02,6.170345e-03,5.997685e-03,5.957684e-03,8.703046e-03
1.497241e-01,1.206521e-01,6.651299e-02,5.284360e-02,4.724435e-02,4.086441e-01,3.306651e-03,6.150765e-03,2.420404e-02,2.248841e-02,5.294033e-02,5.045812e-03,6.517862e-03,2.369884e-02,1.002607e-02
1.497938e-01,9.330740e-02,5.080295e-02,3.850739e-02,3.382306e-02,4.991176e-01,2.642189e-03,6.743832e-03,1.940015e-02,1.708804e-02,4.622823e-02,3.956614e-03,5.393051e-03,2.352397e-02,9.671694e-03
1.810421e-01,6.970652e-02,3.692358e-02,2.870195e-02,2.831294e-02,4.485126e-01,2.310759e-03,5.832546e-03,4.643361e-02,2.083660e-02,6.201103e-02,4.127697e-03,5.753334e-03,4.509680e-02,1.439789e-02
1.681862e-01,5.247773e-02,2.663964e-02,2.043663e-02,2.266515e-02,3.794015e-01,2.209109e-03,5.120819e-03,5.319946e-02,2.800585e-02,1.201030e-01,5.576751e-03,6.615708e-03,9.328492e-02,1.607752e-02
2.320736e-01,3.941242e-02,1.939018e-02,1.445048e-02,1.683667e-02,2.809687e-01,2.527904e-03,4.346163e-03,4.496049e-02,2.159572e-02,1.571532e-01,9.732333e-03,6.650920e-03,1.376785e-01,1.222269e-02
1.782380e-01,2.894146e-02,1.411387e-02,1.033799e-02,1.231808e-02,1.985099e-01,2.366105e-03,4.074932e-03,7.194386e-02,2.003887e-02,2.762441e-01,1.136264e-02,7.188658e-03,1.542794e-01,1.004211e-02
1.487550e-01,2.314107e-02,1.670008e-02,7.925089e-03,1.195526e-02,1.432354e-01,2.795460e-03,5.003904e-03,8.224051e-02,2.540149e-02,3.176582e-01,1.401432e-02,7.380664e-03,1.857963e-01,7.997165e-03
1.633395e-01,2.122944e-02,1.534133e-02,5.950785e-03,1.042541e-02,1.027432e-01,2.203165e-03,4.220984e-03,1.530001e-01,2.181315e-02,2.649746e-01,1.458571e-02,7.097158e-03,2.056671e-01,7.408321e-03
1.254437e-01,1.843211e-02,1.386650e-02,4.470880e-03,9.487934e-03,7.346001e-02,1.645319e-03,3.285341e-03,2.496710e-01,1.930478e-02,2.228021e-01,1.143508e-02,5.776498e-03,2.312759e-01,9.642844e-03
8.949932e-02,1.637616e-02,1.238643e-02,3.964958e-03,7.613556e-03,5.330945e-02,1.235089e-03,3.723614e-03,3.975027e-01,1.657118e-02,1.693797e-01,8.572759e-03,4.661188e-03,2.072932e-01,7.910637e-03
6.530140e-02,1.269765e-02,9.388939e-03,3.462603e-03,6.186087e-03,3.797953e-02,8.912648e-04,2.945899e-03,4.678142e-01,1.393329e-02,1.379623e-01,6.789442e-03,3.826346e-03,2.245050e-01,6.315995e-03
4.848328e-02,1.041835e-02,7.217346e-03,2.804406e-03,5.627559e-03,2.705997e-02,6.438068e-04,2.248580e-03,5.659497e-01,1.186596e-02,1.037542e-01,5.438257e-03,3.032951e-03,2.003940e-01,5.061636e-03
3.425169e-02,8.501632e-03,5.255850e-03,2.041102e-03,4.127955e-03,1.915010e-02,4.521082e-04,1.584130e-03,6.309695e-01,1.026737e-02,7.898704e-02,4.049785e-03,2.281251e-03,1.936165e-01,4.464060e-03
2.456081e-02,7.065664e-03,3.875542e-03,1.507727e-03,3.098809e-03,1.375694e-02,3.189464e-04,1.116150e-03,6.642350e-01,1.068767e-02,6.306140e-02,3.087883e-03,1.717294e-03,1.976477e-01,4.262522e-03
1.785340e-02,6.192777e-03,3.271075e-03,1.471920e-03,2.628627e-03,1.045414e-02,2.329345e-04,8.227614e-04,6.953925e-01,1.055348e-02,4.973039e-02,2.327826e-03,1.385836e-03,1.921134e-01,5.568900e-03
1.347886e-02,6.690621e-03,3.272928e-03,1.286279e-03,2.199110e-03,8.933906e-03,1.798542e-04,1.106750e-03,7.190413e-01,8.662937e-03,3.968910e-02,1.743376e-03,1.082306e-03,1.880240e-01,4.608626e-03
1.093894e-02,6.758310e-03,2.552703e-03,1.030659e-03,1.956960e-03,6.800023e-03,1.332591e-04,1.108256e-03,7.341019e-01,7.000710e-03,2.968157e-02,1.341056e-03,8.341922e-04,1.920601e-01,3.701343e-03
1.000014e-02,6.415451e-03,2.069995e-03,7.834593e-04,1.852204e-03,5.806255e-03,9.737604e-05,1.100010e-03,7.149178e-01,5.941974e-03,2.203540e-02,1.057697e-03,6.406094e-04,2.239813e-01,3.300330e-03
1.142039e-02,5.217293e-03,3.972146e-03,9.966634e-04,2.502721e-03,6.004879e-03,8.662548e-05,3.254674e-03,7.505752e-01,6.069678e-03,1.648340e-02,8.640676e-04,5.889478e-04,1.883023e-01,3.661091e-03
1.505854e-02,4.263970e-03,7.242111e-02,2.519463e-03,4.824426e-03,6.112042e-03,2.407315e-04,2.313737e-02,7.088421e-01,6.555301e-03,1.206519e-02,6.689538e-04,4.951184e-04,1.396824e-01,3.113310e-03
2.381611e-02,4.489170e-03,7.492384e-02,3.051117e-03,3.527778e-02,7.010398e-03,5.094510e-04,2.531384e-02,6.833298e-01,8.555738e-03,1.010187e-02,5.825750e-04,4.859195e-04,1.190757e-01,3.476731e-03
2.152167e-02,6.703955e-03,6.573219e-02,3.390328e-03,4.217508e-02,6.260364e-03,4.142626e-04,5.446494e-02,6.637690e-01,7.716718e-03,9.336341e-03,5.224863e-04,5.013322e-04,1.139017e-01,3.589693e-03
2.503232e-02,1.110937e-02,7.723736e-02,2.619958e-02,5.453795e-02,6.441881e-03,3.576373e-04,5.752052e-02,6.085473e-01,9.075573e-03,8.911980e-03,6.862976e-04,5.248455e-04,1.048373e-01,8.980129e-03
3.284895e-02,3.068408e-02,6.819791e-02,2.667451e-02,5.445994e-02,6.699296e-03,2.914593e-04,4.996658e-02,5.468484e-01,1.003440e-02,8.430239e-03,9.524016e-04,5.677757e-04,1.488637e-01,1.448045e-02
4.026027e-02,2.517822e-02,5.641891e-02,2.050099e-02,5.303980e-02,6.181277e-03,2.739815e-04,4.744893e-02,5.531247e-01,9.581061e-03,7.988835e-03,8.426824e-04,4.852185e-04,1.658725e-01,1.280261e-02
5.920063e-02,2.885164e-02,7.794119e-02,3.770949e-02,5.910579e-02,5.868709e-03,6.268383e-04,5.092239e-02,4.974580e-01,7.402661e-03,8.426093e-03,1.157591e-03,5.463365e-04,1.529924e-01,1.179028e-02
9.639572e-02,2.455851e-02,6.751343e-02,3.070123e-02,5.102061e-02,5.757416e-03,5.611859e-04,5.289246e-02,4.832592e-01,6.208329e-03,8.294715e-03,1.241454e-03,5.365172e-04,1.588876e-01,1.217166e-02
1.080045e-01,2.109712e-02,5.041504e-02,2.237540e-02,3.817743e-02,6.053954e-03,4.125795e-04,3.992508e-02,5.097429e-01,9.738875e-03,7.566925e-03,1.234506e-03,4.992761e-04,1.467290e-01,3.802738e-02
1.146933e-01,1.707055e-02,3.632734e-02,1.638771e-02,3.151985e-02,5.548725e-03,3.026561e-04,3.023259e-02,5.883035e-01,8.533695e-03,6.292924e-03,1.148838e-03,4.261243e-04,1.136669e-01,2.954525e-02
1.409748e-01,1.525682e-02,2.831251e-02,2.799543e-02,2.945183e-02,4.831654e-03,2.958999e-04,2.408366e-02,5.926428e-01,1.013877e-02,4.896511e-03,1.430992e-03,5.003773e-04,8.589911e-02,3.328880e-02
1.708620e-01,1.251504e-02,2.107278e-02,2.238373e-02,2.973120e-02,4.196113e-03,2.586191e-04,1.860676e-02,6.063052e-01,9.443644e-03,4.748582e-03,1.619335e-03,6.739962e-04,7.109275e-02,2.649017e-02
2.397987e-01,1.837628e-02,1.558146e-02,5.035063e-02,2.764967e-02,5.623569e-03,3.892346e-04,1.400528e-02,5.027774e-01,1.423141e-02,5.005104e-03,4.853447e-03,1.748169e-03,5.865538e-02,4.095426e-02
3.827828e-01,1.794502e-02,1.232340e-02,4.559145e-02,2.173783e-02,6.133523e-03,5.313082e-04,1.015775e-02,3.792637e-01,1.310824e-02,5.292694e-03,7.889997e-03,2.485872e-03,5.111235e-02,4.364405e-02
4.961308e-01,1.596541e-02,1.082547e-02,3.686357e-02,1.822448e-02,6.094139e-03,5.221773e-04,7.548732e-03,3.012290e-01,1.111732e-02,5.617504e-03,8.676220e-03,2.720471e-03,4.190429e-02,3.656051e-02
1.000000e+00,0.000000e+00,0.000000e+00,0.000000e+00,0.000000e+00,0.000000e+00,0.000000e+00,0.000000e+00,0.000000e+00,0.000000e+00,0.000000e+00,0.000000e+00,0.000000e+00,0.000000e+00,0.000000e+00
1.000000e+00,0.000000e+00,0.000000e+00,0.000000e+00,0.000000e+00,0.000000e+00,0.000000e+00,0.000000e+00,0.000000e+00,0.000000e+00,0.000000e+00,0.000000e+00,0.000000e+00,0.000000e+00,0.000000e+00
1.000000e+00,0.000000e+00,0.000000e+00,0.000000e+00,0.000000e+00,0.000000e+00,0.000000e+00,0.000000e+00,0.000000e+00,0.000000e+00,0.000000e+00,0.000000e+00,0.000000e+00,0.000000e+00,0.000000e+00
1.000000e+00,0.000000e+00,0.000000e+00,0.000000e+00,0.000000e+00,0.000000e+00,0.000000e+00,0.000000e+00,0.000000e+00,0.000000e+00,0.000000e+00,0.000000e+00,0.000000e+00,0.000000e+00,0.000000e+00
1.000000e+00,0.000000e+00,0.000000e+00,0.000000e+00,0.000000e+00,0.000000e+00,0.000000e+00,0.000000e+00,0.000000e+00,0.000000e+00,0.000000e+00,0.000000e+00,0.000000e+00,0.000000e+00,0.000000e+00
1.000000e+00,0.000000e+00,0.000000e+00,0.000000e+00,0.000000e+00,0.000000e+00,0.000000e+00,0.000000e+00,0.000000e+00,0.000000e+00,0.000000e+00,0.000000e+00,0.000000e+00,0.000000e+00,0.000000e+00
1.000000e+00,0.000000e+00,0.000000e+00,0.000000e+00,0.000000e+00,0.000000e+00,0.000000e+00,0.000000e+00,0.000000e+00,0.000000e+00,0.000000e+00,0.000000e+00,0.000000e+00,0.000000e+00,0.000000e+00
1.000000e+00,0.000000e+00,0.000000e+00,0.000000e+00,0.000000e+00,0.000000e+00,0.000000e+00,0.000000e+00,0.000000e+00,0.000000e+00,0.000000e+00,0.000000e+00,0.000000e+00,0.000000e+00,0.000000e+00
1.000000e+00,0.000000e+00,0.000000e+00,0.000000e+00,0.000000e+00,0.000000e+00,0.000000e+00,0.000000e+00,0.000000e+00,0.000000e+00,0.000000e+00,0.000000e+00,0.000000e+00,0.000000e+00,0.000000e+00
1.000000e+00,0.000000e+00,0.000000e+00,0.000000e+00,0.000000e+00,0.000000e+00,0.000000e+00,0.000000e+00,0.000000e+00,0.000000e+00,0.000000e+00,0.000000e+00,0.000000e+00,0.000000e+00,0.000000e+00
1.000000e+00,0.000000e+00,0.000000e+00,0.000000e+00,0.000000e+00,0.000000e+00,0.000000e+00,0.000000e+00,0.000000e+00,0.000000e+00,0.000000e+00,0.000000e+00,0.000000e+00,0.000000e+00,0.000000e+00
1.000000e+00,0.000000e+00,0.000000e+00,0.000000e+00,0.000000e+00,0.000000e+00,0.000000e+00,0.000000e+00,0.000000e+00,0.000000e+00,0.000000e+00,0.000000e+00,0.000000e+00,0.000000e+00,0.000000e+00
1.000000e+00,0.000000e+00,0.000000e+00,0.000000e+00,0.000000e+00,0.000000e+00,0.000000e+00,0.000000e+00,0.000000e+00,0.000000e+00,0.000000e+00,0.000000e+00,0.000000e+00,0.000000e+00,0.000000e+00
1.000000e+00,0.000000e+00,0.000000e+00,0.000000e+00,0.000000e+00,0.000000e+00,0.000000e+00,0.000000e+00,0.000000e+00,0.000000e+00,0.000000e+00,0.000000e+00,0.000000e+00,0.000000e+00,0.000000e+00
1.000000e+00,0.000000e+00,0.000000e+00,0.000000e+00,0.000000e+00,0.000000e+00,0.000000e+00,0.000000e+00,0.000000e+00,0.000000e+00,0.000000e+00,0.000000e+00,0.000000e+00,0.000000e+00,0.000000e+00
1.000000e+00,0.000000e+00,0.000000e+00,0.000000e+00,0.000000e+00,0.000000e+00,0.000000e+00,0.000000e+00,0.000000e+00,0.000000e+00,0.000000e+00,0.000000e+00,0.000000e+00,0.000000e+00,0.000000e+00
1.000000e+00,0.000000e+00,0.000000e+00,0.000000e+00,0.000000e+00,0.000000e+00,0.000000e+00,0.000000e+00,0.000000e+00,0.000000e+00,0.000000e+00,0.000000e+00,0.000000e+00,0.000000e+00,0.000000e+00
1.000000e+00,0.000000e+00,0.000000e+00,0.000000e+00,0.000000e+00,0.000000e+00,0.000000e+00,0.000000e+00,0.000000e+00,0.000000e+00,0.000000e+00,0.000000e+00,0.000000e+00,0.000000e+00,0.000000e+00
1.000000e+00,0.000000e+00,0.000000e+00,0.000000e+00,0.000000e+00,0.000000e+00,0.000000e+00,0.000000e+00,0.000000e+00,0.000000e+00,0.000000e+00,0.000000e+00,0.000000e+00,0.000000e+00,0.000000e+00
1.000000e+00,0.000000e+00,0.000000e+00,0.000000e+00,0.000000e+00,0.000000e+00,0.000000e+00,0.000000e+00,0.000000e+00,0.000000e+00,0.000000e+00,0.000000e+00,0.000000e+00,0.000000e+00,0.000000e+00
1.000000e+00,0.000000e+00,0.000000e+00,0.000000e+00,0.000000e+00,0.000000e+00,0.000000e+00,0.000000e+00,0.000000e+00,0.000000e+00,0.000000e+00,0.000000e+00,0.000000e+00,0.000000e+00,0.000000e+00
1.000000e+00,0.000000e+00,0.000000e+00,0.000000e+00,0.000000e+00,0.000000e+00,0.000000e+00,0.000000e+00,0.000000e+00,0.000000e+00,0.000000e+00,0.000000e+00,0.000000e+00,0.000000e+00,0.000000e+00
1.000000e+00,0.000000e+00,0.000000e+00,0.000000e+00,0.000000e+00,0.000000e+00,0.000000e+00,0.000000e+00,0.000000e+00,0.000000e+00,0.000000e+00,0.000000e+00,0.000000e+00,0.000000e+00,0.000000e+00
1.000000e+00,0.000000e+00,0.000000e+00,0.000000e+00,0.000000e+00,0.000000e+00,0.000000e+00,0.000000e+00,0.000000e+00,0.000000e+00,0.000000e+00,0.000000e+00,0.000000e+00,0.000000e+00,0.000000e+00
1.000000e+00,0.000000e+00,0.000000e+00,0.000000e+00,0.000000e+00,0.000000e+00,0.000000e+00,0.000000e+00,0.000000e+00,0.000000e+00,0.000000e+00,0.000000e+00,0.000000e+00,0.000000e+00,0.000000e+00
1.000000e+00,0.000000e+00,0.000000e+00,0.000000e+00,0.000000e+00,0.000000e+00,0.000000e+00,0.000000e+00,0.000000e+00,0.000000e+00,0.000000e+00,0.000000e+00,0.000000e+00,0.000000e+00,0.000000e+00
1.000000e+00,0.000000e+00,0.000000e+00,0.000000e+00,0.000000e+00,0.000000e+00,0.000000e+00,0.000000e+00,0.000000e+00,0.000000e+00,0.000000e+00,0.000000e+00,0.000000e+00,0.000000e+00,0.000000e+00
1.000000e+00,0.000000e+00,0.000000e+00,0.000000e+00,0.000000e+00,0.000000e+00,0.000000e+00,0.000000e+00,0.000000e+00,0.000000e+00,0.000000e+00,0.000000e+00,0.000000e+00,0.000000e+00,0.000000e+00
1.000000e+00,0.000000e+00,0.000000e+00,0.000000e+00,0.000000e+00,0.000000e+00,0.000000e+00,0.000000e+00,0.000000e+00,0.000000e+00,0.000000e+00,0.000000e+00,0.000000e+00,0.000000e+00,0.000000e+00
1.000000e+00,0.000000e+00,0.000000e+00,0.000000e+00,0.000000e+00,0.000000e+00,0.000000e+00,0.000000e+00,0.000000e+00,0.000000e+00,0.000000e+00,0.000000e+00,0.000000e+00,0.000000e+00,0.000000e+00
1.000000e+00,0.000000e+00,0.000000e+00,0.000000e+00,0.000000e+00,0.000000e+00,0.000000e+00,0.000000e+00,0.000000e+00,0.000000e+00,0.000000e+00,0.000000e+00,0.000000e+00,0.000000e+00,0.000000e+00
1.000000e+00,0.000000e+00,0.000000e+00,0.000000e+00,0.000000e+00,0.000000e+00,0.000000e+00,0.000000e+00,0.000000e+00,0.000000e+00,0.000000e+00,0.000000e+00,0.000000e+00,0.000000e+00,0.000000e+00
1.000000e+00,0.000000e+00,0.000000e+00,0.000000e+00,0.000000e+00,0.000000e+00,0.000000e+00,0.000000e+00,0.000000e+00,0.000000e+00,0.000000e+00,0.000000e+00,0.000000e+00,0.000000e+00,0.000000e+00
1.000000e+00,0.000000e+00,0.000000e+00,0.000000e+00,0.000000e+00,0.000000e+00,0.000000e+00,0.000000e+00,0.000000e+00,0.000000e+00,0.000000e+00,0.000000e+00,0.000000e+00,0.000000e+00,0.000000e+00
1.000000e+00,0.000000e+00,0.000000e+00,0.000000e+00,0.000000e+00,0.000000e+00,0.000000e+00,0.000000e+00,0.000000e+00,0.000000e+00,0.000000e+00,0.000000e+00,0.000000e+00,0.000000e+00,0.000000e+00
1.000000e+00,0.000000e+00,0.000000e+00,0.000000e+00,0.000000e+00,0.000000e+00,0.000000e+00,0.000000e+00,0.000000e+00,0.000000e+00,0.000000e+00,0.000000e+00,0.000000e+00,0.000000e+00,0.000000e+00
1.000000e+00,0.000000e+00,0.000000e+00,0.000000e+00,0.000000e+00,0.000000e+00,0.000000e+00,0.000000e+00,0.000000e+00,0.000000e+00,0.000000e+00,0.000000e+00,0.000000e+00,0.000000e+00,0.000000e+00
1.000000e+00,0.000000e+00,0.000000e+00,0.000000e+00,0.000000e+00,0.000000e+00,0.000000e+00,0.000000e+00,0.000000e+00,0.000000e+00,0.000000e+00,0.000000e+00,0.000000e+00,0.000000e+00,0.000000e+00
1.000000e+00,0.000000e+00,0.000000e+00,0.000000e+00,0.000000e+00,0.000000e+00,0.000000e+00,0.000000e+00,0.000000e+00,0.000000e+00,0.000000e+00,0.000000e+00,0.000000e+00,0.000000e+00,0.000000e+00
1.000000e+00,0.000000e+00,0.000000e+00,0.000000e+00,0.000000e+00,0.000000e+00,0.000000e+00,0.000000e+00,0.000000e+00,0.000000e+00,0.000000e+00,0.000000e+00,0.000000e+00,0.000000e+00,0.000000e+00
1.000000e+00,0.000000e+00,0.000000e+00,0.000000e+00,0.000000e+00,0.000000e+00,0.000000e+00,0.000000e+00,0.000000e+00,0.000000e+00,0.000000e+00,0.000000e+00,0.000000e+00,0.000000e+00,0.000000e+00
1.000000e+00,0.000000e+00,0.000000e+00,0.000000e+00,0.000000e+00,0.000000e+00,0.000000e+00,0.000000e+00,0.000000e+00,0.000000e+00,0.000000e+00,0.000000e+00,0.000000e+00,0.000000e+00,0.000000e+00
1.000000e+00,0.000000e+00,0.000000e+00,0.000000e+00,0.000000e+00,0.000000e+00,0.000000e+00,0.000000e+00,0.000000e+00,0.000000e+00,0.000000e+00,0.000000e+00,0.000000e+00,0.000000e+00,0.000000e+00
1.000000e+00,0.000000e+00,0.000000e+00,0.000000e+00,0.000000e+00,0.000000e+00,0.000000e+00,0.000000e+00,0.000000e+00,0.000000e+00,0.000000e+00,0.000000e+00,0.000000e+00,0.000000e+00,0.000000e+00
1.000000e+00,0.000000e+00,0.000000e+00,0.000000e+00,0.000000e+00,0.000000e+00,0.000000e+00,0.000000e+00,0.000000e+00,0.000000e+00,0.000000e+00,0.000000e+00,0.000000e+00,0.000000e+00,0.000000e+00
1.000000e+00,0.000000e+00,0.000000e+00,0.000000e+00,0.000000e+00,0.000000e+00,0.000000e+00,0.000000e+00,0.000000e+00,0.000000e+00,0.000000e+00,0.000000e+00,0.000000e+00,0.000000e+00,0.000000e+00
1.000000e+00,0.000000e+00,0.000000e+00,0.000000e+00,0.000000e+00,0.000000e+00,0.000000e+00,0.000000e+00,0.000000e+00,0.000000e+00,0.000000e+00,0.000000e+00,0.000000e+00,0.000000e+00,0.000000e+00
1.000000e+00,0.000000e+00,0.000000e+00,0.000000e+00,0.000000e+00,0.000000e+00,0.000000e+00,0.000000e+00,0.000000e+00,0.000000e+00,0.000000e+00,0.000000e+00,0.000000e+00,0.000000e+00,0.000000e+00
1.000000e+00,0.000000e+00,0.000000e+00,0.000000e+00,0.000000e+00,0.000000e+00,0.000000e+00,0.000000e+00,0.000000e+00,0.000000e+00,0.000000e+00,0.000000e+00,0.000000e+00,0.000000e+00,0.000000e+00
1.000000e+00,0.000000e+00,0.000000e+00,0.000000e+00,0.000000e+00,0.000000e+00,0.000000e+00,0.000000e+00,0.000000e+00,0.000000e+00,0.000000e+00,0.000000e+00,0.000000e+00,0.000000e+00,0.000000e+00
1.000000e+00,0.000000e+00,0.000000e+00,0.000000e+00,0.000000e+00,0.000000e+00,0.000000e+00,0.000000e+00,0.000000e+00,0.000000e+00,0.000000e+00,0.000000e+00,0.000000e+00,0.000000e+00,0.000000e+00
1.000000e+00,0.000000e+00,0.000000e+00,0.000000e+00,0.000000e+00,0.000000e+00,0.000000e+00,0.000000e+00,0.000000e+00,0.000000e+00,0.000000e+00,0.000000e+00,0.000000e+00,0.000000e+00,0.000000e+00
1.000000e+00,0.000000e+00,0.000000e+00,0.000000e+00,0.000000e+00,0.000000e+00,0.000000e+00,0.000000e+00,0.000000e+00,0.000000e+00,0.000000e+00,0.000000e+00,0.000000e+00,0.000000e+00,0.000000e+00
1.000000e+00,0.000000e+00,0.000000e+00,0.000000e+00,0.000000e+00,0.000000e+00,0.000000e+00,0.000000e+00,0.000000e+00,0.000000e+00,0.000000e+00,0.000000e+00,0.000000e+00,0.000000e+00,0.000000e+00
1.000000e+00,0.000000e+00,0.000000e+00,0.000000e+00,0.000000e+00,0.000000e+00,0.000000e+00,0.000000e+00,0.000000e+00,0.000000e+00,0.000000e+00,0.000000e+00,0.000000e+00,0.000000e+00,0.000000e+00
1.000000e+00,0.000000e+00,0.000000e+00,0.000000e+00,0.000000e+00,0.000000e+00,0.000000e+00,0.000000e+00,0.000000e+00,0.000000e+00,0.000000e+00,0.000000e+00,0.000000e+00,0.000000e+00,0.000000e+00
1.000000e+00,0.000000e+00,0.000000e+00,0.000000e+00,0.000000e+00,0.000000e+00,0.000000e+00,0.000000e+00,0.000000e+00,0.000000e+00,0.000000e+00,0.000000e+00,0.000000e+00,0.000000e+00,0.000000e+00
1.000000e+00,0.000000e+00,0.000000e+00,0.000000e+00,0.000000e+00,0.000000e+00,0.000000e+00,0.000000e+00,0.000000e+00,0.000000e+00,0.000000e+00,0.000000e+00,0.000000e+00,0.000000e+00,0.000000e+00
1.000000e+00,0.000000e+00,0.000000e+00,0.000000e+00,0.000000e+00,0.000000e+00,0.000000e+00,0.000000e+00,0.000000e+00,0.000000e+00,0.000000e+00,0.000000e+00,0.000000e+00,0.000000e+00,0.000000e+00
1.000000e+00,0.000000e+00,0.000000e+00,0.000000e+00,0.000000e+00,0.000000e+00,0.000000e+00,0.000000e+00,0.000000e+00,0.000000e+00,0.000000e+00,0.000000e+00,0.000000e+00,0.000000e+00,0.000000e+00
1.000000e+00,0.000000e+00,0.000000e+00,0.000000e+00,0.000000e+00,0.000000e+00,0.000000e+00,0.000000e+00,0.000000e+00,0.000000e+00,0.000000e+00,0.000000e+00,0.000000e+00,0.000000e+00,0.000000e+00
1.000000e+00,0.000000e+00,0.000000e+00,0.000000e+00,0.000000e+00,0.000000e+00,0.000000e+00,0.000000e+00,0.000000e+00,0.000000e+00,0.000000e+00,0.000000e+00,0.000000e+00,0.000000e+00,0.000000e+00
1.000000e+00,0.000000e+00,0.000000e+00,0.000000e+00,0.000000e+00,0.000000e+00,0.000000e+00,0.000000e+00,0.000000e+00,0.000000e+00,0.000000e+00,0.000000e+00,0.000000e+00,0.000000e+00,0.000000e+00
1.000000e+00,0.000000e+00,0.000000e+00,0.000000e+00,0.000000e+00,0.000000e+00,0.000000e+00,0.000000e+00,0.000000e+00,0.000000e+00,0.000000e+00,0.000000e+00,0.000000e+00,0.000000e+00,0.000000e+00
1.000000e+00,0.000000e+00,0.000000e+00,0.000000e+00,0.000000e+00,0.000000e+00,0.000000e+00,0.000000e+00,0.000000e+00,0.000000e+00,0.000000e+00,0.000000e+00,0.000000e+00,0.000000e+00,0.000000e+00
1.000000e+00,0.000000e+00,0.000000e+00,0.000000e+00,0.000000e+00,0.000000e+00,0.000000e+00,0.000000e+00,0.000000e+00,0.000000e+00,0.000000e+00,0.000000e+00,0.000000e+00,0.000000e+00,0.000000e+00
1.000000e+00,0.000000e+00,0.000000e+00,0.000000e+00,0.000000e+00,0.000000e+00,0.000000e+00,0.000000e+00,0.000000e+00,0.000000e+00,0.000000e+00,0.000000e+00,0.000000e+00,0.000000e+00,0.000000e+00
1.000000e+00,0.000000e+00,0.000000e+00,0.000000e+00,0.000000e+00,0.000000e+00,0.000000e+00,0.000000e+00,0.000000e+00,0.000000e+00,0.000000e+00,0.000000e+00,0.000000e+00,0.000000e+00,0.000000e+00
1.000000e+00,0.000000e+00,0.000000e+00,0.000000e+00,0.000000e+00,0.000000e+00,0.000000e+00,0.000000e+00,0.000000e+00,0.000000e+00,0.000000e+00,0.000000e+00,0.000000e+00,0.000000e+00,0.000000e+00
1.000000e+00,0.000000e+00,0.000000e+00,0.000000e+00,0.000000e+00,0.000000e+00,0.000000e+00,0.000000e+00,0.000000e+00,0.000000e+00,0.000000e+00,0.000000e+00,0.000000e+00,0.000000e+00,0.000000e+00
1.000000e+00,0.000000e+00,0.000000e+00,0.000000e+00,0.000000e+00,0.000000e+00,0.000000e+00,0.000000e+00,0.000000e+00,0.000000e+00,0.000000e+00,0.000000e+00,0.000000e+00,0.000000e+00,0.000000e+00
1.000000e+00,0.000000e+00,0.000000e+00,0.000000e+00,0.000000e+00,0.000000e+00,0.000000e+00,0.000000e+00,0.000000e+00,0.000000e+00,0.000000e+00,0.000000e+00,0.000000e+00,0.000000e+00,0.000000e+00
