1.000000e+00,0.000000e+00,0.000000e+00,0.000000e+00,0.000000e+00,0.000000e+00,0.000000e+00,0.000000e+00,0.000000e+00,0.000000e+00,0.000000e+00,0.000000e+00,0.000000e+00,0.000000e+00,0.000000e+00
1.000000e+00,0.000000e+00,0.000000e+00,0.000000e+00,0.000000e+00,0.000000e+00,0.000000e+00,0.000000e+00,0.000000e+00,0.000000e+00,0.000000e+00,0.000000e+00,0.000000e+00,0.000000e+00,0.000000e+00
1.000000e+00,0.000000e+00,0.000000e+00,0.000000e+00,0.000000e+00,0.000000e+00,0.000000e+00,0.000000e+00,0.000000e+00,0.000000e+00,0.000000e+00,0.000000e+00,0.000000e+00,0.000000e+00,0.000000e+00
1.000000e+00,0.000000e+00,0.000000e+00,0.000000e+00,0.000000e+00,0.000000e+00,0.000000e+00,0.000000e+00,0.000000e+00,0.000000e+00,0.000000e+00,0.000000e+00,0.000000e+00,0.000000e+00,0.000000e+00
1.000000e+00,0.000000e+00,0.000000e+00,0.000000e+00,0.000000e+00,0.000000e+00,0.000000e+00,0.000000e+00,0.000000e+00,0.000000e+00,0.000000e+00,0.000000e+00,0.000000e+00,0.000000e+00,0.000000e+00
1.000000e+00,0.000000e+00,0.000000e+00,0.000000e+00,0.000000e+00,0.000000e+00,0.000000e+00,0.000000e+00,0.000000e+00,0.000000e+00,0.000000e+00,0.000000e+00,0.000000e+00,0.000000e+00,0.000000e+00
1.000000e+00,0.000000e+00,0.000000e+00,0.000000e+00,0.000000e+00,0.000000e+00,0.000000e+00,0.000000e+00,0.000000e+00,0.000000e+00,0.000000e+00,0.000000e+00,0.000000e+00,0.000000e+00,0.000000e+00
1.000000e+00,0.000000e+00,0.000000e+00,0.000000e+00,0.000000e+00,0.000000e+00,0.000000e+00,0.000000e+00,0.000000e+00,0.000000e+00,0.000000e+00,0.000000e+00,0.000000e+00,0.000000e+00,0.000000e+00
1.000000e+00,0.000000e+00,0.000000e+00,0.000000e+00,0.000000e+00,0.000000e+00,0.000000e+00,0.000000e+00,0.000000e+00,0.000000e+00,0.000000e+00,0.000000e+00,0.000000e+00,0.000000e+00,0.000000e+00
1.000000e+00,0.000000e+00,0.000000e+00,0.000000e+00,0.000000e+00,0.000000e+00,0.000000e+00,0.000000e+00,0.000000e+00,0.000000e+00,0.000000e+00,0.000000e+00,0.000000e+00,0.000000e+00,0.000000e+00
1.000000e+00,0.000000e+00,0.000000e+00,0.000000e+00,0.000000e+00,0.000000e+00,0.000000e+00,0.000000e+00,0.000000e+00,0.000000e+00,0.000000e+00,0.000000e+00,0.000000e+00,0.000000e+00,0.000000e+00
1.000000e+00,0.000000e+00,0.000000e+00,0.000000e+00,0.000000e+00,0.000000e+00,0.000000e+00,0.000000e+00,0.000000e+00,0.000000e+00,0.000000e+00,0.000000e+00,0.000000e+00,0.000000e+00,0.000000e+00
1.000000e+00,0.000000e+00,0.000000e+00,0.000000e+00,0.000000e+00,0.000000e+00,0.000000e+00,0.000000e+00,0.000000e+00,0.000000e+00,0.000000e+00,0.000000e+00,0.000000e+00,0.000000e+00,0.000000e+00
1.000000e+00,0.000000e+00,0.000000e+00,0.000000e+00,0.000000e+00,0.000000e+00,0.000000e+00,0.000000e+00,0.000000e+00,0.000000e+00,0.000000e+00,0.000000e+00,0.000000e+00,0.000000e+00,0.000000e+00
1.000000e+00,0.000000e+00,0.000000e+00,0.000000e+00,0.000000e+00,0.000000e+00,0.000000e+00,0.000000e+00,0.000000e+00,0.000000e+00,0.000000e+00,0.000000e+00,0.000000e+00,0.000000e+00,0.000000e+00
1.000000e+00,0.000000e+00,0.000000e+00,0.000000e+00,0.000000e+00,0.000000e+00,0.000000e+00,0.000000e+00,0.000000e+00,0.000000e+00,0.000000e+00,0.000000e+00,0.000000e+00,0.000000e+00,0.000000e+00
1.000000e+00,0.000000e+00,0.000000e+00,0.000000e+00,0.000000e+00,0.000000e+00,0.000000e+00,0.000000e+00,0.000000e+00,0.000000e+00,0.000000e+00,0.000000e+00,0.000000e+00,0.000000e+00,0.000000e+00
1.000000e+00,0.000000e+00,0.000000e+00,0.000000e+00,0.000000e+00,0.000000e+00,0.000000e+00,0.000000e+00,0.000000e+00,0.000000e+00,0.000000e+00,0.000000e+00,0.000000e+00,0.000000e+00,0.000000e+00
1.000000e+00,0.000000e+00,0.000000e+00,0.000000e+00,0.000000e+00,0.000000e+00,0.000000e+00,0.000000e+00,0.000000e+00,0.000000e+00,0.000000e+00,0.000000e+00,0.000000e+00,0.000000e+00,0.000000e+00
1.000000e+00,0.000000e+00,0.000000e+00,0.000000e+00,0.000000e+00,0.000000e+00,0.000000e+00,0.000000e+00,0.000000e+00,0.000000e+00,0.000000e+00,0.000000e+00,0.000000e+00,0.000000e+00,0.000000e+00
1.000000e+00,0.000000e+00,0.000000e+00,0.000000e+00,0.000000e+00,0.000000e+00,0.000000e+00,0.000000e+00,0.000000e+00,0.000000e+00,0.000000e+00,0.000000e+00,0.000000e+00,0.000000e+00,0.000000e+00
1.000000e+00,0.000000e+00,0.000000e+00,0.000000e+00,0.000000e+00,0.000000e+00,0.000000e+00,0.000000e+00,0.000000e+00,0.000000e+00,0.000000e+00,0.000000e+00,0.000000e+00,0.000000e+00,0.000000e+00
1.000000e+00,0.000000e+00,0.000000e+00,0.000000e+00,0.000000e+00,0.000000e+00,0.000000e+00,0.000000e+00,0.000000e+00,0.000000e+00,0.000000e+00,0.000000e+00,0.000000e+00,0.000000e+00,0.000000e+00
1.000000e+00,0.000000e+00,0.000000e+00,0.000000e+00,0.000000e+00,0.000000e+00,0.000000e+00,0.000000e+00,0.000000e+00,0.000000e+00,0.000000e+00,0.000000e+00,0.000000e+00,0.000000e+00,0.000000e+00
1.000000e+00,0.000000e+00,0.000000e+00,0.000000e+00,0.000000e+00,0.000000e+00,0.000000e+00,0.000000e+00,0.000000e+00,0.000000e+00,0.000000e+00,0.000000e+00,0.000000e+00,0.000000e+00,0.000000e+00
1.000000e+00,0.000000e+00,0.000000e+00,0.000000e+00,0.000000e+00,0.000000e+00,0.000000e+00,0.000000e+00,0.000000e+00,0.000000e+00,0.000000e+00,0.000000e+00,0.000000e+00,0.000000e+00,0.000000e+00
1.000000e+00,0.000000e+00,0.000000e+00,0.000000e+00,0.000000e+00,0.000000e+00,0.000000e+00,0.000000e+00,0.000000e+00,0.000000e+00,0.000000e+00,0.000000e+00,0.000000e+00,0.000000e+00,0.000000e+00
1.000000e+00,0.000000e+00,0.000000e+00,0.000000e+00,0.000000e+00,0.000000e+00,0.000000e+00,0.000000e+00,0.000000e+00,0.000000e+00,0.000000e+00,0.000000e+00,0.000000e+00,0.000000e+00,0.000000e+00
1.000000e+00,0.000000e+00,0.000000e+00,0.000000e+00,0.000000e+00,0.000000e+00,0.000000e+00,0.000000e+00,0.000000e+00,0.000000e+00,0.000000e+00,0.000000e+00,0.000000e+00,0.000000e+00,0.000000e+00
1.000000e+00,0.000000e+00,0.000000e+00,0.000000e+00,0.000000e+00,0.000000e+00,0.000000e+00,0.000000e+00,0.000000e+00,0.000000e+00,0.000000e+00,0.000000e+00,0.000000e+00,0.000000e+00,0.000000e+00
1.000000e+00,0.000000e+00,0.000000e+00,0.000000e+00,0.000000e+00,0.000000e+00,0.000000e+00,0.000000e+00,0.000000e+00,0.000000e+00,0.000000e+00,0.000000e+00,0.000000e+00,0.000000e+00,0.000000e+00
1.000000e+00,0.000000e+00,0.000000e+00,0.000000e+00,0.000000e+00,0.000000e+00,0.000000e+00,0.000000e+00,0.000000e+00,0.000000e+00,0.000000e+00,0.000000e+00,0.000000e+00,0.000000e+00,0.000000e+00
1.000000e+00,0.000000e+00,0.000000e+00,0.000000e+00,0.000000e+00,0.000000e+00,0.000000e+00,0.000000e+00,0.000000e+00,0.000000e+00,0.000000e+00,0.000000e+00,0.000000e+00,0.000000e+00,0.000000e+00
1.000000e+00,0.000000e+00,0.000000e+00,0.000000e+00,0.000000e+00,0.000000e+00,0.000000e+00,0.000000e+00,0.000000e+00,0.000000e+00,0.000000e+00,0.000000e+00,0.000000e+00,0.000000e+00,0.000000e+00
1.000000e+00,0.000000e+00,0.000000e+00,0.000000e+00,0.000000e+00,0.000000e+00,0.000000e+00,0.000000e+00,0.000000e+00,0.000000e+00,0.000000e+00,0.000000e+00,0.000000e+00,0.000000e+00,0.000000e+00
1.000000e+00,0.000000e+00,0.000000e+00,0.000000e+00,0.000000e+00,0.000000e+00,0.000000e+00,0.000000e+00,0.000000e+00,0.000000e+00,0.000000e+00,0.000000e+00,0.000000e+00,0.000000e+00,0.000000e+00
1.000000e+00,0.000000e+00,0.000000e+00,0.000000e+00,0.000000e+00,0.000000e+00,0.000000e+00,0.000000e+00,0.000000e+00,0.000000e+00,0.000000e+00,0.000000e+00,0.000000e+00,0.000000e+00,0.000000e+00
1.000000e+00,0.000000e+00,0.000000e+00,0.000000e+00,0.000000e+00,0.000000e+00,0.000000e+00,0.000000e+00,0.000000e+00,0.000000e+00,0.000000e+00,0.000000e+00,0.000000e+00,0.000000e+00,0.000000e+00
1.000000e+00,0.000000e+00,0.000000e+00,0.000000e+00,0.000000e+00,0.000000e+00,0.000000e+00,0.000000e+00,0.000000e+00,0.000000e+00,0.000000e+00,0.000000e+00,0.000000e+00,0.000000e+00,0.000000e+00
1.000000e+00,0.000000e+00,0.000000e+00,0.000000e+00,0.000000e+00,0.000000e+00,0.000000e+00,0.000000e+00,0.000000e+00,0.000000e+00,0.000000e+00,0.000000e+00,0.000000e+00,0.000000e+00,0.000000e+00
1.000000e+00,0.000000e+00,0.000000e+00,0.000000e+00,0.000000e+00,0.000000e+00,0.000000e+00,0.000000e+00,0.000000e+00,0.000000e+00,0.000000e+00,0.000000e+00,0.000000e+00,0.000000e+00,0.000000e+00
1.000000e+00,0.000000e+00,0.000000e+00,0.000000e+00,0.000000e+00,0.000000e+00,0.000000e+00,0.000000e+00,0.000000e+00,0.000000e+00,0.000000e+00,0.000000e+00,0.000000e+00,0.000000e+00,0.000000e+00
1.000000e+00,0.000000e+00,0.000000e+00,0.000000e+00,0.000000e+00,0.000000e+00,0.000000e+00,0.000000e+00,0.000000e+00,0.000000e+00,0.000000e+00,0.000000e+00,0.000000e+00,0.000000e+00,0.000000e+00
1.000000e+00,0.000000e+00,0.000000e+00,0.000000e+00,0.000000e+00,0.000000e+00,0.000000e+00,0.000000e+00,0.000000e+00,0.000000e+00,0.000000e+00,0.000000e+00,0.000000e+00,0.000000e+00,0.000000e+00
1.000000e+00,0.000000e+00,0.000000e+00,0.000000e+00,0.000000e+00,0.000000e+00,0.000000e+00,0.000000e+00,0.000000e+00,0.000000e+00,0.000000e+00,0.000000e+00,0.000000e+00,0.000000e+00,0.000000e+00
1.000000e+00,0.000000e+00,0.000000e+00,0.000000e+00,0.000000e+00,0.000000e+00,0.000000e+00,0.000000e+00,0.000000e+00,0.000000e+00,0.000000e+00,0.000000e+00,0.000000e+00,0.000000e+00,0.000000e+00
1.000000e+00,0.000000e+00,0.000000e+00,0.000000e+00,0.000000e+00,0.000000e+00,0.000000e+00,0.000000e+00,0.000000e+00,0.000000e+00,0.000000e+00,0.000000e+00,0.000000e+00,0.000000e+00,0.000000e+00
1.000000e+00,0.000000e+00,0.000000e+00,0.000000e+00,0.000000e+00,0.000000e+00,0.000000e+00,0.000000e+00,0.000000e+00,0.000000e+00,0.000000e+00,0.000000e+00,0.000000e+00,0.000000e+00,0.000000e+00
1.000000e+00,0.000000e+00,0.000000e+00,0.000000e+00,0.000000e+00,0.000000e+00,0.000000e+00,0.000000e+00,0.000000e+00,0.000000e+00,0.000000e+00,0.000000e+00,0.000000e+00,0.000000e+00,0.000000e+00
1.000000e+00,0.000000e+00,0.000000e+00,0.000000e+00,0.000000e+00,0.000000e+00,0.000000e+00,0.000000e+00,0.000000e+00,0.000000e+00,0.000000e+00,0.000000e+00,0.000000e+00,0.000000e+00,0.000000e+00
1.000000e+00,0.000000e+00,0.000000e+00,0.000000e+00,0.000000e+00,0.000000e+00,0.000000e+00,0.000000e+00,0.000000e+00,0.000000e+00,0.000000e+00,0.000000e+00,0.000000e+00,0.000000e+00,0.000000e+00
1.000000e+00,0.000000e+00,0.000000e+00,0.000000e+00,0.000000e+00,0.000000e+00,0.000000e+00,0.000000e+00,0.000000e+00,0.000000e+00,0.000000e+00,0.000000e+00,0.000000e+00,0.000000e+00,0.000000e+00
1.000000e+00,0.000000e+00,0.000000e+00,0.000000e+00,0.000000e+00,0.000000e+00,0.000000e+00,0.000000e+00,0.000000e+00,0.000000e+00,0.000000e+00,0.000000e+00,0.000000e+00,0.000000e+00,0.000000e+00
1.000000e+00,0.000000e+00,0.000000e+00,0.000000e+00,0.000000e+00,0.000000e+00,0.000000e+00,0.000000e+00,0.000000e+00,0.000000e+00,0.000000e+00,0.000000e+00,0.000000e+00,0.000000e+00,0.000000e+00
1.000000e+00,0.000000e+00,0.000000e+00,0.000000e+00,0.000000e+00,0.000000e+00,0.000000e+00,0.000000e+00,0.000000e+00,0.000000e+00,0.000000e+00,0.000000e+00,0.000000e+00,0.000000e+00,0.000000e+00
1.000000e+00,0.000000e+00,0.000000e+00,0.000000e+00,0.000000e+00,0.000000e+00,0.000000e+00,0.000000e+00,0.000000e+00,0.000000e+00,0.000000e+00,0.000000e+00,0.000000e+00,0.000000e+00,0.000000e+00
1.000000e+00,0.000000e+00,0.000000e+00,0.000000e+00,0.000000e+00,0.000000e+00,0.000000e+00,0.000000e+00,0.000000e+00,0.000000e+00,0.000000e+00,0.000000e+00,0.000000e+00,0.000000e+00,0.000000e+00
1.000000e+00,0.000000e+00,0.000000e+00,0.000000e+00,0.000000e+00,0.000000e+00,0.000000e+00,0.000000e+00,0.000000e+00,0.000000e+00,0.000000e+00,0.000000e+00,0.000000e+00,0.000000e+00,0.000000e+00
1.000000e+00,0.000000e+00,0.000000e+00,0.000000e+00,0.000000e+00,0.000000e+00,0.000000e+00,0.000000e+00,0.000000e+00,0.000000e+00,0.000000e+00,0.000000e+00,0.000000e+00,0.000000e+00,0.000000e+00
1.000000e+00,0.000000e+00,0.000000e+00,0.000000e+00,0.000000e+00,0.000000e+00,0.000000e+00,0.000000e+00,0.000000e+00,0.000000e+00,0.000000e+00,0.000000e+00,0.000000e+00,0.000000e+00,0.000000e+00
4.736631e-01,3.517794e-02,1.674708e-01,1.420701e-01,1.158436e-02,1.500349e-02,4.654140e-03,2.465681e-02,1.035406e-02,2.456380e-03,1.901822e-02,3.306827e-02,2.542796e-02,3.523541e-03,3.187091e-02
3.746824e-01,2.937138e-02,1.479478e-01,3.005591e-01,9.048566e-03,1.258304e-02,3.411649e-03,2.279533e-02,8.513387e-03,2.115089e-03,1.871476e-02,2.490478e-02,1.933340e-02,2.683442e-03,2.333588e-02
3.297982e-01,2.205803e-02,2.044291e-01,2.577675e-01,7.570584e-03,1.274535e-02,3.411433e-03,8.175569e-02,6.460876e-03,1.753373e-03,1.664819e-02,2.039858e-02,1.551877e-02,2.217779e-03,1.746660e-02
3.070037e-01,1.765968e-02,2.366549e-01,2.474522e-01,7.037603e-03,1.178823e-02,2.648960e-03,7.688395e-02,6.531616e-03,3.746849e-03,3.290883e-02,1.717426e-02,1.543013e-02,2.462783e-03,1.461634e-02
2.220480e-01,1.264326e-02,1.673761e-01,3.008353e-01,5.195798e-03,9.104826e-03,1.882196e-03,5.507693e-02,5.786975e-03,4.393456e-03,1.683673e-01,1.807971e-02,1.630249e-02,2.393213e-03,1.051447e-02
1.822835e-01,9.100744e-03,1.177316e-01,2.717620e-01,4.133929e-03,7.724259e-03,1.417732e-03,4.016625e-02,5.266473e-03,5.434135e-03,2.660321e-01,3.617178e-02,3.461117e-02,1.036942e-02,7.794900e-03
1.302743e-01,6.452329e-03,8.252044e-02,2.171372e-01,4.303779e-03,5.853748e-03,1.013652e-03,2.834114e-02,4.775719e-03,5.985964e-03,4.119192e-01,4.124445e-02,3.348332e-02,2.104854e-02,5.646137e-03
9.389266e-02,5.128847e-03,5.818265e-02,1.672390e-01,4.866416e-03,5.314742e-03,7.575417e-04,2.052396e-02,1.132844e-02,1.183926e-02,4.438077e-01,9.133193e-02,3.877315e-02,4.268134e-02,4.332282e-03
7.205599e-02,5.994089e-03,4.159195e-02,1.356569e-01,5.364730e-03,5.107154e-03,5.844893e-04,1.487505e-02,2.315802e-02,3.236857e-02,4.362414e-01,1.067373e-01,5.026362e-02,6.607139e-02,3.929325e-03
5.425312e-02,7.477183e-03,3.050576e-02,1.339686e-01,5.835112e-03,5.908987e-03,4.346964e-04,1.114594e-02,3.195494e-02,5.489946e-02,4.333747e-01,9.272487e-02,6.112512e-02,6.802055e-02,8.370944e-03
4.075885e-02,7.583919e-03,2.200238e-02,1.264870e-01,6.475174e-03,1.070064e-02,3.494551e-04,8.340955e-03,3.343951e-02,4.680711e-02,4.623741e-01,9.241890e-02,7.127042e-02,6.031244e-02,1.067922e-02
3.027716e-02,7.841456e-03,1.626586e-02,1.250151e-01,1.065818e-02,1.255325e-02,3.341589e-04,6.619555e-03,3.236533e-02,4.052408e-02,4.945939e-01,8.791857e-02,6.178730e-02,6.156255e-02,1.168348e-02
3.401111e-02,2.603207e-02,1.260624e-02,1.020131e-01,1.067291e-02,1.454992e-02,3.504189e-04,5.347305e-03,3.247802e-02,3.882285e-02,4.474638e-01,1.280706e-01,5.093168e-02,8.355933e-02,1.309060e-02
2.884055e-02,2.140684e-02,9.105032e-03,7.595567e-02,9.192920e-03,1.239983e-02,3.068115e-04,4.460376e-03,3.767007e-02,4.547604e-02,4.920223e-01,1.261519e-01,4.308303e-02,8.238833e-02,1.154028e-02
3.866296e-02,2.595009e-02,6.823013e-03,5.514774e-02,1.091782e-02,9.671472e-03,3.389916e-04,3.512206e-03,8.189267e-02,5.624028e-02,4.873876e-01,1.051335e-01,3.442033e-02,7.179741e-02,1.210381e-02
5.616297e-02,2.098585e-02,5.384443e-03,3.971333e-02,1.054622e-02,9.375709e-03,3.533939e-04,2.940781e-03,6.696123e-02,9.670991e-02,4.543203e-01,1.263903e-01,2.667513e-02,7.322605e-02,1.025430e-02
4.578274e-02,1.607509e-02,4.441373e-03,2.823295e-02,1.072593e-02,8.009164e-03,3.659646e-04,2.391777e-03,5.206603e-02,1.807104e-01,4.304686e-01,1.263630e-01,2.087189e-02,6.361397e-02,9.881145e-03
4.059517e-02,1.575357e-02,3.552899e-03,2.014321e-02,1.234820e-02,6.166265e-03,4.489842e-04,2.460240e-03,7.601151e-02,3.002366e-01,3.352291e-01,1.125434e-01,1.631484e-02,5.042013e-02,7.775931e-03
3.166126e-02,1.458904e-02,2.624839e-03,1.422295e-02,1.414567e-02,4.564465e-03,3.801697e-04,1.925018e-03,9.834040e-02,4.181803e-01,2.552091e-01,8.553214e-02,1.232007e-02,3.899775e-02,7.306876e-03
3.121780e-02,3.402325e-02,3.034712e-03,1.056190e-02,2.667088e-02,6.442698e-03,1.101000e-03,5.103234e-03,2.878799e-01,3.009727e-01,1.887627e-01,6.160023e-02,8.922758e-03,2.843579e-02,5.270419e-03
2.727185e-02,2.899282e-02,3.082287e-03,8.587603e-03,2.927423e-02,5.126327e-03,1.029451e-03,9.013108e-02,3.656485e-01,2.121198e-01,1.435977e-01,4.843961e-02,8.735893e-03,2.391283e-02,4.049925e-03
2.003354e-02,3.374114e-02,2.515651e-03,6.862625e-03,2.642030e-02,4.053689e-03,8.160698e-04,7.084590e-02,5.212789e-01,1.487196e-01,1.029766e-01,3.465600e-02,6.698551e-03,1.736072e-02,3.020684e-03
1.541816e-02,3.568169e-02,2.643155e-03,1.435510e-02,2.974864e-02,4.077682e-03,9.969096e-04,6.348033e-02,6.111035e-01,1.043261e-01,7.349142e-02,2.443918e-02,5.481466e-03,1.241901e-02,2.337689e-03
1.294538e-02,3.283551e-02,2.163939e-03,1.161654e-02,3.516032e-02,4.642234e-03,1.790367e-03,5.392090e-02,6.856310e-01,7.328542e-02,5.233986e-02,1.728178e-02,5.475760e-03,8.877473e-03,2.033482e-03
1.164136e-02,4.346289e-02,2.069708e-03,6.148637e-02,3.902087e-02,4.459877e-03,1.379665e-03,6.331619e-02,6.545029e-01,5.237883e-02,3.959384e-02,1.244715e-02,5.055550e-03,6.345822e-03,2.838999e-03
1.109975e-02,4.189799e-02,6.915256e-03,7.020845e-02,3.171659e-02,4.884488e-03,1.292171e-03,5.889759e-02,5.537562e-01,3.854530e-02,1.021786e-01,1.220737e-02,3.825257e-02,4.841890e-03,2.330581e-02
8.783423e-03,4.901052e-02,8.997640e-03,1.044917e-01,2.577570e-02,4.772326e-03,1.009395e-03,4.197099e-02,4.877003e-01,2.811601e-02,1.419209e-01,1.900676e-02,5.476358e-02,3.572163e-03,2.010863e-02
9.583872e-03,3.960759e-02,7.836923e-03,9.200115e-02,2.038259e-02,4.199813e-03,7.647325e-04,3.043393e-02,3.595447e-01,2.537907e-02,2.666971e-01,3.254043e-02,7.544720e-02,4.154265e-03,3.142660e-02
8.665225e-03,2.892094e-02,1.020819e-02,8.886316e-02,1.699903e-02,3.704339e-03,6.162262e-04,2.327025e-02,2.759140e-01,1.925150e-02,3.293022e-01,3.642730e-02,1.306141e-01,3.322336e-03,2.392120e-02
7.785803e-03,2.325930e-02,3.231648e-02,1.581701e-01,1.400147e-02,4.862491e-03,6.173710e-04,1.653929e-02,2.043162e-01,1.819203e-02,3.024248e-01,6.345095e-02,1.261886e-01,5.575295e-03,2.229990e-02
1.105498e-02,2.897649e-02,3.050696e-02,1.260774e-01,1.384765e-02,6.679849e-03,1.531130e-03,1.340895e-02,2.066693e-01,2.123790e-02,3.052486e-01,8.342478e-02,1.165012e-01,9.551720e-03,2.528317e-02
9.211286e-03,2.518125e-02,2.226974e-02,9.413915e-02,1.234369e-02,6.264010e-03,1.634689e-03,1.003818e-02,2.167717e-01,2.468183e-02,3.389788e-01,9.455025e-02,1.100024e-01,1.017106e-02,2.376197e-02
1.270932e-02,2.028428e-02,4.417311e-02,8.203569e-02,1.717041e-02,6.534480e-03,3.600782e-03,4.540143e-02,2.016224e-01,2.561846e-02,3.237011e-01,8.881573e-02,1.018063e-01,8.167021e-03,1.835952e-02
2.182403e-02,2.006683e-02,5.761348e-02,1.148974e-01,1.538906e-02,9.676982e-03,2.973852e-03,3.470529e-02,1.833776e-01,2.609937e-02,3.151210e-01,9.404109e-02,8.252558e-02,6.965107e-03,1.472341e-02
4.806503e-02,2.590721e-02,5.652753e-02,1.056595e-01,1.923642e-02,1.311120e-02,3.759891e-03,3.038328e-02,2.195906e-01,2.824131e-02,2.750092e-01,8.925259e-02,6.617776e-02,6.092719e-03,1.298591e-02
4.143488e-02,3.855564e-02,4.800660e-02,7.753042e-02,1.784848e-02,1.607385e-02,5.084724e-03,2.943818e-02,2.909523e-01,5.706518e-02,2.166492e-01,9.048828e-02,5.421381e-02,4.983485e-03,1.167501e-02
3.814267e-02,4.132926e-02,4.561140e-02,5.885518e-02,1.865530e-02,1.801694e-02,6.151635e-03,3.457398e-02,3.206410e-01,4.723076e-02,1.778515e-01,1.208732e-01,5.692868e-02,4.498608e-03,1.064008e-02
9.691662e-02,3.780044e-02,6.751008e-02,5.182563e-02,2.654949e-02,2.906734e-02,1.134086e-02,4.929618e-02,2.525690e-01,5.476655e-02,1.395359e-01,1.112836e-01,5.543076e-02,4.708755e-03,1.139886e-02
1.739426e-01,3.337526e-02,7.917218e-02,5.893883e-02,4.613548e-02,2.847651e-02,1.273114e-02,3.827099e-02,1.874082e-01,6.825704e-02,1.111744e-01,9.419668e-02,5.120037e-02,4.546305e-03,1.217408e-02
2.660201e-01,2.739699e-02,6.107678e-02,4.979956e-02,4.869290e-02,2.567372e-02,1.172042e-02,3.562112e-02,1.380158e-01,9.845386e-02,8.746179e-02,7.710874e-02,5.601598e-02,4.766383e-03,1.217584e-02
2.296899e-01,2.154714e-02,4.515516e-02,4.063456e-02,5.962752e-02,2.486981e-02,1.139005e-02,6.696856e-02,1.028822e-01,1.948033e-01,6.936304e-02,6.081725e-02,5.582578e-02,4.869856e-03,1.155584e-02
2.321994e-01,2.040204e-02,3.705821e-02,3.403393e-02,8.566185e-02,2.393210e-02,1.302866e-02,5.846053e-02,8.185063e-02,2.223011e-01,6.021542e-02,5.327195e-02,6.208138e-02,4.899096e-03,1.060379e-02
2.593330e-01,2.143280e-02,2.877272e-02,2.816758e-02,1.059357e-01,2.226949e-02,1.366074e-02,6.453879e-02,6.983341e-02,2.201955e-01,4.703610e-02,4.397177e-02,5.864601e-02,5.343041e-03,1.086326e-02
3.723540e-01,1.833861e-02,2.200482e-02,2.488386e-02,1.007667e-01,2.003979e-02,1.098789e-02,5.478792e-02,5.541098e-02,1.769724e-01,3.592351e-02,4.033693e-02,5.015063e-02,5.209716e-03,1.183218e-02
3.744624e-01,2.295950e-02,1.710049e-02,2.026251e-02,1.309616e-01,1.908774e-02,9.980844e-03,5.970727e-02,7.071514e-02,1.373255e-01,2.919368e-02,3.666963e-02,5.494063e-02,4.784552e-03,1.184851e-02
3.414157e-01,2.942919e-02,1.566518e-02,1.726086e-02,1.382398e-01,1.641723e-02,8.860943e-03,1.328427e-01,8.110760e-02,1.052290e-01,2.350232e-02,2.999831e-02,4.461648e-02,4.753525e-03,1.066110e-02
2.764549e-01,2.435497e-02,2.176102e-02,4.497147e-02,1.868062e-01,1.702133e-02,9.335175e-03,1.931041e-01,6.431543e-02,7.454223e-02,1.844020e-02,2.406506e-02,3.330577e-02,3.532513e-03,7.989635e-03
3.091769e-01,1.998524e-02,4.200682e-02,9.003183e-02,1.669967e-01,1.866184e-02,8.590987e-03,1.614795e-01,5.507388e-02,5.730018e-02,1.533204e-02,2.108281e-02,2.484148e-02,3.103957e-03,6.335858e-03
2.920673e-01,2.144469e-02,6.412598e-02,1.074658e-01,1.685729e-01,2.475352e-02,8.990673e-03,1.281381e-01,7.481955e-02,4.530079e-02,1.522126e-02,1.997947e-02,2.025999e-02,3.235986e-03,5.624077e-03
2.791446e-01,3.241162e-02,5.454541e-02,7.948317e-02,2.187238e-01,1.966500e-02,8.143320e-03,1.062587e-01,1.111720e-01,3.513731e-02,1.416566e-02,1.536810e-02,1.663739e-02,4.412129e-03,4.731828e-03
2.788076e-01,3.186128e-02,4.545723e-02,6.294496e-02,2.491918e-01,1.724386e-02,8.385483e-03,9.690302e-02,1.334180e-01,2.789834e-02,1.138743e-02,1.415659e-02,1.462179e-02,3.613266e-03,4.109296e-03
2.919310e-01,2.686358e-02,3.631931e-02,5.133063e-02,2.343230e-01,1.578302e-02,1.199229e-02,1.423976e-01,1.271764e-01,2.147753e-02,8.988290e-03,1.192433e-02,1.296453e-02,2.882764e-03,3.645773e-03
3.248462e-01,2.088841e-02,3.095507e-02,3.781604e-02,2.195363e-01,1.278633e-02,3.245386e-02,1.656878e-01,1.028898e-01,2.006160e-02,6.790251e-03,9.797161e-03,9.915433e-03,2.228366e-03,3.347449e-03
4.041003e-01,1.674050e-02,2.653261e-02,2.818073e-02,1.736611e-01,1.110021e-02,6.007047e-02,1.568520e-01,7.728180e-02,1.715584e-02,5.546683e-03,9.215987e-03,8.428560e-03,1.892495e-03,3.240744e-03
4.446349e-01,1.230265e-02,2.234174e-02,2.103376e-02,1.264918e-01,9.711944e-03,1.474142e-01,1.211542e-01,5.556433e-02,1.301759e-02,4.749516e-03,9.166684e-03,7.888488e-03,1.612222e-03,2.915874e-03
1.000000e+00,0.000000e+00,0.000000e+00,0.000000e+00,0.000000e+00,0.000000e+00,0.000000e+00,0.000000e+00,0.000000e+00,0.000000e+00,0.000000e+00,0.000000e+00,0.000000e+00,0.000000e+00,0.000000e+00
1.000000e+00,0.000000e+00,0.000000e+00,0.000000e+00,0.000000e+00,0.000000e+00,0.000000e+00,0.000000e+00,0.000000e+00,0.000000e+00,0.000000e+00,0.000000e+00,0.000000e+00,0.000000e+00,0.000000e+00
1.000000e+00,0.000000e+00,0.000000e+00,0.000000e+00,0.000000e+00,0.000000e+00,0.000000e+00,0.000000e+00,0.000000e+00,0.000000e+00,0.000000e+00,0.000000e+00,0.000000e+00,0.000000e+00,0.000000e+00
1.000000e+00,0.000000e+00,0.000000e+00,0.000000e+00,0.000000e+00,0.000000e+00,0.000000e+00,0.000000e+00,0.000000e+00,0.000000e+00,0.000000e+00,0.000000e+00,0.000000e+00,0.000000e+00,0.000000e+00
1.000000e+00,0.000000e+00,0.000000e+00,0.000000e+00,0.000000e+00,0.000000e+00,0.000000e+00,0.000000e+00,0.000000e+00,0.000000e+00,0.000000e+00,0.000000e+00,0.000000e+00,0.000000e+00,0.000000e+00
1.000000e+00,0.000000e+00,0.000000e+00,0.000000e+00,0.000000e+00,0.000000e+00,0.000000e+00,0.000000e+00,0.000000e+00,0.000000e+00,0.000000e+00,0.000000e+00,0.000000e+00,0.000000e+00,0.000000e+00
1.000000e+00,0.000000e+00,0.000000e+00,0.000000e+00,0.000000e+00,0.000000e+00,0.000000e+00,0.000000e+00,0.000000e+00,0.000000e+00,0.000000e+00,0.000000e+00,0.000000e+00,0.000000e+00,0.000000e+00
1.000000e+00,0.000000e+00,0.000000e+00,0.000000e+00,0.000000e+00,0.000000e+00,0.000000e+00,0.000000e+00,0.000000e+00,0.000000e+00,0.000000e+00,0.000000e+00,0.000000e+00,0.000000e+00,0.000000e+00
1.000000e+00,0.000000e+00,0.000000e+00,0.000000e+00,0.000000e+00,0.000000e+00,0.000000e+00,0.000000e+00,0.000000e+00,0.000000e+00,0.000000e+00,0.000000e+00,0.000000e+00,0.000000e+00,0.000000e+00
1.000000e+00,0.000000e+00,0.000000e+00,0.000000e+00,0.000000e+00,0.000000e+00,0.000000e+00,0.000000e+00,0.000000e+00,0.000000e+00,0.000000e+00,0.000000e+00,0.000000e+00,0.000000e+00,0.000000e+00
1.000000e+00,0.000000e+00,0.000000e+00,0.000000e+00,0.000000e+00,0.000000e+00,0.000000e+00,0.000000e+00,0.000000e+00,0.000000e+00,0.000000e+00,0.000000e+00,0.000000e+00,0.000000e+00,0.000000e+00
1.000000e+00,0.000000e+00,0.000000e+00,0.000000e+00,0.000000e+00,0.000000e+00,0.000000e+00,0.000000e+00,0.000000e+00,0.000000e+00,0.000000e+00,0.000000e+00,0.000000e+00,0.000000e+00,0.000000e+00
1.000000e+00,0.000000e+00,0.000000e+00,0.000000e+00,0.000000e+00,0.000000e+00,0.000000e+00,0.000000e+00,0.000000e+00,0.000000e+00,0.000000e+00,0.000000e+00,0.000000e+00,0.000000e+00,0.000000e+00
1.000000e+00,0.000000e+00,0.000000e+00,0.000000e+00,0.000000e+00,0.000000e+00,0.000000e+00,0.000000e+00,0.000000e+00,0.000000e+00,0.000000e+00,0.000000e+00,0.000000e+00,0.000000e+00,0.000000e+00
1.000000e+00,0.000000e+00,0.000000e+00,0.000000e+00,0.000000e+00,0.000000e+00,0.000000e+00,0.000000e+00,0.000000e+00,0.000000e+00,0.000000e+00,0.000000e+00,0.000000e+00,0.000000e+00,0.000000e+00
1.000000e+00,0.000000e+00,0.000000e+00,0.000000e+00,0.000000e+00,0.000000e+00,0.000000e+00,0.000000e+00,0.000000e+00,0.000000e+00,0.000000e+00,0.000000e+00,0.000000e+00,0.000000e+00,0.000000e+00
1.000000e+00,0.000000e+00,0.000000e+00,0.000000e+00,0.000000e+00,0.000000e+00,0.000000e+00,0.000000e+00,0.000000e+00,0.000000e+00,0.000000e+00,0.000000e+00,0.000000e+00,0.000000e+00,0.000000e+00
1.000000e+00,0.000000e+00,0.000000e+00,0.000000e+00,0.000000e+00,0.000000e+00,0.000000e+00,0.000000e+00,0.000000e+00,0.000000e+00,0.000000e+00,0.000000e+00,0.000000e+00,0.000000e+00,0.000000e+00
1.000000e+00,0.000000e+00,0.000000e+00,0.000000e+00,0.000000e+00,0.000000e+00,0.000000e+00,0.000000e+00,0.000000e+00,0.000000e+00,0.000000e+00,0.000000e+00,0.000000e+00,0.000000e+00,0.000000e+00
1.000000e+00,0.000000e+00,0.000000e+00,0.000000e+00,0.000000e+00,0.000000e+00,0.000000e+00,0.000000e+00,0.000000e+00,0.000000e+00,0.000000e+00,0.000000e+00,0.000000e+00,0.000000e+00,0.000000e+00
1.000000e+00,0.000000e+00,0.000000e+00,0.000000e+00,0.000000e+00,0.000000e+00,0.000000e+00,0.000000e+00,0.000000e+00,0.000000e+00,0.000000e+00,0.000000e+00,0.000000e+00,0.000000e+00,0.000000e+00
1.000000e+00,0.000000e+00,0.000000e+00,0.000000e+00,0.000000e+00,0.000000e+00,0.000000e+00,0.000000e+00,0.000000e+00,0.000000e+00,0.000000e+00,0.000000e+00,0.000000e+00,0.000000e+00,0.000000e+00
1.000000e+00,0.000000e+00,0.000000e+00,0.000000e+00,0.000000e+00,0.000000e+00,0.000000e+00,0.000000e+00,0.000000e+00,0.000000e+00,0.000000e+00,0.000000e+00,0.000000e+00,0.000000e+00,0.000000e+00
4.637785e-01,9.952735e-02,3.456094e-02,1.386105e-01,1.795722e-02,1.252500e-02,6.415538e-03,7.471305e-03,1.480748e-02,2.685070e-02,3.978415e-03,1.315598e-02,6.587671e-03,2.443771e-03,1.513296e-01
4.819496e-01,8.520755e-02,3.983918e-02,1.096586e-01,1.694993e-02,1.195562e-02,5.876957e-03,1.068287e-02,1.681877e-02,3.449016e-02,5.153697e-03,1.263328e-02,6.251416e-03,4.048682e-03,1.584838e-01
1.000000e+00,0.000000e+00,0.000000e+00,0.000000e+00,0.000000e+00,0.000000e+00,0.000000e+00,0.000000e+00,0.000000e+00,0.000000e+00,0.000000e+00,0.000000e+00,0.000000e+00,0.000000e+00,0.000000e+00
1.000000e+00,0.000000e+00,0.000000e+00,0.000000e+00,0.000000e+00,0.000000e+00,0.000000e+00,0.000000e+00,0.000000e+00,0.000000e+00,0.000000e+00,0.000000e+00,0.000000e+00,0.000000e+00,0.000000e+00
4.827645e-01,8.195751e-02,6.907178e-02,8.036478e-02,5.063614e-02,3.258955e-02,8.152766e-03,2.176772e-02,2.074139e-02,2.318624e-02,4.966094e-03,9.112257e-03,5.632102e-03,6.425986e-03,1.026312e-01
4.777625e-01,8.211923e-02,9.252957e-02,6.664120e-02,6.784707e-02,3.558508e-02,1.003221e-02,2.018093e-02,2.442578e-02,1.965788e-02,4.004916e-03,7.190749e-03,5.327069e-03,5.537073e-03,8.115879e-02
4.973125e-01,8.045552e-02,8.466330e-02,5.083476e-02,9.221397e-02,3.115690e-02,7.764859e-03,1.684068e-02,3.184449e-02,1.626082e-02,3.771051e-03,5.878014e-03,5.161862e-03,6.487262e-03,6.935407e-02
1.000000e+00,0.000000e+00,0.000000e+00,0.000000e+00,0.000000e+00,0.000000e+00,0.000000e+00,0.000000e+00,0.000000e+00,0.000000e+00,0.000000e+00,0.000000e+00,0.000000e+00,0.000000e+00,0.000000e+00
1.000000e+00,0.000000e+00,0.000000e+00,0.000000e+00,0.000000e+00,0.000000e+00,0.000000e+00,0.000000e+00,0.000000e+00,0.000000e+00,0.000000e+00,0.000000e+00,0.000000e+00,0.000000e+00,0.000000e+00
4.140000e-01,6.105161e-02,3.940458e-02,2.405479e-02,6.863285e-02,2.616027e-02,3.462840e-03,9.173905e-03,3.455750e-02,2.366745e-02,5.483344e-03,4.756426e-03,4.013756e-03,2.169264e-02,2.598881e-01
3.244360e-01,4.744811e-02,2.854490e-02,1.877385e-02,4.915249e-02,3.216996e-02,2.578807e-03,6.815762e-03,5.605260e-02,2.672318e-02,6.249021e-03,4.072142e-03,5.110419e-03,3.973029e-02,3.521425e-01
2.394503e-01,3.859195e-02,2.675458e-02,2.212395e-02,3.493995e-02,2.315934e-02,1.888342e-03,4.952699e-03,7.126755e-02,3.321549e-02,6.291050e-03,4.022776e-03,5.792080e-03,3.521760e-02,4.523324e-01
1.883881e-01,3.041397e-02,2.078016e-02,1.964595e-02,2.497212e-02,1.784085e-02,1.428048e-03,3.654214e-03,8.842680e-02,3.519913e-02,5.208380e-03,3.239082e-03,5.284873e-03,3.896132e-02,5.165570e-01
1.496302e-01,2.501928e-02,1.602239e-02,1.644506e-02,1.781592e-02,1.324803e-02,1.059776e-03,2.674467e-03,9.550902e-02,3.694275e-02,4.027897e-03,2.469913e-03,4.737253e-03,3.986968e-02,5.745284e-01
1.062841e-01,5.146376e-02,2.955591e-02,3.798393e-02,1.259297e-02,9.376754e-03,7.611166e-04,1.897453e-03,9.928115e-02,3.147176e-02,3.008094e-03,1.813027e-03,3.428834e-03,3.007521e-02,5.810059e-01
8.111948e-02,4.459955e-02,2.386025e-02,2.763356e-02,8.872543e-03,6.854870e-03,5.641801e-04,1.376693e-03,7.599118e-02,2.757340e-02,2.351786e-03,1.348965e-03,2.527505e-03,2.664848e-02,6.686776e-01
6.246954e-02,3.642681e-02,3.033969e-02,3.642011e-02,6.426644e-03,5.013187e-03,4.365811e-04,1.114347e-03,9.125081e-02,2.830475e-02,2.953263e-03,1.186233e-03,2.156043e-03,2.273762e-02,6.727644e-01
5.562732e-02,2.787289e-02,2.302015e-02,2.706074e-02,4.611600e-03,3.904882e-03,3.262346e-04,8.240879e-04,8.781046e-02,2.518640e-02,3.964945e-03,1.248139e-03,3.783844e-03,3.120252e-02,7.035558e-01
4.188812e-02,2.129934e-02,1.732618e-02,1.956593e-02,3.248669e-03,2.854579e-03,2.360072e-04,5.940670e-04,9.075965e-02,2.212502e-02,3.279925e-03,1.015631e-03,2.882203e-03,7.040558e-02,7.025191e-01
3.061446e-02,2.220967e-02,1.994347e-02,1.871533e-02,2.305467e-03,2.044207e-03,1.831894e-04,4.525175e-04,1.669558e-01,2.388760e-02,3.507199e-03,8.840058e-04,2.068382e-03,6.296244e-02,6.432663e-01
2.683959e-02,1.723083e-02,1.671861e-02,1.402777e-02,1.679593e-03,1.549041e-03,1.683952e-04,3.519546e-04,1.442962e-01,2.163620e-02,3.882400e-03,1.046687e-03,1.655413e-03,8.657970e-02,6.623377e-01
5.157441e-02,1.831260e-02,3.117912e-02,1.113337e-02,1.796119e-03,1.781500e-03,1.899388e-04,4.968263e-04,1.235665e-01,3.035465e-02,4.398554e-03,1.665632e-03,2.398758e-03,9.458417e-02,6.265678e-01
9.690941e-02,3.151200e-02,3.879093e-02,1.055306e-02,5.170922e-03,6.219012e-03,5.484471e-04,1.504335e-03,9.630658e-02,2.938249e-02,6.792819e-03,2.163582e-03,4.480066e-03,1.220114e-01,5.476549e-01
9.065071e-02,4.588174e-02,3.840154e-02,1.239353e-02,6.373765e-03,7.375084e-03,9.296183e-04,3.129780e-03,9.424059e-02,4.077485e-02,9.808578e-03,3.050826e-03,4.650301e-03,1.055426e-01,5.367965e-01
6.827884e-02,4.484312e-02,3.276270e-02,1.190717e-02,5.075892e-03,6.254146e-03,7.302404e-04,2.492285e-03,9.758669e-02,5.599383e-02,7.836151e-03,2.437911e-03,4.254674e-03,7.819232e-02,5.813540e-01
8.713244e-02,6.274056e-02,2.925612e-02,1.591752e-02,7.491087e-03,8.660807e-03,1.368699e-03,6.002638e-03,1.556100e-01,4.945017e-02,1.116208e-02,3.309217e-03,3.152571e-02,6.201159e-02,4.683613e-01
6.713849e-02,6.386071e-02,5.124217e-02,2.172701e-01,8.117244e-03,7.010618e-03,1.162308e-03,5.389694e-03,1.311743e-01,3.608309e-02,9.335458e-03,3.181944e-03,2.294083e-02,4.360007e-02,3.324929e-01
6.870933e-02,4.895165e-02,1.733314e-01,2.246917e-01,1.017687e-02,6.845254e-03,1.102043e-03,7.687114e-03,1.190748e-01,2.806072e-02,1.208126e-02,3.011931e-03,1.924662e-02,3.271313e-02,2.443160e-01
9.257887e-02,4.374354e-02,1.877126e-01,2.531972e-01,2.169428e-02,8.447483e-03,1.160834e-03,8.348008e-03,1.050205e-01,2.303921e-02,1.655686e-02,3.504388e-03,1.829187e-02,2.646601e-02,1.902382e-01
1.311210e-01,1.165444e-01,1.429299e-01,1.927481e-01,2.896591e-02,8.975828e-03,1.496746e-03,9.927131e-03,1.266796e-01,2.058918e-02,2.208247e-02,4.605189e-03,2.031488e-02,1.993542e-02,1.530842e-01
1.458118e-01,1.212624e-01,1.140887e-01,1.571786e-01,4.091164e-02,9.347920e-03,1.628454e-03,1.816045e-02,1.474660e-01,1.654811e-02,2.200317e-02,4.937732e-03,5.224878e-02,1.522317e-02,1.331830e-01
2.054860e-01,1.170993e-01,1.154650e-01,1.324731e-01,3.608179e-02,1.168783e-02,1.896526e-03,3.261888e-02,1.235884e-01,1.319577e-02,1.673109e-02,5.205283e-03,6.956641e-02,1.284844e-02,1.060561e-01
2.608322e-01,1.100830e-01,9.058774e-02,1.036739e-01,3.918397e-02,1.224469e-02,2.354627e-03,9.722567e-02,1.023578e-01,1.091596e-02,1.269154e-02,4.763133e-03,6.340113e-02,9.941310e-03,7.974318e-02
2.451913e-01,8.840906e-02,1.377890e-01,1.422305e-01,3.623009e-02,1.377645e-02,2.514123e-03,9.086758e-02,7.974260e-02,1.230709e-02,1.203240e-02,7.161842e-03,6.148930e-02,8.198562e-03,6.206011e-02
3.421994e-01,8.146840e-02,1.254496e-01,1.062806e-01,3.460563e-02,1.409009e-02,2.539444e-03,7.298532e-02,7.482348e-02,1.106290e-02,1.026793e-02,8.670708e-03,6.030853e-02,7.010607e-03,4.823738e-02
4.014657e-01,7.862333e-02,1.231389e-01,8.099286e-02,3.311189e-02,1.925262e-02,2.616625e-03,5.769376e-02,5.822627e-02,1.435225e-02,9.859957e-03,9.325128e-03,5.679642e-02,7.426690e-03,4.711760e-02
4.752355e-01,7.921007e-02,9.661184e-02,6.464285e-02,3.060493e-02,2.064591e-02,2.335742e-03,4.340975e-02,4.985470e-02,1.432782e-02,1.011766e-02,1.081033e-02,4.913424e-02,7.253616e-03,4.580504e-02
1.000000e+00,0.000000e+00,0.000000e+00,0.000000e+00,0.000000e+00,0.000000e+00,0.000000e+00,0.000000e+00,0.000000e+00,0.000000e+00,0.000000e+00,0.000000e+00,0.000000e+00,0.000000e+00,0.000000e+00
1.000000e+00,0.000000e+00,0.000000e+00,0.000000e+00,0.000000e+00,0.000000e+00,0.000000e+00,0.000000e+00,0.000000e+00,0.000000e+00,0.000000e+00,0.000000e+00,0.000000e+00,0.000000e+00,0.000000e+00
1.000000e+00,0.000000e+00,0.000000e+00,0.000000e+00,0.000000e+00,0.000000e+00,0.000000e+00,0.000000e+00,0.000000e+00,0.000000e+00,0.000000e+00,0.000000e+00,0.000000e+00,0.000000e+00,0.000000e+00
4.714050e-01,3.170369e-02,2.740371e-02,3.151547e-02,1.431935e-02,3.729221e-02,1.663009e-03,1.476035e-02,9.992950e-02,2.893202e-02,3.350652e-02,1.810771e-02,3.950594e-02,1.350480e-02,1.364508e-01
4.734306e-01,3.100370e-02,2.234967e-02,3.083162e-02,1.173463e-02,3.377758e-02,1.471193e-03,1.166555e-02,9.545953e-02,3.415200e-02,3.567382e-02,1.801221e-02,3.459209e-02,2.102145e-02,1.448244e-01
4.877414e-01,3.509046e-02,2.558227e-02,4.144480e-02,1.161810e-02,2.875922e-02,1.602661e-03,9.765625e-03,8.622389e-02,4.120632e-02,3.479412e-02,1.635470e-02,2.935600e-02,2.660025e-02,1.238602e-01
4.597763e-01,4.200043e-02,2.881996e-02,4.242126e-02,1.874798e-02,2.963515e-02,1.958886e-03,8.238325e-03,9.270917e-02,3.693602e-02,3.024180e-02,1.326377e-02,2.743562e-02,3.136127e-02,1.364540e-01
4.004026e-01,4.988280e-02,8.209875e-02,7.853450e-02,2.192248e-02,3.419944e-02,3.608175e-03,1.041787e-02,7.886475e-02,3.189186e-02,2.534463e-02,1.310678e-02,2.394808e-02,2.622412e-02,1.195531e-01
3.863305e-01,5.406745e-02,7.256728e-02,8.604334e-02,2.132829e-02,3.150164e-02,3.542530e-03,8.616505e-03,8.573715e-02,2.938346e-02,2.297636e-02,1.346216e-02,2.033188e-02,2.134576e-02,1.427657e-01
4.422896e-01,4.597810e-02,5.737263e-02,6.889375e-02,1.913585e-02,3.408971e-02,3.494677e-03,7.931736e-03,8.738411e-02,2.642910e-02,2.710515e-02,1.535928e-02,1.784660e-02,2.225787e-02,1.244318e-01
3.941358e-01,4.730565e-02,5.293040e-02,7.361158e-02,1.502299e-02,3.059934e-02,3.030512e-03,6.966150e-03,1.174567e-01,2.318824e-02,2.745634e-02,1.395890e-02,1.488655e-02,2.041974e-02,1.590310e-01
3.729057e-01,4.140139e-02,4.395785e-02,6.111766e-02,1.373131e-02,2.808747e-02,2.488805e-03,6.340215e-03,1.625499e-01,1.943400e-02,3.086456e-02,1.404658e-02,1.469584e-02,2.412497e-02,1.642536e-01
3.252960e-01,5.165523e-02,3.404120e-02,4.579103e-02,1.278693e-02,2.484610e-02,1.973031e-03,5.361095e-03,2.304937e-01,1.579280e-02,3.165845e-02,1.354018e-02,1.355826e-02,4.088333e-02,1.523226e-01
2.697138e-01,4.249659e-02,4.745994e-02,4.608073e-02,1.737212e-02,2.420287e-02,2.361505e-03,8.280170e-03,2.676101e-01,1.784956e-02,2.979516e-02,1.257781e-02,1.146336e-02,3.502178e-02,1.677143e-01
3.106057e-01,4.763608e-02,6.464623e-02,4.028592e-02,2.636303e-02,2.237588e-02,2.098384e-03,7.961007e-03,2.160265e-01,1.458746e-02,2.497698e-02,1.346539e-02,1.125021e-02,3.471293e-02,1.630082e-01
3.614796e-01,5.473701e-02,5.378985e-02,3.532063e-02,3.025282e-02,2.809252e-02,2.067907e-03,1.566699e-02,1.857145e-01,1.136248e-02,1.993059e-02,1.361584e-02,1.154323e-02,3.964636e-02,1.367796e-01
3.756414e-01,5.394629e-02,4.319225e-02,3.175745e-02,3.839417e-02,2.854319e-02,1.840099e-03,3.669964e-02,1.755753e-01,9.831528e-03,1.613348e-02,1.183798e-02,1.286465e-02,3.982737e-02,1.239152e-01
3.937780e-01,5.355964e-02,4.473821e-02,3.811979e-02,3.686736e-02,2.904853e-02,1.822815e-03,4.052952e-02,1.597435e-01,1.047132e-02,1.443265e-02,1.117607e-02,1.452010e-02,3.588340e-02,1.153090e-01
4.442914e-01,5.200004e-02,3.696031e-02,3.575747e-02,3.491370e-02,3.178394e-02,1.771588e-03,3.910200e-02,1.269015e-01,9.643590e-03,1.283576e-02,1.074128e-02,2.599396e-02,3.277694e-02,1.045264e-01
1.000000e+00,0.000000e+00,0.000000e+00,0.000000e+00,0.000000e+00,0.000000e+00,0.000000e+00,0.000000e+00,0.000000e+00,0.000000e+00,0.000000e+00,0.000000e+00,0.000000e+00,0.000000e+00,0.000000e+00
1.000000e+00,0.000000e+00,0.000000e+00,0.000000e+00,0.000000e+00,0.000000e+00,0.000000e+00,0.000000e+00,0.000000e+00,0.000000e+00,0.000000e+00,0.000000e+00,0.000000e+00,0.000000e+00,0.000000e+00
1.000000e+00,0.000000e+00,0.000000e+00,0.000000e+00,0.000000e+00,0.000000e+00,0.000000e+00,0.000000e+00,0.000000e+00,0.000000e+00,0.000000e+00,0.000000e+00,0.000000e+00,0.000000e+00,0.000000e+00
1.000000e+00,0.000000e+00,0.000000e+00,0.000000e+00,0.000000e+00,0.000000e+00,0.000000e+00,0.000000e+00,0.000000e+00,0.000000e+00,0.000000e+00,0.000000e+00,0.000000e+00,0.000000e+00,0.000000e+00
1.000000e+00,0.000000e+00,0.000000e+00,0.000000e+00,0.000000e+00,0.000000e+00,0.000000e+00,0.000000e+00,0.000000e+00,0.000000e+00,0.000000e+00,0.000000e+00,0.000000e+00,0.000000e+00,0.000000e+00
1.000000e+00,0.000000e+00,0.000000e+00,0.000000e+00,0.000000e+00,0.000000e+00,0.000000e+00,0.000000e+00,0.000000e+00,0.000000e+00,0.000000e+00,0.000000e+00,0.000000e+00,0.000000e+00,0.000000e+00
1.000000e+00,0.000000e+00,0.000000e+00,0.000000e+00,0.000000e+00,0.000000e+00,0.000000e+00,0.000000e+00,0.000000e+00,0.000000e+00,0.000000e+00,0.000000e+00,0.000000e+00,0.000000e+00,0.000000e+00
1.000000e+00,0.000000e+00,0.000000e+00,0.000000e+00,0.000000e+00,0.000000e+00,0.000000e+00,0.000000e+00,0.000000e+00,0.000000e+00,0.000000e+00,0.000000e+00,0.000000e+00,0.000000e+00,0.000000e+00
1.000000e+00,0.000000e+00,0.000000e+00,0.000000e+00,0.000000e+00,0.000000e+00,0.000000e+00,0.000000e+00,0.000000e+00,0.000000e+00,0.000000e+00,0.000000e+00,0.000000e+00,0.000000e+00,0.000000e+00
4.021969e-01,1.273885e-01,1.796800e-02,5.968716e-02,7.274054e-03,1.081345e-02,1.712349e-03,5.455941e-03,2.265685e-02,1.040020e-02,1.112289e-02,9.150087e-03,1.216762e-02,4.502666e-02,2.569793e-01
2.848717e-01,9.332687e-02,1.326747e-02,4.202392e-02,5.314587e-03,8.250474e-03,1.210892e-03,4.019985e-03,1.693824e-02,2.017516e-02,6.424813e-02,1.383389e-02,1.167779e-02,9.302188e-02,3.278190e-01
2.026156e-01,6.809772e-02,1.077212e-02,3.037302e-02,4.098028e-03,6.756071e-03,8.995422e-04,2.969824e-03,1.773167e-02,4.430644e-02,1.894994e-01,1.194380e-02,1.074565e-02,1.319717e-01,2.672195e-01
1.562732e-01,4.917886e-02,8.334659e-03,2.251992e-02,6.044453e-03,5.487278e-03,8.372322e-04,2.361221e-03,1.916300e-02,4.532192e-02,3.006973e-01,1.131785e-02,9.545113e-03,1.439332e-01,2.189848e-01
1.498850e-01,3.671996e-02,7.113358e-03,2.102006e-02,7.781611e-03,5.417804e-03,1.297387e-03,2.167189e-03,3.782975e-02,4.604297e-02,3.176326e-01,1.265013e-02,9.061456e-03,1.726833e-01,1.726974e-01
1.182679e-01,2.688878e-02,5.366005e-03,1.587246e-02,6.977845e-03,4.468550e-03,1.270314e-03,1.724268e-03,3.785091e-02,3.963943e-02,3.501140e-01,1.105015e-02,7.856674e-03,2.452154e-01,1.274372e-01
9.107535e-02,1.912573e-02,4.070493e-03,1.144790e-02,5.513475e-03,5.578545e-03,1.258319e-03,1.600986e-03,2.905693e-02,6.946208e-02,3.860599e-01,8.799106e-03,7.056973e-03,2.658108e-01,9.408333e-02
7.327091e-02,1.368861e-02,3.301312e-03,8.424023e-03,5.087660e-03,5.274334e-03,1.081502e-03,1.569540e-03,2.195673e-02,1.283710e-01,4.099975e-01,6.992841e-03,5.420200e-03,2.469735e-01,6.859034e-02
8.296475e-02,1.023146e-02,9.363675e-03,6.628607e-03,5.494225e-03,9.979011e-03,2.523032e-03,2.897857e-03,1.966479e-02,1.118277e-01,4.011383e-01,6.709355e-03,6.008647e-03,2.724353e-01,5.213327e-02
8.389264e-02,7.606677e-03,8.284338e-03,4.934598e-03,4.377669e-03,1.172397e-02,2.220381e-03,3.150233e-03,1.489847e-02,8.551995e-02,3.963299e-01,5.602192e-03,5.715530e-03,3.254422e-01,4.030119e-02
7.734783e-02,6.438707e-03,9.341892e-03,3.897541e-03,4.230146e-03,1.584895e-02,1.914487e-03,4.005471e-03,1.135539e-02,7.819476e-02,3.926985e-01,4.959753e-03,4.645617e-03,3.553801e-01,2.974083e-02
5.791992e-02,5.345887e-03,7.034640e-03,3.197221e-03,4.640754e-03,1.366366e-02,1.585055e-03,3.364569e-03,9.706832e-03,6.615203e-02,4.155528e-01,4.476094e-03,3.888476e-03,3.800503e-01,2.342181e-02
4.981161e-02,9.650091e-03,6.682727e-03,3.108654e-03,8.773044e-03,5.596459e-02,1.601449e-03,5.599120e-03,1.178697e-02,1.237176e-01,3.605689e-01,3.681972e-03,2.953360e-03,3.366425e-01,1.945744e-02
3.796392e-02,9.796692e-03,5.395383e-03,3.915995e-03,1.298595e-02,1.673390e-01,1.639746e-03,1.368589e-02,1.256586e-02,1.030093e-01,2.932757e-01,2.795657e-03,2.230137e-03,3.193224e-01,1.407847e-02
2.788705e-02,7.313807e-03,2.317088e-02,1.488867e-02,1.403974e-02,1.188717e-01,1.877129e-03,2.166800e-01,1.253281e-02,8.541775e-02,2.124001e-01,2.162170e-03,2.375070e-03,2.503625e-01,1.002064e-02
2.769323e-02,1.794757e-02,1.160518e-01,5.839561e-02,3.285651e-02,1.053371e-01,2.488597e-03,1.678975e-01,1.966636e-02,8.806439e-02,1.563318e-01,1.632599e-03,2.142647e-03,1.947327e-01,8.761580e-03
3.752222e-02,3.151465e-02,1.540532e-01,6.091420e-02,4.666805e-02,1.070725e-01,2.506486e-03,1.201238e-01,2.995126e-02,1.234187e-01,1.120834e-01,1.271799e-03,2.020782e-03,1.425324e-01,2.834655e-02
4.265811e-02,4.491645e-02,2.518006e-01,6.529166e-02,5.865519e-02,1.120803e-01,4.425243e-03,8.601146e-02,2.835738e-02,9.079076e-02,8.142440e-02,1.243156e-03,1.929485e-03,1.016271e-01,2.878863e-02
6.696165e-02,6.135926e-02,3.230464e-01,5.136147e-02,5.607162e-02,1.027470e-01,4.432917e-03,6.166188e-02,2.840761e-02,7.231902e-02,5.867971e-02,1.400998e-03,1.667389e-03,7.519089e-02,3.469230e-02
6.376593e-02,1.233831e-01,2.810950e-01,1.177828e-01,6.711027e-02,8.579203e-02,5.281173e-03,4.600763e-02,2.610398e-02,5.313242e-02,4.202167e-02,1.142684e-03,1.485309e-03,5.297443e-02,3.292164e-02
7.485396e-02,1.404103e-01,2.919628e-01,1.167746e-01,6.462977e-02,6.996915e-02,4.157641e-03,3.738373e-02,3.050163e-02,4.524671e-02,3.047129e-02,1.173472e-03,1.422676e-03,3.851978e-02,5.252255e-02
8.098533e-02,1.631222e-01,2.915050e-01,8.851246e-02,6.213607e-02,5.899462e-02,3.404269e-03,3.343154e-02,3.053800e-02,4.018874e-02,2.435004e-02,1.541920e-03,1.515729e-03,3.199093e-02,8.778315e-02
6.780032e-02,1.237679e-01,2.808259e-01,1.748240e-01,4.409986e-02,4.764846e-02,2.445948e-03,2.453243e-02,2.448951e-02,3.130472e-02,5.536929e-02,2.341895e-02,1.002134e-02,2.260655e-02,6.684484e-02
6.136168e-02,8.981746e-02,2.109351e-01,1.702767e-01,3.246203e-02,3.780349e-02,1.768259e-03,1.937717e-02,1.905319e-02,2.329403e-02,2.071978e-01,3.486141e-02,2.754009e-02,1.618396e-02,4.806769e-02
5.414822e-02,7.632121e-02,1.588077e-01,2.012901e-01,2.468447e-02,3.015712e-02,1.387391e-03,1.405887e-02,1.737350e-02,2.351113e-02,2.891791e-01,3.365868e-02,2.678087e-02,1.230732e-02,3.633435e-02
5.047889e-02,8.379025e-02,1.364363e-01,1.806550e-01,1.796757e-02,3.422905e-02,1.072843e-03,1.029106e-02,1.497122e-02,8.066756e-02,2.900193e-01,3.189864e-02,2.690621e-02,1.094488e-02,2.967122e-02
4.170184e-02,1.510112e-01,1.160762e-01,1.695232e-01,1.506791e-02,2.618969e-02,9.024212e-04,8.134455e-03,3.162408e-02,1.274152e-01,2.186973e-01,2.806069e-02,3.209217e-02,8.798239e-03,2.470536e-02
5.090179e-02,1.766287e-01,9.767496e-02,2.097346e-01,1.369566e-02,2.008852e-02,9.045129e-04,9.738715e-03,7.533284e-02,1.061882e-01,1.625240e-01,2.251585e-02,2.563941e-02,6.926668e-03,2.150560e-02
4.381074e-02,1.889474e-01,1.192246e-01,2.468744e-01,1.181522e-02,1.549048e-02,1.214833e-03,1.036713e-02,6.704830e-02,8.446430e-02,1.392614e-01,1.939628e-02,2.985699e-02,6.080094e-03,1.614788e-02
3.531440e-02,2.158107e-01,1.154483e-01,2.586494e-01,1.006899e-02,2.482172e-02,1.054712e-03,9.601014e-03,6.618319e-02,7.011623e-02,1.211137e-01,1.839868e-02,3.343022e-02,5.439572e-03,1.454914e-02
2.963371e-02,2.187326e-01,9.920534e-02,2.209245e-01,1.706361e-02,2.191953e-02,1.322781e-03,8.614372e-03,1.063044e-01,6.138971e-02,1.396215e-01,1.885451e-02,3.796316e-02,5.185504e-03,1.326472e-02
2.599156e-02,1.760639e-01,7.450930e-02,1.654617e-01,2.960218e-02,1.831662e-02,1.665345e-03,6.865896e-03,2.916815e-01,4.571287e-02,1.057278e-01,1.406424e-02,2.987922e-02,4.079582e-03,1.037831e-02
2.865271e-02,1.360292e-01,6.517536e-02,1.495790e-01,7.703091e-02,1.984821e-02,5.164756e-03,1.065557e-02,3.540459e-01,3.402924e-02,7.601894e-02,1.043873e-02,2.230401e-02,3.226761e-03,7.800646e-03
3.632896e-02,1.834319e-01,7.364982e-02,1.299351e-01,9.471346e-02,2.247582e-02,6.715703e-03,1.080639e-02,3.249877e-01,2.615632e-02,5.499449e-02,7.900974e-03,1.705990e-02,2.872936e-03,7.970439e-03
5.280013e-02,2.227776e-01,8.330067e-02,1.237401e-01,1.329634e-01,2.116641e-02,5.907334e-03,2.304186e-02,2.479062e-01,1.865418e-02,4.083315e-02,5.884362e-03,1.269151e-02,2.280730e-03,6.052420e-03
7.415599e-02,3.120501e-01,6.378090e-02,9.952916e-02,1.412846e-01,2.176990e-02,5.557638e-03,2.125408e-02,1.951593e-01,1.416394e-02,3.087841e-02,4.465339e-03,9.330781e-03,2.000144e-03,4.619855e-03
6.286031e-02,3.067463e-01,8.377239e-02,1.931335e-01,1.200844e-01,1.735692e-02,4.084850e-03,2.100736e-02,1.394413e-01,1.042718e-02,2.354373e-02,3.682428e-03,7.358538e-03,1.542648e-03,4.958167e-03
1.220675e-01,2.836170e-01,9.624781e-02,1.996661e-01,9.133917e-02,1.434695e-02,3.114501e-03,1.899808e-02,1.081561e-01,1.032849e-02,2.830207e-02,5.189768e-03,7.239148e-03,1.767586e-03,9.619701e-03
1.048532e-01,2.804211e-01,9.835498e-02,2.364593e-01,7.049134e-02,1.333732e-02,2.482194e-03,2.339239e-02,1.049569e-01,9.396832e-03,2.830208e-02,4.816269e-03,7.343123e-03,2.030892e-03,1.336201e-02
9.751001e-02,3.656898e-01,1.274165e-01,1.876596e-01,5.300297e-02,1.081564e-02,1.802174e-03,1.994584e-02,7.844532e-02,1.422756e-02,2.113167e-02,3.628975e-03,5.530195e-03,2.247315e-03,1.094647e-02
1.056785e-01,3.902967e-01,1.334791e-01,1.402606e-01,3.926753e-02,8.838227e-03,1.325927e-03,1.591304e-02,6.867500e-02,5.535880e-02,1.771956e-02,2.926974e-03,4.751257e-03,3.746156e-03,1.176266e-02
1.305393e-01,4.426509e-01,1.008981e-01,1.026000e-01,2.897255e-02,7.585656e-03,9.638831e-04,1.210553e-02,5.623026e-02,8.182959e-02,1.379265e-02,2.346642e-03,3.872235e-03,4.889830e-03,1.072287e-02
2.360840e-01,3.989457e-01,9.259968e-02,8.493207e-02,2.084934e-02,7.598627e-03,7.412217e-04,9.060654e-03,4.084911e-02,6.997094e-02,1.152039e-02,2.778702e-03,3.378979e-03,9.114547e-03,1.157603e-02
2.952202e-01,3.892104e-01,7.665105e-02,6.865400e-02,1.547462e-02,7.946813e-03,6.178470e-04,7.091834e-03,3.016238e-02,6.579359e-02,9.861177e-03,3.025274e-03,3.242371e-03,1.289206e-02,1.415638e-02
3.358097e-01,3.675047e-01,6.814148e-02,6.472721e-02,1.262539e-02,9.552943e-03,5.790467e-04,6.143429e-03,2.362915e-02,5.859062e-02,9.382875e-03,4.028423e-03,3.605304e-03,1.739533e-02,1.828437e-02
3.510137e-01,3.653601e-01,6.723294e-02,5.558654e-02,1.234931e-02,1.249457e-02,7.049503e-04,6.033673e-03,1.887799e-02,4.597481e-02,1.057605e-02,5.977930e-03,4.691021e-03,1.950542e-02,2.362095e-02
4.258900e-01,2.998195e-01,5.952765e-02,4.488218e-02,1.500186e-02,1.496163e-02,9.867232e-04,6.687666e-03,1.693642e-02,3.456682e-02,1.210750e-02,8.039833e-03,4.849836e-03,2.205933e-02,3.368302e-02
1.000000e+00,0.000000e+00,0.000000e+00,0.000000e+00,0.000000e+00,0.000000e+00,0.000000e+00,0.000000e+00,0.000000e+00,0.000000e+00,0.000000e+00,0.000000e+00,0.000000e+00,0.000000e+00,0.000000e+00
1.000000e+00,0.000000e+00,0.000000e+00,0.000000e+00,0.000000e+00,0.000000e+00,0.000000e+00,0.000000e+00,0.000000e+00,0.000000e+00,0.000000e+00,0.000000e+00,0.000000e+00,0.000000e+00,0.000000e+00
4.148550e-01,2.339097e-01,2.988797e-02,1.145502e-01,1.392929e-02,1.283667e-02,1.449601e-03,6.079246e-03,1.197656e-02,1.726110e-02,1.304572e-02,1.589706e-02,5.498457e-03,2.097414e-02,8.784926e-02
3.250804e-01,1.936585e-01,5.946044e-02,1.771961e-01,1.067339e-02,1.121846e-02,1.193045e-03,4.656087e-03,1.069328e-02,2.047832e-02,1.117500e-02,1.256490e-02,4.458002e-03,1.736176e-02,1.401324e-01
2.542001e-01,1.550462e-01,9.433215e-02,1.473266e-01,8.095858e-03,9.215519e-03,9.579077e-04,3.412386e-03,1.053654e-02,4.005968e-02,9.651029e-03,1.098389e-02,4.939347e-03,1.366108e-02,2.375817e-01
2.816325e-01,1.365233e-01,6.958823e-02,1.214666e-01,9.030953e-03,9.720673e-03,2.531922e-03,3.079569e-03,8.703475e-02,3.172832e-02,1.018692e-02,1.217591e-02,1.077649e-02,1.087534e-02,2.036485e-01
2.391943e-01,1.141766e-01,6.418090e-02,1.329584e-01,9.652918e-03,9.693517e-03,2.934339e-03,2.582957e-03,9.857252e-02,3.567906e-02,9.268317e-03,1.266633e-02,1.291545e-02,9.351126e-03,2.461732e-01
1.719886e-01,9.293840e-02,1.173774e-01,2.607400e-01,8.777954e-03,8.289489e-03,2.316689e-03,2.034739e-03,8.517461e-02,2.703523e-02,7.134438e-03,9.593119e-03,9.636348e-03,6.827490e-03,1.901355e-01
1.277096e-01,7.217664e-02,9.991637e-02,3.563960e-01,7.289846e-03,7.270006e-03,1.745036e-03,1.574988e-03,7.065964e-02,2.522581e-02,1.029317e-02,6.975898e-03,9.000881e-03,5.106676e-03,1.986595e-01
2.520692e-01,6.482182e-02,7.628595e-02,2.694086e-01,1.038571e-02,9.879420e-03,2.353198e-03,1.704922e-03,1.005528e-01,2.043354e-02,1.106788e-02,8.607959e-03,1.270312e-02,4.185496e-03,1.555404e-01
1.995849e-01,6.249953e-02,9.996226e-02,3.501533e-01,8.064121e-03,9.529812e-03,1.816588e-03,1.563273e-03,7.789373e-02,2.086107e-02,9.318260e-03,7.153318e-03,1.000084e-02,3.348490e-03,1.382505e-01
1.828782e-01,5.292804e-02,1.257155e-01,3.490405e-01,6.561758e-03,9.603335e-03,1.625788e-03,1.908145e-03,6.040019e-02,2.137170e-02,1.128450e-02,8.359173e-03,8.356876e-03,6.920495e-03,1.530458e-01
1.680718e-01,4.114533e-02,9.990668e-02,2.500857e-01,5.038247e-03,8.473666e-03,1.259885e-03,1.641100e-03,4.799664e-02,2.742526e-02,9.686126e-03,7.300575e-03,6.703478e-03,1.086943e-02,3.143961e-01
2.712244e-01,4.719077e-02,8.011974e-02,1.898159e-01,7.788528e-03,9.197013e-03,1.390568e-03,2.077595e-03,3.899498e-02,3.043739e-02,1.629462e-02,1.046239e-02,1.134483e-02,9.890237e-03,2.737710e-01
4.008715e-01,5.364786e-02,6.410304e-02,1.488698e-01,9.204291e-03,9.747225e-03,2.025370e-03,4.014811e-03,2.973093e-02,2.354633e-02,1.510081e-02,1.312534e-02,1.204754e-02,8.523243e-03,2.054419e-01
4.518688e-01,7.833487e-02,5.948726e-02,1.376610e-01,1.101479e-02,1.131728e-02,2.694265e-03,4.103686e-03,2.346214e-02,2.294970e-02,1.267272e-02,1.054305e-02,9.350751e-03,6.543861e-03,1.579958e-01
4.615755e-01,9.214927e-02,6.284556e-02,1.276130e-01,9.589345e-03,1.312443e-02,2.311064e-03,3.810461e-03,2.100947e-02,3.739178e-02,1.194121e-02,9.667709e-03,8.680739e-03,5.112987e-03,1.331775e-01
1.000000e+00,0.000000e+00,0.000000e+00,0.000000e+00,0.000000e+00,0.000000e+00,0.000000e+00,0.000000e+00,0.000000e+00,0.000000e+00,0.000000e+00,0.000000e+00,0.000000e+00,0.000000e+00,0.000000e+00
1.000000e+00,0.000000e+00,0.000000e+00,0.000000e+00,0.000000e+00,0.000000e+00,0.000000e+00,0.000000e+00,0.000000e+00,0.000000e+00,0.000000e+00,0.000000e+00,0.000000e+00,0.000000e+00,0.000000e+00
1.000000e+00,0.000000e+00,0.000000e+00,0.000000e+00,0.000000e+00,0.000000e+00,0.000000e+00,0.000000e+00,0.000000e+00,0.000000e+00,0.000000e+00,0.000000e+00,0.000000e+00,0.000000e+00,0.000000e+00
1.000000e+00,0.000000e+00,0.000000e+00,0.000000e+00,0.000000e+00,0.000000e+00,0.000000e+00,0.000000e+00,0.000000e+00,0.000000e+00,0.000000e+00,0.000000e+00,0.000000e+00,0.000000e+00,0.000000e+00
1.000000e+00,0.000000e+00,0.000000e+00,0.000000e+00,0.000000e+00,0.000000e+00,0.000000e+00,0.000000e+00,0.000000e+00,0.000000e+00,0.000000e+00,0.000000e+00,0.000000e+00,0.000000e+00,0.000000e+00
1.000000e+00,0.000000e+00,0.000000e+00,0.000000e+00,0.000000e+00,0.000000e+00,0.000000e+00,0.000000e+00,0.000000e+00,0.000000e+00,0.000000e+00,0.000000e+00,0.000000e+00,0.000000e+00,0.000000e+00
1.000000e+00,0.000000e+00,0.000000e+00,0.000000e+00,0.000000e+00,0.000000e+00,0.000000e+00,0.000000e+00,0.000000e+00,0.000000e+00,0.000000e+00,0.000000e+00,0.000000e+00,0.000000e+00,0.000000e+00
1.000000e+00,0.000000e+00,0.000000e+00,0.000000e+00,0.000000e+00,0.000000e+00,0.000000e+00,0.000000e+00,0.000000e+00,0.000000e+00,0.000000e+00,0.000000e+00,0.000000e+00,0.000000e+00,0.000000e+00
1.000000e+00,0.000000e+00,0.000000e+00,0.000000e+00,0.000000e+00,0.000000e+00,0.000000e+00,0.000000e+00,0.000000e+00,0.000000e+00,0.000000e+00,0.000000e+00,0.000000e+00,0.000000e+00,0.000000e+00
1.000000e+00,0.000000e+00,0.000000e+00,0.000000e+00,0.000000e+00,0.000000e+00,0.000000e+00,0.000000e+00,0.000000e+00,0.000000e+00,0.000000e+00,0.000000e+00,0.000000e+00,0.000000e+00,0.000000e+00
1.000000e+00,0.000000e+00,0.000000e+00,0.000000e+00,0.000000e+00,0.000000e+00,0.000000e+00,0.000000e+00,0.000000e+00,0.000000e+00,0.000000e+00,0.000000e+00,0.000000e+00,0.000000e+00,0.000000e+00
1.000000e+00,0.000000e+00,0.000000e+00,0.000000e+00,0.000000e+00,0.000000e+00,0.000000e+00,0.000000e+00,0.000000e+00,0.000000e+00,0.000000e+00,0.000000e+00,0.000000e+00,0.000000e+00,0.000000e+00
1.000000e+00,0.000000e+00,0.000000e+00,0.000000e+00,0.000000e+00,0.000000e+00,0.000000e+00,0.000000e+00,0.000000e+00,0.000000e+00,0.000000e+00,0.000000e+00,0.000000e+00,0.000000e+00,0.000000e+00
1.000000e+00,0.000000e+00,0.000000e+00,0.000000e+00,0.000000e+00,0.000000e+00,0.000000e+00,0.000000e+00,0.000000e+00,0.000000e+00,0.000000e+00,0.000000e+00,0.000000e+00,0.000000e+00,0.000000e+00
4.615680e-01,5.854624e-02,3.033451e-02,1.518838e-01,1.558793e-02,1.921070e-02,3.639416e-03,1.246054e-02,4.104111e-02,9.213372e-02,2.951005e-02,2.988969e-02,2.944787e-02,2.439780e-03,2.230662e-02
4.662477e-01,5.031722e-02,2.748077e-02,1.376705e-01,1.432025e-02,1.686006e-02,3.467201e-03,1.233596e-02,4.191874e-02,1.102494e-01,3.070018e-02,2.705155e-02,3.639664e-02,2.870617e-03,2.211313e-02
4.636632e-01,4.579874e-02,2.458256e-02,1.062378e-01,1.374821e-02,1.568978e-02,3.221268e-03,1.214887e-02,3.622356e-02,1.738819e-01,2.686558e-02,2.166673e-02,3.436043e-02,2.790977e-03,1.912035e-02
4.607742e-01,3.910013e-02,1.937261e-02,8.293644e-02,2.398712e-02,1.531383e-02,4.300131e-03,1.309964e-02,5.271626e-02,1.843702e-01,2.815405e-02,1.848710e-02,3.600445e-02,3.063973e-03,1.831991e-02
4.997803e-01,3.390330e-02,1.684025e-02,7.015194e-02,2.276720e-02,2.298943e-02,5.298840e-03,1.634862e-02,4.429511e-02,1.650676e-01,2.545080e-02,1.863709e-02,3.342086e-02,3.892159e-03,2.115635e-02
4.903417e-01,3.444258e-02,1.688541e-02,6.686793e-02,1.922108e-02,3.073988e-02,5.319336e-03,1.493545e-02,4.318167e-02,1.694503e-01,2.407964e-02,2.058517e-02,3.396815e-02,4.674872e-03,2.530677e-02
4.404474e-01,3.596789e-02,2.086297e-02,1.408802e-01,1.677712e-02,2.873848e-02,5.373858e-03,1.559032e-02,6.852284e-02,1.250106e-01,2.098978e-02,2.285998e-02,3.031659e-02,4.575494e-03,2.308639e-02
1.000000e+00,0.000000e+00,0.000000e+00,0.000000e+00,0.000000e+00,0.000000e+00,0.000000e+00,0.000000e+00,0.000000e+00,0.000000e+00,0.000000e+00,0.000000e+00,0.000000e+00,0.000000e+00,0.000000e+00
1.000000e+00,0.000000e+00,0.000000e+00,0.000000e+00,0.000000e+00,0.000000e+00,0.000000e+00,0.000000e+00,0.000000e+00,0.000000e+00,0.000000e+00,0.000000e+00,0.000000e+00,0.000000e+00,0.000000e+00
1.000000e+00,0.000000e+00,0.000000e+00,0.000000e+00,0.000000e+00,0.000000e+00,0.000000e+00,0.000000e+00,0.000000e+00,0.000000e+00,0.000000e+00,0.000000e+00,0.000000e+00,0.000000e+00,0.000000e+00
1.000000e+00,0.000000e+00,0.000000e+00,0.000000e+00,0.000000e+00,0.000000e+00,0.000000e+00,0.000000e+00,0.000000e+00,0.000000e+00,0.000000e+00,0.000000e+00,0.000000e+00,0.000000e+00,0.000000e+00
1.000000e+00,0.000000e+00,0.000000e+00,0.000000e+00,0.000000e+00,0.000000e+00,0.000000e+00,0.000000e+00,0.000000e+00,0.000000e+00,0.000000e+00,0.000000e+00,0.000000e+00,0.000000e+00,0.000000e+00
1.000000e+00,0.000000e+00,0.000000e+00,0.000000e+00,0.000000e+00,0.000000e+00,0.000000e+00,0.000000e+00,0.000000e+00,0.000000e+00,0.000000e+00,0.000000e+00,0.000000e+00,0.000000e+00,0.000000e+00
1.000000e+00,0.000000e+00,0.000000e+00,0.000000e+00,0.000000e+00,0.000000e+00,0.000000e+00,0.000000e+00,0.000000e+00,0.000000e+00,0.000000e+00,0.000000e+00,0.000000e+00,0.000000e+00,0.000000e+00
1.000000e+00,0.000000e+00,0.000000e+00,0.000000e+00,0.000000e+00,0.000000e+00,0.000000e+00,0.000000e+00,0.000000e+00,0.000000e+00,0.000000e+00,0.000000e+00,0.000000e+00,0.000000e+00,0.000000e+00
1.000000e+00,0.000000e+00,0.000000e+00,0.000000e+00,0.000000e+00,0.000000e+00,0.000000e+00,0.000000e+00,0.000000e+00,0.000000e+00,0.000000e+00,0.000000e+00,0.000000e+00,0.000000e+00,0.000000e+00
1.000000e+00,0.000000e+00,0.000000e+00,0.000000e+00,0.000000e+00,0.000000e+00,0.000000e+00,0.000000e+00,0.000000e+00,0.000000e+00,0.000000e+00,0.000000e+00,0.000000e+00,0.000000e+00,0.000000e+00
1.000000e+00,0.000000e+00,0.000000e+00,0.000000e+00,0.000000e+00,0.000000e+00,0.000000e+00,0.000000e+00,0.000000e+00,0.000000e+00,0.000000e+00,0.000000e+00,0.000000e+00,0.000000e+00,0.000000e+00
1.000000e+00,0.000000e+00,0.000000e+00,0.000000e+00,0.000000e+00,0.000000e+00,0.000000e+00,0.000000e+00,0.000000e+00,0.000000e+00,0.000000e+00,0.000000e+00,0.000000e+00,0.000000e+00,0.000000e+00
3.983059e-01,1.977657e-02,2.248514e-01,6.569389e-02,2.141359e-02,1.348334e-02,3.354229e-03,2.936831e-02,1.983777e-02,1.158108e-01,1.234228e-02,2.240218e-02,1.324478e-02,2.513355e-03,3.760156e-02
3.374131e-01,2.117087e-02,2.248377e-01,4.852087e-02,3.635670e-02,1.268633e-02,4.144701e-03,5.795400e-02,2.095077e-02,1.528202e-01,9.708587e-03,1.794449e-02,1.292544e-02,2.618002e-03,3.994826e-02
2.597910e-01,3.203412e-02,2.020293e-01,3.987005e-02,7.753751e-02,3.950276e-02,5.423609e-03,9.324016e-02,1.711437e-02,1.496553e-01,8.298605e-03,1.480413e-02,1.650185e-02,3.368102e-03,4.082916e-02
2.341768e-01,2.831127e-02,3.018215e-01,2.965144e-02,7.548100e-02,3.530673e-02,4.324596e-03,7.089230e-02,1.405248e-02,1.219327e-01,6.823126e-03,1.130531e-02,1.670175e-02,4.837506e-03,4.438149e-02
2.210779e-01,2.629142e-02,2.157443e-01,6.213669e-02,8.772989e-02,4.228976e-02,1.041105e-02,9.042389e-02,1.190361e-02,1.395880e-01,1.124688e-02,2.392096e-02,1.855439e-02,4.167009e-03,3.451426e-02
2.179035e-01,2.862003e-02,2.065891e-01,9.771387e-02,7.549904e-02,5.124290e-02,1.258599e-02,6.902644e-02,9.278451e-03,1.292953e-01,1.528254e-02,3.919940e-02,1.700738e-02,3.770421e-03,2.698561e-02
2.403494e-01,2.618032e-02,1.811400e-01,9.220558e-02,6.113096e-02,4.022494e-02,1.090541e-02,5.795785e-02,9.821365e-03,1.829768e-01,1.453666e-02,3.658031e-02,1.372223e-02,3.346434e-03,2.892169e-02
3.194652e-01,2.890780e-02,1.604548e-01,7.227390e-02,6.808288e-02,3.296009e-02,9.511596e-03,4.623888e-02,1.578338e-02,1.510671e-01,1.264060e-02,3.188803e-02,1.293886e-02,3.828913e-03,3.395808e-02
4.028911e-01,2.784088e-02,1.347190e-01,5.735216e-02,6.659638e-02,2.653595e-02,8.618736e-03,4.138142e-02,2.239312e-02,1.174061e-01,1.343204e-02,2.896245e-02,1.549009e-02,3.920554e-03,3.246001e-02
3.756945e-01,5.468560e-02,1.125223e-01,1.148073e-01,5.895547e-02,2.302968e-02,7.442434e-03,3.100826e-02,1.861560e-02,8.613473e-02,1.551105e-02,3.664777e-02,1.537417e-02,5.907730e-03,4.366340e-02
4.514987e-01,5.092559e-02,8.871134e-02,1.085182e-01,5.359747e-02,2.131725e-02,7.525713e-03,2.426915e-02,1.584663e-02,6.291379e-02,1.559374e-02,3.912364e-02,1.601524e-02,6.874381e-03,3.726908e-02
4.130981e-01,4.962474e-02,1.148115e-01,1.797725e-01,4.709249e-02,1.722109e-02,6.857027e-03,1.943300e-02,1.247079e-02,4.574040e-02,1.337167e-02,3.122866e-02,1.288763e-02,5.835135e-03,3.055525e-02
4.925249e-01,5.674551e-02,9.832600e-02,1.449377e-01,4.015854e-02,1.575678e-02,5.846974e-03,1.452673e-02,1.055394e-02,3.356510e-02,1.098533e-02,2.837148e-02,1.205980e-02,5.906688e-03,2.973456e-02
1.000000e+00,0.000000e+00,0.000000e+00,0.000000e+00,0.000000e+00,0.000000e+00,0.000000e+00,0.000000e+00,0.000000e+00,0.000000e+00,0.000000e+00,0.000000e+00,0.000000e+00,0.000000e+00,0.000000e+00
1.000000e+00,0.000000e+00,0.000000e+00,0.000000e+00,0.000000e+00,0.000000e+00,0.000000e+00,0.000000e+00,0.000000e+00,0.000000e+00,0.000000e+00,0.000000e+00,0.000000e+00,0.000000e+00,0.000000e+00
1.000000e+00,0.000000e+00,0.000000e+00,0.000000e+00,0.000000e+00,0.000000e+00,0.000000e+00,0.000000e+00,0.000000e+00,0.000000e+00,0.000000e+00,0.000000e+00,0.000000e+00,0.000000e+00,0.000000e+00
1.000000e+00,0.000000e+00,0.000000e+00,0.000000e+00,0.000000e+00,0.000000e+00,0.000000e+00,0.000000e+00,0.000000e+00,0.000000e+00,0.000000e+00,0.000000e+00,0.000000e+00,0.000000e+00,0.000000e+00
1.000000e+00,0.000000e+00,0.000000e+00,0.000000e+00,0.000000e+00,0.000000e+00,0.000000e+00,0.000000e+00,0.000000e+00,0.000000e+00,0.000000e+00,0.000000e+00,0.000000e+00,0.000000e+00,0.000000e+00
1.000000e+00,0.000000e+00,0.000000e+00,0.000000e+00,0.000000e+00,0.000000e+00,0.000000e+00,0.000000e+00,0.000000e+00,0.000000e+00,0.000000e+00,0.000000e+00,0.000000e+00,0.000000e+00,0.000000e+00
1.000000e+00,0.000000e+00,0.000000e+00,0.000000e+00,0.000000e+00,0.000000e+00,0.000000e+00,0.000000e+00,0.000000e+00,0.000000e+00,0.000000e+00,0.000000e+00,0.000000e+00,0.000000e+00,0.000000e+00
1.000000e+00,0.000000e+00,0.000000e+00,0.000000e+00,0.000000e+00,0.000000e+00,0.000000e+00,0.000000e+00,0.000000e+00,0.000000e+00,0.000000e+00,0.000000e+00,0.000000e+00,0.000000e+00,0.000000e+00
1.000000e+00,0.000000e+00,0.000000e+00,0.000000e+00,0.000000e+00,0.000000e+00,0.000000e+00,0.000000e+00,0.000000e+00,0.000000e+00,0.000000e+00,0.000000e+00,0.000000e+00,0.000000e+00,0.000000e+00
1.000000e+00,0.000000e+00,0.000000e+00,0.000000e+00,0.000000e+00,0.000000e+00,0.000000e+00,0.000000e+00,0.000000e+00,0.000000e+00,0.000000e+00,0.000000e+00,0.000000e+00,0.000000e+00,0.000000e+00
1.000000e+00,0.000000e+00,0.000000e+00,0.000000e+00,0.000000e+00,0.000000e+00,0.000000e+00,0.000000e+00,0.000000e+00,0.000000e+00,0.000000e+00,0.000000e+00,0.000000e+00,0.000000e+00,0.000000e+00
1.000000e+00,0.000000e+00,0.000000e+00,0.000000e+00,0.000000e+00,0.000000e+00,0.000000e+00,0.000000e+00,0.000000e+00,0.000000e+00,0.000000e+00,0.000000e+00,0.000000e+00,0.000000e+00,0.000000e+00
1.000000e+00,0.000000e+00,0.000000e+00,0.000000e+00,0.000000e+00,0.000000e+00,0.000000e+00,0.000000e+00,0.000000e+00,0.000000e+00,0.000000e+00,0.000000e+00,0.000000e+00,0.000000e+00,0.000000e+00
1.000000e+00,0.000000e+00,0.000000e+00,0.000000e+00,0.000000e+00,0.000000e+00,0.000000e+00,0.000000e+00,0.000000e+00,0.000000e+00,0.000000e+00,0.000000e+00,0.000000e+00,0.000000e+00,0.000000e+00
1.000000e+00,0.000000e+00,0.000000e+00,0.000000e+00,0.000000e+00,0.000000e+00,0.000000e+00,0.000000e+00,0.000000e+00,0.000000e+00,0.000000e+00,0.000000e+00,0.000000e+00,0.000000e+00,0.000000e+00
1.000000e+00,0.000000e+00,0.000000e+00,0.000000e+00,0.000000e+00,0.000000e+00,0.000000e+00,0.000000e+00,0.000000e+00,0.000000e+00,0.000000e+00,0.000000e+00,0.000000e+00,0.000000e+00,0.000000e+00
1.000000e+00,0.000000e+00,0.000000e+00,0.000000e+00,0.000000e+00,0.000000e+00,0.000000e+00,0.000000e+00,0.000000e+00,0.000000e+00,0.000000e+00,0.000000e+00,0.000000e+00,0.000000e+00,0.000000e+00
1.000000e+00,0.000000e+00,0.000000e+00,0.000000e+00,0.000000e+00,0.000000e+00,0.000000e+00,0.000000e+00,0.000000e+00,0.000000e+00,0.000000e+00,0.000000e+00,0.000000e+00,0.000000e+00,0.000000e+00
1.000000e+00,0.000000e+00,0.000000e+00,0.000000e+00,0.000000e+00,0.000000e+00,0.000000e+00,0.000000e+00,0.000000e+00,0.000000e+00,0.000000e+00,0.000000e+00,0.000000e+00,0.000000e+00,0.000000e+00
1.000000e+00,0.000000e+00,0.000000e+00,0.000000e+00,0.000000e+00,0.000000e+00,0.000000e+00,0.000000e+00,0.000000e+00,0.000000e+00,0.000000e+00,0.000000e+00,0.000000e+00,0.000000e+00,0.000000e+00
1.000000e+00,0.000000e+00,0.000000e+00,0.000000e+00,0.000000e+00,0.000000e+00,0.000000e+00,0.000000e+00,0.000000e+00,0.000000e+00,0.000000e+00,0.000000e+00,0.000000e+00,0.000000e+00,0.000000e+00
1.000000e+00,0.000000e+00,0.000000e+00,0.000000e+00,0.000000e+00,0.000000e+00,0.000000e+00,0.000000e+00,0.000000e+00,0.000000e+00,0.000000e+00,0.000000e+00,0.000000e+00,0.000000e+00,0.000000e+00
1.000000e+00,0.000000e+00,0.000000e+00,0.000000e+00,0.000000e+00,0.000000e+00,0.000000e+00,0.000000e+00,0.000000e+00,0.000000e+00,0.000000e+00,0.000000e+00,0.000000e+00,0.000000e+00,0.000000e+00
1.000000e+00,0.000000e+00,0.000000e+00,0.000000e+00,0.000000e+00,0.000000e+00,0.000000e+00,0.000000e+00,0.000000e+00,0.000000e+00,0.000000e+00,0.000000e+00,0.000000e+00,0.000000e+00,0.000000e+00
1.000000e+00,0.000000e+00,0.000000e+00,0.000000e+00,0.000000e+00,0.000000e+00,0.000000e+00,0.000000e+00,0.000000e+00,0.000000e+00,0.000000e+00,0.000000e+00,0.000000e+00,0.000000e+00,0.000000e+00
1.000000e+00,0.000000e+00,0.000000e+00,0.000000e+00,0.000000e+00,0.000000e+00,0.000000e+00,0.000000e+00,0.000000e+00,0.000000e+00,0.000000e+00,0.000000e+00,0.000000e+00,0.000000e+00,0.000000e+00
1.000000e+00,0.000000e+00,0.000000e+00,0.000000e+00,0.000000e+00,0.000000e+00,0.000000e+00,0.000000e+00,0.000000e+00,0.000000e+00,0.000000e+00,0.000000e+00,0.000000e+00,0.000000e+00,0.000000e+00
1.000000e+00,0.000000e+00,0.000000e+00,0.000000e+00,0.000000e+00,0.000000e+00,0.000000e+00,0.000000e+00,0.000000e+00,0.000000e+00,0.000000e+00,0.000000e+00,0.000000e+00,0.000000e+00,0.000000e+00
1.000000e+00,0.000000e+00,0.000000e+00,0.000000e+00,0.000000e+00,0.000000e+00,0.000000e+00,0.000000e+00,0.000000e+00,0.000000e+00,0.000000e+00,0.000000e+00,0.000000e+00,0.000000e+00,0.000000e+00
1.000000e+00,0.000000e+00,0.000000e+00,0.000000e+00,0.000000e+00,0.000000e+00,0.000000e+00,0.000000e+00,0.000000e+00,0.000000e+00,0.000000e+00,0.000000e+00,0.000000e+00,0.000000e+00,0.000000e+00
1.000000e+00,0.000000e+00,0.000000e+00,0.000000e+00,0.000000e+00,0.000000e+00,0.000000e+00,0.000000e+00,0.000000e+00,0.000000e+00,0.000000e+00,0.000000e+00,0.000000e+00,0.000000e+00,0.000000e+00
1.000000e+00,0.000000e+00,0.000000e+00,0.000000e+00,0.000000e+00,0.000000e+00,0.000000e+00,0.000000e+00,0.000000e+00,0.000000e+00,0.000000e+00,0.000000e+00,0.000000e+00,0.000000e+00,0.000000e+00
1.000000e+00,0.000000e+00,0.000000e+00,0.000000e+00,0.000000e+00,0.000000e+00,0.000000e+00,0.000000e+00,0.000000e+00,0.000000e+00,0.000000e+00,0.000000e+00,0.000000e+00,0.000000e+00,0.000000e+00
1.000000e+00,0.000000e+00,0.000000e+00,0.000000e+00,0.000000e+00,0.000000e+00,0.000000e+00,0.000000e+00,0.000000e+00,0.000000e+00,0.000000e+00,0.000000e+00,0.000000e+00,0.000000e+00,0.000000e+00
1.000000e+00,0.000000e+00,0.000000e+00,0.000000e+00,0.000000e+00,0.000000e+00,0.000000e+00,0.000000e+00,0.000000e+00,0.000000e+00,0.000000e+00,0.000000e+00,0.000000e+00,0.000000e+00,0.000000e+00
1.000000e+00,0.000000e+00,0.000000e+00,0.000000e+00,0.000000e+00,0.000000e+00,0.000000e+00,0.000000e+00,0.000000e+00,0.000000e+00,0.000000e+00,0.000000e+00,0.000000e+00,0.000000e+00,0.000000e+00
1.000000e+00,0.000000e+00,0.000000e+00,0.000000e+00,0.000000e+00,0.000000e+00,0.000000e+00,0.000000e+00,0.000000e+00,0.000000e+00,0.000000e+00,0.000000e+00,0.000000e+00,0.000000e+00,0.000000e+00
1.000000e+00,0.000000e+00,0.000000e+00,0.000000e+00,0.000000e+00,0.000000e+00,0.000000e+00,0.000000e+00,0.000000e+00,0.000000e+00,0.000000e+00,0.000000e+00,0.000000e+00,0.000000e+00,0.000000e+00
1.000000e+00,0.000000e+00,0.000000e+00,0.000000e+00,0.000000e+00,0.000000e+00,0.000000e+00,0.000000e+00,0.000000e+00,0.000000e+00,0.000000e+00,0.000000e+00,0.000000e+00,0.000000e+00,0.000000e+00
1.000000e+00,0.000000e+00,0.000000e+00,0.000000e+00,0.000000e+00,0.000000e+00,0.000000e+00,0.000000e+00,0.000000e+00,0.000000e+00,0.000000e+00,0.000000e+00,0.000000e+00,0.000000e+00,0.000000e+00
1.000000e+00,0.000000e+00,0.000000e+00,0.000000e+00,0.000000e+00,0.000000e+00,0.000000e+00,0.000000e+00,0.000000e+00,0.000000e+00,0.000000e+00,0.000000e+00,0.000000e+00,0.000000e+00,0.000000e+00
1.000000e+00,0.000000e+00,0.000000e+00,0.000000e+00,0.000000e+00,0.000000e+00,0.000000e+00,0.000000e+00,0.000000e+00,0.000000e+00,0.000000e+00,0.000000e+00,0.000000e+00,0.000000e+00,0.000000e+00
1.000000e+00,0.000000e+00,0.000000e+00,0.000000e+00,0.000000e+00,0.000000e+00,0.000000e+00,0.000000e+00,0.000000e+00,0.000000e+00,0.000000e+00,0.000000e+00,0.000000e+00,0.000000e+00,0.000000e+00
1.000000e+00,0.000000e+00,0.000000e+00,0.000000e+00,0.000000e+00,0.000000e+00,0.000000e+00,0.000000e+00,0.000000e+00,0.000000e+00,0.000000e+00,0.000000e+00,0.000000e+00,0.000000e+00,0.000000e+00
1.000000e+00,0.000000e+00,0.000000e+00,0.000000e+00,0.000000e+00,0.000000e+00,0.000000e+00,0.000000e+00,0.000000e+00,0.000000e+00,0.000000e+00,0.000000e+00,0.000000e+00,0.000000e+00,0.000000e+00
1.000000e+00,0.000000e+00,0.000000e+00,0.000000e+00,0.000000e+00,0.000000e+00,0.000000e+00,0.000000e+00,0.000000e+00,0.000000e+00,0.000000e+00,0.000000e+00,0.000000e+00,0.000000e+00,0.000000e+00
1.000000e+00,0.000000e+00,0.000000e+00,0.000000e+00,0.000000e+00,0.000000e+00,0.000000e+00,0.000000e+00,0.000000e+00,0.000000e+00,0.000000e+00,0.000000e+00,0.000000e+00,0.000000e+00,0.000000e+00
1.000000e+00,0.000000e+00,0.000000e+00,0.000000e+00,0.000000e+00,0.000000e+00,0.000000e+00,0.000000e+00,0.000000e+00,0.000000e+00,0.000000e+00,0.000000e+00,0.000000e+00,0.000000e+00,0.000000e+00
1.000000e+00,0.000000e+00,0.000000e+00,0.000000e+00,0.000000e+00,0.000000e+00,0.000000e+00,0.000000e+00,0.000000e+00,0.000000e+00,0.000000e+00,0.000000e+00,0.000000e+00,0.000000e+00,0.000000e+00
1.000000e+00,0.000000e+00,0.000000e+00,0.000000e+00,0.000000e+00,0.000000e+00,0.000000e+00,0.000000e+00,0.000000e+00,0.000000e+00,0.000000e+00,0.000000e+00,0.000000e+00,0.000000e+00,0.000000e+00
1.000000e+00,0.000000e+00,0.000000e+00,0.000000e+00,0.000000e+00,0.000000e+00,0.000000e+00,0.000000e+00,0.000000e+00,0.000000e+00,0.000000e+00,0.000000e+00,0.000000e+00,0.000000e+00,0.000000e+00
1.000000e+00,0.000000e+00,0.000000e+00,0.000000e+00,0.000000e+00,0.000000e+00,0.000000e+00,0.000000e+00,0.000000e+00,0.000000e+00,0.000000e+00,0.000000e+00,0.000000e+00,0.000000e+00,0.000000e+00
1.000000e+00,0.000000e+00,0.000000e+00,0.000000e+00,0.000000e+00,0.000000e+00,0.000000e+00,0.000000e+00,0.000000e+00,0.000000e+00,0.000000e+00,0.000000e+00,0.000000e+00,0.000000e+00,0.000000e+00
1.000000e+00,0.000000e+00,0.000000e+00,0.000000e+00,0.000000e+00,0.000000e+00,0.000000e+00,0.000000e+00,0.000000e+00,0.000000e+00,0.000000e+00,0.000000e+00,0.000000e+00,0.000000e+00,0.000000e+00
1.000000e+00,0.000000e+00,0.000000e+00,0.000000e+00,0.000000e+00,0.000000e+00,0.000000e+00,0.000000e+00,0.000000e+00,0.000000e+00,0.000000e+00,0.000000e+00,0.000000e+00,0.000000e+00,0.000000e+00
1.000000e+00,0.000000e+00,0.000000e+00,0.000000e+00,0.000000e+00,0.000000e+00,0.000000e+00,0.000000e+00,0.000000e+00,0.000000e+00,0.000000e+00,0.000000e+00,0.000000e+00,0.000000e+00,0.000000e+00
1.000000e+00,0.000000e+00,0.000000e+00,0.000000e+00,0.000000e+00,0.000000e+00,0.000000e+00,0.000000e+00,0.000000e+00,0.000000e+00,0.000000e+00,0.000000e+00,0.000000e+00,0.000000e+00,0.000000e+00
1.000000e+00,0.000000e+00,0.000000e+00,0.000000e+00,0.000000e+00,0.000000e+00,0.000000e+00,0.000000e+00,0.000000e+00,0.000000e+00,0.000000e+00,0.000000e+00,0.000000e+00,0.000000e+00,0.000000e+00
1.000000e+00,0.000000e+00,0.000000e+00,0.000000e+00,0.000000e+00,0.000000e+00,0.000000e+00,0.000000e+00,0.000000e+00,0.000000e+00,0.000000e+00,0.000000e+00,0.000000e+00,0.000000e+00,0.000000e+00
1.000000e+00,0.000000e+00,0.000000e+00,0.000000e+00,0.000000e+00,0.000000e+00,0.000000e+00,0.000000e+00,0.000000e+00,0.000000e+00,0.000000e+00,0.000000e+00,0.000000e+00,0.000000e+00,0.000000e+00
1.000000e+00,0.000000e+00,0.000000e+00,0.000000e+00,0.000000e+00,0.000000e+00,0.000000e+00,0.000000e+00,0.000000e+00,0.000000e+00,0.000000e+00,0.000000e+00,0.000000e+00,0.000000e+00,0.000000e+00
1.000000e+00,0.000000e+00,0.000000e+00,0.000000e+00,0.000000e+00,0.000000e+00,0.000000e+00,0.000000e+00,0.000000e+00,0.000000e+00,0.000000e+00,0.000000e+00,0.000000e+00,0.000000e+00,0.000000e+00
1.000000e+00,0.000000e+00,0.000000e+00,0.000000e+00,0.000000e+00,0.000000e+00,0.000000e+00,0.000000e+00,0.000000e+00,0.000000e+00,0.000000e+00,0.000000e+00,0.000000e+00,0.000000e+00,0.000000e+00
1.000000e+00,0.000000e+00,0.000000e+00,0.000000e+00,0.000000e+00,0.000000e+00,0.000000e+00,0.000000e+00,0.000000e+00,0.000000e+00,0.000000e+00,0.000000e+00,0.000000e+00,0.000000e+00,0.000000e+00
1.000000e+00,0.000000e+00,0.000000e+00,0.000000e+00,0.000000e+00,0.000000e+00,0.000000e+00,0.000000e+00,0.000000e+00,0.000000e+00,0.000000e+00,0.000000e+00,0.000000e+00,0.000000e+00,0.000000e+00
1.000000e+00,0.000000e+00,0.000000e+00,0.000000e+00,0.000000e+00,0.000000e+00,0.000000e+00,0.000000e+00,0.000000e+00,0.000000e+00,0.000000e+00,0.000000e+00,0.000000e+00,0.000000e+00,0.000000e+00
1.000000e+00,0.000000e+00,0.000000e+00,0.000000e+00,0.000000e+00,0.000000e+00,0.000000e+00,0.000000e+00,0.000000e+00,0.000000e+00,0.000000e+00,0.000000e+00,0.000000e+00,0.000000e+00,0.000000e+00
1.000000e+00,0.000000e+00,0.000000e+00,0.000000e+00,0.000000e+00,0.000000e+00,0.000000e+00,0.000000e+00,0.000000e+00,0.000000e+00,0.000000e+00,0.000000e+00,0.000000e+00,0.000000e+00,0.000000e+00
1.000000e+00,0.000000e+00,0.000000e+00,0.000000e+00,0.000000e+00,0.000000e+00,0.000000e+00,0.000000e+00,0.000000e+00,0.000000e+00,0.000000e+00,0.000000e+00,0.000000e+00,0.000000e+00,0.000000e+00
1.000000e+00,0.000000e+00,0.000000e+00,0.000000e+00,0.000000e+00,0.000000e+00,0.000000e+00,0.000000e+00,0.000000e+00,0.000000e+00,0.000000e+00,0.000000e+00,0.000000e+00,0.000000e+00,0.000000e+00
1.000000e+00,0.000000e+00,0.000000e+00,0.000000e+00,0.000000e+00,0.000000e+00,0.000000e+00,0.000000e+00,0.000000e+00,0.000000e+00,0.000000e+00,0.000000e+00,0.000000e+00,0.000000e+00,0.000000e+00
1.000000e+00,0.000000e+00,0.000000e+00,0.000000e+00,0.000000e+00,0.000000e+00,0.000000e+00,0.000000e+00,0.000000e+00,0.000000e+00,0.000000e+00,0.000000e+00,0.000000e+00,0.000000e+00,0.000000e+00
