1.000000e+00,0.000000e+00,0.000000e+00,0.000000e+00,0.000000e+00,0.000000e+00,0.000000e+00,0.000000e+00,0.000000e+00,0.000000e+00,0.000000e+00,0.000000e+00,0.000000e+00,0.000000e+00,0.000000e+00
1.000000e+00,0.000000e+00,0.000000e+00,0.000000e+00,0.000000e+00,0.000000e+00,0.000000e+00,0.000000e+00,0.000000e+00,0.000000e+00,0.000000e+00,0.000000e+00,0.000000e+00,0.000000e+00,0.000000e+00
1.000000e+00,0.000000e+00,0.000000e+00,0.000000e+00,0.000000e+00,0.000000e+00,0.000000e+00,0.000000e+00,0.000000e+00,0.000000e+00,0.000000e+00,0.000000e+00,0.000000e+00,0.000000e+00,0.000000e+00
1.000000e+00,0.000000e+00,0.000000e+00,0.000000e+00,0.000000e+00,0.000000e+00,0.000000e+00,0.000000e+00,0.000000e+00,0.000000e+00,0.000000e+00,0.000000e+00,0.000000e+00,0.000000e+00,0.000000e+00
1.000000e+00,0.000000e+00,0.000000e+00,0.000000e+00,0.000000e+00,0.000000e+00,0.000000e+00,0.000000e+00,0.000000e+00,0.000000e+00,0.000000e+00,0.000000e+00,0.000000e+00,0.000000e+00,0.000000e+00
1.000000e+00,0.000000e+00,0.000000e+00,0.000000e+00,0.000000e+00,0.000000e+00,0.000000e+00,0.000000e+00,0.000000e+00,0.000000e+00,0.000000e+00,0.000000e+00,0.000000e+00,0.000000e+00,0.000000e+00
1.000000e+00,0.000000e+00,0.000000e+00,0.000000e+00,0.000000e+00,0.000000e+00,0.000000e+00,0.000000e+00,0.000000e+00,0.000000e+00,0.000000e+00,0.000000e+00,0.000000e+00,0.000000e+00,0.000000e+00
1.000000e+00,0.000000e+00,0.000000e+00,0.000000e+00,0.000000e+00,0.000000e+00,0.000000e+00,0.000000e+00,0.000000e+00,0.000000e+00,0.000000e+00,0.000000e+00,0.000000e+00,0.000000e+00,0.000000e+00
1.000000e+00,0.000000e+00,0.000000e+00,0.000000e+00,0.000000e+00,0.000000e+00,0.000000e+00,0.000000e+00,0.000000e+00,0.000000e+00,0.000000e+00,0.000000e+00,0.000000e+00,0.000000e+00,0.000000e+00
1.000000e+00,0.000000e+00,0.000000e+00,0.000000e+00,0.000000e+00,0.000000e+00,0.000000e+00,0.000000e+00,0.000000e+00,0.000000e+00,0.000000e+00,0.000000e+00,0.000000e+00,0.000000e+00,0.000000e+00
1.000000e+00,0.000000e+00,0.000000e+00,0.000000e+00,0.000000e+00,0.000000e+00,0.000000e+00,0.000000e+00,0.000000e+00,0.000000e+00,0.000000e+00,0.000000e+00,0.000000e+00,0.000000e+00,0.000000e+00
1.000000e+00,0.000000e+00,0.000000e+00,0.000000e+00,0.000000e+00,0.000000e+00,0.000000e+00,0.000000e+00,0.000000e+00,0.000000e+00,0.000000e+00,0.000000e+00,0.000000e+00,0.000000e+00,0.000000e+00
1.000000e+00,0.000000e+00,0.000000e+00,0.000000e+00,0.000000e+00,0.000000e+00,0.000000e+00,0.000000e+00,0.000000e+00,0.000000e+00,0.000000e+00,0.000000e+00,0.000000e+00,0.000000e+00,0.000000e+00
1.000000e+00,0.000000e+00,0.000000e+00,0.000000e+00,0.000000e+00,0.000000e+00,0.000000e+00,0.000000e+00,0.000000e+00,0.000000e+00,0.000000e+00,0.000000e+00,0.000000e+00,0.000000e+00,0.000000e+00
1.000000e+00,0.000000e+00,0.000000e+00,0.000000e+00,0.000000e+00,0.000000e+00,0.000000e+00,0.000000e+00,0.000000e+00,0.000000e+00,0.000000e+00,0.000000e+00,0.000000e+00,0.000000e+00,0.000000e+00
1.000000e+00,0.000000e+00,0.000000e+00,0.000000e+00,0.000000e+00,0.000000e+00,0.000000e+00,0.000000e+00,0.000000e+00,0.000000e+00,0.000000e+00,0.000000e+00,0.000000e+00,0.000000e+00,0.000000e+00
1.000000e+00,0.000000e+00,0.000000e+00,0.000000e+00,0.000000e+00,0.000000e+00,0.000000e+00,0.000000e+00,0.000000e+00,0.000000e+00,0.000000e+00,0.000000e+00,0.000000e+00,0.000000e+00,0.000000e+00
1.000000e+00,0.000000e+00,0.000000e+00,0.000000e+00,0.000000e+00,0.000000e+00,0.000000e+00,0.000000e+00,0.000000e+00,0.000000e+00,0.000000e+00,0.000000e+00,0.000000e+00,0.000000e+00,0.000000e+00
1.000000e+00,0.000000e+00,0.000000e+00,0.000000e+00,0.000000e+00,0.000000e+00,0.000000e+00,0.000000e+00,0.000000e+00,0.000000e+00,0.000000e+00,0.000000e+00,0.000000e+00,0.000000e+00,0.000000e+00
1.000000e+00,0.000000e+00,0.000000e+00,0.000000e+00,0.000000e+00,0.000000e+00,0.000000e+00,0.000000e+00,0.000000e+00,0.000000e+00,0.000000e+00,0.000000e+00,0.000000e+00,0.000000e+00,0.000000e+00
1.000000e+00,0.000000e+00,0.000000e+00,0.000000e+00,0.000000e+00,0.000000e+00,0.000000e+00,0.000000e+00,0.000000e+00,0.000000e+00,0.000000e+00,0.000000e+00,0.000000e+00,0.000000e+00,0.000000e+00
1.000000e+00,0.000000e+00,0.000000e+00,0.000000e+00,0.000000e+00,0.000000e+00,0.000000e+00,0.000000e+00,0.000000e+00,0.000000e+00,0.000000e+00,0.000000e+00,0.000000e+00,0.000000e+00,0.000000e+00
1.000000e+00,0.000000e+00,0.000000e+00,0.000000e+00,0.000000e+00,0.000000e+00,0.000000e+00,0.000000e+00,0.000000e+00,0.000000e+00,0.000000e+00,0.000000e+00,0.000000e+00,0.000000e+00,0.000000e+00
1.000000e+00,0.000000e+00,0.000000e+00,0.000000e+00,0.000000e+00,0.000000e+00,0.000000e+00,0.000000e+00,0.000000e+00,0.000000e+00,0.000000e+00,0.000000e+00,0.000000e+00,0.000000e+00,0.000000e+00
1.000000e+00,0.000000e+00,0.000000e+00,0.000000e+00,0.000000e+00,0.000000e+00,0.000000e+00,0.000000e+00,0.000000e+00,0.000000e+00,0.000000e+00,0.000000e+00,0.000000e+00,0.000000e+00,0.000000e+00
1.000000e+00,0.000000e+00,0.000000e+00,0.000000e+00,0.000000e+00,0.000000e+00,0.000000e+00,0.000000e+00,0.000000e+00,0.000000e+00,0.000000e+00,0.000000e+00,0.000000e+00,0.000000e+00,0.000000e+00
1.000000e+00,0.000000e+00,0.000000e+00,0.000000e+00,0.000000e+00,0.000000e+00,0.000000e+00,0.000000e+00,0.000000e+00,0.000000e+00,0.000000e+00,0.000000e+00,0.000000e+00,0.000000e+00,0.000000e+00
1.000000e+00,0.000000e+00,0.000000e+00,0.000000e+00,0.000000e+00,0.000000e+00,0.000000e+00,0.000000e+00,0.000000e+00,0.000000e+00,0.000000e+00,0.000000e+00,0.000000e+00,0.000000e+00,0.000000e+00
1.000000e+00,0.000000e+00,0.000000e+00,0.000000e+00,0.000000e+00,0.000000e+00,0.000000e+00,0.000000e+00,0.000000e+00,0.000000e+00,0.000000e+00,0.000000e+00,0.000000e+00,0.000000e+00,0.000000e+00
1.000000e+00,0.000000e+00,0.000000e+00,0.000000e+00,0.000000e+00,0.000000e+00,0.000000e+00,0.000000e+00,0.000000e+00,0.000000e+00,0.000000e+00,0.000000e+00,0.000000e+00,0.000000e+00,0.000000e+00
4.914296e-01,3.443144e-02,5.144680e-02,1.678642e-01,1.285818e-02,2.054736e-02,5.619114e-03,3.088773e-02,1.513752e-02,2.106472e-03,2.854436e-02,9.051309e-02,2.333953e-02,3.887489e-03,2.138711e-02
1.000000e+00,0.000000e+00,0.000000e+00,0.000000e+00,0.000000e+00,0.000000e+00,0.000000e+00,0.000000e+00,0.000000e+00,0.000000e+00,0.000000e+00,0.000000e+00,0.000000e+00,0.000000e+00,0.000000e+00
1.000000e+00,0.000000e+00,0.000000e+00,0.000000e+00,0.000000e+00,0.000000e+00,0.000000e+00,0.000000e+00,0.000000e+00,0.000000e+00,0.000000e+00,0.000000e+00,0.000000e+00,0.000000e+00,0.000000e+00
1.000000e+00,0.000000e+00,0.000000e+00,0.000000e+00,0.000000e+00,0.000000e+00,0.000000e+00,0.000000e+00,0.000000e+00,0.000000e+00,0.000000e+00,0.000000e+00,0.000000e+00,0.000000e+00,0.000000e+00
1.000000e+00,0.000000e+00,0.000000e+00,0.000000e+00,0.000000e+00,0.000000e+00,0.000000e+00,0.000000e+00,0.000000e+00,0.000000e+00,0.000000e+00,0.000000e+00,0.000000e+00,0.000000e+00,0.000000e+00
1.000000e+00,0.000000e+00,0.000000e+00,0.000000e+00,0.000000e+00,0.000000e+00,0.000000e+00,0.000000e+00,0.000000e+00,0.000000e+00,0.000000e+00,0.000000e+00,0.000000e+00,0.000000e+00,0.000000e+00
1.000000e+00,0.000000e+00,0.000000e+00,0.000000e+00,0.000000e+00,0.000000e+00,0.000000e+00,0.000000e+00,0.000000e+00,0.000000e+00,0.000000e+00,0.000000e+00,0.000000e+00,0.000000e+00,0.000000e+00
1.000000e+00,0.000000e+00,0.000000e+00,0.000000e+00,0.000000e+00,0.000000e+00,0.000000e+00,0.000000e+00,0.000000e+00,0.000000e+00,0.000000e+00,0.000000e+00,0.000000e+00,0.000000e+00,0.000000e+00
1.000000e+00,0.000000e+00,0.000000e+00,0.000000e+00,0.000000e+00,0.000000e+00,0.000000e+00,0.000000e+00,0.000000e+00,0.000000e+00,0.000000e+00,0.000000e+00,0.000000e+00,0.000000e+00,0.000000e+00
1.000000e+00,0.000000e+00,0.000000e+00,0.000000e+00,0.000000e+00,0.000000e+00,0.000000e+00,0.000000e+00,0.000000e+00,0.000000e+00,0.000000e+00,0.000000e+00,0.000000e+00,0.000000e+00,0.000000e+00
1.000000e+00,0.000000e+00,0.000000e+00,0.000000e+00,0.000000e+00,0.000000e+00,0.000000e+00,0.000000e+00,0.000000e+00,0.000000e+00,0.000000e+00,0.000000e+00,0.000000e+00,0.000000e+00,0.000000e+00
1.000000e+00,0.000000e+00,0.000000e+00,0.000000e+00,0.000000e+00,0.000000e+00,0.000000e+00,0.000000e+00,0.000000e+00,0.000000e+00,0.000000e+00,0.000000e+00,0.000000e+00,0.000000e+00,0.000000e+00
1.000000e+00,0.000000e+00,0.000000e+00,0.000000e+00,0.000000e+00,0.000000e+00,0.000000e+00,0.000000e+00,0.000000e+00,0.000000e+00,0.000000e+00,0.000000e+00,0.000000e+00,0.000000e+00,0.000000e+00
1.000000e+00,0.000000e+00,0.000000e+00,0.000000e+00,0.000000e+00,0.000000e+00,0.000000e+00,0.000000e+00,0.000000e+00,0.000000e+00,0.000000e+00,0.000000e+00,0.000000e+00,0.000000e+00,0.000000e+00
1.000000e+00,0.000000e+00,0.000000e+00,0.000000e+00,0.000000e+00,0.000000e+00,0.000000e+00,0.000000e+00,0.000000e+00,0.000000e+00,0.000000e+00,0.000000e+00,0.000000e+00,0.000000e+00,0.000000e+00
1.000000e+00,0.000000e+00,0.000000e+00,0.000000e+00,0.000000e+00,0.000000e+00,0.000000e+00,0.000000e+00,0.000000e+00,0.000000e+00,0.000000e+00,0.000000e+00,0.000000e+00,0.000000e+00,0.000000e+00
1.000000e+00,0.000000e+00,0.000000e+00,0.000000e+00,0.000000e+00,0.000000e+00,0.000000e+00,0.000000e+00,0.000000e+00,0.000000e+00,0.000000e+00,0.000000e+00,0.000000e+00,0.000000e+00,0.000000e+00
1.000000e+00,0.000000e+00,0.000000e+00,0.000000e+00,0.000000e+00,0.000000e+00,0.000000e+00,0.000000e+00,0.000000e+00,0.000000e+00,0.000000e+00,0.000000e+00,0.000000e+00,0.000000e+00,0.000000e+00
1.000000e+00,0.000000e+00,0.000000e+00,0.000000e+00,0.000000e+00,0.000000e+00,0.000000e+00,0.000000e+00,0.000000e+00,0.000000e+00,0.000000e+00,0.000000e+00,0.000000e+00,0.000000e+00,0.000000e+00
1.000000e+00,0.000000e+00,0.000000e+00,0.000000e+00,0.000000e+00,0.000000e+00,0.000000e+00,0.000000e+00,0.000000e+00,0.000000e+00,0.000000e+00,0.000000e+00,0.000000e+00,0.000000e+00,0.000000e+00
1.000000e+00,0.000000e+00,0.000000e+00,0.000000e+00,0.000000e+00,0.000000e+00,0.000000e+00,0.000000e+00,0.000000e+00,0.000000e+00,0.000000e+00,0.000000e+00,0.000000e+00,0.000000e+00,0.000000e+00
1.000000e+00,0.000000e+00,0.000000e+00,0.000000e+00,0.000000e+00,0.000000e+00,0.000000e+00,0.000000e+00,0.000000e+00,0.000000e+00,0.000000e+00,0.000000e+00,0.000000e+00,0.000000e+00,0.000000e+00
1.000000e+00,0.000000e+00,0.000000e+00,0.000000e+00,0.000000e+00,0.000000e+00,0.000000e+00,0.000000e+00,0.000000e+00,0.000000e+00,0.000000e+00,0.000000e+00,0.000000e+00,0.000000e+00,0.000000e+00
1.000000e+00,0.000000e+00,0.000000e+00,0.000000e+00,0.000000e+00,0.000000e+00,0.000000e+00,0.000000e+00,0.000000e+00,0.000000e+00,0.000000e+00,0.000000e+00,0.000000e+00,0.000000e+00,0.000000e+00
1.000000e+00,0.000000e+00,0.000000e+00,0.000000e+00,0.000000e+00,0.000000e+00,0.000000e+00,0.000000e+00,0.000000e+00,0.000000e+00,0.000000e+00,0.000000e+00,0.000000e+00,0.000000e+00,0.000000e+00
1.000000e+00,0.000000e+00,0.000000e+00,0.000000e+00,0.000000e+00,0.000000e+00,0.000000e+00,0.000000e+00,0.000000e+00,0.000000e+00,0.000000e+00,0.000000e+00,0.000000e+00,0.000000e+00,0.000000e+00
1.000000e+00,0.000000e+00,0.000000e+00,0.000000e+00,0.000000e+00,0.000000e+00,0.000000e+00,0.000000e+00,0.000000e+00,0.000000e+00,0.000000e+00,0.000000e+00,0.000000e+00,0.000000e+00,0.000000e+00
4.726951e-01,1.356736e-02,3.345947e-02,8.501068e-02,7.119203e-03,1.694109e-01,7.808232e-02,4.613208e-02,3.468967e-03,9.676733e-04,7.518802e-03,4.601461e-02,2.669901e-02,9.730468e-04,8.880793e-03
4.105656e-01,1.057810e-02,3.825093e-02,6.277177e-02,6.420399e-03,1.778684e-01,1.362440e-01,6.463212e-02,2.898264e-03,8.126035e-04,6.125379e-03,4.333568e-02,2.992010e-02,8.193157e-04,8.757413e-03
3.504733e-01,8.077865e-03,3.684957e-02,4.555325e-02,5.103713e-03,1.647727e-01,2.319774e-01,7.968409e-02,2.243683e-03,6.725869e-04,4.661288e-03,3.486831e-02,2.674774e-02,7.006823e-04,7.613768e-03
2.676716e-01,5.815025e-03,3.337599e-02,3.280530e-02,3.851293e-03,1.499556e-01,2.596695e-01,1.865209e-01,1.678530e-03,5.007104e-04,3.354390e-03,2.527802e-02,2.316632e-02,5.452999e-04,5.811573e-03
1.973927e-01,4.162185e-03,2.453447e-02,2.311020e-02,2.798209e-03,1.220111e-01,3.960868e-01,1.840555e-01,1.216332e-03,3.656387e-04,2.380248e-03,1.798024e-02,1.911963e-02,3.991422e-04,4.387569e-03
1.449897e-01,2.966179e-03,1.766554e-02,1.628686e-02,2.097864e-03,9.242862e-02,5.074250e-01,1.821328e-01,8.847589e-04,2.680009e-04,1.699490e-03,1.283784e-02,1.474789e-02,2.995899e-04,3.269746e-03
1.125293e-01,2.141705e-03,1.329622e-02,1.157737e-02,1.664129e-03,7.126068e-02,5.688428e-01,1.927171e-01,6.608194e-04,1.991765e-04,1.213356e-03,9.235621e-03,1.194112e-02,2.267511e-04,2.493724e-03
8.552001e-02,1.571757e-03,1.027354e-02,8.321055e-03,1.381656e-03,5.640358e-02,5.845007e-01,2.287428e-01,4.967434e-04,1.518117e-04,8.792161e-04,6.864430e-03,1.281025e-02,1.761960e-04,1.906095e-03
6.306453e-02,1.180495e-03,8.404505e-03,6.090431e-03,1.399784e-03,4.271752e-02,4.882212e-01,3.706419e-01,4.013157e-04,1.469938e-04,6.455343e-04,5.258242e-03,1.022420e-02,1.413350e-04,1.461917e-03
4.704361e-02,8.610597e-04,6.597221e-03,4.630633e-03,1.695579e-03,3.088050e-02,3.766572e-01,5.178462e-01,2.997115e-04,1.230671e-04,5.129320e-04,3.859461e-03,7.793526e-03,1.154100e-04,1.083786e-03
4.245338e-02,6.438256e-04,5.030576e-03,3.424541e-03,1.764963e-03,2.300568e-02,3.184634e-01,5.939277e-01,2.339106e-04,1.106193e-04,3.977717e-04,3.117834e-03,6.459783e-03,9.727220e-05,8.686772e-04
4.397346e-02,5.069612e-04,4.737957e-03,2.671031e-03,1.861400e-03,1.726266e-02,2.932518e-01,6.261585e-01,1.820304e-04,1.095705e-04,3.212398e-04,2.796240e-03,5.292425e-03,1.012122e-04,7.734752e-04
3.509220e-02,3.935562e-04,6.598048e-03,2.765016e-03,2.253755e-03,1.290945e-02,2.355642e-01,6.964697e-01,1.424564e-04,1.686190e-04,2.598322e-04,2.302822e-03,4.341909e-03,1.003749e-04,6.381115e-04
4.398874e-02,3.598696e-04,5.488675e-03,2.254621e-03,3.574253e-03,1.017914e-02,1.797890e-01,7.470760e-01,1.362822e-04,1.980881e-04,2.366561e-04,2.426329e-03,3.609524e-03,1.027365e-04,5.800163e-04
6.603217e-02,3.386346e-04,4.893282e-03,1.842560e-03,4.341428e-03,9.957084e-03,1.704770e-01,7.329729e-01,1.390422e-04,2.503162e-04,2.478689e-04,3.913962e-03,3.701249e-03,1.381582e-04,7.543667e-04
1.017385e-01,4.445270e-04,5.852241e-03,1.944982e-03,4.758133e-03,1.255289e-02,1.537102e-01,7.050530e-01,1.930502e-04,4.585825e-04,4.258901e-04,6.186279e-03,4.601290e-03,3.488425e-04,1.731517e-03
1.666408e-01,4.882708e-04,6.298043e-03,1.986882e-03,5.043883e-03,1.542007e-02,1.322459e-01,6.528162e-01,3.477135e-04,5.970136e-04,5.625878e-04,9.605417e-03,5.067454e-03,4.441772e-04,2.435632e-03
2.555041e-01,5.949175e-04,5.264626e-03,2.042507e-03,6.208535e-03,1.575739e-02,1.047413e-01,5.823320e-01,7.254918e-04,6.637904e-04,8.466785e-04,1.586609e-02,5.597010e-03,6.013582e-04,3.254259e-03
3.457956e-01,7.641220e-04,4.733995e-03,2.427178e-03,7.292534e-03,1.622956e-02,8.582635e-02,4.995154e-01,1.112857e-03,7.756324e-04,1.308479e-03,2.258760e-02,6.674740e-03,7.831173e-04,4.172823e-03
3.609047e-01,1.440290e-03,4.705249e-03,4.247759e-03,8.510225e-03,1.920155e-02,9.622876e-02,4.519327e-01,1.486386e-03,1.365764e-03,2.263146e-03,2.855719e-02,9.296873e-03,1.193185e-03,8.666256e-03
2.904330e-01,3.873657e-03,5.068413e-03,8.699614e-03,7.910779e-03,2.193899e-02,9.233530e-02,4.468066e-01,4.857319e-03,6.805984e-03,4.527076e-03,3.186190e-02,5.054321e-02,2.107391e-03,2.223084e-02
3.026953e-01,4.690225e-03,4.512734e-03,1.021207e-02,7.480149e-03,2.158235e-02,8.418113e-02,3.788153e-01,5.123456e-03,8.693538e-03,7.047881e-03,3.383686e-02,1.000118e-01,2.725355e-03,2.839186e-02
2.222581e-01,4.628791e-03,5.009499e-03,7.854983e-03,6.798136e-03,1.776166e-02,8.258988e-02,3.201712e-01,4.918229e-03,2.473782e-02,7.555517e-03,2.602253e-02,1.286652e-01,3.800425e-03,1.372280e-01
1.660506e-01,1.827319e-02,8.190781e-03,8.970757e-03,1.226347e-02,1.808856e-02,6.608836e-02,2.259719e-01,1.485312e-01,2.419948e-02,6.884977e-03,2.722295e-02,1.342293e-01,4.174634e-03,1.308600e-01
1.195505e-01,1.410516e-02,6.601635e-03,7.990025e-03,1.080848e-02,1.353779e-02,4.842857e-02,1.595150e-01,1.111673e-01,4.112861e-02,5.575941e-03,2.179408e-02,1.434578e-01,4.533433e-03,2.918057e-01
8.503260e-02,1.035362e-02,5.129432e-03,5.710936e-03,1.010960e-02,1.015205e-02,3.474954e-02,1.130248e-01,7.888543e-02,3.259886e-02,4.248889e-03,1.742292e-02,1.386935e-01,4.029890e-03,4.498580e-01
6.176664e-02,7.618384e-03,3.834549e-03,4.036624e-03,8.033051e-03,7.410235e-03,2.469647e-02,7.961859e-02,5.608793e-02,2.418067e-02,3.228518e-03,1.499346e-02,1.449345e-01,3.526860e-03,5.560335e-01
4.463494e-02,5.517161e-03,3.073733e-03,2.946121e-03,6.502434e-03,6.746932e-03,1.748050e-02,5.577643e-02,4.025604e-02,2.361128e-02,2.944898e-03,1.620657e-02,2.976635e-01,6.073487e-03,4.705659e-01
3.201758e-02,4.287490e-03,2.882131e-03,2.383288e-03,8.970145e-03,5.530971e-03,1.230242e-02,3.912988e-02,3.161011e-02,5.331340e-02,3.481259e-03,1.657635e-02,2.938272e-01,5.344882e-03,4.883429e-01
2.342829e-02,3.268563e-03,2.546991e-03,3.740476e-03,1.450508e-02,5.793562e-03,8.927851e-03,2.747747e-02,2.964949e-02,1.087599e-01,3.612086e-03,1.581902e-02,3.639220e-01,5.957122e-03,3.825921e-01
1.725067e-02,3.144891e-03,6.448852e-03,6.632004e-03,1.110566e-02,4.555818e-03,6.544562e-03,4.049069e-02,4.723554e-02,1.664981e-01,1.362522e-02,2.110912e-02,2.915896e-01,4.402756e-03,3.593665e-01
1.231247e-02,3.337352e-03,4.659934e-03,6.548066e-03,1.095699e-02,3.392311e-03,4.800741e-03,2.912014e-02,2.909857e-01,1.199566e-01,1.075673e-02,1.831680e-02,2.095486e-01,3.097693e-03,2.722098e-01
8.760094e-03,2.945713e-03,3.336637e-03,8.116079e-03,1.559672e-02,3.767535e-03,3.383975e-03,2.051547e-02,4.880980e-01,8.416776e-02,7.935664e-03,1.287968e-02,1.468088e-01,2.182623e-03,1.915053e-01
1.053205e-02,4.265619e-03,3.822128e-03,2.814856e-02,3.705211e-02,9.913747e-03,3.532595e-03,2.060441e-02,5.541804e-01,6.132556e-02,6.642497e-03,9.418976e-03,1.040583e-01,1.656733e-03,1.448463e-01
1.746951e-02,1.668197e-02,8.915936e-03,2.817270e-02,5.991940e-02,1.512625e-02,4.885162e-03,1.589544e-02,5.295573e-01,5.118369e-02,6.237923e-03,6.795630e-03,7.354826e-02,1.559216e-03,1.640516e-01
3.740360e-02,5.483590e-02,1.017968e-02,2.565050e-02,7.930029e-02,1.934602e-02,5.370480e-03,1.283454e-02,5.155820e-01,3.793183e-02,5.811202e-03,4.966304e-03,5.213460e-02,1.343333e-03,1.373098e-01
3.579920e-02,8.751467e-02,2.394129e-02,7.553971e-02,8.235126e-02,1.682620e-02,4.784563e-03,1.292432e-02,4.416001e-01,3.200628e-02,5.531797e-03,3.789647e-03,3.703333e-02,1.079355e-03,1.392783e-01
3.362518e-02,7.852942e-02,8.181865e-02,1.626478e-01,7.943250e-02,1.299961e-02,3.975851e-03,1.280333e-02,3.436576e-01,2.759009e-02,4.461843e-03,2.829049e-03,2.639291e-02,9.522826e-04,1.282839e-01
9.179221e-02,8.236633e-02,7.320262e-02,1.484865e-01,1.194219e-01,1.332350e-02,3.767589e-03,1.479919e-02,2.748132e-01,2.049258e-02,3.810701e-03,2.319758e-03,1.960885e-02,2.555775e-03,1.292393e-01
7.294055e-02,1.004078e-01,6.517792e-02,2.441438e-01,1.033911e-01,1.151701e-02,3.076798e-03,1.745556e-02,2.173678e-01,1.681217e-02,3.647196e-03,1.966710e-03,1.425769e-02,2.100057e-03,1.257378e-01
5.655423e-02,8.012908e-02,9.532362e-02,3.805811e-01,8.137976e-02,8.953669e-03,2.266159e-03,1.371532e-02,1.579248e-01,1.214979e-02,3.968065e-03,1.694353e-03,1.037803e-02,1.634690e-03,9.334733e-02
6.700844e-02,8.886100e-02,1.242315e-01,3.830515e-01,6.731788e-02,1.139503e-02,1.858782e-03,1.333377e-02,1.236275e-01,9.990308e-03,4.649868e-03,2.650728e-03,7.961738e-03,4.538558e-03,8.952340e-02
5.521509e-02,1.112497e-01,2.290158e-01,3.120676e-01,4.841330e-02,1.043815e-02,1.389149e-03,1.216133e-02,9.346239e-02,1.462831e-02,6.646730e-03,2.224560e-03,6.299702e-03,6.311337e-03,9.047692e-02
4.031750e-02,9.852533e-02,3.130441e-01,2.251734e-01,3.694153e-02,1.889666e-02,1.325529e-03,1.247102e-02,6.711689e-02,9.193034e-02,8.709670e-03,1.966666e-03,8.038525e-03,4.893587e-03,7.064923e-02
2.872261e-02,9.769469e-02,3.797970e-01,1.592024e-01,3.050318e-02,2.889546e-02,1.160304e-03,1.246879e-02,4.737157e-02,1.432223e-01,6.957896e-03,1.531262e-03,7.048241e-03,3.495214e-03,5.192906e-02
2.454607e-02,8.809340e-02,3.580700e-01,1.180947e-01,3.165814e-02,4.884665e-02,1.172721e-03,1.181262e-02,3.400472e-02,2.207989e-01,7.498384e-03,1.557660e-03,9.757457e-03,2.945563e-03,4.114296e-02
2.226881e-02,1.009531e-01,2.771868e-01,8.547766e-02,3.748729e-02,6.125483e-02,1.074080e-03,1.019992e-02,2.438503e-02,3.245651e-01,6.685391e-03,1.441254e-03,8.891305e-03,2.471160e-03,3.565830e-02
1.830249e-02,8.197570e-02,1.990862e-01,6.005192e-02,2.930632e-02,5.111614e-02,8.008278e-04,7.314288e-03,1.740467e-02,4.920749e-01,5.288600e-03,1.128352e-03,7.243087e-03,2.051117e-03,2.685539e-02
1.905312e-02,6.061333e-02,1.420118e-01,4.240917e-02,2.327756e-02,4.145204e-02,6.020273e-04,5.579072e-03,1.296347e-02,6.115202e-01,5.183103e-03,1.141392e-03,7.641896e-03,2.685396e-03,2.386642e-02
1.360556e-02,4.254894e-02,9.948372e-02,2.973980e-02,1.648994e-02,2.964039e-02,4.306335e-04,3.929660e-03,9.347716e-03,7.145756e-01,3.882712e-03,8.639415e-04,6.025933e-03,2.234856e-03,2.720060e-02
9.745977e-03,3.163189e-02,7.181843e-02,2.167975e-02,1.165668e-02,2.136405e-02,3.491719e-04,2.807288e-03,2.637442e-02,7.065027e-01,5.581316e-03,1.318823e-03,6.235442e-03,2.816238e-03,8.011789e-02
6.914345e-03,2.232878e-02,5.049713e-02,1.532738e-02,8.210683e-03,1.528022e-02,2.636808e-04,2.020735e-03,2.338844e-02,7.085630e-01,1.064837e-02,1.565101e-03,1.371889e-02,4.498619e-03,1.167747e-01
4.896715e-03,1.577187e-02,3.547333e-02,1.085551e-02,5.996029e-03,1.112425e-02,2.018946e-04,1.444138e-03,2.271764e-02,6.984774e-01,1.115936e-02,3.314583e-03,4.861640e-02,3.926998e-03,1.260239e-01
3.471407e-03,1.112469e-02,2.512903e-02,7.708404e-03,4.406419e-03,8.352753e-03,2.059877e-04,1.028968e-03,1.764794e-02,5.995756e-01,9.792771e-03,2.023602e-02,1.840342e-01,4.034088e-03,1.032517e-01
2.457693e-03,7.874723e-03,1.790472e-02,5.457964e-03,3.382883e-03,5.920640e-03,2.218330e-04,7.290638e-04,1.587467e-02,4.608222e-01,8.670106e-03,6.333899e-02,3.135045e-01,4.414791e-03,8.942518e-02
1.790040e-03,5.578047e-03,1.260937e-02,3.835101e-03,2.686996e-03,4.380263e-03,2.564989e-04,5.157507e-04,1.150750e-02,3.231096e-01,6.640958e-03,6.623407e-02,4.891858e-01,4.471638e-03,6.719830e-02
1.288086e-03,3.986781e-03,9.090543e-03,2.698820e-03,2.346328e-03,3.241787e-03,2.503670e-04,3.649153e-04,9.201009e-03,2.283722e-01,5.590422e-03,1.197176e-01,5.501046e-01,6.343482e-03,5.740299e-02
9.368435e-04,2.899658e-03,6.715473e-03,1.909311e-03,3.658770e-03,2.445330e-03,2.804656e-04,2.640848e-04,6.918711e-03,1.622659e-01,6.096904e-03,2.137212e-01,5.389062e-01,8.461395e-03,4.451975e-02
6.838759e-04,2.070637e-03,4.897154e-03,1.355938e-03,4.277782e-03,1.915811e-03,3.073379e-04,1.968942e-04,4.941733e-03,1.143248e-01,4.630799e-03,2.797377e-01,5.421245e-01,6.557906e-03,3.197704e-02
5.470712e-04,1.517556e-03,3.800314e-03,1.012675e-03,2.903944e-02,1.949649e-03,4.660077e-04,2.630847e-04,4.189795e-03,8.071166e-02,4.022913e-03,3.099256e-01,5.345184e-01,4.834465e-03,2.320139e-02
7.336641e-04,1.091896e-03,3.440256e-03,9.665909e-04,3.295153e-02,3.407493e-02,1.727684e-02,2.613869e-03,3.171012e-03,5.765304e-02,4.300570e-03,2.521951e-01,5.673046e-01,4.419446e-03,1.780659e-02
8.249264e-04,7.814791e-04,2.446745e-03,7.579749e-04,2.951998e-02,2.433232e-02,1.217194e-02,2.003606e-03,2.405326e-03,4.116276e-02,4.081253e-03,1.961115e-01,6.656293e-01,4.998700e-03,1.277225e-02
5.527270e-03,7.782990e-04,2.079878e-03,1.049946e-03,3.322587e-02,2.007397e-02,8.899619e-03,3.177329e-03,3.123462e-03,2.959696e-02,4.459106e-03,1.596126e-01,7.152129e-01,4.059260e-03,9.123466e-03
1.699094e-02,1.039239e-03,2.192682e-03,1.113048e-03,3.820031e-02,1.527318e-02,7.680610e-03,4.133732e-03,5.177985e-03,2.115539e-02,4.682717e-03,1.686928e-01,7.039457e-01,3.221527e-03,6.500060e-03
2.314602e-02,1.313738e-03,2.180526e-03,1.052706e-03,3.075791e-02,1.312048e-02,6.715149e-03,4.498099e-03,5.774790e-03,1.509825e-02,3.850298e-03,1.947513e-01,6.905707e-01,2.538617e-03,4.631310e-03
3.239248e-02,2.883711e-03,9.109032e-03,1.767451e-03,2.492400e-02,2.451284e-02,1.548221e-02,1.534026e-02,8.606890e-03,1.091765e-02,4.611968e-03,2.307492e-01,6.129646e-01,2.054314e-03,3.683260e-03
4.373101e-02,6.430738e-03,1.004301e-02,1.859351e-03,2.677940e-02,3.584920e-02,1.336840e-02,1.833311e-02,1.269830e-02,8.544394e-03,4.208102e-03,2.905614e-01,5.213539e-01,2.737976e-03,3.501622e-03
3.737683e-02,1.450712e-02,1.049340e-02,1.686466e-03,3.694586e-02,7.043001e-02,1.784831e-02,3.274012e-02,4.996367e-02,6.239390e-03,3.858507e-03,2.503586e-01,4.621410e-01,2.442000e-03,2.968636e-03
4.031640e-02,1.712854e-02,1.496057e-02,3.400601e-03,5.716816e-02,1.292866e-01,3.392913e-02,3.460224e-02,5.732743e-02,4.886071e-03,3.087024e-03,2.138899e-01,3.846494e-01,2.354077e-03,3.013834e-03
5.345736e-02,1.656866e-02,2.043980e-02,9.141397e-03,8.937144e-02,1.557360e-01,3.896374e-02,3.051466e-02,6.626797e-02,4.206840e-03,2.997611e-03,1.911726e-01,3.150763e-01,2.373435e-03,3.712235e-03
6.931064e-02,2.075795e-02,1.745108e-02,1.435649e-02,9.470853e-02,2.034404e-01,3.618888e-02,2.358313e-02,1.031335e-01,3.641560e-03,3.029039e-03,1.492661e-01,2.505149e-01,2.450936e-03,8.166853e-03
7.399140e-02,2.405748e-02,1.824246e-02,2.808281e-02,1.194353e-01,2.246364e-01,3.813844e-02,2.239524e-02,1.224370e-01,3.222204e-03,2.566501e-03,1.203245e-01,1.900089e-01,2.206074e-03,1.025528e-02
7.796440e-02,2.308960e-02,2.698484e-02,4.127955e-02,1.192844e-01,2.038553e-01,5.753159e-02,7.950496e-02,1.259026e-01,3.084927e-03,1.969781e-03,8.647840e-02,1.407211e-01,1.725820e-03,1.062281e-02
5.998746e-02,1.634293e-02,1.968366e-02,3.016784e-02,9.802375e-02,1.449479e-01,5.195889e-02,3.118029e-01,9.368040e-02,2.167075e-03,1.453153e-03,6.060712e-02,1.004946e-01,1.216236e-03,7.466143e-03
4.582729e-02,1.149858e-02,1.425639e-02,2.177666e-02,8.542813e-02,1.024892e-01,4.210241e-02,4.861488e-01,6.691413e-02,1.523327e-03,1.089695e-03,4.244497e-02,7.236093e-02,8.612912e-04,5.278317e-03
3.348015e-02,8.067079e-03,1.012880e-02,1.552455e-02,6.205738e-02,7.217271e-02,2.982128e-02,6.350203e-01,4.693314e-02,1.071351e-03,7.928097e-04,2.971742e-02,5.090844e-02,6.047536e-04,3.699924e-03
2.616223e-02,5.695791e-03,7.329561e-03,1.108995e-02,4.580563e-02,5.248459e-02,2.323233e-02,7.338410e-01,3.288796e-02,7.626401e-04,5.778103e-04,2.082086e-02,3.625740e-02,4.300424e-04,2.622310e-03
2.178162e-02,4.058217e-03,5.378293e-03,8.015333e-03,3.507781e-02,3.946711e-02,1.804984e-02,8.015531e-01,2.305937e-02,5.391765e-04,4.507758e-04,1.460602e-02,2.579576e-02,3.061167e-04,1.861583e-03
1.776150e-02,2.863543e-03,3.861507e-03,5.733538e-03,2.692412e-02,2.955891e-02,2.316128e-02,8.425862e-01,1.620254e-02,3.796502e-04,3.596743e-04,1.025073e-02,1.882309e-02,2.169002e-04,1.316975e-03
1.353459e-02,2.016957e-03,2.763425e-03,4.078224e-03,1.991122e-02,2.210747e-02,2.294634e-02,8.785355e-01,1.136558e-02,2.680185e-04,2.836158e-04,7.195252e-03,1.390917e-02,1.545818e-04,9.300990e-04
1.190949e-02,1.424779e-03,2.155036e-03,3.005473e-03,1.569532e-02,1.705328e-02,3.543576e-02,8.886527e-01,8.013628e-03,1.969207e-04,2.825061e-04,5.099562e-03,1.029574e-02,1.129098e-04,6.669592e-04
1.093026e-02,1.007161e-03,1.776965e-03,2.310619e-03,1.259591e-02,1.302789e-02,5.970558e-02,8.805196e-01,5.675625e-03,1.480842e-04,2.917317e-04,3.656918e-03,7.779136e-03,8.465006e-05,4.898174e-04
1.240880e-02,7.178804e-04,1.564853e-03,1.880287e-03,1.038076e-02,1.163735e-02,1.013172e-01,8.454420e-01,4.047249e-03,1.489383e-04,3.395341e-04,2.645006e-03,7.003799e-03,6.750117e-05,3.988076e-04
1.125655e-02,5.140565e-04,1.471152e-03,1.426744e-03,8.146195e-03,1.331471e-02,2.206235e-01,7.267311e-01,2.879050e-03,1.788108e-04,3.671146e-04,1.922063e-03,1.076053e-02,5.607123e-05,3.523775e-04
1.037190e-02,3.803739e-04,1.443163e-03,1.104255e-03,6.306544e-03,1.373454e-02,3.273994e-01,6.219041e-01,2.066850e-03,2.021340e-04,4.283444e-04,1.441749e-03,1.282168e-02,5.051854e-05,3.444206e-04
1.057536e-02,2.753536e-04,1.473986e-03,8.418118e-04,4.962536e-03,1.167372e-02,4.512966e-01,5.028144e-01,1.520448e-03,1.773921e-04,3.281297e-04,1.064046e-03,1.267293e-02,4.410350e-05,2.792670e-04
1.085253e-02,2.091585e-04,1.218062e-03,6.294607e-04,4.153426e-03,1.097080e-02,5.587052e-01,3.962464e-01,1.137718e-03,1.669772e-04,2.807333e-04,8.131025e-04,1.429939e-02,4.092872e-05,2.760723e-04
1.760336e-02,2.415216e-04,1.139169e-03,5.964044e-04,4.280497e-03,1.034444e-02,6.186057e-01,3.308616e-01,9.722838e-04,2.075162e-04,4.422140e-04,7.467367e-04,1.343068e-02,4.749845e-05,4.803031e-04
1.671983e-02,1.100186e-03,1.489925e-03,7.454132e-04,4.988961e-03,5.029546e-02,4.838809e-01,2.412949e-01,3.120104e-03,1.586741e-03,7.749175e-03,2.272598e-03,1.776613e-01,2.091973e-04,6.885284e-03
1.290423e-02,2.753571e-03,1.297332e-03,6.533620e-04,5.455552e-03,5.146949e-02,3.669610e-01,1.722507e-01,8.148273e-03,2.505202e-03,8.668737e-03,2.708113e-03,3.492460e-01,2.517748e-04,1.472663e-02
1.146200e-02,4.510987e-03,1.099645e-03,6.598718e-04,5.888499e-03,4.844176e-02,2.817603e-01,1.239691e-01,7.605255e-02,3.479054e-03,1.302115e-02,4.642981e-03,3.565557e-01,4.371162e-04,6.801928e-02
9.279327e-03,5.316463e-03,9.314433e-04,5.620749e-04,5.280806e-03,3.595075e-02,2.187513e-01,8.949878e-02,9.131593e-02,3.216403e-03,1.277557e-02,4.022508e-03,4.641699e-01,3.889401e-04,5.853975e-02
7.869868e-03,1.040124e-02,8.155822e-04,7.113520e-04,6.150791e-03,2.617578e-02,1.568186e-01,6.308779e-02,2.432915e-01,4.533684e-03,9.787858e-03,3.487612e-03,4.197922e-01,3.934335e-04,4.668265e-02
9.791889e-03,9.575441e-03,1.169881e-03,7.325339e-04,7.404892e-03,2.045221e-02,1.128211e-01,4.608443e-02,1.903577e-01,4.442152e-03,7.932134e-03,3.566612e-03,5.338509e-01,6.118664e-04,5.120625e-02
8.778247e-03,9.979602e-03,1.267493e-03,6.238222e-04,8.188331e-03,1.496299e-02,8.060849e-02,3.350903e-02,1.605705e-01,3.520044e-03,6.931194e-03,3.258185e-03,6.060675e-01,5.938895e-04,6.114069e-02
8.276266e-03,2.788394e-02,1.754769e-03,1.500019e-03,8.737059e-03,1.109130e-02,5.659591e-02,2.470781e-02,1.562450e-01,5.254054e-03,5.816780e-03,3.114407e-03,5.586978e-01,2.114112e-03,1.282108e-01
1.237705e-02,3.782633e-02,1.728985e-03,1.466935e-03,7.644108e-03,8.663519e-03,4.030073e-02,2.059660e-02,1.581099e-01,4.686701e-03,4.583389e-03,2.773669e-03,5.468146e-01,2.065518e-03,1.503619e-01
1.598308e-02,6.382245e-02,1.900200e-03,1.671279e-03,7.142165e-03,7.655935e-03,2.859008e-02,1.731502e-02,1.870882e-01,6.317719e-03,4.622201e-03,3.045487e-03,5.143808e-01,1.771107e-03,1.386943e-01
1.723655e-02,9.968673e-02,2.620132e-03,2.062897e-03,9.028722e-03,6.688717e-03,2.066473e-02,1.726536e-02,1.971713e-01,6.279696e-03,4.714761e-03,3.515118e-03,4.950086e-01,1.475079e-03,1.165816e-01
2.163788e-02,1.332307e-01,2.625423e-03,2.357771e-03,7.433748e-03,6.757453e-03,1.467436e-02,1.599775e-02,2.542376e-01,8.420967e-03,5.494028e-03,4.708691e-03,4.232592e-01,1.164409e-03,9.799998e-02
7.740531e-02,2.024125e-01,2.240875e-03,2.833770e-03,5.766521e-03,8.038145e-03,1.051846e-02,1.259327e-02,2.410133e-01,6.621797e-03,4.668174e-03,5.153753e-03,3.364332e-01,1.597208e-03,8.270368e-02
7.697634e-02,3.190866e-01,2.063421e-03,2.778413e-03,4.255554e-03,7.211030e-03,7.452906e-03,9.082652e-03,2.094197e-01,5.394248e-03,3.932244e-03,4.654353e-03,2.800084e-01,1.383402e-03,6.630088e-02
5.774244e-02,4.621964e-01,1.929924e-03,3.218577e-03,3.000488e-03,5.761534e-03,5.220979e-03,6.385612e-03,1.815665e-01,4.879558e-03,3.374049e-03,4.337342e-03,1.979007e-01,1.278369e-03,6.120761e-02
6.005676e-02,4.545423e-01,1.707229e-03,3.085384e-03,2.222325e-03,4.707685e-03,3.667503e-03,4.608024e-03,1.380267e-01,3.461765e-03,3.655498e-03,4.944860e-03,2.617385e-01,2.443760e-03,5.113166e-02
5.253343e-02,4.388528e-01,2.894902e-03,9.445443e-03,1.758470e-03,3.950348e-03,2.605075e-03,3.458414e-03,1.826278e-01,3.191355e-03,4.239385e-03,6.499028e-03,2.026552e-01,6.735702e-03,7.855275e-02
4.622008e-02,3.475410e-01,2.946794e-03,9.402426e-03,1.628326e-03,3.584454e-03,1.908833e-03,2.630058e-03,1.602885e-01,2.918191e-03,6.106077e-03,1.110897e-02,2.286505e-01,3.389090e-02,1.411749e-01
3.795437e-02,2.943962e-01,5.563061e-03,1.811930e-02,2.057090e-03,3.545512e-03,1.456410e-03,1.991598e-03,1.978805e-01,3.667649e-03,6.641539e-03,1.323804e-02,2.139863e-01,5.804493e-02,1.414575e-01
3.177689e-02,2.111085e-01,4.622723e-03,1.939636e-02,9.716391e-03,4.122143e-03,1.679359e-03,1.639327e-03,2.460113e-01,3.155810e-03,1.233573e-02,1.799303e-02,2.335789e-01,5.297601e-02,1.498876e-01
3.137455e-02,1.579590e-01,1.138127e-02,2.951575e-02,1.697622e-02,4.366285e-03,1.547949e-03,1.331798e-03,3.458059e-01,5.178704e-03,1.060318e-02,1.530583e-02,2.049565e-01,4.239862e-02,1.212984e-01
2.508788e-02,1.193956e-01,8.763509e-03,2.776263e-02,1.429215e-02,6.808860e-03,1.159012e-03,9.962472e-04,4.114047e-01,4.175043e-03,1.902372e-02,2.719254e-02,2.028360e-01,3.809533e-02,9.300672e-02
1.854433e-02,8.453160e-02,6.705008e-03,2.023152e-02,1.461806e-02,5.932550e-03,9.234025e-04,7.751495e-04,3.206345e-01,4.434238e-03,4.028831e-02,4.040148e-02,3.354326e-01,2.711529e-02,7.943197e-02
1.856340e-02,6.060673e-02,5.864137e-03,1.723843e-02,2.937072e-02,7.025471e-03,1.399674e-03,9.526707e-04,2.694974e-01,3.831728e-03,3.778214e-02,4.334170e-02,4.057868e-01,1.952346e-02,7.921559e-02
1.347541e-02,4.364377e-02,1.285123e-02,1.224855e-02,2.928114e-02,5.317719e-03,1.473244e-03,7.974178e-04,1.906072e-01,4.066637e-03,4.138316e-02,3.598521e-02,4.807076e-01,1.392583e-02,1.142359e-01
1.191450e-02,3.180319e-02,1.012303e-02,9.555518e-03,2.369012e-02,1.119447e-02,1.428476e-03,8.352264e-04,1.364126e-01,1.443746e-02,4.762822e-02,3.775724e-02,5.673690e-01,1.190132e-02,8.394967e-02
8.614185e-03,2.245276e-02,8.859918e-03,6.865383e-03,1.765381e-02,1.211221e-02,1.085757e-03,9.363033e-04,9.695893e-02,1.691418e-02,7.149091e-02,4.314052e-02,6.177228e-01,9.112833e-03,6.607950e-02
7.533868e-03,1.681480e-02,6.840900e-02,5.866037e-03,1.399797e-02,9.315751e-03,1.182858e-03,9.861520e-03,7.439499e-02,2.863557e-02,1.177051e-01,4.177479e-02,5.469837e-01,6.920386e-03,5.060370e-02
8.541429e-03,1.260602e-02,7.068057e-02,8.273576e-03,1.396963e-02,9.025699e-03,1.077880e-03,1.250656e-02,6.790932e-02,5.293225e-02,1.274804e-01,5.178960e-02,5.114259e-01,5.614165e-03,4.616694e-02
1.102621e-02,1.083458e-02,1.448043e-01,8.464148e-03,1.303058e-02,9.419343e-03,9.949090e-04,1.345116e-02,7.312711e-02,7.314925e-02,1.112397e-01,4.445770e-02,3.851082e-01,6.887963e-03,9.400485e-02
3.286641e-02,1.060170e-02,1.109536e-01,8.021159e-03,1.839265e-02,7.605260e-03,8.617993e-04,1.150379e-02,6.810354e-02,6.517780e-02,1.044825e-01,3.729029e-02,3.086878e-01,3.422241e-02,1.812292e-01
5.281262e-02,9.026514e-03,8.001988e-02,6.813237e-03,3.024654e-02,5.786082e-03,6.695251e-04,9.437013e-03,5.578234e-02,5.617958e-02,9.826174e-02,2.810970e-02,2.278515e-01,4.480253e-02,2.942013e-01
4.342741e-02,8.152043e-03,5.693253e-02,6.561397e-03,2.890304e-02,4.979308e-03,5.689056e-04,8.684365e-03,1.065170e-01,5.138592e-02,1.176641e-01,2.438383e-02,1.824228e-01,6.558952e-02,2.938278e-01
3.207445e-02,6.655601e-03,4.029511e-02,4.957163e-03,2.299764e-02,3.830658e-03,4.298487e-04,6.537142e-03,1.375351e-01,4.092424e-02,9.809251e-02,1.840696e-02,1.356467e-01,5.761012e-02,3.940067e-01
2.321596e-02,5.964812e-03,3.088739e-02,3.770919e-03,1.689536e-02,3.167119e-03,3.307337e-04,4.838035e-03,3.143598e-01,3.071740e-02,8.180580e-02,1.356448e-02,9.771932e-02,4.827484e-02,3.244880e-01
1.852748e-02,5.033819e-03,4.425440e-02,3.325618e-03,1.233283e-02,1.770105e-02,3.750991e-04,3.835386e-03,3.023735e-01,2.374963e-02,6.839707e-02,9.838724e-03,7.065585e-02,5.643994e-02,3.631596e-01
1.525976e-02,4.934573e-03,4.963269e-02,3.549178e-03,9.229608e-03,1.440932e-02,3.286022e-04,3.123655e-03,3.132683e-01,1.816599e-02,5.014537e-02,7.030884e-03,5.047457e-02,4.868253e-02,4.117649e-01
2.017486e-02,4.029107e-03,3.508469e-02,2.597899e-03,7.148881e-03,1.050614e-02,2.628799e-04,2.294613e-03,2.352056e-01,1.370485e-02,3.599621e-02,4.985992e-03,3.557453e-02,4.198699e-02,5.504467e-01
1.848148e-02,3.458214e-03,2.517828e-02,2.095110e-03,5.347728e-03,7.508422e-03,2.013655e-04,1.835551e-03,1.889283e-01,1.013863e-02,2.546996e-02,3.513016e-03,2.503030e-02,3.517114e-02,6.476425e-01
2.425969e-02,3.299635e-03,2.279940e-02,1.717214e-03,4.246922e-03,6.041517e-03,1.882529e-04,1.632162e-03,1.674703e-01,1.116392e-02,1.828154e-02,2.584544e-03,1.798635e-02,3.681420e-02,6.815143e-01
3.080264e-02,2.619660e-03,1.686484e-02,1.252207e-03,3.315428e-03,4.390721e-03,1.636222e-04,1.471176e-03,1.271246e-01,9.674887e-03,1.304452e-02,1.994996e-03,1.284492e-02,4.743568e-02,7.270001e-01
3.008964e-02,2.157084e-03,1.292106e-02,1.163602e-03,3.201587e-03,3.299873e-03,1.442529e-04,1.833220e-03,1.093103e-01,7.132315e-03,9.722708e-03,1.580580e-03,9.479937e-03,4.480098e-02,7.631628e-01
3.153969e-02,2.148732e-03,9.739745e-03,9.392609e-04,2.558162e-03,2.723953e-03,1.152432e-04,1.540044e-03,1.119432e-01,1.123630e-02,8.015215e-03,1.295130e-03,8.779205e-03,3.938426e-02,7.680419e-01
3.491731e-02,2.477661e-03,7.859609e-03,9.151866e-04,2.239614e-03,2.728703e-03,1.278062e-04,2.398430e-03,1.111115e-01,1.308779e-02,1.002275e-02,1.793747e-03,1.354264e-02,3.932794e-02,7.574493e-01
3.979125e-02,2.418043e-03,6.252663e-03,2.230558e-03,3.007713e-03,5.053453e-03,1.227909e-04,1.317931e-02,1.385338e-01,1.163666e-02,3.568363e-02,5.608404e-03,4.190672e-02,4.093818e-02,6.536369e-01
4.093006e-02,3.208064e-03,6.455699e-03,5.664924e-03,4.551278e-03,1.499120e-02,1.225813e-04,1.374848e-02,1.566366e-01,1.044366e-02,5.587216e-02,1.434354e-02,1.030513e-01,3.045864e-02,5.395218e-01
3.497997e-02,3.384838e-03,5.248114e-03,6.360921e-03,1.269087e-02,1.530644e-02,1.649429e-04,1.043198e-02,1.590266e-01,1.596894e-02,6.436206e-02,2.503695e-02,1.612179e-01,2.270578e-02,4.631137e-01
2.594628e-02,3.475861e-03,4.089693e-03,7.166927e-03,1.113108e-02,2.661888e-02,7.766584e-04,7.755525e-03,1.635296e-01,3.513995e-02,5.924992e-02,3.954984e-02,2.510924e-01,2.075897e-02,3.437184e-01
2.139014e-02,2.675071e-03,3.164171e-03,5.742985e-03,8.369306e-03,3.159148e-02,9.489373e-04,5.533658e-03,1.292165e-01,4.646450e-02,4.538481e-02,6.609390e-02,3.629586e-01,1.992127e-02,2.505447e-01
1.642235e-02,1.923375e-03,2.259844e-03,4.245661e-03,6.277233e-03,2.447163e-02,8.645221e-04,3.943584e-03,9.300305e-02,4.003194e-02,3.531215e-02,8.115231e-02,4.741382e-01,3.753440e-02,1.784198e-01
1.166855e-02,1.362821e-03,1.605461e-03,3.254188e-03,5.279542e-03,2.157852e-02,7.275353e-04,3.245895e-03,6.588470e-02,2.986077e-02,3.224058e-02,7.469738e-02,5.492676e-01,7.158706e-02,1.277393e-01
8.272988e-03,9.793710e-04,1.158370e-03,2.617644e-03,4.378548e-03,4.233473e-02,5.927271e-04,2.613282e-03,4.633405e-02,2.179194e-02,4.906312e-02,6.269491e-02,6.085098e-01,5.832320e-02,9.033535e-02
5.914849e-03,7.024197e-04,8.497146e-04,1.997382e-03,1.200619e-02,3.084679e-02,6.545974e-04,2.150691e-03,3.719523e-02,1.883007e-02,8.244832e-02,7.982433e-02,6.163114e-01,4.560900e-02,6.465909e-02
4.260917e-03,5.120009e-04,6.280449e-04,1.555773e-03,1.202444e-02,2.310310e-02,7.449046e-04,2.166124e-03,2.767792e-02,1.756245e-02,1.051499e-01,9.592990e-02,6.246554e-01,3.724489e-02,4.678426e-02
3.075124e-03,4.338207e-04,7.144583e-04,1.257222e-03,1.440921e-02,1.799761e-02,9.178126e-04,1.923742e-03,2.052408e-02,1.452797e-02,1.054359e-01,1.811413e-01,5.781308e-01,2.634807e-02,3.316281e-02
2.190688e-03,3.293055e-04,6.543655e-04,9.043225e-04,1.135832e-02,1.317754e-02,1.043770e-03,1.458933e-03,1.480937e-02,1.087528e-02,7.886769e-02,3.716496e-01,4.506494e-01,1.852730e-02,2.350408e-02
1.667328e-03,2.766483e-04,9.069075e-04,6.691145e-04,1.475942e-02,9.861768e-03,3.859334e-03,2.049387e-03,1.186162e-02,8.680426e-03,5.953227e-02,4.491479e-01,4.063521e-01,1.324583e-02,1.712998e-02
3.349113e-03,3.101571e-03,7.431765e-03,3.249523e-03,2.278423e-02,1.286649e-02,4.845824e-03,9.612096e-03,1.251231e-02,8.286065e-03,4.750997e-02,4.267716e-01,4.151289e-01,9.941956e-03,1.260852e-02
2.922658e-03,2.459729e-03,6.025963e-03,2.855879e-03,2.526413e-02,1.275851e-02,4.614902e-03,8.753827e-03,1.298811e-02,7.201336e-03,3.774705e-02,4.170600e-01,4.429478e-01,7.291357e-03,9.108730e-03
4.584444e-03,1.982299e-03,4.925365e-03,2.302465e-03,2.122160e-02,1.134507e-02,7.143147e-03,8.805668e-03,1.300044e-02,5.666200e-03,2.966287e-02,4.701465e-01,4.067363e-01,5.704561e-03,6.773054e-03
1.330480e-02,1.997585e-03,8.367795e-03,2.615466e-03,2.106919e-02,1.131561e-02,1.100208e-02,2.115241e-02,1.356034e-02,4.585642e-03,2.369638e-02,5.215014e-01,3.355652e-01,5.278652e-03,4.987452e-03
1.675735e-02,2.898337e-03,8.513058e-03,2.752444e-03,2.065672e-02,1.116240e-02,9.480659e-03,2.110929e-02,1.666525e-02,3.803081e-03,1.810118e-02,5.823493e-01,2.767165e-01,5.360017e-03,3.674530e-03
2.621978e-02,9.784309e-03,1.058990e-02,2.666659e-03,2.182275e-02,1.160111e-02,8.764718e-03,1.684306e-02,2.132727e-02,2.873529e-03,1.357841e-02,5.317459e-01,3.148042e-01,4.479084e-03,2.899390e-03
3.068624e-02,8.057893e-03,1.277774e-02,2.401124e-03,2.078221e-02,1.267607e-02,1.770820e-02,4.213193e-02,2.173879e-02,2.293608e-03,1.035254e-02,5.019698e-01,3.097320e-01,3.612385e-03,3.079451e-03
4.194780e-02,7.270578e-03,1.139683e-02,2.142614e-03,1.875983e-02,1.839972e-02,2.123870e-02,3.297012e-02,2.029600e-02,1.788381e-03,8.053425e-03,4.594959e-01,3.506061e-01,3.187741e-03,2.446252e-03
4.656114e-02,9.051188e-03,2.793168e-02,2.384228e-03,2.456077e-02,4.338308e-02,5.397509e-02,2.635283e-02,2.058389e-02,1.852017e-03,6.352521e-03,3.634636e-01,3.685909e-01,2.380772e-03,2.576321e-03
4.419140e-02,9.574469e-03,2.716155e-02,2.212754e-03,2.770904e-02,4.441030e-02,5.716272e-02,2.126594e-02,2.031648e-02,1.929816e-03,5.088311e-03,2.858401e-01,4.487094e-01,1.736890e-03,2.690846e-03
4.213320e-02,4.171279e-02,2.246361e-02,4.023679e-03,2.467366e-02,1.076962e-01,4.768170e-02,1.598805e-02,4.452597e-02,6.654520e-03,1.036310e-02,2.420901e-01,3.808233e-01,1.423821e-03,7.746358e-03
3.694691e-02,7.370126e-02,2.760931e-02,1.188759e-02,2.025485e-02,1.059756e-01,3.762885e-02,1.183864e-02,8.414136e-02,8.393211e-03,1.254968e-02,2.037531e-01,3.539227e-01,1.195669e-03,1.020123e-02
3.200364e-02,6.342369e-02,2.100486e-02,9.591896e-03,1.760116e-02,1.100160e-01,2.757267e-02,9.719783e-03,1.105566e-01,6.574549e-03,1.406228e-02,1.611451e-01,4.051698e-01,2.190185e-03,9.367678e-03
3.129752e-02,6.673636e-02,2.815853e-02,2.035392e-02,2.466580e-02,1.307624e-01,2.157420e-02,1.085810e-02,1.876296e-01,5.228104e-03,1.165353e-02,1.169688e-01,3.335131e-01,1.784520e-03,8.815482e-03
3.332942e-02,7.149562e-02,2.699555e-02,2.519936e-02,2.538045e-02,2.114486e-01,1.750961e-02,1.349159e-02,1.933158e-01,4.787178e-03,8.827982e-03,8.804905e-02,2.672148e-01,1.435948e-03,1.151912e-02
5.094948e-02,6.928558e-02,2.383751e-02,3.279632e-02,3.580486e-02,2.622592e-01,1.499702e-02,2.090716e-02,1.930198e-01,4.785642e-03,6.628017e-03,6.538388e-02,2.031631e-01,1.363067e-03,1.481933e-02
9.968409e-02,5.761074e-02,2.206518e-02,3.385193e-02,3.969574e-02,3.262435e-01,1.235864e-02,2.884984e-02,1.595194e-01,4.274238e-03,4.913250e-03,4.716778e-02,1.481011e-01,1.232342e-03,1.443223e-02
1.795830e-01,4.557031e-02,2.126081e-02,2.912208e-02,4.431392e-02,3.343498e-01,9.306167e-03,2.622744e-02,1.446274e-01,3.336955e-03,4.285933e-03,3.412713e-02,1.057785e-01,1.756640e-03,1.635396e-02
2.485439e-01,5.190094e-02,4.667183e-02,6.859152e-02,4.058031e-02,2.445979e-01,7.437251e-03,2.746378e-02,1.202664e-01,3.661529e-03,6.674248e-03,3.487068e-02,7.740179e-02,1.786514e-03,1.955148e-02
3.312320e-01,4.754220e-02,3.910189e-02,5.847067e-02,3.526103e-02,1.996841e-01,6.098286e-03,4.343453e-02,1.247352e-01,3.041461e-03,5.897341e-03,2.803653e-02,5.725501e-02,2.222346e-03,1.798746e-02
4.102345e-01,4.859817e-02,2.937671e-02,4.633724e-02,3.176017e-02,1.691944e-01,4.988638e-03,3.421631e-02,1.321449e-01,2.316153e-03,5.633715e-03,2.243781e-02,4.594310e-02,2.232197e-03,1.458604e-02
4.545220e-01,4.342523e-02,2.216639e-02,3.692610e-02,2.738685e-02,1.736554e-01,4.260746e-03,2.602957e-02,1.315399e-01,1.694535e-03,4.933119e-03,1.824465e-02,4.124410e-02,2.084864e-03,1.188666e-02
4.822618e-01,4.482036e-02,2.320438e-02,5.516921e-02,2.617829e-02,1.277274e-01,4.317040e-03,2.224203e-02,1.158442e-01,1.871178e-03,6.653108e-03,2.673066e-02,3.594545e-02,3.035315e-03,2.399956e-02
1.000000e+00,0.000000e+00,0.000000e+00,0.000000e+00,0.000000e+00,0.000000e+00,0.000000e+00,0.000000e+00,0.000000e+00,0.000000e+00,0.000000e+00,0.000000e+00,0.000000e+00,0.000000e+00,0.000000e+00
1.000000e+00,0.000000e+00,0.000000e+00,0.000000e+00,0.000000e+00,0.000000e+00,0.000000e+00,0.000000e+00,0.000000e+00,0.000000e+00,0.000000e+00,0.000000e+00,0.000000e+00,0.000000e+00,0.000000e+00
1.000000e+00,0.000000e+00,0.000000e+00,0.000000e+00,0.000000e+00,0.000000e+00,0.000000e+00,0.000000e+00,0.000000e+00,0.000000e+00,0.000000e+00,0.000000e+00,0.000000e+00,0.000000e+00,0.000000e+00
1.000000e+00,0.000000e+00,0.000000e+00,0.000000e+00,0.000000e+00,0.000000e+00,0.000000e+00,0.000000e+00,0.000000e+00,0.000000e+00,0.000000e+00,0.000000e+00,0.000000e+00,0.000000e+00,0.000000e+00
1.000000e+00,0.000000e+00,0.000000e+00,0.000000e+00,0.000000e+00,0.000000e+00,0.000000e+00,0.000000e+00,0.000000e+00,0.000000e+00,0.000000e+00,0.000000e+00,0.000000e+00,0.000000e+00,0.000000e+00
1.000000e+00,0.000000e+00,0.000000e+00,0.000000e+00,0.000000e+00,0.000000e+00,0.000000e+00,0.000000e+00,0.000000e+00,0.000000e+00,0.000000e+00,0.000000e+00,0.000000e+00,0.000000e+00,0.000000e+00
1.000000e+00,0.000000e+00,0.000000e+00,0.000000e+00,0.000000e+00,0.000000e+00,0.000000e+00,0.000000e+00,0.000000e+00,0.000000e+00,0.000000e+00,0.000000e+00,0.000000e+00,0.000000e+00,0.000000e+00
1.000000e+00,0.000000e+00,0.000000e+00,0.000000e+00,0.000000e+00,0.000000e+00,0.000000e+00,0.000000e+00,0.000000e+00,0.000000e+00,0.000000e+00,0.000000e+00,0.000000e+00,0.000000e+00,0.000000e+00
1.000000e+00,0.000000e+00,0.000000e+00,0.000000e+00,0.000000e+00,0.000000e+00,0.000000e+00,0.000000e+00,0.000000e+00,0.000000e+00,0.000000e+00,0.000000e+00,0.000000e+00,0.000000e+00,0.000000e+00
1.000000e+00,0.000000e+00,0.000000e+00,0.000000e+00,0.000000e+00,0.000000e+00,0.000000e+00,0.000000e+00,0.000000e+00,0.000000e+00,0.000000e+00,0.000000e+00,0.000000e+00,0.000000e+00,0.000000e+00
1.000000e+00,0.000000e+00,0.000000e+00,0.000000e+00,0.000000e+00,0.000000e+00,0.000000e+00,0.000000e+00,0.000000e+00,0.000000e+00,0.000000e+00,0.000000e+00,0.000000e+00,0.000000e+00,0.000000e+00
1.000000e+00,0.000000e+00,0.000000e+00,0.000000e+00,0.000000e+00,0.000000e+00,0.000000e+00,0.000000e+00,0.000000e+00,0.000000e+00,0.000000e+00,0.000000e+00,0.000000e+00,0.000000e+00,0.000000e+00
1.000000e+00,0.000000e+00,0.000000e+00,0.000000e+00,0.000000e+00,0.000000e+00,0.000000e+00,0.000000e+00,0.000000e+00,0.000000e+00,0.000000e+00,0.000000e+00,0.000000e+00,0.000000e+00,0.000000e+00
4.335316e-01,5.957524e-02,7.739297e-03,6.972945e-02,1.618730e-02,2.470669e-02,5.913255e-03,5.796517e-03,6.581704e-02,2.566314e-02,1.800093e-02,3.142796e-02,5.276953e-02,6.514938e-03,1.766272e-01
3.154226e-01,4.507469e-02,6.132236e-03,6.117430e-02,1.290113e-02,2.214217e-02,4.577167e-03,4.401400e-03,6.094427e-02,3.243377e-02,5.290280e-02,2.323635e-02,4.485392e-02,6.719349e-02,2.466097e-01
2.310461e-01,3.209564e-02,4.652503e-03,4.313406e-02,1.115123e-02,2.212044e-02,3.231141e-03,3.173957e-03,4.755323e-02,2.434116e-02,1.288856e-01,1.656898e-02,3.332816e-02,1.758173e-01,2.229005e-01
1.762364e-01,2.298401e-02,3.619178e-03,3.032105e-02,9.074900e-03,1.955784e-02,2.297139e-03,2.265964e-03,3.611066e-02,1.998619e-02,1.818938e-01,1.190351e-02,2.461477e-02,2.315687e-01,2.275659e-01
1.317464e-01,1.851122e-02,8.467346e-03,2.143778e-02,9.764776e-03,2.979510e-02,1.930362e-03,2.021911e-03,3.245759e-02,1.740112e-02,1.347935e-01,8.882834e-03,1.896141e-02,2.520654e-01,3.117633e-01
9.357221e-02,1.034545e-01,6.167543e-03,1.508341e-02,7.459570e-03,2.225344e-02,1.374819e-03,1.431745e-03,8.197095e-02,1.339179e-02,9.918552e-02,6.862934e-03,2.057392e-02,1.928859e-01,3.343317e-01
6.554521e-02,1.797265e-01,4.500793e-03,1.081334e-02,5.237285e-03,1.632302e-02,9.634116e-04,1.003037e-03,1.005717e-01,9.690749e-03,6.959759e-02,4.908278e-03,1.517226e-02,1.354265e-01,3.805203e-01
4.647173e-02,3.004007e-01,3.296757e-03,7.740364e-03,3.722369e-03,1.300258e-02,6.877870e-04,7.071123e-04,8.836669e-02,7.202973e-03,4.946357e-02,5.735314e-03,1.130228e-02,1.030438e-01,3.588559e-01
3.352832e-02,3.816500e-01,2.494473e-03,6.042592e-03,4.128240e-03,9.826228e-03,5.020013e-04,5.081016e-04,1.209208e-01,5.489037e-03,3.853728e-02,5.922473e-03,1.005789e-02,9.255034e-02,2.878422e-01
2.570365e-02,3.862098e-01,2.022689e-03,4.975717e-03,4.969418e-03,8.455470e-03,4.369147e-04,5.233125e-04,1.843105e-01,4.320447e-03,2.882245e-02,4.523021e-03,8.222019e-03,9.225731e-02,2.442474e-01
1.844808e-02,4.257067e-01,1.503522e-03,3.804899e-03,3.958650e-03,7.159256e-03,3.552300e-04,3.958733e-04,2.294922e-01,3.692893e-03,2.084548e-02,3.357582e-03,6.309410e-03,8.193054e-02,1.930397e-01
1.359987e-02,4.441303e-01,1.126263e-03,7.368914e-03,2.920701e-03,5.290504e-03,2.523013e-04,3.332444e-04,2.822733e-01,3.211259e-03,1.650577e-02,2.768398e-03,5.497170e-03,6.455283e-02,1.501693e-01
1.244110e-02,3.268520e-01,1.277691e-03,5.235370e-02,3.197625e-03,5.781075e-03,2.583937e-04,3.853070e-04,3.494101e-01,3.169188e-03,2.800550e-02,1.209371e-02,2.343297e-02,5.300618e-02,1.283356e-01
1.128268e-02,2.325619e-01,1.623274e-03,5.195132e-02,4.574715e-03,5.358867e-03,3.149104e-04,4.764534e-04,3.297591e-01,4.977614e-03,1.137098e-01,1.427883e-02,5.674561e-02,4.459048e-02,1.277945e-01
1.002069e-02,1.684634e-01,3.410605e-03,6.963570e-02,5.899250e-03,4.133868e-03,3.640053e-04,1.089311e-03,4.483062e-01,4.078461e-03,9.645740e-02,1.186540e-02,5.119497e-02,3.316507e-02,9.191573e-02
1.279881e-02,1.324928e-01,4.331103e-03,5.638637e-02,1.837129e-02,6.100636e-03,1.989269e-03,1.903398e-03,4.639586e-01,4.187507e-03,1.035688e-01,1.031726e-02,8.293193e-02,2.481119e-02,7.585104e-02
1.582502e-02,1.300157e-01,1.570670e-02,9.804162e-02,2.278566e-02,7.198431e-03,2.772268e-03,2.023978e-03,4.686542e-01,4.492702e-03,7.749867e-02,8.579756e-03,6.425757e-02,1.823535e-02,6.391235e-02
2.863296e-02,1.244622e-01,2.119633e-02,1.483609e-01,1.890506e-02,1.549534e-02,2.934884e-03,2.391760e-03,4.476539e-01,5.462853e-03,5.783542e-02,7.630802e-03,5.029811e-02,1.391020e-02,5.482937e-02
5.706108e-02,1.123128e-01,2.293589e-02,1.377902e-01,2.209554e-02,1.978038e-02,2.929410e-03,2.229270e-03,4.645679e-01,7.147030e-03,4.489093e-02,7.355241e-03,3.894729e-02,1.084680e-02,4.911026e-02
8.032160e-02,1.018775e-01,6.740880e-02,2.189596e-01,2.337145e-02,1.912996e-02,2.408428e-03,6.357843e-03,3.536235e-01,6.853234e-03,3.682972e-02,6.917506e-03,3.040062e-02,8.512212e-03,3.702806e-02
9.542203e-02,8.296631e-02,1.690762e-01,1.927019e-01,3.240488e-02,3.107457e-02,2.922267e-03,6.060991e-03,2.822803e-01,8.728544e-03,2.970326e-02,5.971759e-03,2.341031e-02,6.617132e-03,3.065957e-02
9.769153e-02,7.014735e-02,2.696994e-01,1.746480e-01,3.277166e-02,3.080892e-02,2.988319e-03,1.356267e-02,2.182815e-01,1.008576e-02,2.223864e-02,5.028508e-03,1.773515e-02,5.613948e-03,2.869868e-02
7.163308e-02,5.036485e-02,4.613974e-01,1.326214e-01,2.416050e-02,2.220677e-02,2.241791e-03,1.368137e-02,1.548495e-01,9.876674e-03,1.586079e-02,3.618124e-03,1.258695e-02,4.020103e-03,2.088068e-02
5.494687e-02,3.675115e-02,5.633179e-01,1.037561e-01,1.908532e-02,1.633690e-02,1.929569e-03,3.627218e-02,1.114043e-01,1.262330e-02,1.191108e-02,2.654209e-03,9.102283e-03,3.016648e-03,1.689219e-02
4.557319e-02,3.001355e-02,5.821121e-01,7.653802e-02,1.695267e-02,1.205126e-02,1.722704e-03,1.060212e-01,8.235265e-02,1.090281e-02,8.959879e-03,1.984530e-03,6.768303e-03,2.431945e-03,1.561509e-02
3.903491e-02,2.411668e-02,5.565915e-01,5.692998e-02,1.533635e-02,9.213313e-03,1.529693e-03,1.954735e-01,6.059080e-02,1.010506e-02,6.720826e-03,1.519691e-03,5.266920e-03,2.698272e-03,1.487260e-02
3.201375e-02,1.901568e-02,4.200672e-01,4.240837e-02,1.317036e-02,6.900984e-03,1.191100e-03,3.846717e-01,4.482235e-02,1.054539e-02,4.953982e-03,1.153320e-03,4.283486e-03,2.773829e-03,1.202855e-02
2.778660e-02,1.821505e-02,3.004124e-01,3.053633e-02,1.175146e-02,5.314694e-03,1.015054e-03,5.398800e-01,3.809477e-02,7.714853e-03,3.619088e-03,9.005816e-04,3.270761e-03,2.642609e-03,8.845652e-03
2.662641e-02,1.744052e-02,2.143681e-01,2.272350e-02,1.086423e-02,4.222738e-03,8.875246e-04,6.482694e-01,3.361379e-02,5.835108e-03,2.690609e-03,7.856144e-04,2.521638e-03,2.288742e-03,6.861953e-03
3.192494e-02,1.974845e-02,1.537017e-01,1.727569e-02,1.158980e-02,3.695351e-03,8.500387e-04,7.066227e-01,3.675150e-02,4.887994e-03,2.104810e-03,8.138809e-04,2.071504e-03,1.940146e-03,6.021440e-03
5.274208e-02,7.954015e-02,1.212457e-01,7.434516e-02,2.316583e-02,5.338986e-03,1.160910e-03,5.523602e-01,3.619878e-02,1.222211e-02,4.924406e-03,1.041528e-02,4.246057e-03,2.527310e-03,1.956695e-02
3.741503e-02,2.189452e-01,1.282744e-01,5.487784e-02,1.658827e-02,4.318466e-03,8.439882e-04,3.868778e-01,5.041162e-02,1.095146e-02,2.055020e-02,7.841229e-03,4.125563e-03,1.208139e-02,4.589748e-02
2.635157e-02,1.659675e-01,9.295885e-02,3.872780e-02,1.166779e-02,3.297651e-03,6.469485e-04,2.708540e-01,6.344286e-02,1.330090e-02,1.607853e-01,6.004028e-03,3.772550e-03,9.961620e-02,4.260605e-02
1.850772e-02,1.191392e-01,6.720850e-02,2.722186e-02,8.241042e-03,2.754227e-03,4.979443e-04,1.896212e-01,5.625552e-02,1.045915e-02,2.276816e-01,4.827690e-03,4.125052e-03,2.171668e-01,4.629242e-02
1.301738e-02,8.371747e-02,4.771577e-02,1.914078e-02,5.900297e-03,2.743472e-03,3.698354e-04,1.327660e-01,5.460647e-02,1.043614e-02,3.454958e-01,3.730872e-03,3.101448e-03,2.380964e-01,3.916177e-02
9.138808e-03,5.877300e-02,3.351670e-02,1.350158e-02,4.210680e-03,2.061536e-03,2.781907e-04,9.294341e-02,4.388058e-02,9.007724e-03,3.680203e-01,3.517010e-03,2.267805e-03,3.283330e-01,3.054959e-02
6.430448e-03,4.118315e-02,2.347635e-02,9.598696e-03,3.205340e-03,1.537068e-03,2.064595e-04,6.509130e-02,3.941036e-02,1.051252e-02,3.553042e-01,2.998787e-03,1.635634e-03,4.175909e-01,2.181883e-02
4.534262e-03,2.930238e-02,1.657287e-02,7.220266e-03,2.472059e-03,2.017160e-03,1.636721e-04,4.560768e-02,6.956367e-02,1.216526e-02,3.027958e-01,2.734987e-03,1.197029e-03,4.873804e-01,1.627255e-02
3.188553e-03,2.150282e-02,1.170212e-02,5.243743e-03,1.930442e-03,2.375331e-03,1.250144e-04,3.193626e-02,8.870338e-02,1.216176e-02,2.716848e-01,2.654067e-03,8.731275e-04,5.341938e-01,1.172481e-02
2.263035e-03,2.796182e-02,1.480759e-02,4.479836e-03,2.489445e-03,2.679667e-02,2.385395e-04,2.412066e-02,2.136326e-01,1.073769e-02,2.168787e-01,2.068394e-03,7.292486e-04,4.439077e-01,8.888074e-03
1.627414e-03,2.376914e-02,1.132085e-02,3.630524e-03,2.280425e-03,5.170446e-02,2.048876e-04,1.709803e-02,2.308212e-01,9.564003e-03,2.004390e-01,1.751036e-03,6.044803e-04,4.383332e-01,6.851433e-03
1.223244e-03,2.845147e-02,8.692390e-03,6.448825e-03,2.290731e-03,6.889638e-02,2.108424e-04,1.223823e-02,2.826710e-01,1.057128e-02,1.865015e-01,2.278145e-03,4.546334e-03,3.787632e-01,6.216521e-03
9.112676e-04,2.692811e-02,6.234967e-03,5.372672e-03,1.826580e-03,9.841411e-02,1.669190e-04,8.689668e-03,2.523509e-01,9.508675e-03,1.572158e-01,3.001099e-03,6.583963e-03,4.178946e-01,4.900685e-03
7.144847e-04,2.940919e-02,4.472943e-03,4.476443e-03,1.571893e-03,1.224336e-01,1.453847e-04,6.162362e-03,2.380411e-01,8.896496e-03,1.339426e-01,3.634541e-03,6.739921e-03,4.354388e-01,3.920266e-03
7.707925e-04,4.324547e-02,3.854556e-03,5.687070e-03,2.930157e-03,1.518950e-01,2.013134e-04,5.225745e-03,2.830808e-01,7.821868e-03,1.134571e-01,4.032721e-03,7.823374e-03,3.659663e-01,4.007743e-03
6.463223e-04,5.059525e-02,2.947275e-03,5.755939e-03,4.822104e-03,2.061313e-01,1.690484e-04,4.037431e-03,3.523714e-01,6.765553e-03,8.146151e-02,3.041870e-03,6.039553e-03,2.706864e-01,4.529113e-03
7.363375e-04,6.496768e-02,2.487073e-03,6.486898e-03,7.050407e-03,2.181564e-01,1.508163e-04,4.409430e-03,3.948697e-01,6.254842e-03,6.227022e-02,3.615288e-03,5.098236e-03,2.180497e-01,5.397016e-03
9.061653e-04,6.155378e-02,1.835665e-03,5.631217e-03,6.403321e-03,3.163271e-01,1.364488e-04,3.730146e-03,3.690672e-01,5.131219e-03,4.486141e-02,4.322988e-03,4.337606e-03,1.697623e-01,5.993467e-03
1.565813e-03,5.978969e-02,1.399153e-03,9.060566e-03,9.227296e-03,3.082193e-01,1.499482e-04,3.710784e-03,4.144088e-01,5.117336e-03,3.357785e-02,4.674237e-03,3.511493e-03,1.373761e-01,8.211670e-03
2.119950e-03,7.238439e-02,1.153896e-03,1.019865e-02,9.820784e-03,2.573889e-01,1.391006e-04,6.077190e-03,4.907515e-01,4.946436e-03,2.432711e-02,3.699569e-03,3.374696e-03,1.011538e-01,1.246402e-02
2.670742e-03,9.998671e-02,9.154562e-04,1.120360e-02,1.679252e-02,2.615101e-01,1.504232e-04,7.817515e-03,4.704990e-01,5.327897e-03,1.800550e-02,2.863025e-03,3.509308e-03,7.640808e-02,2.234009e-02
4.213012e-03,1.048804e-01,1.023459e-03,1.531719e-02,1.411621e-02,1.980747e-01,1.229481e-04,1.214580e-02,5.228144e-01,6.273407e-03,1.341063e-02,2.126336e-03,3.085599e-03,5.889763e-02,4.349829e-02
1.095070e-02,1.465377e-01,3.201390e-03,1.516942e-02,2.104803e-02,1.791726e-01,2.673873e-04,4.248550e-02,4.657627e-01,6.100906e-03,1.109212e-02,1.791586e-03,3.301524e-03,5.249017e-02,4.062834e-02
1.666635e-02,1.409851e-01,4.052293e-03,1.663637e-02,1.802662e-02,1.505653e-01,2.445863e-04,3.788225e-02,4.996510e-01,7.486979e-03,8.681285e-03,1.707187e-03,3.906582e-03,4.484787e-02,4.866027e-02
2.220928e-02,1.680956e-01,9.274661e-03,1.351473e-02,1.539065e-02,1.299104e-01,2.923478e-04,4.522940e-02,4.852909e-01,7.512595e-03,8.924882e-03,2.938068e-03,3.808952e-03,4.476596e-02,4.284145e-02
3.163251e-02,1.966745e-01,1.093414e-02,1.122219e-02,2.385022e-02,1.343903e-01,4.580739e-04,5.659557e-02,4.132149e-01,6.357824e-03,9.536405e-03,3.046456e-03,4.017520e-03,6.242266e-02,3.564677e-02
3.607593e-02,1.894711e-01,2.213777e-02,1.005495e-02,2.816747e-02,1.279414e-01,7.432044e-04,9.459135e-02,3.629386e-01,5.336526e-03,1.029439e-02,2.896955e-03,4.007029e-03,7.725354e-02,2.808977e-02
3.516196e-02,1.757508e-01,2.100253e-02,8.151149e-03,4.372616e-02,1.329032e-01,1.425105e-03,1.101581e-01,3.494179e-01,4.255375e-03,1.173308e-02,3.030444e-03,4.636917e-03,7.620500e-02,2.244239e-02
4.728434e-02,1.685020e-01,1.771097e-02,7.240093e-03,6.967478e-02,1.229042e-01,2.411454e-03,1.028351e-01,3.382629e-01,3.381986e-03,1.362042e-02,3.626868e-03,4.584941e-03,7.433259e-02,2.362737e-02
7.914345e-02,1.792128e-01,2.077039e-02,5.010064e-02,9.299936e-02,9.481462e-02,3.123822e-03,8.636768e-02,2.725755e-01,4.038849e-03,1.506665e-02,1.269354e-02,6.863484e-03,5.737612e-02,2.485310e-02
7.693943e-02,2.014749e-01,1.968029e-02,8.254714e-02,9.926458e-02,7.575487e-02,3.229578e-03,6.524120e-02,2.252535e-01,5.535093e-03,2.462282e-02,1.772344e-02,1.260835e-02,4.946767e-02,4.065720e-02
5.778143e-02,2.412476e-01,1.641893e-02,7.373036e-02,7.433067e-02,5.480973e-02,2.815227e-03,4.592793e-02,2.155190e-01,9.118713e-03,2.272220e-02,2.003780e-02,2.201909e-02,3.546240e-02,1.080589e-01
5.833289e-02,2.848500e-01,1.562746e-02,5.803836e-02,6.373584e-02,6.544319e-02,3.154860e-03,4.104624e-02,2.129650e-01,6.776087e-03,1.776562e-02,1.510536e-02,4.262605e-02,2.648787e-02,8.804514e-02
6.929442e-02,3.131993e-01,2.015689e-02,5.158439e-02,7.137964e-02,6.768282e-02,3.951207e-03,3.306546e-02,1.945665e-01,5.436910e-03,1.373388e-02,1.129317e-02,4.363113e-02,2.044790e-02,8.057625e-02
6.096600e-02,2.530818e-01,1.909595e-02,7.293107e-02,5.384430e-02,5.552743e-02,3.340631e-03,2.356988e-02,1.717791e-01,3.269313e-02,1.070985e-02,8.633176e-03,3.894407e-02,1.503709e-02,1.798465e-01
5.782941e-02,2.339501e-01,1.536371e-02,6.757044e-02,4.650097e-02,4.569348e-02,3.139550e-03,1.720229e-02,1.717124e-01,4.059487e-02,1.030842e-02,6.934867e-03,4.248646e-02,1.180040e-02,2.289126e-01
7.538202e-02,2.071541e-01,1.829342e-02,6.535027e-02,5.428203e-02,4.204185e-02,4.135065e-03,1.570293e-02,1.691007e-01,3.445120e-02,1.094782e-02,9.006853e-03,9.096079e-02,1.081137e-02,1.923796e-01
6.651819e-02,1.876767e-01,1.547794e-02,4.864306e-02,4.205345e-02,3.956836e-02,3.633263e-03,1.999804e-02,1.614957e-01,3.253037e-02,8.904317e-03,7.061658e-03,1.989131e-01,8.916912e-03,1.586089e-01
5.289559e-02,1.540863e-01,1.782014e-02,4.037747e-02,3.326077e-02,3.283178e-02,4.229040e-03,1.761678e-02,1.479462e-01,2.830955e-02,7.823315e-03,6.460577e-03,3.220723e-01,7.016561e-03,1.272537e-01
6.088004e-02,1.158792e-01,1.606471e-02,3.643897e-02,2.500410e-02,2.435641e-02,3.127337e-03,1.297217e-02,1.555922e-01,2.619042e-02,7.117110e-03,5.715343e-03,2.572746e-01,1.035408e-02,2.430333e-01
9.896328e-02,9.024211e-02,1.934635e-02,3.917188e-02,2.089460e-02,1.959979e-02,2.737918e-03,1.206617e-02,1.486327e-01,2.613792e-02,8.458557e-03,9.643249e-03,2.525837e-01,1.274091e-02,2.387809e-01
1.441281e-01,7.855974e-02,1.795574e-02,3.191038e-02,1.873515e-02,2.428501e-02,2.844518e-03,1.354696e-02,1.376658e-01,2.278817e-02,9.272899e-03,1.260599e-02,2.847296e-01,1.436199e-02,1.866100e-01
1.047281e-01,1.701804e-01,1.746462e-02,2.511399e-02,1.396826e-02,2.365915e-02,2.175027e-03,9.734547e-03,2.111188e-01,1.843385e-02,7.531917e-03,1.000165e-02,2.236482e-01,1.098675e-02,1.512549e-01
7.690145e-02,1.685525e-01,1.739515e-02,1.989494e-02,1.218055e-02,2.630134e-02,2.174611e-03,7.475036e-03,3.243582e-01,1.420829e-02,7.195802e-03,8.908243e-03,1.901269e-01,8.213328e-03,1.161137e-01
5.501061e-02,2.650294e-01,1.350307e-02,2.455761e-02,9.626261e-03,2.173297e-02,1.552431e-03,5.475092e-03,3.453618e-01,1.071730e-02,1.001323e-02,7.389953e-03,1.381706e-01,6.053475e-03,8.580631e-02
4.436945e-02,2.236774e-01,1.026451e-02,1.913722e-02,1.253409e-02,2.334285e-02,1.803573e-03,4.425721e-03,4.014573e-01,9.279421e-03,1.332207e-02,7.002685e-03,1.394810e-01,5.751006e-03,8.415182e-02
3.387274e-02,2.466666e-01,8.284420e-03,5.134638e-02,9.769344e-03,1.684928e-02,1.279223e-03,3.250683e-03,4.020045e-01,7.171954e-03,2.157291e-02,9.803139e-03,1.168285e-01,5.547666e-03,6.575278e-02
3.226896e-02,1.964648e-01,7.260025e-03,4.482696e-02,7.960739e-03,1.309732e-02,1.065875e-03,3.159330e-03,3.828356e-01,7.086299e-03,4.157189e-02,3.048366e-02,1.216109e-01,3.103112e-02,7.927658e-02
2.955509e-02,1.456240e-01,7.569340e-03,3.531620e-02,9.505471e-03,1.182689e-02,1.250476e-03,5.400589e-03,3.411519e-01,6.452620e-03,1.184072e-01,2.864921e-02,1.339672e-01,2.650856e-02,9.881527e-02
3.784267e-02,1.055840e-01,3.842596e-02,3.665144e-02,1.368280e-02,1.998292e-02,7.037295e-03,1.101495e-01,2.933391e-01,5.466614e-03,1.011521e-01,2.142416e-02,1.014208e-01,2.194143e-02,8.589926e-02
4.451597e-02,7.781672e-02,4.968971e-02,2.860283e-02,6.198039e-02,6.060482e-02,2.709506e-02,1.074102e-01,2.749962e-01,4.885289e-03,7.670411e-02,1.608190e-02,7.907785e-02,1.839801e-02,7.214092e-02
4.861846e-02,6.205602e-02,7.270944e-02,2.798124e-02,6.770124e-02,8.467378e-02,2.107462e-02,9.270477e-02,2.722123e-01,1.367477e-02,5.731115e-02,1.275171e-02,5.928937e-02,1.780541e-02,8.943570e-02
6.050263e-02,5.172367e-02,9.738158e-02,3.229862e-02,6.866285e-02,1.514682e-01,2.434902e-02,7.351533e-02,2.284078e-01,1.251842e-02,4.611144e-02,1.065078e-02,5.090390e-02,1.470266e-02,7.680310e-02
5.214096e-02,4.257506e-02,8.580559e-02,2.615349e-02,6.724534e-02,2.116092e-01,3.891555e-02,5.822104e-02,1.758460e-01,9.462643e-03,3.629791e-02,9.053310e-03,1.119149e-01,1.210377e-02,6.265520e-02
4.338870e-02,5.302366e-02,1.379154e-01,3.068175e-02,4.991992e-02,2.032907e-01,3.278707e-02,4.135209e-02,1.607826e-01,1.376447e-02,2.621052e-02,6.732307e-03,1.006867e-01,9.984581e-03,8.947956e-02
4.817823e-02,4.700889e-02,1.165426e-01,2.365363e-02,4.056083e-02,2.181759e-01,4.732488e-02,5.131144e-02,1.249982e-01,1.092092e-02,1.999519e-02,5.356401e-03,1.513979e-01,7.991230e-03,8.658376e-02
5.030310e-02,3.870069e-02,9.305274e-02,2.311819e-02,3.434736e-02,1.571259e-01,6.993825e-02,2.259086e-01,1.002071e-01,7.944209e-03,1.558435e-02,3.975159e-03,1.093648e-01,6.052737e-03,6.437684e-02
6.226905e-02,3.455025e-02,7.065394e-02,1.884351e-02,3.180174e-02,1.195158e-01,1.305690e-01,2.557209e-01,8.743440e-02,6.840856e-03,1.361956e-02,4.265456e-03,1.043788e-01,5.211107e-03,5.432565e-02
6.102013e-02,3.470180e-02,5.439952e-02,1.592482e-02,3.269847e-02,8.807825e-02,1.561902e-01,3.165515e-01,8.420159e-02,5.847790e-03,1.110946e-02,3.818981e-03,8.203640e-02,4.820497e-03,4.860058e-02
5.362908e-02,2.601510e-02,4.389689e-02,1.618755e-02,2.842795e-02,6.604828e-02,1.409583e-01,4.382198e-01,6.407252e-02,5.156206e-03,8.716737e-03,4.569251e-03,6.151918e-02,3.894626e-03,3.868854e-02
5.022762e-02,1.904795e-02,3.580846e-02,1.411501e-02,2.731597e-02,4.860581e-02,1.099733e-01,5.580279e-01,4.644546e-02,3.980442e-03,6.471449e-03,3.765912e-03,4.431057e-02,2.942442e-03,2.896166e-02
4.203694e-02,1.367313e-02,2.739466e-02,1.044166e-02,2.901005e-02,3.547105e-02,8.417191e-02,6.591831e-01,3.290329e-02,2.965703e-03,4.802512e-03,2.892898e-03,3.250019e-02,2.103695e-03,2.044914e-02
6.217872e-02,1.025859e-02,2.632768e-02,8.967003e-03,2.701550e-02,3.463091e-02,7.245249e-02,6.774768e-01,2.615789e-02,2.409521e-03,4.074556e-03,3.835525e-03,2.746727e-02,1.622263e-03,1.512531e-02
7.845111e-02,8.592106e-03,2.399258e-02,7.928941e-03,2.697306e-02,4.127688e-02,6.719778e-02,6.752583e-01,2.314157e-02,1.924325e-03,3.623210e-03,4.368415e-03,2.452345e-02,1.288788e-03,1.145957e-02
7.970597e-02,6.831768e-03,1.847641e-02,6.045353e-03,2.000037e-02,3.444479e-02,5.358241e-02,7.221438e-01,2.213733e-02,1.431741e-03,2.813255e-03,3.819980e-03,1.899655e-02,9.587920e-04,8.611523e-03
6.815403e-02,5.011657e-03,1.357333e-02,4.483507e-03,1.445090e-02,2.665061e-02,4.177808e-02,7.807283e-01,1.810393e-02,1.035768e-03,2.107443e-03,2.968711e-03,1.402096e-02,6.848769e-04,6.247811e-03
6.133200e-02,5.597208e-03,1.035624e-02,4.063921e-03,1.156061e-02,7.874131e-02,4.569454e-02,5.840268e-01,1.582445e-02,2.165221e-03,8.127233e-03,4.562306e-03,1.538074e-01,6.809187e-04,1.345976e-02
5.245377e-02,5.414298e-03,7.854579e-03,8.283875e-03,8.882682e-03,6.073762e-02,3.728915e-02,4.952612e-01,1.704332e-02,6.839162e-03,3.966841e-02,2.821624e-02,2.057314e-01,2.502899e-03,2.382126e-02
3.882924e-02,4.138440e-03,5.689258e-03,9.051545e-03,6.646519e-03,4.939967e-02,2.867684e-02,4.026657e-01,1.901711e-02,6.136410e-03,4.099054e-02,3.288858e-02,3.159212e-01,2.994370e-03,3.695444e-02
2.779916e-02,3.218337e-03,4.669361e-03,8.276954e-03,5.531403e-03,3.674280e-02,2.065163e-02,2.837637e-01,1.759137e-02,8.648925e-03,3.380083e-02,3.010401e-02,4.038437e-01,2.702391e-03,1.126554e-01
2.143106e-02,4.000594e-03,6.318840e-03,1.235971e-02,6.310463e-03,2.886805e-02,1.579635e-02,2.018289e-01,8.615585e-02,4.133534e-02,2.684291e-02,3.460326e-02,4.121750e-01,5.902763e-03,9.607086e-02
1.729379e-02,3.871276e-03,9.612571e-03,1.133846e-02,5.548645e-03,2.391309e-02,1.169750e-02,1.416952e-01,6.830083e-02,4.023051e-02,4.977882e-02,5.408667e-02,4.676972e-01,7.849304e-03,8.708605e-02
1.459573e-02,5.257678e-03,1.017958e-02,9.011115e-03,5.774247e-03,2.751903e-02,9.928959e-03,1.006373e-01,5.661871e-02,4.453913e-02,5.436505e-02,6.024633e-02,5.105293e-01,7.058092e-03,8.373969e-02
1.356709e-02,4.986685e-03,9.344717e-03,7.082103e-03,6.847583e-03,2.357577e-02,7.485112e-03,7.070961e-02,4.678154e-02,4.781149e-02,5.371018e-02,7.414906e-02,4.716696e-01,6.689325e-03,1.555901e-01
1.074595e-02,4.735317e-03,7.708914e-03,5.403135e-03,5.954985e-03,1.865018e-02,5.442243e-03,4.976497e-02,4.502352e-02,8.974706e-02,4.785719e-02,9.527062e-02,4.111080e-01,6.573017e-03,1.960149e-01
9.131520e-03,4.903200e-03,7.127922e-03,5.956844e-03,4.595811e-03,2.455165e-02,3.885616e-03,3.501150e-02,5.472009e-02,9.625189e-02,4.408646e-02,2.266471e-01,3.301097e-01,5.834425e-03,1.471863e-01
8.507989e-03,5.306943e-03,6.699157e-03,5.161344e-03,4.213219e-03,2.644075e-02,2.937788e-03,2.736077e-02,5.059515e-02,1.015548e-01,4.417725e-02,2.892707e-01,3.012359e-01,5.054025e-03,1.214843e-01
8.032493e-03,9.219704e-03,6.038681e-03,9.857108e-03,5.574266e-03,2.712933e-02,2.162454e-03,2.163169e-02,9.532217e-02,9.860485e-02,4.609228e-02,3.136876e-01,2.370631e-01,4.716466e-03,1.148678e-01
7.566562e-03,1.574523e-02,4.776856e-03,9.553369e-03,7.435219e-03,2.091237e-02,1.567095e-03,1.666456e-02,2.604479e-01,8.351024e-02,4.761467e-02,2.493591e-01,1.810551e-01,3.624864e-03,9.016690e-02
6.893677e-03,2.227304e-02,4.311000e-03,3.051540e-02,7.814814e-03,1.852250e-02,1.114236e-03,1.380619e-02,3.974765e-01,6.490999e-02,4.437903e-02,1.858591e-01,1.315821e-01,3.285920e-03,6.725646e-02
6.542563e-03,2.941805e-02,3.926184e-03,3.251658e-02,8.193824e-03,1.442932e-02,8.123223e-04,1.143475e-02,5.178970e-01,4.787036e-02,3.493244e-02,1.385994e-01,9.649564e-02,3.276994e-03,5.365459e-02
6.842213e-03,3.785054e-02,4.307120e-03,1.051601e-01,9.067581e-03,1.245482e-02,5.797924e-04,8.521186e-03,5.216818e-01,3.750698e-02,3.165689e-02,9.993817e-02,7.006252e-02,3.227399e-03,5.114290e-02
1.888897e-02,4.160690e-02,8.955962e-03,9.608438e-02,1.495525e-02,1.215335e-02,7.734020e-04,1.277198e-02,5.219705e-01,3.009141e-02,3.336274e-02,7.608311e-02,5.625992e-02,7.402080e-03,6.864010e-02
4.483172e-02,4.403832e-02,1.190725e-02,8.079421e-02,1.592366e-02,1.237093e-02,9.510270e-04,1.405752e-02,4.758683e-01,3.237068e-02,3.494206e-02,6.050033e-02,4.807409e-02,2.117658e-02,1.021933e-01
9.304558e-02,5.591352e-02,1.538062e-02,6.488036e-02,1.819378e-02,1.120616e-02,1.288298e-03,1.423503e-02,4.493407e-01,2.590496e-02,2.863452e-02,4.478039e-02,3.872716e-02,2.864690e-02,1.098220e-01
1.359929e-01,5.795090e-02,1.584275e-02,4.968468e-02,2.220040e-02,1.078905e-02,1.289245e-03,1.528753e-02,4.376706e-01,2.132259e-02,2.630574e-02,3.303909e-02,3.020314e-02,4.035521e-02,1.020661e-01
2.376948e-01,4.395973e-02,1.463587e-02,3.834045e-02,2.169568e-02,1.376377e-02,1.641563e-03,1.756827e-02,3.937962e-01,1.612632e-02,2.214882e-02,2.516845e-02,2.331217e-02,5.026522e-02,7.988270e-02
2.375294e-01,3.697889e-02,1.467117e-02,3.043457e-02,4.330782e-02,1.360050e-02,1.774339e-03,2.920563e-02,3.815573e-01,1.309115e-02,2.078087e-02,1.844477e-02,1.843844e-02,7.618368e-02,6.400147e-02
2.281601e-01,4.608886e-02,2.280336e-02,5.458278e-02,4.383358e-02,1.423125e-02,1.921610e-03,2.801394e-02,3.346603e-01,1.214405e-02,1.636091e-02,1.459938e-02,1.533595e-02,6.427608e-02,1.029879e-01
2.070355e-01,6.220919e-02,4.166386e-02,9.459119e-02,4.092384e-02,1.174248e-02,1.706732e-03,2.199830e-02,2.632869e-01,1.041366e-02,1.321787e-02,1.151715e-02,1.215413e-02,5.621714e-02,1.513220e-01
1.776863e-01,5.791174e-02,4.274705e-02,7.377541e-02,3.293177e-02,9.701420e-03,1.420897e-03,1.651262e-02,2.134020e-01,2.317465e-02,1.148689e-02,8.989547e-03,9.296036e-03,4.984161e-02,2.711220e-01
2.115163e-01,4.795681e-02,8.449677e-02,6.045396e-02,2.594300e-02,9.013814e-03,2.024616e-03,1.430469e-02,1.670390e-01,2.453561e-02,9.427172e-03,7.106940e-03,7.059323e-03,4.502093e-02,2.841012e-01
2.223104e-01,4.033953e-02,1.585333e-01,5.714482e-02,2.090212e-02,7.426891e-03,1.754337e-03,1.162207e-02,1.415065e-01,3.201110e-02,8.013508e-03,5.692602e-03,5.344095e-03,3.524497e-02,2.521538e-01
2.878053e-01,3.902401e-02,1.873986e-01,5.582979e-02,1.755577e-02,6.860281e-03,1.942116e-03,1.230829e-02,1.154414e-01,2.920391e-02,6.903373e-03,4.676796e-03,4.121220e-03,3.000681e-02,2.009223e-01
4.069145e-01,3.386665e-02,1.761395e-01,4.555500e-02,1.591507e-02,7.277573e-03,2.070908e-03,1.122068e-02,8.807170e-02,2.330600e-02,5.923288e-03,4.046358e-03,3.263985e-03,2.443677e-02,1.519920e-01
1.000000e+00,0.000000e+00,0.000000e+00,0.000000e+00,0.000000e+00,0.000000e+00,0.000000e+00,0.000000e+00,0.000000e+00,0.000000e+00,0.000000e+00,0.000000e+00,0.000000e+00,0.000000e+00,0.000000e+00
4.809777e-01,7.847818e-02,1.133908e-01,8.652778e-02,1.402927e-02,7.872486e-03,2.190561e-03,7.767682e-03,5.268720e-02,2.143000e-02,4.838587e-03,4.280045e-03,2.684970e-03,1.458915e-02,1.082556e-01
4.678112e-01,6.507512e-02,1.502911e-01,1.210748e-01,1.670449e-02,7.163529e-03,2.596721e-03,1.218238e-02,3.941776e-02,1.720737e-02,4.240794e-03,4.421396e-03,2.315574e-03,1.055076e-02,7.894707e-02
4.805363e-01,5.434187e-02,1.928454e-01,1.043677e-01,1.696393e-02,7.792380e-03,2.680488e-03,1.176511e-02,2.993453e-02,1.904606e-02,3.883198e-03,4.665685e-03,2.076615e-03,8.039292e-03,6.106159e-02
4.707256e-01,4.294971e-02,2.358024e-01,1.091846e-01,1.430956e-02,7.313889e-03,2.619917e-03,1.104973e-02,2.338283e-02,1.949859e-02,3.738985e-03,4.629477e-03,2.020922e-03,5.959767e-03,4.681410e-02
4.600747e-01,3.640515e-02,2.640512e-01,9.017591e-02,1.312744e-02,6.835876e-03,2.341157e-03,9.232434e-03,2.409304e-02,2.922850e-02,4.084749e-03,4.256507e-03,2.234562e-03,5.590736e-03,4.826802e-02
4.961945e-01,3.342681e-02,2.603242e-01,7.619264e-02,1.207171e-02,7.437672e-03,2.280430e-03,1.119892e-02,1.897736e-02,2.742049e-02,4.389433e-03,4.342223e-03,2.257706e-03,4.704473e-03,3.878146e-02
1.000000e+00,0.000000e+00,0.000000e+00,0.000000e+00,0.000000e+00,0.000000e+00,0.000000e+00,0.000000e+00,0.000000e+00,0.000000e+00,0.000000e+00,0.000000e+00,0.000000e+00,0.000000e+00,0.000000e+00
1.000000e+00,0.000000e+00,0.000000e+00,0.000000e+00,0.000000e+00,0.000000e+00,0.000000e+00,0.000000e+00,0.000000e+00,0.000000e+00,0.000000e+00,0.000000e+00,0.000000e+00,0.000000e+00,0.000000e+00
1.000000e+00,0.000000e+00,0.000000e+00,0.000000e+00,0.000000e+00,0.000000e+00,0.000000e+00,0.000000e+00,0.000000e+00,0.000000e+00,0.000000e+00,0.000000e+00,0.000000e+00,0.000000e+00,0.000000e+00
1.000000e+00,0.000000e+00,0.000000e+00,0.000000e+00,0.000000e+00,0.000000e+00,0.000000e+00,0.000000e+00,0.000000e+00,0.000000e+00,0.000000e+00,0.000000e+00,0.000000e+00,0.000000e+00,0.000000e+00
1.000000e+00,0.000000e+00,0.000000e+00,0.000000e+00,0.000000e+00,0.000000e+00,0.000000e+00,0.000000e+00,0.000000e+00,0.000000e+00,0.000000e+00,0.000000e+00,0.000000e+00,0.000000e+00,0.000000e+00
1.000000e+00,0.000000e+00,0.000000e+00,0.000000e+00,0.000000e+00,0.000000e+00,0.000000e+00,0.000000e+00,0.000000e+00,0.000000e+00,0.000000e+00,0.000000e+00,0.000000e+00,0.000000e+00,0.000000e+00
1.000000e+00,0.000000e+00,0.000000e+00,0.000000e+00,0.000000e+00,0.000000e+00,0.000000e+00,0.000000e+00,0.000000e+00,0.000000e+00,0.000000e+00,0.000000e+00,0.000000e+00,0.000000e+00,0.000000e+00
1.000000e+00,0.000000e+00,0.000000e+00,0.000000e+00,0.000000e+00,0.000000e+00,0.000000e+00,0.000000e+00,0.000000e+00,0.000000e+00,0.000000e+00,0.000000e+00,0.000000e+00,0.000000e+00,0.000000e+00
1.000000e+00,0.000000e+00,0.000000e+00,0.000000e+00,0.000000e+00,0.000000e+00,0.000000e+00,0.000000e+00,0.000000e+00,0.000000e+00,0.000000e+00,0.000000e+00,0.000000e+00,0.000000e+00,0.000000e+00
1.000000e+00,0.000000e+00,0.000000e+00,0.000000e+00,0.000000e+00,0.000000e+00,0.000000e+00,0.000000e+00,0.000000e+00,0.000000e+00,0.000000e+00,0.000000e+00,0.000000e+00,0.000000e+00,0.000000e+00
1.000000e+00,0.000000e+00,0.000000e+00,0.000000e+00,0.000000e+00,0.000000e+00,0.000000e+00,0.000000e+00,0.000000e+00,0.000000e+00,0.000000e+00,0.000000e+00,0.000000e+00,0.000000e+00,0.000000e+00
1.000000e+00,0.000000e+00,0.000000e+00,0.000000e+00,0.000000e+00,0.000000e+00,0.000000e+00,0.000000e+00,0.000000e+00,0.000000e+00,0.000000e+00,0.000000e+00,0.000000e+00,0.000000e+00,0.000000e+00
1.000000e+00,0.000000e+00,0.000000e+00,0.000000e+00,0.000000e+00,0.000000e+00,0.000000e+00,0.000000e+00,0.000000e+00,0.000000e+00,0.000000e+00,0.000000e+00,0.000000e+00,0.000000e+00,0.000000e+00
1.000000e+00,0.000000e+00,0.000000e+00,0.000000e+00,0.000000e+00,0.000000e+00,0.000000e+00,0.000000e+00,0.000000e+00,0.000000e+00,0.000000e+00,0.000000e+00,0.000000e+00,0.000000e+00,0.000000e+00
1.000000e+00,0.000000e+00,0.000000e+00,0.000000e+00,0.000000e+00,0.000000e+00,0.000000e+00,0.000000e+00,0.000000e+00,0.000000e+00,0.000000e+00,0.000000e+00,0.000000e+00,0.000000e+00,0.000000e+00
1.000000e+00,0.000000e+00,0.000000e+00,0.000000e+00,0.000000e+00,0.000000e+00,0.000000e+00,0.000000e+00,0.000000e+00,0.000000e+00,0.000000e+00,0.000000e+00,0.000000e+00,0.000000e+00,0.000000e+00
1.000000e+00,0.000000e+00,0.000000e+00,0.000000e+00,0.000000e+00,0.000000e+00,0.000000e+00,0.000000e+00,0.000000e+00,0.000000e+00,0.000000e+00,0.000000e+00,0.000000e+00,0.000000e+00,0.000000e+00
1.000000e+00,0.000000e+00,0.000000e+00,0.000000e+00,0.000000e+00,0.000000e+00,0.000000e+00,0.000000e+00,0.000000e+00,0.000000e+00,0.000000e+00,0.000000e+00,0.000000e+00,0.000000e+00,0.000000e+00
1.000000e+00,0.000000e+00,0.000000e+00,0.000000e+00,0.000000e+00,0.000000e+00,0.000000e+00,0.000000e+00,0.000000e+00,0.000000e+00,0.000000e+00,0.000000e+00,0.000000e+00,0.000000e+00,0.000000e+00
1.000000e+00,0.000000e+00,0.000000e+00,0.000000e+00,0.000000e+00,0.000000e+00,0.000000e+00,0.000000e+00,0.000000e+00,0.000000e+00,0.000000e+00,0.000000e+00,0.000000e+00,0.000000e+00,0.000000e+00
1.000000e+00,0.000000e+00,0.000000e+00,0.000000e+00,0.000000e+00,0.000000e+00,0.000000e+00,0.000000e+00,0.000000e+00,0.000000e+00,0.000000e+00,0.000000e+00,0.000000e+00,0.000000e+00,0.000000e+00
1.000000e+00,0.000000e+00,0.000000e+00,0.000000e+00,0.000000e+00,0.000000e+00,0.000000e+00,0.000000e+00,0.000000e+00,0.000000e+00,0.000000e+00,0.000000e+00,0.000000e+00,0.000000e+00,0.000000e+00
1.000000e+00,0.000000e+00,0.000000e+00,0.000000e+00,0.000000e+00,0.000000e+00,0.000000e+00,0.000000e+00,0.000000e+00,0.000000e+00,0.000000e+00,0.000000e+00,0.000000e+00,0.000000e+00,0.000000e+00
1.000000e+00,0.000000e+00,0.000000e+00,0.000000e+00,0.000000e+00,0.000000e+00,0.000000e+00,0.000000e+00,0.000000e+00,0.000000e+00,0.000000e+00,0.000000e+00,0.000000e+00,0.000000e+00,0.000000e+00
1.000000e+00,0.000000e+00,0.000000e+00,0.000000e+00,0.000000e+00,0.000000e+00,0.000000e+00,0.000000e+00,0.000000e+00,0.000000e+00,0.000000e+00,0.000000e+00,0.000000e+00,0.000000e+00,0.000000e+00
1.000000e+00,0.000000e+00,0.000000e+00,0.000000e+00,0.000000e+00,0.000000e+00,0.000000e+00,0.000000e+00,0.000000e+00,0.000000e+00,0.000000e+00,0.000000e+00,0.000000e+00,0.000000e+00,0.000000e+00
1.000000e+00,0.000000e+00,0.000000e+00,0.000000e+00,0.000000e+00,0.000000e+00,0.000000e+00,0.000000e+00,0.000000e+00,0.000000e+00,0.000000e+00,0.000000e+00,0.000000e+00,0.000000e+00,0.000000e+00
1.000000e+00,0.000000e+00,0.000000e+00,0.000000e+00,0.000000e+00,0.000000e+00,0.000000e+00,0.000000e+00,0.000000e+00,0.000000e+00,0.000000e+00,0.000000e+00,0.000000e+00,0.000000e+00,0.000000e+00
1.000000e+00,0.000000e+00,0.000000e+00,0.000000e+00,0.000000e+00,0.000000e+00,0.000000e+00,0.000000e+00,0.000000e+00,0.000000e+00,0.000000e+00,0.000000e+00,0.000000e+00,0.000000e+00,0.000000e+00
1.000000e+00,0.000000e+00,0.000000e+00,0.000000e+00,0.000000e+00,0.000000e+00,0.000000e+00,0.000000e+00,0.000000e+00,0.000000e+00,0.000000e+00,0.000000e+00,0.000000e+00,0.000000e+00,0.000000e+00
1.000000e+00,0.000000e+00,0.000000e+00,0.000000e+00,0.000000e+00,0.000000e+00,0.000000e+00,0.000000e+00,0.000000e+00,0.000000e+00,0.000000e+00,0.000000e+00,0.000000e+00,0.000000e+00,0.000000e+00
1.000000e+00,0.000000e+00,0.000000e+00,0.000000e+00,0.000000e+00,0.000000e+00,0.000000e+00,0.000000e+00,0.000000e+00,0.000000e+00,0.000000e+00,0.000000e+00,0.000000e+00,0.000000e+00,0.000000e+00
1.000000e+00,0.000000e+00,0.000000e+00,0.000000e+00,0.000000e+00,0.000000e+00,0.000000e+00,0.000000e+00,0.000000e+00,0.000000e+00,0.000000e+00,0.000000e+00,0.000000e+00,0.000000e+00,0.000000e+00
1.000000e+00,0.000000e+00,0.000000e+00,0.000000e+00,0.000000e+00,0.000000e+00,0.000000e+00,0.000000e+00,0.000000e+00,0.000000e+00,0.000000e+00,0.000000e+00,0.000000e+00,0.000000e+00,0.000000e+00
1.000000e+00,0.000000e+00,0.000000e+00,0.000000e+00,0.000000e+00,0.000000e+00,0.000000e+00,0.000000e+00,0.000000e+00,0.000000e+00,0.000000e+00,0.000000e+00,0.000000e+00,0.000000e+00,0.000000e+00
1.000000e+00,0.000000e+00,0.000000e+00,0.000000e+00,0.000000e+00,0.000000e+00,0.000000e+00,0.000000e+00,0.000000e+00,0.000000e+00,0.000000e+00,0.000000e+00,0.000000e+00,0.000000e+00,0.000000e+00
1.000000e+00,0.000000e+00,0.000000e+00,0.000000e+00,0.000000e+00,0.000000e+00,0.000000e+00,0.000000e+00,0.000000e+00,0.000000e+00,0.000000e+00,0.000000e+00,0.000000e+00,0.000000e+00,0.000000e+00
1.000000e+00,0.000000e+00,0.000000e+00,0.000000e+00,0.000000e+00,0.000000e+00,0.000000e+00,0.000000e+00,0.000000e+00,0.000000e+00,0.000000e+00,0.000000e+00,0.000000e+00,0.000000e+00,0.000000e+00
1.000000e+00,0.000000e+00,0.000000e+00,0.000000e+00,0.000000e+00,0.000000e+00,0.000000e+00,0.000000e+00,0.000000e+00,0.000000e+00,0.000000e+00,0.000000e+00,0.000000e+00,0.000000e+00,0.000000e+00
1.000000e+00,0.000000e+00,0.000000e+00,0.000000e+00,0.000000e+00,0.000000e+00,0.000000e+00,0.000000e+00,0.000000e+00,0.000000e+00,0.000000e+00,0.000000e+00,0.000000e+00,0.000000e+00,0.000000e+00
1.000000e+00,0.000000e+00,0.000000e+00,0.000000e+00,0.000000e+00,0.000000e+00,0.000000e+00,0.000000e+00,0.000000e+00,0.000000e+00,0.000000e+00,0.000000e+00,0.000000e+00,0.000000e+00,0.000000e+00
1.000000e+00,0.000000e+00,0.000000e+00,0.000000e+00,0.000000e+00,0.000000e+00,0.000000e+00,0.000000e+00,0.000000e+00,0.000000e+00,0.000000e+00,0.000000e+00,0.000000e+00,0.000000e+00,0.000000e+00
1.000000e+00,0.000000e+00,0.000000e+00,0.000000e+00,0.000000e+00,0.000000e+00,0.000000e+00,0.000000e+00,0.000000e+00,0.000000e+00,0.000000e+00,0.000000e+00,0.000000e+00,0.000000e+00,0.000000e+00
1.000000e+00,0.000000e+00,0.000000e+00,0.000000e+00,0.000000e+00,0.000000e+00,0.000000e+00,0.000000e+00,0.000000e+00,0.000000e+00,0.000000e+00,0.000000e+00,0.000000e+00,0.000000e+00,0.000000e+00
1.000000e+00,0.000000e+00,0.000000e+00,0.000000e+00,0.000000e+00,0.000000e+00,0.000000e+00,0.000000e+00,0.000000e+00,0.000000e+00,0.000000e+00,0.000000e+00,0.000000e+00,0.000000e+00,0.000000e+00
1.000000e+00,0.000000e+00,0.000000e+00,0.000000e+00,0.000000e+00,0.000000e+00,0.000000e+00,0.000000e+00,0.000000e+00,0.000000e+00,0.000000e+00,0.000000e+00,0.000000e+00,0.000000e+00,0.000000e+00
1.000000e+00,0.000000e+00,0.000000e+00,0.000000e+00,0.000000e+00,0.000000e+00,0.000000e+00,0.000000e+00,0.000000e+00,0.000000e+00,0.000000e+00,0.000000e+00,0.000000e+00,0.000000e+00,0.000000e+00
1.000000e+00,0.000000e+00,0.000000e+00,0.000000e+00,0.000000e+00,0.000000e+00,0.000000e+00,0.000000e+00,0.000000e+00,0.000000e+00,0.000000e+00,0.000000e+00,0.000000e+00,0.000000e+00,0.000000e+00
1.000000e+00,0.000000e+00,0.000000e+00,0.000000e+00,0.000000e+00,0.000000e+00,0.000000e+00,0.000000e+00,0.000000e+00,0.000000e+00,0.000000e+00,0.000000e+00,0.000000e+00,0.000000e+00,0.000000e+00
1.000000e+00,0.000000e+00,0.000000e+00,0.000000e+00,0.000000e+00,0.000000e+00,0.000000e+00,0.000000e+00,0.000000e+00,0.000000e+00,0.000000e+00,0.000000e+00,0.000000e+00,0.000000e+00,0.000000e+00
1.000000e+00,0.000000e+00,0.000000e+00,0.000000e+00,0.000000e+00,0.000000e+00,0.000000e+00,0.000000e+00,0.000000e+00,0.000000e+00,0.000000e+00,0.000000e+00,0.000000e+00,0.000000e+00,0.000000e+00
1.000000e+00,0.000000e+00,0.000000e+00,0.000000e+00,0.000000e+00,0.000000e+00,0.000000e+00,0.000000e+00,0.000000e+00,0.000000e+00,0.000000e+00,0.000000e+00,0.000000e+00,0.000000e+00,0.000000e+00
1.000000e+00,0.000000e+00,0.000000e+00,0.000000e+00,0.000000e+00,0.000000e+00,0.000000e+00,0.000000e+00,0.000000e+00,0.000000e+00,0.000000e+00,0.000000e+00,0.000000e+00,0.000000e+00,0.000000e+00
1.000000e+00,0.000000e+00,0.000000e+00,0.000000e+00,0.000000e+00,0.000000e+00,0.000000e+00,0.000000e+00,0.000000e+00,0.000000e+00,0.000000e+00,0.000000e+00,0.000000e+00,0.000000e+00,0.000000e+00
1.000000e+00,0.000000e+00,0.000000e+00,0.000000e+00,0.000000e+00,0.000000e+00,0.000000e+00,0.000000e+00,0.000000e+00,0.000000e+00,0.000000e+00,0.000000e+00,0.000000e+00,0.000000e+00,0.000000e+00
1.000000e+00,0.000000e+00,0.000000e+00,0.000000e+00,0.000000e+00,0.000000e+00,0.000000e+00,0.000000e+00,0.000000e+00,0.000000e+00,0.000000e+00,0.000000e+00,0.000000e+00,0.000000e+00,0.000000e+00
1.000000e+00,0.000000e+00,0.000000e+00,0.000000e+00,0.000000e+00,0.000000e+00,0.000000e+00,0.000000e+00,0.000000e+00,0.000000e+00,0.000000e+00,0.000000e+00,0.000000e+00,0.000000e+00,0.000000e+00
1.000000e+00,0.000000e+00,0.000000e+00,0.000000e+00,0.000000e+00,0.000000e+00,0.000000e+00,0.000000e+00,0.000000e+00,0.000000e+00,0.000000e+00,0.000000e+00,0.000000e+00,0.000000e+00,0.000000e+00
1.000000e+00,0.000000e+00,0.000000e+00,0.000000e+00,0.000000e+00,0.000000e+00,0.000000e+00,0.000000e+00,0.000000e+00,0.000000e+00,0.000000e+00,0.000000e+00,0.000000e+00,0.000000e+00,0.000000e+00
1.000000e+00,0.000000e+00,0.000000e+00,0.000000e+00,0.000000e+00,0.000000e+00,0.000000e+00,0.000000e+00,0.000000e+00,0.000000e+00,0.000000e+00,0.000000e+00,0.000000e+00,0.000000e+00,0.000000e+00
1.000000e+00,0.000000e+00,0.000000e+00,0.000000e+00,0.000000e+00,0.000000e+00,0.000000e+00,0.000000e+00,0.000000e+00,0.000000e+00,0.000000e+00,0.000000e+00,0.000000e+00,0.000000e+00,0.000000e+00
1.000000e+00,0.000000e+00,0.000000e+00,0.000000e+00,0.000000e+00,0.000000e+00,0.000000e+00,0.000000e+00,0.000000e+00,0.000000e+00,0.000000e+00,0.000000e+00,0.000000e+00,0.000000e+00,0.000000e+00
1.000000e+00,0.000000e+00,0.000000e+00,0.000000e+00,0.000000e+00,0.000000e+00,0.000000e+00,0.000000e+00,0.000000e+00,0.000000e+00,0.000000e+00,0.000000e+00,0.000000e+00,0.000000e+00,0.000000e+00
1.000000e+00,0.000000e+00,0.000000e+00,0.000000e+00,0.000000e+00,0.000000e+00,0.000000e+00,0.000000e+00,0.000000e+00,0.000000e+00,0.000000e+00,0.000000e+00,0.000000e+00,0.000000e+00,0.000000e+00
1.000000e+00,0.000000e+00,0.000000e+00,0.000000e+00,0.000000e+00,0.000000e+00,0.000000e+00,0.000000e+00,0.000000e+00,0.000000e+00,0.000000e+00,0.000000e+00,0.000000e+00,0.000000e+00,0.000000e+00
1.000000e+00,0.000000e+00,0.000000e+00,0.000000e+00,0.000000e+00,0.000000e+00,0.000000e+00,0.000000e+00,0.000000e+00,0.000000e+00,0.000000e+00,0.000000e+00,0.000000e+00,0.000000e+00,0.000000e+00
1.000000e+00,0.000000e+00,0.000000e+00,0.000000e+00,0.000000e+00,0.000000e+00,0.000000e+00,0.000000e+00,0.000000e+00,0.000000e+00,0.000000e+00,0.000000e+00,0.000000e+00,0.000000e+00,0.000000e+00
1.000000e+00,0.000000e+00,0.000000e+00,0.000000e+00,0.000000e+00,0.000000e+00,0.000000e+00,0.000000e+00,0.000000e+00,0.000000e+00,0.000000e+00,0.000000e+00,0.000000e+00,0.000000e+00,0.000000e+00
1.000000e+00,0.000000e+00,0.000000e+00,0.000000e+00,0.000000e+00,0.000000e+00,0.000000e+00,0.000000e+00,0.000000e+00,0.000000e+00,0.000000e+00,0.000000e+00,0.000000e+00,0.000000e+00,0.000000e+00
1.000000e+00,0.000000e+00,0.000000e+00,0.000000e+00,0.000000e+00,0.000000e+00,0.000000e+00,0.000000e+00,0.000000e+00,0.000000e+00,0.000000e+00,0.000000e+00,0.000000e+00,0.000000e+00,0.000000e+00
1.000000e+00,0.000000e+00,0.000000e+00,0.000000e+00,0.000000e+00,0.000000e+00,0.000000e+00,0.000000e+00,0.000000e+00,0.000000e+00,0.000000e+00,0.000000e+00,0.000000e+00,0.000000e+00,0.000000e+00
